1777362394581 0.00046895519999999997 52
1777362410705 0.0004642428000000001 53
1777362424033 0.00045953040000000007 54
1777362437096 0.000454818 55
1777362450182 0.00045010560000000006 56
1777362463521 0.0004453932 57
1777362476716 0.0004406808 58
1777362489687 0.00043596840000000004 59
1777362503122 0.000431256 60
1777362516088 0.00042654359999999997 61
1777362529303 0.0004218312 62
1777362542363 0.0004171188 63
1777362555574 0.0004124063999999999 64
1777362568482 0.00040769399999999995 65
1777362581652 0.0004029816 66
1777362595067 0.0003982692 67
1777362608110 0.00039355680000000004 68
1777362621370 0.0003888444000000001 69
1777362634591 0.00038413200000000003 70
1777362648192 0.00037941959999999997 71
1777362661306 0.0003747072 72
1777362674381 0.0003699948 73
1777362687540 0.00036528239999999995 74
1777362700746 0.00036057 75
1777362713831 0.0003558576 76
1777362727201 0.00035114520000000004 77
1777362740182 0.0003464328 78
1777362753433 0.0003417204000000001 79
1777362766584 0.000337008 80
1777362779851 0.00033229559999999996 81
1777362792875 0.0003275832 82
1777362806071 0.0003228708 83
1777362819304 0.00031815839999999995 84
1777362832503 0.000313446 85
1777362846014 0.0003087336 86
1777362859043 0.00030402120000000004 87
1777362872114 0.00029930880000000003 88
1777362885096 0.00029459639999999997 89
1777362898265 0.000289884 90
1777362911410 0.0002851716 91
1777362924744 0.0002804592 92
1777362937975 0.0002757468 93
1777362951221 0.0002710344 94
1777362964348 0.00026632200000000004 95
1777362977756 0.0002616096 96
1777362990818 0.00025689720000000003 97
1777363004021 0.0002521848 98
1777363017259 0.00024747239999999997 99
1777363030595 0.00024276 100
1777363043824 0.00023804759999999998 101
1777363057001 0.00023333519999999997 102
1777363070510 0.00022862280000000002 103
1777363084149 0.0002239104 104
1777363097545 0.00021919800000000004 105
1777363111022 0.0002144856 106
1777363124345 0.00020977319999999997 107
1777363137850 0.00020506080000000002 108
1777363150967 0.00020034840000000001 109
1777363164273 0.00019563600000000006 110
1777363177430 0.00019092360000000003 111
1777363190814 0.0001862112 112
1777363204081 0.00018149880000000002 113
1777363217238 0.00017678639999999999 114
1777363230425 0.00017207399999999998 115
1777363243752 0.00016736160000000003 116
1777363256950 0.0001626492 117
1777363270428 0.00015793680000000002 118
1777363283436 0.0001532244 119
1777363297017 0.00014851199999999998 120
1777363310598 0.00014379960000000003 121
1777363324159 0.0001390872 122
1777363337733 0.00013437480000000004 123
1777363351213 0.0001296624 124
1777363364499 0.00012494999999999997 125
1777363377652 0.00012023760000000004 126
1777363390803 0.0001155252 127
1777363403891 0.00011081279999999997 128
1777363416939 0.0001061004 129
1777363430041 0.00010138799999999999 130
1777363443522 9.667560000000003e-05 131
1777363456586 9.19632e-05 132
1777363469630 8.725079999999997e-05 133
1777363482760 8.25384e-05 134
1777363495821 7.782599999999998e-05 135
1777363508999 7.311360000000003e-05 136
1777363521885 6.84012e-05 137
1777363534821 6.368879999999998e-05 138
1777363548191 5.8976400000000014e-05 139
1777363562014 5.426399999999999e-05 140
1777363575136 4.9551600000000036e-05 141
1777363588444 4.483920000000001e-05 142
1777363601536 4.012679999999998e-05 143
1777363614506 3.541440000000003e-05 144
1777363627687 3.0702e-05 145
1777363640799 2.5989599999999965e-05 146
1777363654491 2.1277200000000014e-05 147
1777363667623 1.6564799999999984e-05 148
1777363680694 1.185240000000003e-05 149
