1777361114514 6.48488 0
1777361126039 6.50149 1
1777361134634 6.49015 2
1777361143441 6.48845 3
1777361152145 6.49818 4
1777361160815 6.49289 5
1777361169493 6.49094 6
1777361179976 6.49927 7
1777361189078 6.4933 8
1777361197792 6.50034 9
1777361206807 6.50801 10
1777361215456 6.51038 11
1777361224056 6.50057 12
1777361232709 6.4981 13
1777361241320 6.4949 14
1777361249937 6.49279 15
1777361258454 6.50114 16
1777361266988 6.50232 17
1777361275568 6.48673 18
1777361284083 6.48999 19
1777361292645 6.50794 20
1777361301258 6.4805 21
1777361309983 6.47809 22
1777361318575 6.47936 23
1777361327350 6.49925 24
1777361335822 6.49511 25
1777361344409 6.50028 26
1777361353002 6.49316 27
1777361361615 6.51605 28
1777361370076 6.50015 29
1777361378698 6.50102 30
1777361387203 6.50143 31
1777361395681 6.51023 32
1777361404132 6.49463 33
1777361412774 6.49254 34
1777361421648 6.50407 35
1777361430267 6.50581 36
1777361438851 6.51221 37
1777361447477 6.50738 38
1777361456202 6.50341 39
1777361464859 6.51059 40
1777361473481 6.49214 41
1777361482015 6.49877 42
1777361490525 6.49907 43
1777361498953 6.49625 44
1777361507392 6.48191 45
1777361515889 6.51337 46
1777361524975 6.49735 47
1777361533438 6.50487 48
1777361542069 6.49379 49
1777361562736 3.17777 50
1777361575571 2.20322 51
