1777361114514 34.03865 0
1777361126039 26.72741 1
1777361134634 23.45405 2
1777361143441 20.8128 3
1777361152145 18.52802 4
1777361160815 16.47883 5
1777361169493 14.78251 6
1777361179976 13.32139 7
1777361189078 12.00975 8
1777361197792 10.63355 9
1777361206807 9.29525 10
1777361215456 8.05549 11
1777361224056 7.03193 12
1777361232709 6.32098 13
1777361241320 5.4718 14
1777361249937 4.59613 15
1777361258454 3.83482 16
1777361266988 3.19641 17
1777361275568 2.65411 18
1777361284083 2.24065 19
1777361292645 1.9145 20
1777361301258 1.61258 21
1777361309983 1.35309 22
1777361318575 1.16879 23
1777361327350 1.04948 24
1777361335822 0.99766 25
1777361344409 0.92476 26
1777361353002 0.89738 27
1777361361615 0.8799 28
1777361370076 0.87079 29
1777361378698 0.87398 30
1777361387203 0.8677 31
1777361395681 0.86025 32
1777361404132 0.85982 33
1777361412774 0.8586 34
1777361421648 0.85798 35
1777361430267 0.85189 36
1777361438851 0.8581 37
1777361447477 0.85555 38
1777361456202 0.85429 39
1777361464859 0.85207 40
1777361473481 0.85092 41
1777361482015 0.84973 42
1777361490525 0.85082 43
1777361498953 0.84892 44
1777361507392 0.8497 45
1777361515889 0.84169 46
1777361524975 0.8489 47
1777361533438 0.84255 48
1777361542069 0.84059 49
1777361562736 0.91966 50
1777361575571 0.8897 51
