1777361114514 0.02315 0
1777361126039 0.02314 1
1777361134634 0.02289 2
1777361143441 0.02316 3
1777361152145 0.0231 4
1777361160815 0.02309 5
1777361169493 0.02312 6
1777361179976 0.02301 7
1777361189078 0.02301 8
1777361197792 0.023 9
1777361206807 0.02314 10
1777361215456 0.02315 11
1777361224056 0.02302 12
1777361232709 0.02307 13
1777361241320 0.02291 14
1777361249937 0.02316 15
1777361258454 0.02302 16
1777361266988 0.02309 17
1777361275568 0.02292 18
1777361284083 0.023 19
1777361292645 0.02291 20
1777361301258 0.02304 21
1777361309983 0.02288 22
1777361318575 0.02286 23
1777361327350 0.02328 24
1777361335822 0.02334 25
1777361344409 0.02287 26
1777361353002 0.02273 27
1777361361615 0.02321 28
1777361370076 0.02293 29
1777361378698 0.02308 30
1777361387203 0.02322 31
1777361395681 0.02313 32
1777361404132 0.0231 33
1777361412774 0.02318 34
1777361421648 0.02313 35
1777361430267 0.02312 36
1777361438851 0.02279 37
1777361447477 0.02301 38
1777361456202 0.02321 39
1777361464859 0.02276 40
1777361473481 0.02295 41
1777361482015 0.02286 42
1777361490525 0.02322 43
1777361498953 0.02324 44
1777361507392 0.02298 45
1777361515889 0.02298 46
1777361524975 0.02288 47
1777361533438 0.02317 48
1777361542069 0.02301 49
1777361562736 0.01924 50
1777361575571 0.01701 51
