1777361114514 6.81333 0
1777361126039 6.82263 1
1777361134634 6.84462 2
1777361143441 6.83285 3
1777361152145 6.82933 4
1777361160815 6.83794 5
1777361169493 6.83355 6
1777361179976 6.86222 7
1777361189078 6.84642 8
1777361197792 6.84934 9
1777361206807 6.82165 10
1777361215456 6.79012 11
1777361224056 6.82583 12
1777361232709 6.8311 13
1777361241320 6.84047 14
1777361249937 6.83079 15
1777361258454 6.84496 16
1777361266988 6.84592 17
1777361275568 6.84331 18
1777361284083 6.83033 19
1777361292645 6.82901 20
1777361301258 6.83001 21
1777361309983 6.84623 22
1777361318575 6.84985 23
1777361327350 6.83112 24
1777361335822 6.81015 25
1777361344409 6.83064 26
1777361353002 6.84988 27
1777361361615 6.81165 28
1777361370076 6.84067 29
1777361378698 6.84499 30
1777361387203 6.83917 31
1777361395681 6.84837 32
1777361404132 6.83382 33
1777361412774 6.83755 34
1777361421648 6.8318 35
1777361430267 6.81405 36
1777361438851 6.85007 37
1777361447477 6.80967 38
1777361456202 6.82307 39
1777361464859 6.84195 40
1777361473481 6.84254 41
1777361482015 6.86137 42
1777361490525 6.80241 43
1777361498953 6.8328 44
1777361507392 6.84443 45
1777361515889 6.84553 46
1777361524975 6.85398 47
1777361533438 6.80197 48
1777361542069 6.83802 49
1777361562736 5.30054 50
1777361575571 4.75871 51
