1777361114514 6.37719 0
1777361126039 6.37777 1
1777361134634 6.37804 2
1777361143441 6.37792 3
1777361152145 6.37763 4
1777361160815 6.37783 5
1777361169493 6.37738 6
1777361179976 6.3783 7
1777361189078 6.37803 8
1777361197792 6.37792 9
1777361206807 6.37745 10
1777361215456 6.37719 11
1777361224056 6.37801 12
1777361232709 6.37813 13
1777361241320 6.3779 14
1777361249937 6.3771 15
1777361258454 6.37788 16
1777361266988 6.3779 17
1777361275568 6.37778 18
1777361284083 6.37769 19
1777361292645 6.3777 20
1777361301258 6.37753 21
1777361309983 6.37807 22
1777361318575 6.37826 23
1777361327350 6.37721 24
1777361335822 6.37713 25
1777361344409 6.37788 26
1777361353002 6.37814 27
1777361361615 6.3772 28
1777361370076 6.37791 29
1777361378698 6.378 30
1777361387203 6.37785 31
1777361395681 6.37779 32
1777361404132 6.37783 33
1777361412774 6.37735 34
1777361421648 6.37787 35
1777361430267 6.37751 36
1777361438851 6.37841 37
1777361447477 6.37768 38
1777361456202 6.3774 39
1777361464859 6.37805 40
1777361473481 6.37799 41
1777361482015 6.37822 42
1777361490525 6.37763 43
1777361498953 6.37809 44
1777361507392 6.37784 45
1777361515889 6.37798 46
1777361524975 6.37814 47
1777361533438 6.37716 48
1777361542069 6.37818 49
1777361562736 6.37425 50
1777361575571 6.36799 51
