1 0.012500 0.010937 0.014583 0.785937 0.172917 0.635938 0.110417 0.273438 0.179167 0.637500 0.014583 0.792188 0.012500 0.932813 0.225000 0.634375 0.272917 0.726562 0.502083 0.712500 0.522917 0.782812 0.595833 0.782812 0.629167 0.651563 0.910417 0.645312 0.679167 0.606250 0.681250 0.489062 0.768750 0.485938 0.691667 0.451562 0.687500 0.300000 0.739583 0.287500 0.675000 0.285937 0.675000 0.145313 0.831250 0.129688 0.752083 0.100000 0.677083 0.142188 0.085417 0.129688 0.579167 0.093750 0.060417 0.109375
1 0.041667 0.012500 0.052083 0.101562 0.591667 0.089062 0.622917 0.079687 0.604167 0.075000 0.606250 0.064062 0.754167 0.035937 0.758333 0.021875 0.720833 0.014062
1 0.258333 0.639063 0.014583 0.937500 0.014583 0.989062 0.112500 0.990625 0.266667 0.731250
1 0.597917 0.787500 0.520833 0.790625 0.516667 0.906250 0.504167 0.914062 0.502083 0.942187 0.570833 0.937500 0.562500 0.926562 0.577083 0.917188 0.600000 0.920313 0.612500 0.910937 0.641667 0.910937 0.635417 0.898438 0.608333 0.885938 0.602083 0.857813 0.612500 0.859375 0.612500 0.870313 0.631250 0.870313 0.608333 0.851562 0.608333 0.834375 0.614583 0.829687 0.625000 0.840625 0.620833 0.845312 0.650000 0.865625 0.647917 0.851562 0.654167 0.846875 0.622917 0.803125 0.608333 0.800000
2 0.989583 0.160938 0.983333 0.164062 0.977083 0.164062 0.975000 0.167187 0.972917 0.239063 0.970833 0.240625 0.970833 0.270312 0.985417 0.270312 0.987500 0.271875
2 0.952083 0.501562 0.947917 0.506250 0.943750 0.600000 0.933333 0.610937 0.914583 0.612500 0.914583 0.646875 0.918750 0.662500 0.987500 0.735937 0.987500 0.607813 0.972917 0.601562 0.975000 0.501562
3 0.650000 0.654688 0.691667 0.776563 0.706250 0.778125 0.693750 0.784375 0.735417 0.914062 0.987500 0.912500 0.987500 0.737500 0.914583 0.660937 0.914583 0.648438
3 0.641667 0.653125 0.633333 0.656250 0.627083 0.750000 0.633333 0.731250 0.639583 0.732813 0.650000 0.718750 0.656250 0.726562 0.650000 0.762500 0.652083 0.823438 0.677083 0.912500 0.710417 0.910937 0.731250 0.921875
3 0.118750 0.985937 0.987500 0.989062 0.987500 0.923437 0.487500 0.946875 0.489583 0.829687 0.350000 0.832812 0.381250 0.725000 0.272917 0.728125
5 0.841667 0.010937 0.839583 0.145313 0.847917 0.148438 0.912500 0.146875 0.920833 0.159375 0.933333 0.164062 0.989583 0.159375 0.989583 0.010937
5 0.987500 0.273438 0.804167 0.276563 0.752083 0.282813 0.739583 0.296875 0.695833 0.295312 0.700000 0.457812 0.750000 0.467187 0.806250 0.506250 0.979167 0.500000 0.972917 0.489062 0.941667 0.487500 0.943750 0.300000 0.952083 0.287500 0.987500 0.287500
6 0.835417 0.010937 0.831250 0.014062 0.829167 0.076563 0.810417 0.087500 0.808333 0.100000 0.795833 0.100000 0.791667 0.103125 0.783333 0.103125 0.783333 0.126563 0.833333 0.125000
7 0.687500 0.100000 0.683333 0.095312 0.606250 0.096875 0.606250 0.093750 0.650000 0.082813 0.645833 0.079687 0.633333 0.079687 0.570833 0.100000 0.547917 0.100000 0.527083 0.112500 0.504167 0.115625 0.514583 0.132812 0.535417 0.129688 0.539583 0.135937 0.681250 0.137500 0.687500 0.123438
7 0.612500 0.835938 0.612500 0.850000 0.641667 0.873438 0.616667 0.875000 0.610417 0.870313 0.606250 0.860937 0.606250 0.871875 0.616667 0.885938 0.635417 0.893750 0.658333 0.893750 0.666667 0.909375 0.672917 0.910937 0.656250 0.851562 0.652083 0.853125 0.652083 0.873438 0.616667 0.848437 0.614583 0.843750 0.618750 0.842188 0.618750 0.837500
8 0.829167 0.010937 0.781250 0.012500 0.770833 0.020312 0.766667 0.040625 0.610417 0.067188 0.610417 0.073437 0.764583 0.089062 0.766667 0.043750 0.770833 0.103125 0.781250 0.098438 0.808333 0.096875 0.808333 0.087500 0.825000 0.075000
8 0.277083 0.015625 0.279167 0.081250 0.439583 0.076563 0.433333 0.015625
8 0.681250 0.143750 0.679167 0.284375 0.685417 0.289062 0.827083 0.273438 0.968750 0.271875 0.975000 0.164062 0.927083 0.165625 0.912500 0.148438 0.845833 0.150000 0.833333 0.142188
8 0.950000 0.290625 0.943750 0.485938 0.972917 0.485938 0.983333 0.500000 0.977083 0.506250 0.975000 0.601562 0.987500 0.606250 0.987500 0.289062
8 0.685417 0.490625 0.685417 0.607813 0.697917 0.625000 0.712500 0.620313 0.933333 0.609375 0.941667 0.600000 0.945833 0.503125 0.806250 0.507812 0.766667 0.489062
8 0.516667 0.515625 0.397917 0.518750 0.395833 0.545313 0.402083 0.598437 0.439583 0.604688 0.512500 0.601562 0.522917 0.585938
8 0.389583 0.718750 0.381250 0.729688 0.354167 0.828125 0.491667 0.829687 0.487500 0.945312 0.495833 0.945312 0.500000 0.909375 0.508333 0.903125 0.516667 0.793750 0.502083 0.717188
8 0.645833 0.728125 0.639583 0.737500 0.637500 0.735937 0.639583 0.756250 0.637500 0.762500 0.625000 0.750000 0.604167 0.757812 0.595833 0.756250 0.591667 0.757812 0.591667 0.762500 0.604167 0.789062 0.627083 0.801562 0.647917 0.828125 0.650000 0.826563 0.647917 0.815625 0.631250 0.790625 0.641667 0.778125 0.639583 0.767187 0.647917 0.760938 0.650000 0.732813
8 0.654167 0.909375 0.647917 0.914062 0.610417 0.914062 0.604167 0.918750 0.600000 0.925000 0.593750 0.921875 0.579167 0.921875 0.570833 0.926562 0.575000 0.932813 0.575000 0.937500 0.577083 0.939062 0.595833 0.939062 0.597917 0.940625 0.602083 0.939062 0.629167 0.939062 0.631250 0.937500 0.658333 0.937500 0.656250 0.935938 0.656250 0.925000 0.654167 0.923437
8 0.737500 0.935938 0.985417 0.921875 0.985417 0.915625 0.737500 0.917188