1 0.012500 0.014062 0.012500 0.039062 0.143750 0.037500 0.189583 0.195312 0.554167 0.184375 0.572917 0.282813 0.679167 0.284375 0.733333 0.095312 0.987500 0.101562 0.989583 0.068750 0.939583 0.073437 0.910417 0.014062
1 0.137500 0.043750 0.014583 0.043750 0.014583 0.331250
1 0.141667 0.048437 0.016667 0.337500 0.016667 0.753125 0.185417 0.200000
1 0.572917 0.287500 0.568750 0.712500 0.681250 0.717188 0.668750 0.703125 0.664583 0.712500 0.593750 0.714063 0.587500 0.679688 0.643750 0.676562 0.643750 0.651563 0.668750 0.642187 0.654167 0.617188 0.745833 0.612500 0.700000 0.593750 0.702083 0.582812 0.741667 0.573438 0.737500 0.565625 0.633333 0.542188 0.635417 0.531250 0.729167 0.512500 0.720833 0.473437 0.697917 0.454688 0.714583 0.439063 0.695833 0.309375 0.681250 0.287500
3 0.739583 0.098438 0.706250 0.248437 0.747917 0.253125 0.766667 0.228125 0.779167 0.256250 0.791667 0.232812 0.816667 0.253125 0.812500 0.293750 0.785417 0.309375 0.787500 0.357812 0.754167 0.373437 0.762500 0.421875 0.835417 0.284375 0.879167 0.406250 0.793750 0.509375 0.800000 0.571875 0.856250 0.604688 0.868750 0.637500 0.860417 0.695312 0.837500 0.717188 0.987500 0.718750 0.806250 0.104687
3 0.814583 0.104687 0.902083 0.384375 0.985417 0.385938 0.989583 0.106250
3 0.193750 0.198437 0.014583 0.767187 0.016667 0.989062 0.325000 0.985937 0.347917 0.764063 0.391667 0.725000 0.372917 0.987500 0.989583 0.984375 0.985417 0.723437 0.562500 0.725000 0.550000 0.412500 0.341667 0.407813 0.372917 0.201562
3 0.912500 0.389062 0.904167 0.395312 0.987500 0.682813 0.987500 0.389062
7 0.835417 0.289062 0.785417 0.396875 0.795833 0.501562 0.870833 0.409375
7 0.731250 0.418750 0.720833 0.426562 0.750000 0.453125 0.733333 0.453125 0.722917 0.459375 0.706250 0.448438 0.706250 0.456250 0.729167 0.471875 0.766667 0.476562 0.772917 0.484375 0.779167 0.509375 0.787500 0.512500 0.791667 0.504687 0.775000 0.418750 0.764583 0.426562 0.764583 0.454688 0.731250 0.431250 0.731250 0.425000 0.739583 0.426562 0.739583 0.418750
8 0.920833 0.012500 0.918750 0.015625 0.941667 0.065625 0.945833 0.067188 0.952083 0.062500 0.983333 0.062500 0.987500 0.064062 0.987500 0.015625 0.989583 0.010937
8 0.381250 0.190625 0.345833 0.406250 0.554167 0.409375 0.556250 0.475000 0.568750 0.481250 0.564583 0.215625 0.554167 0.193750
8 0.766667 0.229687 0.754167 0.242188 0.750000 0.292188 0.743750 0.270312 0.731250 0.251563 0.685417 0.256250 0.683333 0.281250 0.691667 0.300000 0.720833 0.315625 0.727083 0.331250 0.754167 0.367188 0.762500 0.365625 0.756250 0.339063 0.741667 0.326562 0.741667 0.310937 0.752083 0.298438 0.760417 0.307813 0.764583 0.306250 0.775000 0.289062 0.777083 0.253125 0.775000 0.239063
8 0.802083 0.235938 0.791667 0.243750 0.789583 0.250000 0.787500 0.251563 0.787500 0.256250 0.785417 0.257812 0.785417 0.285937 0.787500 0.287500 0.787500 0.298438 0.789583 0.300000 0.789583 0.307813 0.791667 0.309375 0.800000 0.309375 0.800000 0.307813 0.804167 0.304688 0.804167 0.301562 0.810417 0.293750 0.810417 0.287500 0.812500 0.285937 0.812500 0.279687 0.814583 0.278125 0.812500 0.275000 0.812500 0.256250 0.804167 0.243750
8 0.775000 0.304688 0.768750 0.310937 0.768750 0.320312 0.766667 0.321875 0.766667 0.343750 0.764583 0.345313 0.764583 0.356250 0.766667 0.357812 0.766667 0.362500 0.770833 0.367188 0.781250 0.357812 0.781250 0.354688 0.783333 0.353125 0.783333 0.350000 0.785417 0.348437 0.785417 0.345313 0.787500 0.343750 0.785417 0.342187 0.785417 0.320312 0.783333 0.318750 0.781250 0.310937
8 0.470833 0.428125 0.472917 0.498437 0.475000 0.501562 0.510417 0.500000 0.510417 0.467187 0.512500 0.465625 0.512500 0.431250 0.514583 0.428125
8 0.389583 0.431250 0.339583 0.434375 0.337500 0.435937 0.337500 0.445312 0.333333 0.456250 0.325000 0.506250 0.383333 0.506250 0.385417 0.457812 0.387500 0.456250 0.387500 0.432813
8 0.800000 0.557813 0.793750 0.521875 0.729167 0.517187 0.691667 0.529688 0.662500 0.535937 0.639583 0.537500 0.639583 0.542188 0.652083 0.545313 0.689583 0.546875 0.710417 0.559375 0.758333 0.564062 0.793750 0.560938
8 0.706250 0.592188 0.718750 0.593750 0.720833 0.595312 0.733333 0.595312 0.741667 0.601562 0.741667 0.603125 0.777083 0.603125 0.777083 0.592188 0.779167 0.590625 0.779167 0.585938 0.787500 0.582812 0.802083 0.581250 0.804167 0.576563 0.752083 0.576563 0.750000 0.578125 0.741667 0.578125 0.729167 0.587500 0.720833 0.587500
8 0.254167 0.581250 0.245833 0.681250 0.437500 0.678125 0.443750 0.579687
8 0.825000 0.589063 0.827083 0.654688 0.808333 0.667188 0.802083 0.662500 0.810417 0.689062 0.793750 0.659375 0.795833 0.631250 0.687500 0.628125 0.666667 0.659375 0.650000 0.659375 0.650000 0.673437 0.664583 0.676562 0.681250 0.701563 0.700000 0.706250 0.685417 0.712500 0.691667 0.718750 0.829167 0.718750 0.845833 0.700000 0.820833 0.689062 0.852083 0.679688 0.862500 0.659375 0.856250 0.612500
8 0.791667 0.617188 0.789583 0.615625 0.731250 0.617188 0.722917 0.621875 0.718750 0.620313 0.675000 0.618750 0.658333 0.621875 0.658333 0.628125 0.675000 0.635938 0.685417 0.623438 0.785417 0.626562 0.789583 0.628125
8 0.464583 0.729688 0.433333 0.771875 0.504167 0.800000 0.418750 0.804688 0.406250 0.965625 0.681250 0.957812 0.664583 0.801562 0.514583 0.801562 0.543750 0.745313
8 0.856250 0.832812 0.889583 0.978125 0.983333 0.979688 0.960417 0.831250