1 0.016667 0.014062 0.016667 0.032812 0.266667 0.070312 0.241667 0.704687 0.039583 0.706250 0.437500 0.712500 0.410417 0.654688 0.479167 0.634375 0.429167 0.610937 0.466667 0.557813 0.375000 0.568750 0.414583 0.529688 0.360417 0.509375 0.502083 0.492188 0.491667 0.448438 0.408333 0.414062 0.437500 0.400000 0.408333 0.389062 0.416667 0.329688 0.522917 0.331250 0.458333 0.271875 0.470833 0.223438 0.510417 0.214062 0.447917 0.153125 0.487500 0.128125 0.487500 0.045313 0.266667 0.018750 0.410417 0.107813 0.229167 0.014062
1 0.666667 0.065625 0.631250 0.262500 0.670833 0.223438 0.743750 0.203125 0.752083 0.185937 0.797917 0.178125 0.987500 0.209375 0.987500 0.103125 0.747917 0.073437 0.743750 0.084375 0.766667 0.092188 0.772917 0.109375 0.743750 0.125000 0.706250 0.125000 0.681250 0.107813 0.704167 0.070312
1 0.618750 0.328125 0.602083 0.420312 0.837500 0.431250 0.925000 0.440625 0.841667 0.410937 0.787500 0.415625 0.691667 0.396875 0.658333 0.381250 0.631250 0.356250
1 0.014583 0.710938 0.016667 0.760938 0.131250 0.768750 0.502083 0.764063 0.502083 0.750000 0.475000 0.753125 0.462500 0.726562 0.443750 0.726562 0.427083 0.717188
3 0.620833 0.059375 0.587500 0.195312 0.595833 0.284375 0.545833 0.415625 0.597917 0.437500 0.656250 0.520312 0.577083 0.890625 0.662500 0.873438 0.987500 0.871875 0.977083 0.457812 0.595833 0.421875 0.660417 0.076563
7 0.264583 0.014062 0.677083 0.053125 0.706250 0.068750 0.683333 0.096875 0.706250 0.123438 0.766667 0.112500 0.764583 0.092188 0.739583 0.076563 0.785417 0.054688 0.770833 0.040625 0.687500 0.039062 0.675000 0.054688 0.668750 0.042188 0.704167 0.031250 0.779167 0.037500 0.793750 0.051562 0.762500 0.068750 0.991667 0.100000 0.989583 0.014062
7 0.014583 0.040625 0.014583 0.696875 0.233333 0.701563 0.258333 0.071875
7 0.652083 0.240625 0.625000 0.276563 0.618750 0.326562 0.658333 0.379687 0.733333 0.406250 0.850000 0.410937 0.977083 0.456250 0.979167 0.467187 0.989583 0.468750 0.987500 0.210938 0.797917 0.179688 0.789583 0.187500 0.754167 0.189063 0.747917 0.204688 0.687500 0.218750
7 0.427083 0.339063 0.427083 0.351562 0.425000 0.353125 0.425000 0.365625 0.422917 0.367188 0.420833 0.392188 0.433333 0.393750 0.435417 0.395312 0.441667 0.395312 0.443750 0.396875 0.443750 0.390625 0.450000 0.385938 0.462500 0.385938 0.462500 0.373437 0.464583 0.371875 0.458333 0.371875 0.454167 0.368750 0.450000 0.360938 0.450000 0.354688 0.458333 0.340625 0.456250 0.339063
7 0.987500 0.875000 0.568750 0.896875 0.654167 0.518750 0.577083 0.431250 0.520833 0.437500 0.500000 0.515625 0.554167 0.520312 0.564583 0.478125 0.593750 0.478125 0.591667 0.612500 0.564583 0.620313 0.554167 0.529688 0.522917 0.579687 0.491667 0.553125 0.441667 0.595312 0.489583 0.626562 0.527083 0.593750 0.518750 0.800000 0.495833 0.770312 0.014583 0.768750 0.016667 0.989062 0.989583 0.990625
8 0.504167 0.045313 0.493750 0.112500 0.516667 0.132812 0.500000 0.143750 0.497917 0.184375 0.533333 0.195312 0.570833 0.192188 0.543750 0.200000 0.562500 0.218750 0.533333 0.259375 0.547917 0.285937 0.529167 0.267188 0.535417 0.242188 0.518750 0.245312 0.497917 0.228125 0.477083 0.237500 0.468750 0.271875 0.487500 0.300000 0.506250 0.307813 0.531250 0.304688 0.537500 0.332812 0.566667 0.346875 0.570833 0.298438 0.591667 0.278125 0.585417 0.195312 0.570833 0.192188 0.595833 0.184375 0.614583 0.060938
8 0.456250 0.353125 0.456250 0.362500 0.460417 0.367188 0.516667 0.368750 0.518750 0.370313 0.547917 0.370313 0.550000 0.371875 0.558333 0.370313 0.558333 0.362500 0.556250 0.360938 0.556250 0.353125 0.554167 0.351562 0.545833 0.351562 0.543750 0.350000 0.514583 0.346875 0.504167 0.343750 0.464583 0.339063
8 0.552083 0.378125 0.541667 0.375000 0.514583 0.375000 0.508333 0.378125 0.500000 0.378125 0.489583 0.382812 0.458333 0.390625 0.452083 0.390625 0.452083 0.395312 0.456250 0.398438 0.458333 0.393750 0.466667 0.393750 0.479167 0.403125 0.485417 0.403125 0.487500 0.404687 0.491667 0.403125 0.508333 0.403125 0.512500 0.400000 0.516667 0.400000 0.541667 0.409375 0.543750 0.407813 0.550000 0.407813 0.550000 0.381250
8 0.545833 0.428125 0.545833 0.417188 0.543750 0.414062 0.522917 0.409375 0.516667 0.409375 0.502083 0.414062 0.500000 0.412500 0.479167 0.412500 0.477083 0.414062 0.468750 0.414062 0.466667 0.412500 0.435417 0.412500 0.425000 0.418750 0.429167 0.423438 0.439583 0.426562 0.445833 0.423438 0.458333 0.423438 0.472917 0.432813 0.487500 0.432813 0.497917 0.437500 0.510417 0.437500 0.512500 0.439063 0.520833 0.435937 0.529167 0.435937
8 0.502083 0.450000 0.495833 0.454688 0.495833 0.465625 0.500000 0.468750 0.500000 0.470313 0.502083 0.471875 0.502083 0.475000 0.504167 0.476562 0.504167 0.479688 0.506250 0.481250 0.506250 0.485938 0.508333 0.487500 0.508333 0.490625 0.514583 0.490625 0.516667 0.489062 0.518750 0.489062 0.516667 0.487500 0.516667 0.485938 0.510417 0.481250 0.510417 0.479688 0.514583 0.476562 0.520833 0.475000 0.520833 0.471875 0.527083 0.467187 0.527083 0.454688 0.520833 0.450000
8 0.583333 0.476562 0.572917 0.476562 0.564583 0.481250 0.556250 0.515625 0.556250 0.531250 0.562500 0.551562 0.568750 0.603125 0.566667 0.620313 0.572917 0.620313 0.587500 0.612500 0.587500 0.553125 0.589583 0.542188 0.595833 0.532812 0.595833 0.482812
8 0.516667 0.529688 0.495833 0.518750 0.500000 0.506250 0.475000 0.506250 0.475000 0.518750 0.470833 0.520312 0.472917 0.528125 0.456250 0.528125 0.452083 0.531250 0.429167 0.529688 0.429167 0.542188 0.416667 0.543750 0.377083 0.562500 0.395833 0.564062 0.412500 0.551562 0.422917 0.551562 0.439583 0.545313 0.433333 0.543750 0.433333 0.540625 0.516667 0.551562 0.514583 0.535937 0.472917 0.528125 0.487500 0.526563
8 0.468750 0.512500 0.427083 0.512500 0.425000 0.514063 0.379167 0.514063 0.375000 0.515625 0.375000 0.517187 0.387500 0.517187 0.389583 0.518750 0.391667 0.517187 0.468750 0.517187
8 0.522917 0.651563 0.506250 0.640625 0.504167 0.642187 0.502083 0.640625 0.493750 0.640625 0.464583 0.648438 0.452083 0.653125 0.445833 0.657812 0.418750 0.659375 0.420833 0.662500 0.420833 0.671875 0.435417 0.673437 0.450000 0.679688 0.472917 0.682813 0.489583 0.687500 0.504167 0.682813 0.516667 0.681250 0.518750 0.662500
8 0.472917 0.704687 0.468750 0.709375 0.470833 0.735937 0.472917 0.737500 0.512500 0.734375 0.516667 0.739062 0.516667 0.745313 0.504167 0.767187 0.493750 0.775000 0.493750 0.779688 0.516667 0.796875 0.529167 0.743750 0.535417 0.734375 0.527083 0.728125 0.518750 0.729688 0.514583 0.728125 0.525000 0.720312 0.518750 0.712500 0.516667 0.714063 0.510417 0.707812