1 0.816667 0.014062 0.260417 0.017188 0.262500 0.142188 0.016667 0.139062 0.016667 0.154687 0.754167 0.159375
1 0.454167 0.412500 0.489583 0.979688 0.612500 0.987500 0.577083 0.710938 0.541667 0.671875 0.529167 0.625000 0.558333 0.559375 0.481250 0.556250 0.483333 0.528125 0.552083 0.521875 0.539583 0.437500 0.481250 0.434375 0.477083 0.417188
1 0.937500 0.601562 0.933333 0.600000 0.914583 0.610937 0.868750 0.625000 0.695833 0.643750 0.706250 0.712500 0.756250 0.684375 0.804167 0.682813 0.810417 0.690625 0.822917 0.675000 0.864583 0.654688 0.897917 0.654688 0.906250 0.659375 0.912500 0.626562 0.933333 0.612500
3 0.616667 0.379687 0.612500 0.435937 0.547917 0.434375 0.558333 0.521875 0.629167 0.520312 0.645833 0.543750 0.566667 0.571875 0.645833 0.571875 0.675000 0.685938 0.583333 0.707812 0.612500 0.915625 0.637500 0.914062 0.616667 0.887500 0.639583 0.865625 0.670833 0.887500 0.666667 0.770312 0.710417 0.753125 0.764583 0.825000 0.806250 0.987500 0.868750 0.985937 0.797917 0.687500 0.697917 0.718750 0.666667 0.548437 0.620833 0.503125 0.647917 0.445312 0.641667 0.379687
3 0.987500 0.689062 0.808333 0.698438 0.879167 0.985937 0.989583 0.987500
3 0.656250 0.945312 0.650000 0.945312 0.647917 0.946875 0.637500 0.946875 0.635417 0.948438 0.627083 0.948438 0.625000 0.950000 0.618750 0.950000 0.618750 0.957812 0.620833 0.959375 0.620833 0.965625 0.622917 0.967188 0.622917 0.975000 0.625000 0.976562 0.625000 0.982813 0.627083 0.984375 0.637500 0.982813 0.637500 0.976562 0.631250 0.970312 0.629167 0.965625 0.633333 0.962500 0.639583 0.960938 0.647917 0.954687 0.647917 0.953125
7 0.985417 0.014062 0.831250 0.015625 0.756250 0.168750 0.935417 0.164062 0.954167 0.123438 0.981250 0.103125
7 0.014583 0.171875 0.018750 0.385938 0.427083 0.387500 0.458333 0.406250 0.589583 0.398438 0.639583 0.373437 0.650000 0.403125 0.752083 0.400000 0.670833 0.403125 0.625000 0.489062 0.677083 0.546875 0.704167 0.640625 0.877083 0.617188 0.989583 0.542188 0.985417 0.196875 0.964583 0.175000
7 0.014583 0.390625 0.014583 0.989062 0.481250 0.987500 0.443750 0.395312
7 0.904167 0.681250 0.902083 0.679688 0.902083 0.675000 0.900000 0.673437 0.897917 0.664062 0.887500 0.659375 0.877083 0.659375 0.854167 0.667188 0.839583 0.675000 0.829167 0.678125 0.827083 0.679688 0.827083 0.687500 0.829167 0.689062 0.887500 0.689062 0.889583 0.690625 0.895833 0.690625 0.900000 0.687500
7 0.700000 0.756250 0.679167 0.767187 0.672917 0.793750 0.675000 0.885938 0.693750 0.903125 0.697917 0.946875 0.691667 0.956250 0.697917 0.984375 0.800000 0.987500 0.797917 0.942187 0.770833 0.850000 0.756250 0.817187 0.720833 0.764063 0.710417 0.756250
7 0.639583 0.873438 0.629167 0.879687 0.622917 0.893750 0.647917 0.912500 0.639583 0.921875 0.612500 0.925000 0.612500 0.934375 0.618750 0.943750 0.652083 0.939062 0.658333 0.943750 0.654167 0.951563 0.637500 0.964063 0.637500 0.971875 0.666667 0.987500 0.672917 0.984375 0.681250 0.953125 0.687500 0.950000 0.691667 0.940625 0.689583 0.906250 0.664583 0.889063 0.650000 0.873438
8 0.014583 0.010937 0.014583 0.132812 0.258333 0.137500 0.260417 0.117188 0.245833 0.071875 0.247917 0.014062
8 0.608333 0.401563 0.556250 0.401563 0.554167 0.403125 0.495833 0.403125 0.487500 0.404687 0.485417 0.406250 0.485417 0.414062 0.489583 0.417188 0.487500 0.418750 0.487500 0.428125 0.489583 0.429688 0.595833 0.429688 0.597917 0.431250 0.608333 0.431250 0.608333 0.425000 0.610417 0.423438
8 0.581250 0.503125 0.581250 0.510938 0.583333 0.512500 0.583333 0.514063 0.612500 0.514063 0.614583 0.515625 0.616667 0.515625 0.616667 0.512500 0.618750 0.510938 0.618750 0.503125
8 0.635417 0.542188 0.631250 0.537500 0.631250 0.526563 0.510417 0.528125 0.491667 0.532812 0.489583 0.554688 0.495833 0.556250 0.497917 0.554688 0.633333 0.551562
8 0.645833 0.575000 0.566667 0.578125 0.554167 0.587500 0.554167 0.604688 0.537500 0.625000 0.543750 0.631250 0.550000 0.650000 0.543750 0.657812 0.550000 0.662500 0.550000 0.670313 0.570833 0.682813 0.572917 0.703125 0.647917 0.698438 0.666667 0.685938
8 0.983333 0.600000 0.931250 0.620313 0.925000 0.625000 0.914583 0.650000 0.914583 0.675000 0.920833 0.682813 0.937500 0.679688 0.941667 0.676562 0.958333 0.676562 0.960417 0.679688 0.956250 0.682813 0.981250 0.682813 0.985417 0.684375 0.983333 0.675000