1 0.887500 0.010937 0.012500 0.014062 0.014583 0.240625 0.833333 0.270312
1 0.360417 0.645312 0.325000 0.985937 0.952083 0.987500 0.981250 0.910937 0.981250 0.790625 0.939583 0.762500 0.958333 0.726562 0.872917 0.725000 0.937500 0.765625 0.922917 0.820312 0.877083 0.818750 0.877083 0.770312 0.820833 0.746875 0.785417 0.862500 0.743750 0.850000 0.677083 0.892187 0.554167 0.876562 0.547917 0.892187 0.497917 0.893750 0.493750 0.856250 0.456250 0.851562 0.454167 0.828125 0.506250 0.820312 0.495833 0.773438 0.558333 0.767187 0.533333 0.693750 0.587500 0.640625
7 0.897917 0.014062 0.845833 0.270312 0.985417 0.276563 0.987500 0.017188
7 0.018750 0.251563 0.016667 0.625000 0.595833 0.637500 0.643750 0.489062 0.597917 0.675000 0.625000 0.703125 0.577083 0.707812 0.585417 0.665625 0.547917 0.698438 0.606250 0.748438 0.575000 0.796875 0.643750 0.767187 0.625000 0.821875 0.672917 0.885938 0.785417 0.843750 0.818750 0.718750 0.983333 0.714063 0.985417 0.609375 0.760417 0.600000 0.647917 0.487500 0.708333 0.506250 0.764583 0.595312 0.914583 0.598437 0.985417 0.284375
7 0.985417 0.335938 0.920833 0.601562 0.985417 0.603125
7 0.347917 0.628125 0.014583 0.631250 0.014583 0.857813 0.054167 0.854688 0.054167 0.893750 0.014583 0.893750 0.014583 0.970312 0.310417 0.957812 0.354167 0.668750
7 0.314583 0.964063 0.243750 0.967188 0.241667 0.968750 0.218750 0.968750 0.214583 0.970312 0.206250 0.990625 0.214583 0.990625 0.216667 0.989062 0.312500 0.989062 0.312500 0.965625
8 0.475000 0.660937 0.472917 0.664062 0.472917 0.687500 0.479167 0.696875 0.489583 0.704687 0.489583 0.714063 0.491667 0.715625 0.504167 0.707812 0.514583 0.707812 0.516667 0.709375 0.516667 0.698438 0.508333 0.692187 0.502083 0.682813 0.500000 0.673437 0.497917 0.671875 0.497917 0.667188 0.495833 0.665625 0.495833 0.660937
8 0.641667 0.784375 0.635417 0.775000 0.595833 0.773438 0.587500 0.776563 0.593750 0.795313 0.589583 0.800000 0.581250 0.801562 0.568750 0.800000 0.564583 0.796875 0.566667 0.776563 0.543750 0.789062 0.539583 0.787500 0.531250 0.792188 0.512500 0.793750 0.504167 0.779688 0.502083 0.798437 0.504167 0.803125 0.512500 0.798437 0.529167 0.798437 0.539583 0.806250 0.545833 0.804688 0.556250 0.810938 0.579167 0.817187 0.633333 0.818750 0.639583 0.817187 0.641667 0.812500
8 0.016667 0.778125 0.016667 0.793750 0.018750 0.795313 0.018750 0.796875 0.037500 0.796875 0.037500 0.781250 0.035417 0.779688 0.025000 0.779688 0.022917 0.778125
8 0.018750 0.806250 0.018750 0.807813 0.016667 0.809375 0.016667 0.839063 0.041667 0.839063 0.041667 0.807813 0.039583 0.807813 0.037500 0.806250
8 0.514583 0.815625 0.512500 0.818750 0.512500 0.859375 0.510417 0.860937 0.506250 0.860937 0.506250 0.882812 0.520833 0.884375 0.531250 0.887500 0.539583 0.884375 0.539583 0.878125 0.541667 0.876562 0.543750 0.867188 0.535417 0.864062 0.529167 0.864062 0.522917 0.867188 0.520833 0.865625 0.520833 0.817187
8 0.466667 0.832812 0.466667 0.845312 0.475000 0.845312 0.477083 0.846875 0.481250 0.846875 0.483333 0.848437 0.487500 0.848437 0.493750 0.851562 0.506250 0.851562 0.506250 0.850000 0.504167 0.848437 0.504167 0.834375 0.502083 0.834375 0.500000 0.832812
8 0.525000 0.831250 0.529167 0.842188 0.529167 0.851562 0.525000 0.857813 0.643750 0.868750 0.658333 0.856250 0.645833 0.835938 0.641667 0.834375
8 0.018750 0.854688 0.014583 0.859375 0.014583 0.892187 0.047917 0.892187 0.050000 0.893750 0.052083 0.893750 0.052083 0.854688