1 0.012500 0.048437 0.637500 0.043750 0.641667 0.029687 0.677083 0.035937 0.683333 0.015625 0.012500 0.010937
1 0.633333 0.048437 0.012500 0.053125 0.012500 0.126563 0.027083 0.128125 0.012500 0.129688 0.014583 0.295312 0.602083 0.281250 0.631250 0.193750 0.595833 0.178125 0.614583 0.123438 0.479167 0.121875 0.616667 0.120312
1 0.606250 0.287500 0.014583 0.301562 0.016667 0.448438 0.039583 0.448438 0.014583 0.923437 0.958333 0.856250 0.918750 0.795313 0.868750 0.792188 0.762500 0.845312 0.689583 0.800000 0.781250 0.756250 0.843750 0.764063 0.889583 0.742188 0.679167 0.743750 0.670833 0.693750 0.597917 0.646875 0.550000 0.464063 0.604167 0.470313 0.579167 0.364062 0.618750 0.353125
1 0.147917 0.918750 0.012500 0.928125 0.014583 0.989062 0.147917 0.989062
2 0.702083 0.085938 0.654167 0.221875 0.679167 0.331250 0.687500 0.334375 0.689583 0.321875 0.681250 0.296875 0.687500 0.292188 0.702083 0.306250 0.700000 0.329688 0.687500 0.348437 0.708333 0.351562 0.712500 0.371875 0.752083 0.310937
2 0.641667 0.176563 0.616667 0.259375 0.637500 0.423438 0.677083 0.356250
2 0.918750 0.200000 0.895833 0.200000 0.864583 0.246875 0.864583 0.251563 0.866667 0.254687 0.887500 0.253125 0.887500 0.250000 0.893750 0.242188 0.893750 0.239063 0.908333 0.218750 0.908333 0.215625
2 0.762500 0.337500 0.725000 0.379687 0.722917 0.406250 0.702083 0.426562 0.731250 0.578125 0.754167 0.581250 0.754167 0.571875 0.768750 0.562500 0.781250 0.564062 0.800000 0.546875
2 0.677083 0.414062 0.639583 0.467187 0.639583 0.473437 0.643750 0.479688 0.672917 0.485938 0.677083 0.489062 0.702083 0.532812
2 0.989583 0.812500 0.952083 0.807813 0.970833 0.864062 0.962500 0.868750 0.935417 0.867188 0.947917 0.935938 0.935417 0.946875 0.910417 0.953125 0.889583 0.945312 0.762500 0.954687 0.750000 0.946875 0.756250 0.984375 0.989583 0.989062
3 0.489583 0.637500 0.477083 0.637500 0.477083 0.664062 0.479167 0.664062 0.481250 0.662500 0.483333 0.662500 0.485417 0.660937 0.487500 0.660937 0.489583 0.659375 0.491667 0.659375 0.493750 0.657812 0.495833 0.657812 0.497917 0.656250 0.500000 0.656250 0.500000 0.643750 0.495833 0.640625 0.493750 0.640625
3 0.404167 0.896875 0.291667 0.906250 0.289583 0.907812 0.272917 0.907812 0.275000 0.937500 0.322917 0.915625 0.327083 0.917188 0.329167 0.932813
5 0.812500 0.014062 0.800000 0.075000 0.902083 0.109375 0.929167 0.175000 0.902083 0.173438 0.887500 0.109375 0.810417 0.087500 0.797917 0.120312 0.818750 0.242188 0.854167 0.248437 0.772917 0.250000 0.762500 0.264062 0.812500 0.279687 0.866667 0.340625 0.887500 0.426562 0.875000 0.489062 0.931250 0.493750 0.939583 0.385938 0.910417 0.292188 0.987500 0.293750 0.987500 0.254687 0.864583 0.260938 0.856250 0.248437 0.895833 0.192188 0.935417 0.192188 0.960417 0.250000 0.985417 0.251563 0.989583 0.075000 0.906250 0.053125 0.891667 0.014062
5 0.643750 0.032812 0.633333 0.081250 0.604167 0.171875 0.606250 0.179688 0.635417 0.182812 0.675000 0.057813 0.679167 0.037500
5 0.587500 0.364062 0.602083 0.401563 0.608333 0.470313 0.639583 0.478125 0.618750 0.359375
5 0.625000 0.565625 0.625000 0.587500 0.627083 0.589063 0.627083 0.593750 0.629167 0.595312 0.629167 0.600000 0.633333 0.607813 0.629167 0.615625 0.629167 0.635938 0.639583 0.640625 0.641667 0.639063 0.662500 0.637500 0.660417 0.634375 0.660417 0.615625 0.658333 0.614062 0.656250 0.575000 0.650000 0.571875 0.645833 0.571875
5 0.983333 0.712500 0.897917 0.725000 0.895833 0.748438 0.879167 0.748438 0.843750 0.765625 0.779167 0.762500 0.695833 0.800000 0.710417 0.818750 0.737500 0.835938 0.760417 0.842188 0.847917 0.809375 0.866667 0.785937 0.920833 0.789062 0.960417 0.809375 0.970833 0.804688 0.985417 0.806250
6 0.806250 0.010937 0.687500 0.012500 0.643750 0.179688 0.652083 0.209375 0.706250 0.078125 0.756250 0.306250 0.718750 0.375000 0.768750 0.331250 0.847917 0.667188 0.683333 0.739062 0.981250 0.707812 0.983333 0.668750 0.900000 0.664062 0.829167 0.298438 0.756250 0.267188 0.770833 0.245312 0.818750 0.246875 0.783333 0.068750
6 0.612500 0.271875 0.610417 0.285937 0.633333 0.425000
6 0.679167 0.367188 0.635417 0.428125 0.639583 0.464063 0.679167 0.410937 0.704167 0.535937 0.722917 0.582812 0.727083 0.579687 0.697917 0.425000 0.687500 0.417188 0.677083 0.393750
7 0.210417 0.192188 0.212500 0.206250 0.233333 0.250000 0.235417 0.248437 0.318750 0.245312 0.312500 0.228125 0.304167 0.189063 0.262500 0.189063 0.260417 0.190625 0.216667 0.190625
7 0.239583 0.318750 0.237500 0.407813 0.391667 0.406250 0.385417 0.317187
7 0.802083 0.551562 0.787500 0.562500 0.787500 0.568750 0.762500 0.570312 0.768750 0.656250 0.775000 0.676562 0.783333 0.684375 0.822917 0.687500 0.820833 0.681250 0.825000 0.681250 0.841667 0.668750 0.818750 0.601562 0.812500 0.567187 0.804167 0.565625 0.810417 0.564062 0.808333 0.551562
7 0.750000 0.985937 0.743750 0.942187 0.714583 0.926562 0.704167 0.893750 0.718750 0.887500 0.712500 0.876562 0.483333 0.890625 0.479167 0.903125 0.402083 0.903125 0.322917 0.937500 0.300000 0.964063 0.268750 0.942187 0.247917 0.939062 0.237500 0.989062
8 0.706250 0.351562 0.704167 0.351562 0.700000 0.354688 0.695833 0.354688 0.695833 0.357812 0.697917 0.359375 0.691667 0.370313 0.691667 0.393750 0.689583 0.395312 0.689583 0.407813 0.691667 0.409375 0.691667 0.415625 0.695833 0.421875 0.700000 0.414062 0.708333 0.407813 0.714583 0.406250 0.714583 0.404687 0.720833 0.400000 0.720833 0.384375 0.718750 0.381250 0.708333 0.375000 0.704167 0.368750 0.704167 0.362500 0.710417 0.357812
8 0.558333 0.462500 0.556250 0.468750 0.583333 0.550000 0.660417 0.573438 0.693750 0.650000 0.695833 0.628125 0.720833 0.578125 0.675000 0.490625
8 0.595833 0.559375 0.595833 0.570312 0.602083 0.581250 0.593750 0.598437 0.593750 0.604688 0.602083 0.614062 0.600000 0.643750 0.616667 0.654688 0.616667 0.662500 0.622917 0.671875 0.668750 0.687500 0.666667 0.642187 0.641667 0.643750 0.625000 0.637500 0.627083 0.610937 0.620833 0.590625 0.620833 0.565625
8 0.731250 0.582812 0.714583 0.598437 0.697917 0.640625 0.697917 0.662500 0.708333 0.710938 0.756250 0.714063 0.779167 0.684375 0.775000 0.681250 0.766667 0.659375 0.764583 0.615625 0.758333 0.584375
8 0.385417 0.670313 0.310417 0.673437 0.312500 0.785937 0.314583 0.790625 0.331250 0.789062 0.345833 0.807813 0.366667 0.800000 0.393750 0.796875
8 0.920833 0.865625 0.916667 0.860937 0.727083 0.876562 0.725000 0.892187 0.731250 0.929688 0.766667 0.950000 0.895833 0.940625 0.910417 0.946875 0.918750 0.939062 0.931250 0.939062 0.935417 0.931250