1 0.014583 0.014062 0.016667 0.517187 0.050000 0.623438 0.468750 0.617188 0.497917 0.542188 0.487500 0.471875 0.504167 0.431250 0.533333 0.421875 0.487500 0.232812 0.568750 0.225000 0.585417 0.176563 0.733333 0.189063 0.783333 0.171875 0.685417 0.175000 0.647917 0.146875 0.535417 0.139062 0.525000 0.082813 0.562500 0.064062 0.560417 0.023438
1 0.022917 0.575000 0.020833 0.575000 0.018750 0.675000 0.039583 0.637500 0.039583 0.634375 0.043750 0.629687 0.039583 0.623438 0.039583 0.618750 0.035417 0.612500 0.035417 0.607813 0.031250 0.601562
3 0.670833 0.023438 0.693750 0.032812 0.693750 0.043750 0.670833 0.095312 0.662500 0.135937 0.689583 0.164062 0.841667 0.159375 0.987500 0.162500 0.979167 0.078125 0.860417 0.051562 0.789583 0.018750 0.716667 0.017188
4 0.979167 0.165625 0.706250 0.217187 0.591667 0.189063 0.583333 0.232812 0.629167 0.195312 0.662500 0.265625 0.637500 0.453125 0.597917 0.470313 0.502083 0.246875 0.554167 0.426562 0.529167 0.434375 0.564583 0.431250 0.600000 0.471875 0.502083 0.509375 0.522917 0.479688 0.500000 0.475000 0.502083 0.600000 0.625000 0.625000 0.695833 0.979688 0.981250 0.989062 0.981250 0.234375 0.954167 0.220313
7 0.589583 0.640625 0.079167 0.653125 0.014583 0.817187 0.014583 0.984375 0.656250 0.985937
8 0.629167 0.029687 0.658333 0.029687 0.658333 0.028125 0.660417 0.026563 0.660417 0.025000 0.664583 0.021875 0.664583 0.020312 0.666667 0.018750 0.633333 0.018750 0.631250 0.020312 0.629167 0.020312
8 0.547917 0.075000 0.539583 0.084375 0.547917 0.126563 0.581250 0.118750 0.585417 0.134375 0.591667 0.137500 0.656250 0.139062 0.656250 0.110937 0.647917 0.107813 0.647917 0.096875 0.654167 0.089062 0.656250 0.078125 0.647917 0.067188 0.647917 0.056250 0.639583 0.045313 0.595833 0.046875 0.595833 0.060938 0.589583 0.073437 0.572917 0.076563 0.562500 0.073437
8 0.629167 0.196875 0.589583 0.234375 0.502083 0.240625 0.547917 0.384375 0.595833 0.468750 0.635417 0.453125 0.641667 0.335938 0.660417 0.265625
8 0.564583 0.432813 0.522917 0.437500 0.516667 0.446875 0.522917 0.478125 0.506250 0.479688 0.502083 0.507812 0.504167 0.493750 0.512500 0.487500 0.591667 0.484375 0.597917 0.471875 0.587500 0.471875 0.583333 0.468750
8 0.514583 0.531250 0.522917 0.545313 0.514583 0.578125 0.514583 0.587500 0.618750 0.603125 0.543750 0.554688
8 0.600000 0.648438 0.600000 0.660937 0.597917 0.662500 0.597917 0.675000 0.604167 0.675000 0.606250 0.676562 0.612500 0.676562 0.614583 0.678125 0.622917 0.678125 0.625000 0.679688 0.625000 0.648438
8 0.837500 0.698438 0.822917 0.701563 0.800000 0.721875 0.802083 0.826563 0.795833 0.971875 0.829167 0.978125 0.870833 0.971875 0.895833 0.957812 0.916667 0.881250 0.902083 0.789062 0.864583 0.725000
8 0.781250 0.753125 0.770833 0.760938 0.752083 0.809375 0.733333 0.831250 0.725000 0.900000 0.712500 0.928125 0.708333 0.971875 0.743750 0.973437 0.791667 0.893750 0.783333 0.878125 0.785417 0.760938