1 0.018750 0.270312 0.527083 0.275000 0.537500 0.220313 0.635417 0.151562 0.718750 0.067188 0.700000 0.020312 0.020833 0.017188
1 0.018750 0.278125 0.014583 0.984375 0.562500 0.984375 0.583333 0.956250 0.643750 0.960938 0.504167 0.918750 0.512500 0.793750 0.602083 0.729688 0.847917 0.664062 0.814583 0.650000 0.814583 0.571875 0.947917 0.571875 0.937500 0.523438 0.904167 0.517187 0.831250 0.557813 0.781250 0.506250 0.564583 0.506250 0.502083 0.476562 0.481250 0.379687 0.516667 0.368750 0.531250 0.289062
3 0.637500 0.907812 0.639583 0.929688 0.666667 0.968750 0.804167 0.965625 0.691667 0.937500 0.662500 0.923437 0.647917 0.901563
6 0.983333 0.017188 0.970833 0.017188 0.975000 0.028125 0.937500 0.051562 0.916667 0.079687 0.900000 0.081250 0.895833 0.085938 0.893750 0.129688 0.889583 0.142188 0.875000 0.159375 0.883333 0.170312 0.916667 0.167187 0.931250 0.160938 0.954167 0.157813 0.960417 0.153125 0.962500 0.135937 0.977083 0.112500 0.983333 0.087500
6 0.981250 0.217187 0.908333 0.204688 0.918750 0.367188 0.904167 0.376563 0.766667 0.398438 0.756250 0.339063 0.764583 0.439063 0.827083 0.440625 0.822917 0.454688 0.775000 0.453125 0.802083 0.467187 0.741667 0.460938 0.712500 0.367188 0.725000 0.329688 0.714583 0.304688 0.695833 0.328125 0.691667 0.473437 0.704167 0.482812 0.987500 0.485938
8 0.960417 0.014062 0.854167 0.014062 0.858333 0.046875 0.833333 0.059375 0.820833 0.090625 0.820833 0.100000 0.831250 0.079687 0.854167 0.060938 0.879167 0.057813 0.887500 0.068750 0.910417 0.067188 0.916667 0.062500 0.929167 0.040625 0.964583 0.021875
8 0.872917 0.070312 0.850000 0.073437 0.818750 0.146875 0.706250 0.092188 0.631250 0.182812 0.772917 0.251563 0.775000 0.392188 0.904167 0.364062 0.900000 0.201562 0.887500 0.179688 0.822917 0.148438 0.839583 0.137500 0.835417 0.109375 0.858333 0.082813 0.875000 0.082813
8 0.900000 0.179688 0.897917 0.193750 0.912500 0.193750 0.931250 0.204688 0.939583 0.204688 0.941667 0.206250 0.962500 0.206250 0.964583 0.207813 0.985417 0.209375 0.987500 0.210938 0.987500 0.171875 0.989583 0.168750 0.954167 0.167187 0.952083 0.168750 0.935417 0.170312 0.925000 0.179688
8 0.587500 0.295312 0.600000 0.315625 0.593750 0.398438 0.602083 0.414062 0.604167 0.446875 0.602083 0.460938 0.577083 0.492188 0.660417 0.489062 0.679167 0.473437 0.672917 0.323438 0.656250 0.309375 0.625000 0.306250 0.610417 0.298438
8 0.583333 0.314063 0.577083 0.326562 0.572917 0.348437 0.572917 0.393750 0.577083 0.400000 0.579167 0.442187 0.570833 0.453125 0.564583 0.473437 0.591667 0.442187
8 0.906250 0.579687 0.908333 0.648438 0.910417 0.653125 0.981250 0.654688 0.985417 0.656250 0.985417 0.581250 0.977083 0.579687
8 0.591667 0.753125 0.620833 0.837500 0.660417 0.904688 0.756250 0.943750 0.837500 0.965625 0.866667 0.982813 0.987500 0.987500 0.983333 0.762500 0.918750 0.735937 0.902083 0.689062 0.864583 0.681250 0.791667 0.687500 0.710417 0.715625 0.647917 0.725000
8 0.547917 0.771875 0.547917 0.775000 0.550000 0.776563 0.550000 0.789062 0.554167 0.789062 0.556250 0.790625 0.562500 0.790625 0.564583 0.792188 0.577083 0.792188 0.579167 0.793750 0.581250 0.792188 0.600000 0.792188 0.597917 0.790625 0.597917 0.789062 0.595833 0.787500 0.595833 0.785937 0.593750 0.784375 0.593750 0.782812 0.591667 0.781250 0.591667 0.779688 0.589583 0.778125 0.587500 0.773438 0.583333 0.770312 0.570833 0.770312 0.568750 0.768750 0.556250 0.768750 0.554167 0.770312
8 0.520833 0.803125 0.520833 0.806250 0.525000 0.809375 0.537500 0.814062 0.550000 0.814062 0.552083 0.815625 0.585417 0.815625 0.583333 0.814062 0.583333 0.806250 0.585417 0.804688 0.602083 0.806250 0.604167 0.807813 0.595833 0.796875 0.566667 0.796875 0.558333 0.793750 0.547917 0.793750 0.545833 0.795313 0.535417 0.796875
8 0.562500 0.825000 0.562500 0.854688 0.556250 0.860937 0.522917 0.865625 0.512500 0.871875 0.510417 0.893750 0.516667 0.914062 0.527083 0.915625 0.545833 0.910937 0.564583 0.925000 0.629167 0.926562 0.625000 0.915625 0.614583 0.903125 0.618750 0.870313 0.612500 0.860937 0.610417 0.831250 0.583333 0.821875