1 0.014583 0.010937 0.018750 0.128125 0.220833 0.106250 0.179167 0.062500 0.179167 0.031250 0.197917 0.014062
1 0.020833 0.803125 0.016667 0.987500 0.381250 0.987500 0.408333 0.962500 0.393750 0.940625 0.389583 0.814062
2 0.791667 0.396875 0.787500 0.446875 0.766667 0.448438 0.791667 0.481250 0.785417 0.503125 0.735417 0.496875 0.735417 0.521875 0.835417 0.531250 0.872917 0.573438 0.850000 0.621875 0.889583 0.620313 0.918750 0.640625 0.985417 0.625000 0.987500 0.568750 0.977083 0.585938 0.952083 0.585938 0.893750 0.500000 0.893750 0.448438 0.935417 0.423438 0.885417 0.410937 0.883333 0.417188 0.804167 0.437500
4 0.858333 0.815625 0.845833 0.807813 0.814583 0.803125 0.777083 0.784375 0.747917 0.742188 0.741667 0.714063 0.693750 0.678125 0.662500 0.678125 0.643750 0.684375 0.620833 0.703125 0.639583 0.748438 0.629167 0.759375 0.581250 0.782812 0.581250 0.809375 0.558333 0.868750 0.579167 0.876562 0.664583 0.853125
4 0.989583 0.989062 0.985417 0.901563 0.937500 0.867188 0.866667 0.909375 0.683333 0.923437 0.631250 0.950000 0.656250 0.987500
7 0.014583 0.140625 0.014583 0.795313 0.381250 0.809375 0.389583 0.707812 0.439583 0.704687 0.541667 0.639063 0.500000 0.623438 0.620833 0.625000 0.666667 0.653125 0.631250 0.550000 0.579167 0.520312 0.631250 0.537500 0.727083 0.520312 0.720833 0.451562 0.450000 0.450000 0.447917 0.482812 0.514583 0.510938 0.368750 0.500000 0.537500 0.337500 0.504167 0.181250 0.287500 0.160938 0.237500 0.118750
8 0.827083 0.057813 0.841667 0.087500 0.983333 0.135937 0.987500 0.010937 0.947917 0.012500 0.870833 0.025000
8 0.187500 0.028125 0.189583 0.064062 0.287500 0.157813 0.658333 0.195312 0.658333 0.137500 0.716667 0.120312 0.702083 0.142188 0.845833 0.284375 0.985417 0.193750 0.983333 0.140625 0.835417 0.093750 0.783333 0.057813 0.725000 0.115625 0.745833 0.090625 0.718750 0.012500 0.235417 0.014062
8 0.706250 0.173438 0.677083 0.214062 0.654167 0.262500 0.660417 0.378125 0.781250 0.382812 0.808333 0.287500 0.808333 0.265625
8 0.647917 0.218750 0.527083 0.243750 0.547917 0.337500 0.470833 0.415625 0.622917 0.401563 0.622917 0.381250 0.650000 0.378125
8 0.985417 0.218750 0.879167 0.310937 0.916667 0.367188 0.889583 0.403125 0.952083 0.423438 0.985417 0.390625
8 0.866667 0.292188 0.800000 0.328125 0.808333 0.434375 0.883333 0.415625 0.887500 0.359375
8 0.627083 0.382812 0.627083 0.440625 0.654167 0.448438 0.718750 0.448438 0.747917 0.442187 0.727083 0.462500 0.754167 0.495313 0.777083 0.503125 0.789583 0.484375 0.752083 0.442187 0.766667 0.440625 0.783333 0.445312 0.787500 0.393750 0.662500 0.389062
8 0.950000 0.432813 0.927083 0.435937 0.906250 0.443750 0.900000 0.495313 0.947917 0.579687 0.972917 0.581250 0.987500 0.540625 0.985417 0.437500
8 0.633333 0.548437 0.639583 0.604688 0.679167 0.654688 0.845833 0.621875 0.866667 0.581250 0.841667 0.539062 0.835417 0.535937 0.654167 0.528125
8 0.620833 0.629687 0.535417 0.631250 0.543750 0.640625 0.435417 0.718750 0.400000 0.715625 0.400000 0.934375 0.414583 0.956250 0.452083 0.956250 0.445833 0.909375 0.454167 0.881250 0.522917 0.782812 0.629167 0.753125 0.612500 0.698438 0.635417 0.679688 0.679167 0.668750
8 0.981250 0.642187 0.854167 0.657812 0.820833 0.673437 0.847917 0.673437 0.872917 0.776563 0.985417 0.771875
8 0.466667 0.957812 0.547917 0.937500 0.568750 0.981250 0.585417 0.985937 0.556250 0.926562 0.591667 0.953125 0.591667 0.981250 0.645833 0.981250 0.627083 0.943750 0.687500 0.915625 0.864583 0.903125 0.935417 0.854688 0.941667 0.823438 0.906250 0.815625 0.585417 0.882812 0.545833 0.873438 0.577083 0.790625 0.533333 0.779688 0.514583 0.868750 0.504167 0.878125 0.491667 0.842188 0.458333 0.920313