1 0.972917 0.010937 0.858333 0.010937 0.747917 0.390625 0.872917 0.389062 0.891667 0.396875 0.887500 0.379687 0.985417 0.375000 0.987500 0.210938 0.927083 0.212500 0.912500 0.192188
1 0.020833 0.548437 0.016667 0.989062 0.916667 0.987500 0.864583 0.945312 0.589583 0.942187 0.477083 0.898438 0.435417 0.931250 0.206250 0.921875 0.195833 0.878125 0.264583 0.806250 0.325000 0.800000 0.366667 0.850000 0.452083 0.851562 0.454167 0.781250 0.552083 0.778125 0.493750 0.701563 0.450000 0.693750 0.458333 0.603125 0.493750 0.590625 0.381250 0.578125 0.397917 0.539062
3 0.852083 0.014062 0.820833 0.014062 0.795833 0.103125 0.787500 0.107813 0.781250 0.207813 0.766667 0.225000 0.739583 0.221875 0.739583 0.237500 0.764583 0.245312 0.731250 0.279687 0.739583 0.346875 0.710417 0.351562 0.733333 0.390625 0.745833 0.392188
3 0.987500 0.378125 0.889583 0.384375 0.893750 0.400000 0.581250 0.393750 0.566667 0.407813 0.550000 0.395312 0.541667 0.435937 0.562500 0.415625 0.581250 0.476562 0.564583 0.501562 0.572917 0.556250 0.585417 0.550000 0.610417 0.603125 0.602083 0.670313 0.639583 0.718750 0.656250 0.815625 0.641667 0.829687 0.700000 0.845312 0.664583 0.885938 0.602083 0.851562 0.589583 0.940625 0.866667 0.929688 0.877083 0.878125 0.985417 0.817187
7 0.016667 0.014062 0.014583 0.543750 0.475000 0.537500 0.525000 0.514063 0.531250 0.406250 0.552083 0.387500 0.631250 0.378125 0.635417 0.356250 0.606250 0.351562 0.737500 0.346875 0.727083 0.281250 0.760417 0.246875 0.618750 0.242188 0.622917 0.200000 0.672917 0.170312 0.702083 0.098438 0.693750 0.015625
7 0.697917 0.015625 0.704167 0.092188 0.789583 0.107813 0.816667 0.014062
7 0.570833 0.804688 0.554167 0.814062 0.543750 0.814062 0.535417 0.823438 0.539583 0.870313 0.512500 0.892187 0.525000 0.907812 0.579167 0.921875 0.583333 0.925000 0.595833 0.925000 0.595833 0.840625 0.587500 0.807813 0.583333 0.804688
7 0.193750 0.901563 0.204167 0.914062 0.304167 0.910937 0.318750 0.907812 0.347917 0.890625 0.450000 0.881250 0.450000 0.878125 0.352083 0.884375 0.350000 0.848437 0.339583 0.828125 0.318750 0.812500 0.291667 0.807813 0.239583 0.842188 0.222917 0.875000 0.200000 0.885938
8 0.989583 0.014062 0.979167 0.014062 0.920833 0.178125 0.920833 0.193750 0.929167 0.206250 0.987500 0.207813
8 0.766667 0.110937 0.754167 0.107813 0.741667 0.120312 0.710417 0.115625 0.691667 0.126563 0.675000 0.170312 0.662500 0.176563 0.658333 0.184375 0.641667 0.190625 0.629167 0.209375 0.633333 0.223438 0.647917 0.226562 0.660417 0.221875 0.697917 0.217187 0.737500 0.217187 0.754167 0.221875 0.772917 0.212500 0.770833 0.165625 0.781250 0.140625 0.781250 0.126563
8 0.558333 0.428125 0.541667 0.443750 0.541667 0.487500 0.539583 0.489062 0.539583 0.501562 0.533333 0.515625 0.533333 0.521875 0.535417 0.520312 0.545833 0.520312 0.554167 0.515625 0.554167 0.507812 0.570833 0.475000 0.568750 0.473437
8 0.502083 0.535937 0.502083 0.540625 0.504167 0.542188 0.514583 0.542188 0.525000 0.550000 0.525000 0.551562 0.537500 0.556250 0.541667 0.556250 0.547917 0.559375 0.554167 0.556250 0.558333 0.556250 0.568750 0.548437 0.568750 0.534375 0.566667 0.531250 0.560417 0.526563 0.556250 0.526563 0.554167 0.525000 0.541667 0.525000 0.539583 0.526563 0.529167 0.526563 0.516667 0.535937
8 0.379167 0.562500 0.379167 0.565625 0.385417 0.562500 0.393750 0.562500 0.400000 0.568750 0.406250 0.568750 0.412500 0.575000 0.485417 0.575000 0.493750 0.576563 0.489583 0.571875 0.487500 0.564062 0.497917 0.554688 0.493750 0.546875 0.416667 0.546875 0.410417 0.554688
8 0.585417 0.560938 0.552083 0.564062 0.543750 0.696875 0.558333 0.731250 0.570833 0.731250 0.575000 0.715625 0.568750 0.704687 0.568750 0.695312 0.579167 0.689062 0.587500 0.668750 0.597917 0.667188 0.602083 0.603125
8 0.541667 0.570312 0.510417 0.576563 0.504167 0.610937 0.506250 0.678125 0.510417 0.684375 0.510417 0.690625 0.522917 0.693750 0.537500 0.693750 0.537500 0.653125 0.539583 0.651563 0.537500 0.593750
8 0.589583 0.681250 0.566667 0.771875 0.610417 0.832812 0.608333 0.846875 0.620833 0.868750 0.662500 0.878125 0.687500 0.845312 0.622917 0.837500 0.620833 0.821875 0.610417 0.831250 0.631250 0.715625
8 0.518750 0.703125 0.518750 0.743750 0.560417 0.743750 0.562500 0.745313 0.566667 0.745313 0.566667 0.734375 0.552083 0.734375 0.550000 0.732813 0.550000 0.729688 0.547917 0.728125 0.547917 0.725000 0.545833 0.723437 0.545833 0.720312 0.543750 0.718750 0.543750 0.715625 0.541667 0.714063 0.541667 0.710938 0.539583 0.709375 0.539583 0.706250 0.537500 0.703125
8 0.983333 0.823438 0.941667 0.859375 0.918750 0.871875 0.893750 0.876562 0.879167 0.889063 0.866667 0.907812 0.885417 0.954687 0.931250 0.989062 0.987500 0.987500