1 0.014583 0.010937 0.014583 0.117188 0.539583 0.117188 0.564583 0.081250 0.587500 0.081250 0.595833 0.071875 0.595833 0.015625
1 0.014583 0.121875 0.014583 0.315625 0.772917 0.300000 0.787500 0.242188 0.818750 0.218750 0.593750 0.220313 0.558333 0.200000 0.529167 0.139062 0.535417 0.123438
1 0.743750 0.304688 0.016667 0.318750 0.016667 0.989062 0.972917 0.989062 0.985417 0.823438 0.537500 0.846875 0.397917 0.795313 0.191667 0.804688 0.114583 0.779688 0.143750 0.550000 0.200000 0.518750 0.433333 0.514063 0.493750 0.414062 0.816667 0.418750 0.745833 0.376563
3 0.922917 0.012500 0.906250 0.010937 0.902083 0.039062 0.893750 0.053125 0.868750 0.067188 0.856250 0.068750 0.837500 0.162500 0.856250 0.151562
3 0.716667 0.015625 0.695833 0.090625 0.687500 0.093750 0.693750 0.128125 0.670833 0.206250 0.710417 0.203125 0.800000 0.212500 0.793750 0.203125 0.691667 0.196875 0.739583 0.015625
3 0.495833 0.420312 0.485417 0.476562 0.520833 0.842188 0.560417 0.829687 0.987500 0.801562 0.987500 0.423438 0.533333 0.437500
7 0.829167 0.073437 0.802083 0.189063 0.802083 0.212500 0.814583 0.214062 0.818750 0.209375 0.816667 0.190625 0.827083 0.178125 0.847917 0.085938 0.847917 0.078125
8 0.683333 0.012500 0.633333 0.015625 0.635417 0.048437 0.627083 0.059375 0.625000 0.015625 0.608333 0.017188 0.606250 0.071875 0.581250 0.096875 0.570833 0.087500 0.539583 0.134375 0.575000 0.204688 0.610417 0.204688 0.625000 0.215625 0.660417 0.206250 0.683333 0.129688 0.679167 0.092188 0.637500 0.089062 0.652083 0.084375 0.693750 0.085938 0.710417 0.021875
8 0.747917 0.015625 0.702083 0.195312 0.795833 0.196875 0.820833 0.067188 0.810417 0.060938 0.800000 0.040625 0.781250 0.042188 0.768750 0.037500 0.762500 0.031250 0.762500 0.015625
8 0.989583 0.096875 0.891667 0.129688 0.825000 0.190625 0.847917 0.232812 0.835417 0.290625 0.850000 0.339063 0.900000 0.375000 0.862500 0.364062 0.845833 0.345313 0.829167 0.289062 0.833333 0.226562 0.791667 0.246875 0.787500 0.301562 0.760417 0.340625 0.770833 0.353125 0.760417 0.373437 0.831250 0.423438 0.987500 0.421875
8 0.200000 0.523438 0.179167 0.785937 0.195833 0.798437 0.510417 0.773438 0.502083 0.762500 0.483333 0.521875
8 0.150000 0.551562 0.125000 0.776563 0.189583 0.798437 0.172917 0.784375 0.191667 0.553125
8 0.518750 0.818750 0.518750 0.778125 0.506250 0.778125 0.504167 0.779688 0.491667 0.779688 0.489583 0.781250 0.477083 0.781250 0.475000 0.782812 0.462500 0.782812 0.460417 0.784375 0.447917 0.784375 0.431250 0.787500 0.414583 0.787500 0.408333 0.792188 0.408333 0.798437 0.420833 0.814062 0.483333 0.815625 0.485417 0.817187 0.514583 0.817187