1 0.014583 0.090625 0.014583 0.575000 0.335417 0.568750 0.352083 0.834375 0.016667 0.853125 0.014583 0.989062 0.691667 0.987500 0.608333 0.903125 0.089583 0.942187 0.595833 0.890625 0.516667 0.771875 0.472917 0.437500 0.425000 0.395312 0.572917 0.335938 0.464583 0.318750 0.433333 0.276563 0.420833 0.306250 0.308333 0.306250 0.322917 0.190625 0.408333 0.214062 0.527083 0.106250
2 0.902083 0.014062 0.904167 0.015625 0.900000 0.039062 0.902083 0.056250 0.891667 0.068750 0.887500 0.084375 0.895833 0.081250 0.908333 0.081250 0.910417 0.093750 0.935417 0.082813 0.987500 0.068750 0.989583 0.014062
3 0.750000 0.112500 0.558333 0.110937 0.560417 0.134375 0.552083 0.157813 0.558333 0.164062 0.568750 0.279687 0.554167 0.309375 0.558333 0.320312 0.579167 0.326562 0.581250 0.278125 0.591667 0.271875 0.593750 0.259375 0.647917 0.192188 0.677083 0.165625 0.714583 0.146875 0.737500 0.148438 0.772917 0.135937 0.772917 0.129688
3 0.316667 0.567187 0.312500 0.573438 0.312500 0.662500 0.316667 0.664062 0.312500 0.820312 0.327083 0.843750 0.335417 0.845312
4 0.983333 0.078125 0.914583 0.100000 0.881250 0.093750 0.804167 0.134375 0.695833 0.160938 0.585417 0.281250 0.577083 0.475000 0.585417 0.515625 0.618750 0.546875 0.633333 0.525000 0.608333 0.454688 0.629167 0.379687 0.670833 0.412500 0.658333 0.485938 0.702083 0.435937 0.789583 0.406250 0.925000 0.384375 0.968750 0.389062 0.985417 0.457812
4 0.635417 0.895312 0.664583 0.942187 0.704167 0.984375 0.985417 0.987500 0.981250 0.876562 0.881250 0.846875 0.797917 0.835938 0.791667 0.848437 0.775000 0.848437 0.777083 0.862500 0.762500 0.887500 0.758333 0.915625 0.739583 0.921875 0.702083 0.918750 0.691667 0.893750 0.675000 0.893750 0.670833 0.901563
7 0.270833 0.582812 0.270833 0.589063 0.272917 0.590625 0.272917 0.596875 0.275000 0.598437 0.275000 0.604688 0.277083 0.606250 0.277083 0.612500 0.279167 0.614062 0.279167 0.620313 0.281250 0.621875 0.306250 0.621875 0.308333 0.623438 0.310417 0.623438 0.310417 0.621875 0.308333 0.620313 0.308333 0.600000 0.306250 0.598437 0.306250 0.579687 0.295833 0.579687 0.293750 0.581250 0.283333 0.581250 0.281250 0.582812
7 0.264583 0.581250 0.014583 0.587500 0.014583 0.837500 0.308333 0.818750 0.308333 0.793750 0.277083 0.793750 0.283333 0.767187 0.260417 0.742188 0.266667 0.721875 0.247917 0.721875 0.239583 0.782812 0.243750 0.718750 0.272917 0.714063 0.264583 0.676562 0.245833 0.673437 0.243750 0.640625 0.254167 0.670313 0.264583 0.671875 0.268750 0.637500 0.272917 0.660937 0.310417 0.659375 0.310417 0.637500 0.245833 0.631250 0.241667 0.639063 0.243750 0.623438 0.268750 0.625000
7 0.314583 0.664062 0.279167 0.664062 0.272917 0.667188 0.272917 0.679688 0.275000 0.681250 0.275000 0.693750 0.277083 0.695312 0.277083 0.706250 0.279167 0.707812 0.285417 0.707812 0.293750 0.701563 0.297917 0.701563 0.300000 0.700000 0.306250 0.700000 0.308333 0.698438 0.310417 0.698438 0.310417 0.682813 0.312500 0.681250 0.312500 0.665625
8 0.416667 0.015625 0.418750 0.056250 0.477083 0.084375 0.756250 0.085938 0.760417 0.078125 0.806250 0.070312 0.787500 0.084375 0.795833 0.090625 0.789583 0.132812 0.822917 0.115625 0.820833 0.067188 0.829167 0.068750 0.829167 0.104687 0.875000 0.090625 0.889583 0.017188 0.837500 0.017188 0.835417 0.042188 0.691667 0.017188
8 0.550000 0.164062 0.541667 0.168750 0.531250 0.156250 0.497917 0.156250 0.485417 0.184375 0.497917 0.267188 0.475000 0.240625 0.452083 0.240625 0.429167 0.251563 0.412500 0.243750 0.408333 0.253125 0.400000 0.240625 0.418750 0.232812 0.420833 0.223438 0.402083 0.234375 0.391667 0.218750 0.375000 0.225000 0.360417 0.210938 0.356250 0.218750 0.343750 0.198437 0.327083 0.195312 0.312500 0.240625 0.325000 0.257812 0.316667 0.271875 0.320833 0.307813 0.370833 0.304688 0.372917 0.287500 0.418750 0.301562 0.406250 0.290625 0.433333 0.287500 0.412500 0.262500 0.422917 0.270312 0.491667 0.275000 0.493750 0.298438 0.531250 0.290625 0.531250 0.275000 0.550000 0.257812
8 0.443750 0.401563 0.441667 0.407813 0.447917 0.417188 0.466667 0.421875 0.527083 0.464063 0.541667 0.487500 0.562500 0.490625 0.572917 0.489062 0.572917 0.440625 0.566667 0.420312 0.566667 0.407813 0.572917 0.390625 0.570833 0.381250 0.541667 0.385938 0.529167 0.381250 0.497917 0.381250 0.472917 0.387500
8 0.962500 0.393750 0.789583 0.410937 0.702083 0.437500 0.558333 0.625000 0.572917 0.568750 0.556250 0.532812 0.579167 0.498437 0.535417 0.489062 0.483333 0.443750 0.512500 0.679688 0.568750 0.654688 0.556250 0.623438 0.577083 0.650000 0.527083 0.673437 0.545833 0.800000 0.595833 0.823438 0.614583 0.892187 0.693750 0.884375 0.700000 0.903125 0.750000 0.914062 0.758333 0.840625 0.787500 0.825000 0.977083 0.867188 0.981250 0.468750