1 0.014583 0.015625 0.016667 0.453125 0.345833 0.446875 0.356250 0.689062 0.016667 0.692187 0.018750 0.984375 0.591667 0.987500 0.525000 0.867188 0.533333 0.706250 0.495833 0.651563 0.506250 0.465625 0.550000 0.395312 0.464583 0.321875 0.522917 0.285937 0.583333 0.293750 0.589583 0.264062 0.812500 0.264062 0.816667 0.181250 0.516667 0.162500 0.518750 0.121875 0.468750 0.164062 0.352083 0.168750 0.316667 0.145313 0.322917 0.014062
2 0.987500 0.043750 0.975000 0.146875 0.950000 0.151562 0.956250 0.187500 0.950000 0.193750 0.862500 0.195312 0.835417 0.270312 0.983333 0.281250
3 0.662500 0.015625 0.654167 0.120312 0.645833 0.126563 0.650000 0.146875 0.639583 0.162500 0.627083 0.167187 0.818750 0.176563 0.937500 0.171875 0.941667 0.160938 0.795833 0.151562 0.810417 0.010937
4 0.604167 0.276563 0.597917 0.293750 0.654167 0.287500 0.672917 0.315625 0.629167 0.421875 0.556250 0.410937 0.514583 0.470313 0.545833 0.679688 0.695833 0.714063 0.700000 0.657812 0.660417 0.603125 0.637500 0.651563 0.591667 0.625000 0.575000 0.531250 0.602083 0.459375 0.658333 0.521875 0.691667 0.517187 0.660417 0.429688 0.702083 0.384375 0.737500 0.409375 0.695833 0.467187 0.737500 0.604688 0.704167 0.712500 0.835417 0.767187 0.985417 0.775000 0.983333 0.292188 0.704167 0.259375
7 0.018750 0.459375 0.016667 0.675000 0.300000 0.665625 0.291667 0.637500 0.333333 0.646875 0.335417 0.589063 0.264583 0.582812 0.287500 0.581250 0.285417 0.543750 0.272917 0.540625 0.331250 0.542188 0.331250 0.503125 0.266667 0.501562 0.293750 0.498437 0.279167 0.492188 0.281250 0.462500 0.287500 0.490625 0.327083 0.495313 0.320833 0.457812
7 0.289583 0.545313 0.289583 0.573438 0.291667 0.575000 0.291667 0.578125 0.300000 0.578125 0.302083 0.579687 0.314583 0.579687 0.316667 0.581250 0.327083 0.581250 0.329167 0.582812 0.329167 0.579687 0.327083 0.578125 0.327083 0.545313
8 0.575000 0.012500 0.566667 0.021875 0.566667 0.053125 0.560417 0.060938 0.568750 0.103125 0.566667 0.114063 0.554167 0.129688 0.556250 0.132812 0.579167 0.134375 0.612500 0.131250 0.610417 0.150000 0.637500 0.154687 0.645833 0.150000 0.647917 0.143750 0.643750 0.139062 0.612500 0.131250 0.647917 0.117188 0.645833 0.081250 0.652083 0.076563 0.654167 0.015625
8 0.839583 0.014062 0.822917 0.137500 0.968750 0.145313 0.985417 0.014062
8 0.339583 0.017188 0.343750 0.028125 0.364583 0.035937 0.327083 0.048437 0.337500 0.067188 0.329167 0.106250 0.341667 0.129688 0.339583 0.150000 0.370833 0.162500 0.389583 0.157813 0.389583 0.145313 0.408333 0.151562 0.414583 0.137500 0.456250 0.162500 0.443750 0.140625 0.481250 0.132812 0.456250 0.112500 0.493750 0.109375 0.525000 0.120312 0.550000 0.118750 0.556250 0.112500 0.558333 0.085938 0.543750 0.073437 0.470833 0.079687 0.454167 0.070312 0.445833 0.090625 0.445833 0.071875 0.470833 0.040625 0.460417 0.040625 0.439583 0.059375 0.414583 0.026563 0.375000 0.031250 0.375000 0.015625
8 0.833333 0.179688 0.852083 0.184375 0.858333 0.187500 0.862500 0.187500 0.868750 0.190625 0.941667 0.190625 0.943750 0.192188 0.950000 0.192188 0.950000 0.176563 0.952083 0.175000 0.868750 0.175000 0.866667 0.176563 0.852083 0.176563 0.850000 0.178125
8 0.525000 0.289062 0.477083 0.331250 0.533333 0.367188 0.581250 0.418750 0.620833 0.423438 0.622917 0.371875 0.650000 0.356250 0.664583 0.331250 0.666667 0.300000 0.654167 0.290625 0.612500 0.300000 0.591667 0.300000
8 0.706250 0.392188 0.685417 0.392188 0.675000 0.407813 0.672917 0.426562 0.662500 0.448438 0.662500 0.457812 0.666667 0.468750 0.687500 0.467187 0.702083 0.456250 0.720833 0.453125 0.727083 0.426562 0.729167 0.425000 0.729167 0.418750 0.731250 0.417188 0.731250 0.409375 0.716667 0.401563 0.712500 0.395312
8 0.612500 0.468750 0.602083 0.471875 0.604167 0.479688 0.597917 0.484375 0.597917 0.500000 0.604167 0.504687 0.604167 0.510938 0.585417 0.535937 0.600000 0.601562 0.602083 0.628125 0.606250 0.634375 0.637500 0.643750 0.639583 0.621875 0.654167 0.598437 0.656250 0.543750 0.652083 0.539062 0.647917 0.506250 0.629167 0.506250 0.620833 0.501562 0.620833 0.471875
8 0.675000 0.518750 0.662500 0.525000 0.668750 0.584375 0.670833 0.581250 0.675000 0.596875 0.670833 0.606250 0.670833 0.625000 0.677083 0.632812 0.679167 0.645312 0.687500 0.654688 0.706250 0.648438 0.710417 0.642187 0.727083 0.631250 0.727083 0.615625 0.735417 0.604688 0.714583 0.548437 0.712500 0.553125 0.700000 0.554688 0.700000 0.518750
8 0.550000 0.707812 0.533333 0.862500 0.583333 0.906250 0.608333 0.892187 0.589583 0.920313 0.600000 0.984375 0.652083 0.985937 0.610417 0.942187 0.606250 0.901563 0.658333 0.985937 0.987500 0.990625 0.983333 0.782812 0.845833 0.775000 0.718750 0.720312 0.604167 0.818750 0.606250 0.882812 0.593750 0.818750 0.654167 0.753125 0.670833 0.709375 0.656250 0.698438