1 0.014583 0.017188 0.018750 0.256250 0.058333 0.350000 0.602083 0.334375 0.622917 0.314063 0.672917 0.015625
1 0.018750 0.267188 0.016667 0.268750 0.014583 0.389062 0.018750 0.389062 0.052083 0.351562 0.045833 0.340625
1 0.593750 0.339063 0.062500 0.353125 0.016667 0.396875 0.016667 0.989062 0.733333 0.985937 0.704167 0.812500 0.795833 0.807813 0.816667 0.825000 0.850000 0.806250 0.793750 0.776563 0.791667 0.753125 0.818750 0.748438 0.779167 0.739062 0.779167 0.707812 0.845833 0.696875 0.854167 0.648438 0.812500 0.637500 0.766667 0.567187 0.693750 0.553125 0.641667 0.512500
3 0.964583 0.542188 0.958333 0.545313 0.941667 0.564062 0.941667 0.567187 0.981250 0.606250 0.985417 0.612500 0.987500 0.545313 0.989583 0.542188
4 0.685417 0.015625 0.650000 0.232812 0.664583 0.196875 0.716667 0.179688 0.741667 0.207813 0.733333 0.232812 0.791667 0.223438 0.825000 0.268750 0.816667 0.517187 0.787500 0.579687 0.818750 0.629687 0.875000 0.635938 0.906250 0.581250 0.989583 0.531250 0.987500 0.014062
7 0.022917 0.042188 0.052083 0.121875 0.170833 0.117188 0.150000 0.037500 0.037500 0.037500
7 0.266667 0.165625 0.172917 0.168750 0.145833 0.171875 0.172917 0.239063 0.279167 0.232812 0.266667 0.178125
7 0.254167 0.278125 0.256250 0.290625 0.272917 0.335938 0.275000 0.334375 0.366667 0.331250 0.364583 0.275000 0.356250 0.273438 0.275000 0.273438
7 0.800000 0.818750 0.787500 0.818750 0.766667 0.814062 0.733333 0.814062 0.712500 0.817187 0.708333 0.854688 0.729167 0.871875 0.725000 0.921875 0.741667 0.925000 0.754167 0.896875 0.775000 0.878125 0.789583 0.853125 0.802083 0.843750 0.808333 0.829687
8 0.708333 0.182812 0.675000 0.192188 0.647917 0.237500 0.631250 0.337500 0.627083 0.318750 0.612500 0.334375 0.620833 0.437500 0.654167 0.510938 0.714583 0.556250 0.756250 0.562500 0.727083 0.526563 0.762500 0.560938 0.789583 0.568750 0.810417 0.518750 0.800000 0.415625 0.825000 0.276563 0.791667 0.226562 0.764583 0.226562 0.725000 0.242188 0.722917 0.195312
8 0.937500 0.570312 0.910417 0.587500 0.900000 0.601562 0.897917 0.617188 0.868750 0.650000 0.866667 0.682813 0.918750 0.682813 0.937500 0.668750 0.960417 0.689062 0.966667 0.678125 0.981250 0.671875 0.985417 0.617188
8 0.985417 0.693750 0.910417 0.693750 0.893750 0.698438 0.850000 0.700000 0.835417 0.704687 0.825000 0.712500 0.791667 0.712500 0.789583 0.734375 0.793750 0.739062 0.829167 0.735937 0.850000 0.742188 0.866667 0.751562 0.927083 0.753125 0.987500 0.748438
8 0.804167 0.760938 0.804167 0.779688 0.837500 0.793750 0.906250 0.795313 0.852083 0.821875 0.791667 0.867188 0.745833 0.942187 0.739583 0.987500 0.987500 0.987500 0.985417 0.785937 0.935417 0.792188 0.939583 0.759375 0.856250 0.757812 0.837500 0.751562 0.825000 0.764063