1 0.012500 0.010937 0.014583 0.989062 0.622917 0.985937 0.589583 0.600000 0.716667 0.601562 0.725000 0.575000 0.666667 0.565625 0.691667 0.540625 0.618750 0.565625 0.562500 0.521875 0.716667 0.520312 0.670833 0.484375 0.152083 0.482812 0.637500 0.479688 0.637500 0.435937 0.697917 0.445312 0.704167 0.373437 0.772917 0.360938 0.135417 0.365625 0.129167 0.409375 0.066667 0.020312
1 0.070833 0.012500 0.150000 0.332812 0.181250 0.335938 0.108333 0.010937
1 0.831250 0.032812 0.683333 0.032812 0.670833 0.014062 0.643750 0.304688 0.625000 0.307813 0.620833 0.287500 0.195833 0.290625 0.197917 0.323438 0.785417 0.315625 0.777083 0.289062 0.660417 0.281250 0.683333 0.062500 0.833333 0.059375
1 0.787500 0.320312 0.210417 0.326562 0.181250 0.340625 0.150000 0.340625 0.118750 0.364062 0.775000 0.356250
3 0.720833 0.375000 0.714583 0.376563 0.706250 0.450000 0.733333 0.448438 0.743750 0.450000 0.747917 0.453125 0.743750 0.442187 0.743750 0.432813 0.729167 0.423438 0.729167 0.420312 0.725000 0.417188 0.725000 0.409375 0.729167 0.406250 0.739583 0.406250 0.754167 0.395312 0.756250 0.389062 0.768750 0.375000
4 0.854167 0.010937 0.789583 0.201562 0.793750 0.325000 0.729167 0.407813 0.756250 0.450000 0.735417 0.510938 0.783333 0.612500 0.985417 0.832812 0.922917 0.942187 0.935417 0.989062 0.989583 0.989062 0.989583 0.510938 0.972917 0.707812 0.885417 0.535937 0.918750 0.492188 0.989583 0.489062 0.991667 0.010937 0.987500 0.279687 0.943750 0.171875 0.970833 0.010937
4 0.591667 0.607813 0.575000 0.693750 0.579167 0.804688 0.631250 0.985937 0.906250 0.987500 0.833333 0.910937 0.793750 0.921875 0.779167 0.881250 0.772917 0.782812 0.727083 0.764063 0.718750 0.735937 0.714583 0.609375
7 0.137500 0.010937 0.200000 0.284375 0.620833 0.282813 0.635417 0.012500
7 0.306250 0.375000 0.318750 0.476562 0.493750 0.475000 0.491667 0.375000
7 0.683333 0.492188 0.683333 0.504687 0.722917 0.504687 0.720833 0.503125 0.720833 0.492188 0.718750 0.492188 0.716667 0.490625 0.685417 0.490625
7 0.570833 0.540625 0.577083 0.545313 0.631250 0.560938 0.631250 0.537500 0.635417 0.534375 0.691667 0.534375 0.702083 0.531250 0.733333 0.529688 0.685417 0.532812 0.635417 0.531250 0.631250 0.528125 0.627083 0.507812 0.570833 0.523438
8 0.952083 0.014062 0.960417 0.056250 0.945833 0.087500 0.950000 0.229687 0.970833 0.257812 0.972917 0.270312 0.987500 0.278125 0.987500 0.010937
8 0.695833 0.065625 0.668750 0.281250 0.675000 0.285937 0.783333 0.282813 0.789583 0.254687 0.783333 0.201562 0.812500 0.167187 0.804167 0.115625 0.812500 0.114063 0.829167 0.082813 0.827083 0.064062
8 0.633333 0.465625 0.635417 0.476562 0.645833 0.476562 0.650000 0.487500 0.664583 0.473437 0.675000 0.473437 0.681250 0.476562 0.687500 0.476562 0.693750 0.479688 0.693750 0.482812 0.735417 0.482812 0.735417 0.467187 0.741667 0.462500 0.741667 0.459375 0.733333 0.457812 0.727083 0.453125 0.718750 0.453125 0.714583 0.459375 0.697917 0.456250 0.695833 0.464063 0.681250 0.464063 0.672917 0.467187 0.664583 0.467187 0.660417 0.456250 0.656250 0.453125 0.652083 0.453125 0.647917 0.448438 0.647917 0.465625 0.645833 0.467187
8 0.939583 0.487500 0.900000 0.503125 0.889583 0.521875 0.887500 0.543750 0.900000 0.556250 0.906250 0.578125 0.927083 0.603125 0.922917 0.642187 0.952083 0.664062 0.960417 0.701563 0.964583 0.706250 0.972917 0.706250 0.987500 0.698438 0.989583 0.490625
8 0.700000 0.534375 0.702083 0.562500 0.675000 0.565625 0.737500 0.571875 0.718750 0.614062 0.731250 0.759375 0.777083 0.779688 0.800000 0.917188 0.852083 0.889063 0.835417 0.909375 0.920833 0.985937 0.931250 0.976562 0.918750 0.926562 0.954167 0.857813 0.935417 0.853125 0.875000 0.881250 0.929167 0.850000 0.975000 0.850000 0.983333 0.832812 0.937500 0.801562 0.839583 0.676562 0.814583 0.703125 0.833333 0.673437 0.781250 0.618750 0.745833 0.554688 0.735417 0.568750 0.735417 0.534375