1 0.020833 0.303125 0.070833 0.337500 0.595833 0.315625 0.556250 0.284375 0.562500 0.248437 0.618750 0.225000 0.600000 0.200000 0.652083 0.189063 0.627083 0.142188 0.639583 0.089062 0.702083 0.087500 0.612500 0.057813 0.735417 0.034375 0.739583 0.015625 0.014583 0.014062
1 0.014583 0.307813 0.016667 0.987500 0.081250 0.987500 0.097917 0.417188 0.058333 0.387500 0.060417 0.342187
1 0.652083 0.364062 0.293750 0.375000 0.616667 0.359375 0.637500 0.345313 0.618750 0.321875 0.066667 0.342187 0.066667 0.385938 0.102083 0.414062 0.141667 0.407813 0.160417 0.425000 0.220833 0.423438 0.225000 0.407813 0.645833 0.379687
1 0.139583 0.415625 0.104167 0.418750 0.089583 0.915625 0.089583 0.987500 0.125000 0.989062
1 0.143750 0.418750 0.135417 0.989062 0.160417 0.987500 0.158333 0.429688
1 0.162500 0.429688 0.164583 0.570312 0.641667 0.546875 0.647917 0.525000 0.670833 0.534375 0.847917 0.520312 0.820833 0.510938 0.764583 0.518750 0.760417 0.504687 0.256250 0.535937 0.220833 0.512500 0.220833 0.426562
1 0.975000 0.989062 0.964583 0.979688 0.795833 0.987500 0.958333 0.987500
2 0.987500 0.331250 0.983333 0.439063 0.937500 0.435937 0.937500 0.448438 0.960417 0.450000 0.956250 0.487500 0.891667 0.489062 0.875000 0.503125 0.916667 0.707812 0.906250 0.556250 0.920833 0.512500 0.987500 0.478125
3 0.947917 0.453125 0.927083 0.453125 0.922917 0.434375 0.708333 0.414062 0.672917 0.400000 0.627083 0.400000 0.618750 0.390625 0.229167 0.412500 0.227083 0.500000 0.258333 0.528125 0.868750 0.495313 0.883333 0.484375 0.945833 0.485938
4 0.985417 0.487500 0.950000 0.501562 0.922917 0.526563 0.912500 0.576563 0.927083 0.748438 0.943750 0.821875 0.958333 0.842188 0.933333 0.864062 0.937500 0.901563 0.979167 0.985937 0.989583 0.989062
6 0.729167 0.042188 0.758333 0.135937 0.762500 0.231250 0.752083 0.307813 0.739583 0.303125 0.741667 0.317187 0.725000 0.334375 0.729167 0.357812 0.706250 0.375000 0.697917 0.404687 0.972917 0.429688 0.987500 0.325000 0.989583 0.071875 0.945833 0.071875 0.929167 0.057813 0.750000 0.060938 0.743750 0.042188
7 0.910417 0.050000 0.906250 0.043750 0.897917 0.039062 0.877083 0.010937 0.752083 0.015625 0.747917 0.056250
7 0.422917 0.139062 0.162500 0.156250 0.241667 0.279687 0.435417 0.267188
7 0.647917 0.554688 0.170833 0.576563 0.168750 0.987500 0.697917 0.985937
7 0.922917 0.718750 0.727083 0.728125 0.766667 0.985937 0.968750 0.973437 0.927083 0.893750 0.927083 0.862500 0.945833 0.840625 0.935417 0.820312
8 0.885417 0.014062 0.906250 0.042188 0.929167 0.050000 0.947917 0.059375 0.979167 0.059375 0.985417 0.060938 0.987500 0.015625 0.989583 0.014062
8 0.720833 0.098438 0.716667 0.093750 0.697917 0.093750 0.695833 0.095312 0.675000 0.095312 0.672917 0.096875 0.652083 0.096875 0.650000 0.098438 0.650000 0.112500 0.656250 0.107813 0.677083 0.107813 0.679167 0.109375 0.685417 0.109375 0.687500 0.107813 0.718750 0.107813 0.718750 0.100000
8 0.714583 0.112500 0.697917 0.112500 0.695833 0.114063 0.675000 0.114063 0.672917 0.115625 0.654167 0.115625 0.650000 0.118750 0.650000 0.134375 0.685417 0.134375 0.685417 0.132812 0.687500 0.131250 0.687500 0.120312 0.691667 0.117188 0.712500 0.117188 0.712500 0.114063
8 0.691667 0.207813 0.641667 0.207813 0.641667 0.204688 0.668750 0.204688 0.664583 0.200000 0.604167 0.206250 0.604167 0.215625 0.633333 0.215625 0.639583 0.210938 0.647917 0.245312 0.641667 0.243750 0.639583 0.234375 0.606250 0.234375 0.572917 0.254687 0.568750 0.285937 0.583333 0.306250 0.610417 0.312500 0.647917 0.306250 0.683333 0.285937 0.687500 0.276563 0.670833 0.246875 0.695833 0.243750 0.697917 0.228125 0.654167 0.229687 0.652083 0.226562 0.691667 0.225000 0.695833 0.218750
8 0.737500 0.214062 0.737500 0.225000 0.735417 0.226562 0.729167 0.226562 0.729167 0.229687 0.733333 0.232812 0.741667 0.232812 0.743750 0.234375 0.745833 0.234375 0.750000 0.237500 0.752083 0.235938 0.756250 0.235938 0.754167 0.234375 0.754167 0.232812 0.752083 0.231250 0.752083 0.229687 0.750000 0.228125 0.750000 0.225000 0.747917 0.223438 0.747917 0.221875 0.745833 0.220313 0.745833 0.217187 0.743750 0.215625 0.743750 0.214062
8 0.714583 0.345313 0.693750 0.345313 0.691667 0.346875 0.670833 0.346875 0.668750 0.348437 0.662500 0.348437 0.658333 0.351562 0.658333 0.356250 0.656250 0.357812 0.656250 0.365625 0.670833 0.365625 0.672917 0.364062 0.714583 0.364062 0.714583 0.354688 0.716667 0.353125 0.714583 0.351562
8 0.854167 0.528125 0.685417 0.532812 0.708333 0.698438 0.879167 0.687500