1 0.014583 0.014062 0.014583 0.184375 0.381250 0.192188 0.387500 0.179688 0.539583 0.182812 0.535417 0.109375 0.568750 0.015625
1 0.656250 0.684375 0.625000 0.742188 0.631250 0.814062 0.645833 0.814062 0.679167 0.845312 0.677083 0.895312 0.654167 0.904688 0.668750 0.987500 0.739583 0.985937 0.735417 0.931250 0.983333 0.909375 0.983333 0.885938 0.833333 0.885938 0.802083 0.898438 0.795833 0.926562 0.768750 0.910937 0.739583 0.910937 0.729167 0.864062 0.687500 0.845312 0.683333 0.773438 0.664583 0.760938 0.666667 0.720312 0.689583 0.714063 0.687500 0.685938
3 0.743750 0.545313 0.714583 0.578125 0.745833 0.573438 0.764583 0.695312 0.716667 0.698438 0.704167 0.709375 0.741667 0.706250 0.766667 0.725000 0.760417 0.778125 0.725000 0.787500 0.760417 0.790625 0.777083 0.764063 0.814583 0.832812 0.795833 0.887500 0.839583 0.878125 0.987500 0.875000 0.987500 0.564062 0.758333 0.565625
4 0.987500 0.010937 0.735417 0.012500 0.702083 0.076563 0.731250 0.032812 0.833333 0.025000 0.737500 0.242188 0.693750 0.232812 0.697917 0.092188 0.697917 0.159375 0.658333 0.175000 0.722917 0.015625 0.577083 0.015625 0.552083 0.195312 0.579167 0.259375 0.656250 0.189063 0.693750 0.339063 0.668750 0.490625 0.610417 0.462500 0.539583 0.187500 0.391667 0.185937 0.400000 0.593750 0.691667 0.607813 0.675000 0.510938 0.720833 0.564062 0.747917 0.539062 0.760417 0.564062 0.854167 0.562500 0.987500 0.429688
4 0.989583 0.432813 0.975000 0.451562 0.935417 0.481250 0.931250 0.501562 0.906250 0.520312 0.902083 0.539062 0.866667 0.562500 0.987500 0.559375
7 0.389583 0.328125 0.018750 0.339063 0.014583 0.987500 0.662500 0.987500 0.645833 0.900000 0.672917 0.848437 0.625000 0.821875 0.612500 0.743750 0.641667 0.681250 0.464583 0.687500 0.458333 0.773438 0.354167 0.732813 0.443750 0.765625 0.452083 0.671875 0.689583 0.673437 0.704167 0.692187 0.708333 0.651563 0.452083 0.668750 0.435417 0.589063 0.360417 0.618750 0.329167 0.687500 0.331250 0.629687 0.408333 0.584375
7 0.460417 0.615625 0.460417 0.653125 0.631250 0.653125 0.612500 0.635938 0.606250 0.617188 0.600000 0.615625 0.462500 0.612500
8 0.812500 0.014062 0.775000 0.021875 0.764583 0.037500 0.731250 0.034375 0.725000 0.065625 0.697917 0.079687 0.700000 0.170312 0.689583 0.204688 0.697917 0.215625 0.695833 0.232812 0.708333 0.240625 0.722917 0.228125 0.731250 0.240625 0.745833 0.239063 0.743750 0.196875 0.764583 0.181250 0.762500 0.162500 0.795833 0.153125 0.808333 0.128125 0.808333 0.104687 0.820833 0.078125 0.831250 0.025000
8 0.627083 0.209375 0.602083 0.243750 0.575000 0.265625 0.572917 0.282813 0.558333 0.307813 0.616667 0.464063 0.639583 0.482812 0.656250 0.464063 0.658333 0.414062 0.683333 0.367188 0.687500 0.345313 0.672917 0.271875 0.643750 0.246875 0.647917 0.228125 0.639583 0.210938
8 0.743750 0.579687 0.727083 0.579687 0.706250 0.587500 0.710417 0.679688 0.716667 0.695312 0.760417 0.692187
8 0.668750 0.723437 0.670833 0.745313 0.695833 0.775000 0.702083 0.771875 0.716667 0.771875 0.722917 0.773438 0.729167 0.778125 0.731250 0.776563 0.752083 0.775000 0.758333 0.771875 0.760417 0.750000 0.762500 0.748438 0.762500 0.729688 0.758333 0.717188 0.745833 0.712500 0.727083 0.712500 0.725000 0.714063 0.722917 0.712500 0.712500 0.712500 0.675000 0.718750
8 0.775000 0.770312 0.768750 0.785937 0.772917 0.795313 0.764583 0.796875 0.762500 0.823438 0.760417 0.792188 0.695833 0.790625 0.700000 0.843750 0.725000 0.860937 0.766667 0.862500 0.754167 0.864062 0.754167 0.879687 0.781250 0.918750 0.793750 0.917188 0.793750 0.834375 0.797917 0.834375 0.797917 0.865625 0.812500 0.835938
8 0.979167 0.917188 0.737500 0.939062 0.750000 0.985937 0.987500 0.987500 0.985417 0.935938