1 0.018750 0.332812 0.395833 0.328125 0.370833 0.325000 0.370833 0.287500 0.410417 0.295312 0.412500 0.268750 0.454167 0.251563 0.460417 0.221875 0.485417 0.218750 0.495833 0.175000 0.552083 0.178125 0.564583 0.132812 0.593750 0.115625 0.577083 0.100000 0.589583 0.068750 0.518750 0.057813 0.512500 0.031250 0.633333 0.012500 0.016667 0.014062 0.016667 0.200000 0.087500 0.281250 0.018750 0.282813
1 0.783333 0.468750 0.556250 0.468750 0.531250 0.498437 0.475000 0.456250 0.464583 0.365625 0.487500 0.332812 0.016667 0.337500 0.014583 0.987500 0.572917 0.982813 0.575000 0.851562 0.531250 0.803125 0.541667 0.701563 0.683333 0.623438 0.666667 0.598437 0.697917 0.493750
2 0.989583 0.431250 0.987500 0.431250 0.983333 0.434375 0.975000 0.437500 0.968750 0.442187 0.966667 0.442187 0.937500 0.457812 0.939583 0.468750 0.945833 0.473437 0.947917 0.473437 0.952083 0.476562 0.958333 0.476562 0.960417 0.478125 0.966667 0.478125 0.968750 0.479688 0.987500 0.479688 0.987500 0.435937 0.989583 0.434375
3 0.989583 0.010937 0.720833 0.014062 0.714583 0.120312 0.750000 0.195312 0.727083 0.203125 0.731250 0.254687 0.604167 0.392188 0.595833 0.365625 0.577083 0.400000 0.560417 0.398438 0.550000 0.464063 0.885417 0.467187 0.989583 0.421875
4 0.618750 0.709375 0.597917 0.767187 0.610417 0.829687 0.583333 0.851562 0.600000 0.960938 0.579167 0.989062 0.989583 0.989062 0.989583 0.734375 0.756250 0.687500 0.750000 0.665625 0.685417 0.675000 0.683333 0.689062 0.664583 0.700000
7 0.633333 0.071875 0.587500 0.142188 0.708333 0.143750 0.710417 0.126563 0.704167 0.107813 0.706250 0.073437
7 0.564583 0.184375 0.564583 0.185937 0.562500 0.187500 0.562500 0.190625 0.558333 0.195312 0.558333 0.198437 0.554167 0.203125 0.554167 0.235938 0.556250 0.234375 0.556250 0.232812 0.564583 0.226562 0.564583 0.218750 0.566667 0.217187 0.566667 0.198437 0.568750 0.196875 0.566667 0.195312 0.566667 0.190625 0.564583 0.189063
7 0.712500 0.200000 0.587500 0.207813 0.581250 0.223438 0.581250 0.312500 0.572917 0.331250 0.564583 0.334375 0.568750 0.354688 0.622917 0.354688 0.722917 0.256250
8 0.516667 0.039062 0.516667 0.045313 0.520833 0.054688 0.541667 0.054688 0.547917 0.056250 0.558333 0.064062 0.602083 0.064062 0.604167 0.065625 0.629167 0.064062 0.635417 0.051562 0.635417 0.031250 0.637500 0.029687 0.633333 0.028125 0.595833 0.028125 0.593750 0.026563 0.556250 0.026563 0.547917 0.032812 0.541667 0.034375 0.539583 0.032812 0.520833 0.031250
8 0.572917 0.151562 0.577083 0.182812 0.585417 0.201562 0.691667 0.198437 0.743750 0.200000 0.745833 0.190625 0.739583 0.182812 0.739583 0.159375 0.735417 0.150000 0.575000 0.148438
8 0.558333 0.182812 0.502083 0.181250 0.495833 0.192188 0.495833 0.209375 0.500000 0.218750 0.497917 0.226562 0.493750 0.228125 0.489583 0.221875 0.466667 0.228125 0.464583 0.267188 0.475000 0.267188 0.479167 0.270312 0.504167 0.267188 0.516667 0.257812 0.529167 0.260938 0.535417 0.243750 0.535417 0.226562 0.545833 0.225000 0.545833 0.204688 0.560417 0.185937
8 0.510417 0.345313 0.504167 0.353125 0.485417 0.365625 0.479167 0.365625 0.479167 0.381250 0.489583 0.389062 0.487500 0.451562 0.518750 0.468750 0.529167 0.489062 0.543750 0.482812 0.539583 0.439063 0.522917 0.425000 0.522917 0.375000 0.527083 0.371875 0.529167 0.348437
8 0.712500 0.489062 0.704167 0.529688 0.683333 0.548437 0.685417 0.578125 0.706250 0.621875 0.741667 0.637500 0.754167 0.562500 0.758333 0.679688 0.985417 0.731250 0.989583 0.526563 0.791667 0.543750 0.841667 0.526563 0.872917 0.528125 0.875000 0.509375 0.900000 0.504687 0.883333 0.481250 0.827083 0.484375 0.802083 0.473437
8 0.743750 0.654688 0.714583 0.639063 0.697917 0.640625 0.668750 0.637500 0.635417 0.654688 0.620833 0.678125 0.606250 0.687500 0.572917 0.692187 0.560417 0.698438 0.585417 0.714063 0.593750 0.739062 0.597917 0.740625 0.604167 0.729688 0.606250 0.709375 0.612500 0.701563 0.666667 0.693750 0.681250 0.682813 0.681250 0.671875 0.747917 0.665625
8 0.550000 0.703125 0.545833 0.796875 0.541667 0.806250 0.554167 0.821875 0.554167 0.826563 0.562500 0.826563 0.585417 0.842188 0.593750 0.831250 0.606250 0.823438 0.604167 0.806250 0.589583 0.781250 0.589583 0.759375 0.593750 0.746875 0.572917 0.712500
8 0.737500 0.821875 0.741667 0.832812 0.727083 0.846875 0.739583 0.868750 0.737500 0.879687 0.672917 0.929688 0.664583 0.931250 0.668750 0.956250 0.695833 0.985937 0.858333 0.984375 0.870833 0.979688 0.875000 0.937500 0.845833 0.896875 0.800000 0.865625 0.781250 0.843750 0.762500 0.834375 0.756250 0.818750