2 0.987500 0.109375 0.779167 0.350000 0.985417 0.351562
2 0.981250 0.385938 0.833333 0.390625 0.797917 0.406250 0.895833 0.415625 0.900000 0.439063 0.693750 0.451562 0.691667 0.490625 0.752083 0.503125 0.693750 0.521875 0.702083 0.675000 0.741667 0.678125 0.745833 0.698438 0.695833 0.701563 0.697917 0.714063 0.904167 0.721875 0.914583 0.735937 0.872917 0.750000 0.987500 0.742188
2 0.895833 0.793750 0.895833 0.846875 0.985417 0.904688 0.987500 0.785937
3 0.293750 0.190625 0.331250 0.306250 0.243750 0.262500 0.235417 0.968750 0.439583 0.968750 0.545833 0.932813 0.550000 0.871875 0.483333 0.879687 0.475000 0.829687 0.558333 0.682813 0.679167 0.682813 0.670833 0.518750 0.552083 0.518750 0.539583 0.421875 0.489583 0.404687 0.485417 0.373437 0.447917 0.371875 0.450000 0.332812 0.545833 0.310937 0.552083 0.234375 0.485417 0.226562 0.445833 0.196875
6 0.987500 0.014062 0.939583 0.010937 0.864583 0.135937 0.825000 0.173438 0.810417 0.212500 0.660417 0.410937 0.693750 0.390625 0.731250 0.392188 0.752083 0.381250 0.793750 0.387500 0.985417 0.375000 0.981250 0.362500 0.800000 0.359375 0.791667 0.367188 0.750000 0.359375 0.987500 0.081250
6 0.589583 0.518750 0.710417 0.515625 0.737500 0.507812 0.629167 0.498437 0.672917 0.446875 0.850000 0.440625 0.893750 0.432813 0.895833 0.426562 0.877083 0.420312 0.760417 0.418750 0.727083 0.425000 0.700000 0.418750 0.662500 0.420312 0.645833 0.404687 0.631250 0.404687 0.637500 0.451562
6 0.595833 0.687500 0.633333 0.729688 0.668750 0.726562 0.652083 0.729688 0.656250 0.743750 0.764583 0.801562 0.985417 0.965625 0.985417 0.921875 0.783333 0.789062 0.983333 0.779688 0.985417 0.756250 0.775000 0.750000 0.716667 0.760938 0.685417 0.737500 0.858333 0.745313 0.900000 0.728125 0.683333 0.728125 0.631250 0.700000 0.741667 0.692187
7 0.016667 0.014062 0.016667 0.292188 0.091667 0.334375 0.052083 0.973437 0.229167 0.973437 0.235417 0.332812 0.106250 0.332812 0.235417 0.326562 0.231250 0.262500 0.156250 0.192188 0.083333 0.015625
8 0.091667 0.015625 0.095833 0.050000 0.145833 0.110937 0.214583 0.125000 0.187500 0.129688 0.200000 0.154687 0.237500 0.176563 0.193750 0.160938 0.168750 0.162500 0.160417 0.175000 0.185417 0.212500 0.243750 0.259375 0.302083 0.287500 0.327083 0.290625 0.316667 0.221875 0.281250 0.182812 0.308333 0.171875 0.325000 0.128125 0.322917 0.095312 0.304167 0.060938 0.262500 0.021875 0.256250 0.032812 0.245833 0.010937
8 0.925000 0.014062 0.341667 0.015625 0.345833 0.053125 0.420833 0.042188 0.450000 0.057813 0.456250 0.190625 0.489583 0.217187 0.595833 0.246875 0.597917 0.325000 0.591667 0.273438 0.564583 0.271875 0.541667 0.315625 0.450000 0.335938 0.450000 0.371875 0.491667 0.373437 0.495833 0.404687 0.543750 0.421875 0.556250 0.512500 0.583333 0.520312 0.625000 0.451562 0.606250 0.396875 0.652083 0.401563
8 0.564583 0.689062 0.487500 0.784375 0.485417 0.870313 0.558333 0.867188 0.554167 0.937500 0.416667 0.978125 0.412500 0.987500 0.983333 0.987500 0.964583 0.957812 0.637500 0.735937 0.618750 0.712500