2 0.989583 0.014062 0.943750 0.014062 0.916667 0.062500 0.912500 0.120312 0.989583 0.115625
2 0.895833 0.171875 0.870833 0.635938 0.987500 0.645312 0.987500 0.173438
2 0.985417 0.678125 0.868750 0.696875 0.868750 0.748438 0.927083 0.806250 0.987500 0.806250
3 0.012500 0.010937 0.014583 0.987500 0.404167 0.985937 0.408333 0.889063 0.527083 0.873438 0.531250 0.771875 0.597917 0.707812 0.600000 0.631250 0.650000 0.603125 0.695833 0.637500 0.822917 0.639063 0.827083 0.175000 0.743750 0.176563 0.710417 0.214062 0.681250 0.209375 0.610417 0.139062 0.608333 0.015625
6 0.937500 0.015625 0.812500 0.015625 0.797917 0.035937 0.797917 0.054688 0.683333 0.190625 0.687500 0.206250 0.708333 0.212500 0.741667 0.175000 0.783333 0.185937 0.800000 0.164062 0.987500 0.167187 0.981250 0.120312 0.910417 0.121875 0.902083 0.129688 0.866667 0.129688 0.850000 0.121875 0.816667 0.131250
6 0.647917 0.606250 0.916667 0.989062 0.987500 0.989062 0.981250 0.810938 0.918750 0.810938 0.777083 0.678125 0.810417 0.687500 0.852083 0.678125 0.860417 0.689062 0.985417 0.675000 0.985417 0.650000 0.697917 0.640625 0.689583 0.614062
8 0.643750 0.017188 0.645833 0.078125 0.647917 0.082813 0.633333 0.115625 0.654167 0.120312 0.672917 0.087500 0.670833 0.085938 0.666667 0.034375
8 0.739583 0.034375 0.710417 0.034375 0.708333 0.040625 0.697917 0.056250 0.697917 0.059375 0.691667 0.067188 0.691667 0.078125 0.693750 0.079687 0.693750 0.087500 0.708333 0.095312 0.708333 0.093750 0.716667 0.087500 0.722917 0.079687 0.739583 0.065625
8 0.187500 0.107813 0.187500 0.112500 0.185417 0.114063 0.185417 0.120312 0.183333 0.121875 0.183333 0.126563 0.247917 0.126563 0.247917 0.107813
8 0.058333 0.145313 0.062500 0.189063 0.064583 0.190625 0.064583 0.204688 0.066667 0.206250 0.066667 0.221875 0.081250 0.231250 0.085417 0.229687 0.102083 0.229687 0.095833 0.226562 0.085417 0.217187 0.081250 0.145313
8 0.393750 0.185937 0.393750 0.190625 0.389583 0.196875 0.389583 0.201562 0.387500 0.203125 0.387500 0.207813 0.383333 0.214062 0.383333 0.218750 0.397917 0.218750 0.400000 0.220313 0.418750 0.220313 0.420833 0.221875 0.439583 0.221875 0.443750 0.223438 0.443750 0.220313 0.441667 0.218750 0.441667 0.185937
8 0.591667 0.251563 0.591667 0.257812 0.683333 0.257812 0.683333 0.237500 0.685417 0.235938 0.606250 0.235938 0.604167 0.237500 0.595833 0.237500 0.595833 0.243750
8 0.404167 0.331250 0.404167 0.337500 0.408333 0.335938 0.495833 0.334375 0.495833 0.323438 0.406250 0.323438 0.406250 0.329688
8 0.050000 0.450000 0.058333 0.517187 0.060417 0.518750 0.133333 0.518750 0.131250 0.510938 0.131250 0.450000
8 0.216667 0.451562 0.216667 0.465625 0.287500 0.465625 0.287500 0.453125 0.285417 0.453125 0.283333 0.451562 0.250000 0.451562 0.247917 0.450000 0.218750 0.450000
8 0.045833 0.529688 0.047917 0.585938 0.050000 0.589063 0.052083 0.587500 0.133333 0.584375 0.129167 0.571875 0.122917 0.528125 0.052083 0.528125
8 0.616667 0.556250 0.616667 0.575000 0.712500 0.575000 0.712500 0.556250 0.704167 0.556250 0.702083 0.554688 0.618750 0.554688
8 0.520833 0.568750 0.554167 0.568750 0.556250 0.570312 0.595833 0.570312 0.597917 0.571875 0.602083 0.571875 0.602083 0.567187 0.606250 0.560938 0.606250 0.556250 0.522917 0.556250 0.522917 0.560938 0.520833 0.562500
8 0.075000 0.637500 0.077083 0.656250 0.079167 0.657812 0.079167 0.667188 0.081250 0.668750 0.081250 0.678125 0.083333 0.679688 0.141667 0.679688 0.141667 0.676562 0.139583 0.675000 0.139583 0.637500
8 0.627083 0.696875 0.627083 0.750000 0.647917 0.750000 0.647917 0.732813 0.650000 0.731250 0.650000 0.725000 0.652083 0.723437 0.652083 0.720312 0.654167 0.718750 0.652083 0.717188 0.652083 0.714063 0.650000 0.712500 0.650000 0.707812 0.647917 0.706250 0.645833 0.698438 0.643750 0.698438 0.641667 0.696875
8 0.085417 0.726562 0.085417 0.759375 0.087500 0.757812 0.152083 0.756250 0.150000 0.753125 0.150000 0.725000 0.091667 0.725000 0.089583 0.726562
8 0.329167 0.739062 0.329167 0.743750 0.327083 0.745313 0.325000 0.756250 0.335417 0.756250 0.337500 0.757812 0.352083 0.757812 0.354167 0.759375 0.368750 0.759375 0.370833 0.760938 0.383333 0.760938 0.385417 0.762500 0.400000 0.762500 0.402083 0.764063 0.400000 0.760938 0.400000 0.739062
8 0.629167 0.757812 0.629167 0.762500 0.631250 0.764063 0.631250 0.768750 0.633333 0.770312 0.633333 0.775000 0.635417 0.776563 0.635417 0.782812 0.637500 0.784375 0.637500 0.789062 0.639583 0.790625 0.641667 0.789062 0.662500 0.789062 0.664583 0.787500 0.683333 0.787500 0.681250 0.785937 0.681250 0.782812 0.679167 0.781250 0.679167 0.778125 0.677083 0.776563 0.677083 0.773438 0.675000 0.771875 0.675000 0.768750 0.672917 0.767187 0.672917 0.764063 0.670833 0.762500 0.670833 0.759375 0.668750 0.757812 0.668750 0.756250 0.633333 0.756250 0.631250 0.757812
8 0.618750 0.826563 0.639583 0.901563 0.635417 0.987500 0.660417 0.987500 0.660417 0.928125 0.677083 0.925000 0.679167 0.904688 0.685417 0.920313 0.716667 0.918750 0.716667 0.896875 0.689583 0.831250 0.660417 0.831250 0.670833 0.882812 0.652083 0.826563
8 0.720833 0.832812 0.747917 0.895312 0.747917 0.918750 0.752083 0.917188 0.789583 0.917188 0.789583 0.896875 0.752083 0.832812
8 0.591667 0.840625 0.591667 0.848437 0.589583 0.850000 0.589583 0.871875 0.591667 0.873438 0.591667 0.890625 0.593750 0.892187 0.595833 0.890625 0.620833 0.890625 0.620833 0.871875 0.622917 0.868750 0.620833 0.867188 0.620833 0.859375 0.618750 0.857813 0.618750 0.848437 0.616667 0.846875 0.616667 0.840625
8 0.093750 0.895312 0.095833 0.910937 0.097917 0.912500 0.097917 0.920313 0.100000 0.921875 0.100000 0.929688 0.102083 0.931250 0.172917 0.931250 0.172917 0.901563 0.170833 0.900000 0.152083 0.900000 0.150000 0.898438 0.131250 0.898438 0.129167 0.896875
8 0.572917 0.893750 0.539583 0.893750 0.545833 0.962500 0.547917 0.964063 0.547917 0.981250 0.597917 0.954687 0.591667 0.940625 0.591667 0.934375 0.585417 0.920313 0.579167 0.895312
8 0.527083 0.903125 0.416667 0.912500 0.416667 0.985937 0.545833 0.985937 0.527083 0.931250
8 0.689583 0.929688 0.687500 0.931250 0.687500 0.953125 0.689583 0.954687 0.689583 0.979688 0.691667 0.982813 0.725000 0.982813 0.722917 0.981250 0.722917 0.973437 0.720833 0.971875 0.720833 0.964063 0.718750 0.962500 0.718750 0.956250 0.716667 0.954687 0.716667 0.946875 0.714583 0.945312 0.714583 0.937500 0.712500 0.935938 0.712500 0.929688