1 0.020833 0.070312 0.039583 0.271875 0.016667 0.271875 0.016667 0.287500 0.029167 0.278125 0.187500 0.337500 0.016667 0.301562 0.014583 0.459375 0.052083 0.398438 0.068750 0.404687 0.033333 0.453125 0.387500 0.450000 0.387500 0.434375 0.118750 0.440625 0.243750 0.414062 0.275000 0.431250 0.358333 0.429688 0.354167 0.360938 0.289583 0.329688 0.281250 0.298438 0.166667 0.200000 0.147917 0.081250
1 0.883333 0.459375 0.018750 0.465625 0.014583 0.987500 0.152083 0.987500 0.152083 0.910937 0.281250 0.729688 0.450000 0.726562 0.435417 0.706250 0.293750 0.701563 0.322917 0.664062 0.239583 0.657812 0.060417 0.837500 0.233333 0.654688 0.308333 0.653125 0.310417 0.629687 0.733333 0.621875 0.706250 0.575000 0.745833 0.556250 0.693750 0.539062 0.695833 0.490625
2 0.831250 0.081250 0.839583 0.196875 0.793750 0.248437 0.720833 0.250000 0.718750 0.318750 0.670833 0.342187 0.610417 0.346875 0.616667 0.371875 0.587500 0.375000 0.552083 0.407813 0.827083 0.401563 0.839583 0.443750 0.987500 0.495313 0.985417 0.084375
2 0.702083 0.490625 0.697917 0.504687 0.700000 0.540625 0.714583 0.550000 0.883333 0.562500 0.887500 0.523438 0.881250 0.515625 0.881250 0.503125 0.831250 0.481250 0.712500 0.481250
2 0.712500 0.571875 0.712500 0.584375 0.729167 0.593750 0.750000 0.596875 0.766667 0.601562 0.772917 0.601562 0.781250 0.604688 0.789583 0.604688 0.802083 0.598437 0.802083 0.592188 0.804167 0.590625 0.802083 0.589063 0.802083 0.582812 0.800000 0.579687 0.791667 0.575000 0.787500 0.575000 0.766667 0.568750 0.760417 0.568750 0.752083 0.565625 0.725000 0.565625 0.722917 0.567187 0.718750 0.567187
2 0.610417 0.631250 0.620833 0.650000 0.650000 0.651563 0.654167 0.654688 0.668750 0.689062 0.672917 0.693750 0.670833 0.695312 0.668750 0.714063 0.683333 0.714063 0.685417 0.715625 0.666667 0.631250
3 0.012500 0.014062 0.035417 0.070312 0.160417 0.073437 0.175000 0.207813 0.220833 0.240625 0.793750 0.243750 0.831250 0.198437 0.829167 0.079687 0.985417 0.081250 0.987500 0.014062
3 0.281250 0.246875 0.289583 0.326562 0.347917 0.353125 0.379167 0.351562 0.431250 0.409375 0.541667 0.410937 0.587500 0.346875 0.566667 0.342187 0.668750 0.339063 0.708333 0.325000 0.716667 0.246875
3 0.845833 0.442187 0.831250 0.409375 0.685417 0.407813 0.454167 0.431250 0.460417 0.456250
3 0.660417 0.692187 0.647917 0.664062 0.610417 0.664062 0.597917 0.656250 0.456250 0.662500 0.452083 0.664062 0.443750 0.701563
3 0.385417 0.737500 0.287500 0.739062 0.160417 0.909375 0.166667 0.984375 0.370833 0.985937 0.381250 0.931250 0.350000 0.929688 0.354167 0.859375 0.381250 0.854688
5 0.695833 0.712500 0.745833 0.703125 0.756250 0.717188 0.770833 0.706250 0.822917 0.704687 0.835417 0.656250 0.864583 0.657812 0.864583 0.693750 0.872917 0.700000 0.870833 0.651563 0.833333 0.653125 0.837500 0.626562 0.985417 0.621875 0.987500 0.609375 0.839583 0.614062 0.833333 0.576563 0.789583 0.557813 0.754167 0.556250 0.754167 0.562500 0.802083 0.578125 0.806250 0.603125 0.781250 0.610937 0.745833 0.601562 0.733333 0.635938 0.720833 0.623438 0.675000 0.623438
7 0.085417 0.639063 0.081250 0.639063 0.079167 0.637500 0.068750 0.637500 0.062500 0.640625 0.058333 0.640625 0.056250 0.642187 0.054167 0.642187 0.052083 0.643750 0.047917 0.643750 0.037500 0.648438 0.033333 0.648438 0.027083 0.651563 0.022917 0.651563 0.020833 0.653125 0.018750 0.653125 0.018750 0.660937 0.020833 0.662500 0.020833 0.670313 0.027083 0.668750 0.031250 0.665625 0.033333 0.665625 0.037500 0.662500 0.039583 0.662500 0.043750 0.659375 0.045833 0.659375 0.062500 0.650000 0.068750 0.648438
8 0.016667 0.084375 0.014583 0.270312 0.037500 0.271875 0.031250 0.084375
8 0.462500 0.126563 0.420833 0.126563 0.418750 0.128125 0.375000 0.128125 0.368750 0.131250 0.366667 0.182812 0.370833 0.184375 0.372917 0.182812 0.462500 0.181250
8 0.347917 0.132812 0.297917 0.134375 0.295833 0.135937 0.272917 0.135937 0.270833 0.137500 0.270833 0.181250 0.277083 0.187500 0.281250 0.185937 0.352083 0.184375 0.350000 0.179688 0.350000 0.139062 0.347917 0.137500
8 0.020833 0.278125 0.014583 0.300000 0.183333 0.340625 0.185417 0.334375
8 0.835417 0.473437 0.891667 0.504687 0.889583 0.521875 0.897917 0.537500 0.895833 0.557813 0.889583 0.565625 0.841667 0.560938 0.879167 0.585938 0.985417 0.584375 0.987500 0.500000 0.912500 0.470313
8 0.987500 0.726562 0.943750 0.704687 0.897917 0.717188 0.858333 0.698438 0.772917 0.720312 0.735417 0.709375 0.543750 0.729688 0.500000 0.717188 0.422917 0.734375 0.402083 0.751562 0.408333 0.860937 0.354167 0.868750 0.352083 0.926562 0.385417 0.931250 0.372917 0.987500 0.902083 0.989062 0.906250 0.953125 0.908333 0.987500 0.989583 0.989062