1 0.212500 0.010937 0.262500 0.151562 0.347917 0.151562 0.314583 0.082813 0.314583 0.045313 0.304167 0.014062
1 0.014583 0.126563 0.014583 0.240625 0.020833 0.262500 0.035417 0.262500 0.075000 0.225000 0.341667 0.215625 0.322917 0.196875 0.322917 0.178125 0.343750 0.167187 0.341667 0.156250 0.077083 0.159375 0.043750 0.150000
1 0.289583 0.220313 0.318750 0.296875 0.335417 0.298438 0.354167 0.321875 0.354167 0.331250 0.364583 0.332812 0.368750 0.293750 0.366667 0.282813 0.362500 0.278125 0.362500 0.267188 0.352083 0.242188 0.352083 0.234375 0.345833 0.229687 0.343750 0.221875 0.337500 0.220313
1 0.137500 0.225000 0.081250 0.228125 0.047917 0.260938 0.031250 0.267188 0.035417 0.304688 0.014583 0.317187 0.018750 0.550000 0.089583 0.582812
1 0.208333 0.404687 0.206250 0.406250 0.204167 0.443750 0.202083 0.445312 0.202083 0.467187 0.214583 0.481250 0.222917 0.478125 0.229167 0.478125 0.239583 0.470313 0.241667 0.423438 0.243750 0.421875 0.229167 0.412500 0.225000 0.406250 0.218750 0.406250 0.216667 0.407813
1 0.250000 0.421875 0.237500 0.689062 0.318750 0.689062 0.320833 0.421875
1 0.327083 0.428125 0.325000 0.690625 0.252083 0.693750 0.325000 0.720312 0.377083 0.717188 0.322917 0.692187 0.343750 0.696875 0.354167 0.689062 0.356250 0.492188
1 0.362500 0.504687 0.358333 0.682813 0.485417 0.685938 0.458333 0.662500 0.435417 0.665625 0.431250 0.632812 0.441667 0.631250 0.439583 0.612500 0.385417 0.610937 0.391667 0.581250 0.433333 0.582812 0.443750 0.589063 0.445833 0.526563 0.450000 0.521875 0.462500 0.523438 0.464583 0.503125
1 0.018750 0.584375 0.020833 0.887500 0.072917 0.885938 0.081250 0.728125 0.062500 0.732813 0.050000 0.723437 0.050000 0.710938 0.056250 0.704687 0.075000 0.704687 0.085417 0.710938 0.091667 0.623438
1 0.183333 0.882812 0.377083 0.871875 0.372917 0.864062 0.377083 0.840625 0.406250 0.835938 0.414583 0.828125 0.447917 0.828125 0.462500 0.821875 0.464583 0.810938 0.325000 0.815625 0.316667 0.807813 0.312500 0.837500 0.225000 0.835938 0.189583 0.807813
1 0.377083 0.879687 0.012500 0.893750 0.012500 0.976562 0.241667 0.968750 0.252083 0.917188 0.310417 0.890625 0.329167 0.892187 0.329167 0.906250 0.372917 0.904688 0.364583 0.893750
2 0.985417 0.492188 0.883333 0.564062 0.829167 0.568750 0.827083 0.589063 0.781250 0.600000 0.785417 0.629687 0.739583 0.635938 0.712500 0.660937 0.635417 0.678125 0.620833 0.693750 0.627083 0.715625 0.583333 0.725000 0.552083 0.776563 0.631250 0.773438 0.654167 0.796875 0.820833 0.785937 0.820833 0.803125 0.804167 0.804688 0.804167 0.814062 0.927083 0.810938 0.945833 0.817187 0.902083 0.828125 0.910417 0.846875 0.985417 0.842188
2 0.877083 0.829687 0.737500 0.834375 0.733333 0.839063 0.733333 0.865625 0.879167 0.853125
3 0.827083 0.014062 0.800000 0.015625 0.750000 0.126563 0.725000 0.242188 0.702083 0.254687 0.647917 0.398438 0.656250 0.407813 0.679167 0.373437 0.787500 0.371875 0.775000 0.354688 0.687500 0.348437 0.739583 0.220313 0.758333 0.204688
3 0.495833 0.015625 0.500000 0.409375 0.516667 0.409375 0.520833 0.379687 0.560417 0.378125 0.550000 0.364062 0.522917 0.360938 0.535417 0.015625
3 0.987500 0.242188 0.970833 0.251563 0.977083 0.262500 0.897917 0.354688 0.883333 0.356250 0.872917 0.379687 0.854167 0.398438 0.866667 0.393750 0.877083 0.376563 0.985417 0.259375
3 0.475000 0.700000 0.477083 0.720312 0.479167 0.721875 0.485417 0.720312 0.618750 0.718750 0.618750 0.701563 0.604167 0.701563 0.602083 0.700000
3 0.412500 0.831250 0.408333 0.834375 0.410417 0.903125 0.493750 0.904688 0.493750 0.857813 0.495833 0.853125 0.504167 0.848437 0.510417 0.834375 0.422917 0.834375 0.420833 0.829687
3 0.250000 0.926562 0.245833 0.989062 0.470833 0.987500 0.466667 0.912500 0.477083 0.907812 0.331250 0.914062 0.325000 0.892187 0.318750 0.892187
6 0.818750 0.792188 0.627083 0.806250 0.610417 0.800000 0.608333 0.812500 0.622917 0.809375 0.629167 0.812500 0.625000 0.831250 0.629167 0.837500 0.635417 0.837500 0.635417 0.807813 0.639583 0.804688 0.785417 0.796875 0.789583 0.815625 0.797917 0.818750 0.791667 0.796875
6 0.672917 0.826563 0.685417 0.826563 0.704167 0.837500 0.706250 0.870313 0.720833 0.870313 0.720833 0.831250 0.727083 0.828125 0.881250 0.825000 0.889583 0.853125 0.902083 0.854688 0.895833 0.825000 0.939583 0.817187 0.908333 0.815625 0.720833 0.826563 0.679167 0.815625 0.672917 0.817187
7 0.214583 0.221875 0.164583 0.223438 0.154167 0.264062 0.164583 0.278125 0.133333 0.490625 0.112500 0.887500 0.166667 0.885938 0.204167 0.348437 0.179167 0.306250 0.202083 0.317187
7 0.016667 0.257812 0.014583 0.259375 0.014583 0.307813 0.018750 0.307813 0.020833 0.306250 0.022917 0.306250 0.027083 0.303125 0.027083 0.298438 0.029167 0.296875 0.029167 0.292188 0.031250 0.290625 0.029167 0.289062 0.029167 0.284375 0.027083 0.282813 0.027083 0.278125 0.025000 0.276563 0.025000 0.270312 0.022917 0.268750 0.022917 0.267188 0.020833 0.265625 0.020833 0.264062 0.018750 0.262500
7 0.183333 0.775000 0.185417 0.773438 0.204167 0.773438 0.206250 0.771875 0.225000 0.771875 0.227083 0.770312 0.266667 0.768750 0.266667 0.762500 0.262500 0.760938 0.239583 0.760938 0.237500 0.759375 0.212500 0.759375 0.210417 0.757812 0.187500 0.757812 0.187500 0.762500 0.185417 0.764063
8 0.314583 0.010937 0.397917 0.123438 0.341667 0.062500 0.322917 0.059375 0.331250 0.100000 0.370833 0.162500 0.337500 0.173438 0.335417 0.195312 0.404167 0.289062 0.377083 0.267188 0.383333 0.292188 0.460417 0.406250 0.497917 0.406250 0.491667 0.098438 0.475000 0.103125 0.489583 0.092188 0.491667 0.015625
8 0.575000 0.012500 0.631250 0.090625 0.612500 0.079687 0.622917 0.110937 0.572917 0.084375 0.537500 0.148438 0.525000 0.314063 0.587500 0.407813 0.531250 0.385938 0.531250 0.467187 0.666667 0.479688 0.522917 0.475000 0.491667 0.509375 0.558333 0.554688 0.512500 0.531250 0.535417 0.590625 0.677083 0.604688 0.820833 0.585938 0.818750 0.560938 0.877083 0.560938 0.854167 0.473437 0.897917 0.465625 0.889583 0.442187 0.920833 0.423438 0.889583 0.379687 0.831250 0.423438 0.766667 0.379687 0.677083 0.379687 0.664583 0.415625 0.602083 0.407813 0.645833 0.401563 0.693750 0.259375 0.666667 0.246875 0.712500 0.243750 0.791667 0.015625
8 0.956250 0.014062 0.893750 0.014062 0.883333 0.087500 0.870833 0.054688 0.827083 0.050000 0.806250 0.065625 0.766667 0.196875 0.739583 0.231250 0.793750 0.331250 0.747917 0.259375 0.739583 0.271875 0.777083 0.329688 0.783333 0.367188 0.829167 0.417188 0.883333 0.354688 0.854167 0.335938 0.895833 0.354688 0.975000 0.262500 0.964583 0.253125 0.987500 0.239063 0.989583 0.068750
8 0.987500 0.264062 0.968750 0.282813 0.977083 0.298438 0.975000 0.300000 0.966667 0.290625 0.962500 0.290625 0.895833 0.368750 0.922917 0.404687 0.929167 0.401563 0.935417 0.409375 0.960417 0.407813 0.964583 0.404687 0.975000 0.412500 0.987500 0.403125
8 0.331250 0.300000 0.295833 0.310937 0.281250 0.331250 0.283333 0.353125 0.293750 0.365625 0.318750 0.381250 0.360417 0.396875 0.370833 0.368750 0.370833 0.362500 0.345833 0.345313 0.347917 0.323438 0.335417 0.300000
8 0.491667 0.428125 0.466667 0.431250 0.477083 0.562500 0.485417 0.562500
8 0.014583 0.559375 0.014583 0.564062 0.020833 0.568750 0.027083 0.570312 0.125000 0.618750 0.125000 0.606250 0.108333 0.600000 0.104167 0.596875
8 0.529167 0.612500 0.545833 0.635938 0.612500 0.642187 0.622917 0.631250 0.710417 0.631250 0.725000 0.625000 0.731250 0.614062 0.729167 0.610937 0.579167 0.600000 0.558333 0.600000
8 0.189583 0.639063 0.189583 0.643750 0.193750 0.646875 0.195833 0.646875 0.197917 0.648438 0.200000 0.648438 0.204167 0.651563 0.206250 0.651563 0.210417 0.654688 0.212500 0.654688 0.216667 0.657812 0.218750 0.657812 0.220833 0.659375 0.222917 0.659375 0.227083 0.662500 0.229167 0.662500 0.233333 0.665625 0.233333 0.657812 0.231250 0.656250 0.229167 0.656250 0.227083 0.654688 0.225000 0.654688 0.222917 0.653125 0.220833 0.653125 0.218750 0.651563 0.216667 0.651563 0.212500 0.648438 0.210417 0.648438 0.208333 0.646875 0.206250 0.646875 0.204167 0.645312 0.202083 0.645312 0.197917 0.642187 0.195833 0.642187
8 0.295833 0.731250 0.289583 0.731250 0.287500 0.735937 0.283333 0.832812 0.291667 0.832812 0.293750 0.735937
8 0.631250 0.785937 0.593750 0.778125 0.550000 0.779688 0.541667 0.785937 0.520833 0.823438 0.520833 0.834375 0.502083 0.859375 0.500000 0.898438 0.520833 0.901563 0.535417 0.896875 0.581250 0.892187 0.581250 0.820312 0.606250 0.810938 0.608333 0.798437 0.620833 0.796875 0.629167 0.792188
8 0.587500 0.829687 0.587500 0.892187 0.595833 0.892187 0.608333 0.885938 0.610417 0.867188 0.618750 0.848437 0.629167 0.843750 0.635417 0.845312 0.622917 0.851562 0.612500 0.885938 0.627083 0.884375 0.645833 0.876562 0.695833 0.871875 0.702083 0.868750 0.697917 0.842188 0.681250 0.828125 0.666667 0.834375 0.658333 0.832812 0.643750 0.845312 0.635417 0.845312 0.633333 0.840625 0.625000 0.837500 0.620833 0.831250 0.620833 0.817187 0.593750 0.823438
8 0.987500 0.850000 0.712500 0.871875 0.581250 0.904688 0.535417 0.901563 0.477083 0.910937 0.479167 0.982813 0.989583 0.989062