1 0.112500 0.014062 0.222917 0.420312 0.250000 0.423438 0.162500 0.045313 0.272917 0.489062 0.341667 0.489062 0.268750 0.010937
1 0.020833 0.287500 0.018750 0.539062 0.037500 0.526563 0.050000 0.550000 0.035417 0.571875 0.016667 0.564062 0.014583 0.984375 0.079167 0.987500 0.204167 0.554688 0.108333 0.287500
1 0.531250 0.490625 0.195833 0.496875 0.216667 0.553125 0.087500 0.989062 0.418750 0.981250 0.420833 0.914062 0.454167 0.896875 0.470833 0.804688 0.543750 0.793750 0.445833 0.787500 0.458333 0.725000 0.383333 0.693750 0.391667 0.679688 0.462500 0.660937 0.470833 0.537500 0.531250 0.520312
2 0.989583 0.010937 0.939583 0.015625 0.893750 0.109375 0.989583 0.107813
2 0.987500 0.740625 0.952083 0.740625 0.977083 0.815625 0.966667 0.948438 0.906250 0.987500 0.989583 0.987500
3 0.612500 0.342187 0.579167 0.354688 0.554167 0.415625 0.600000 0.829687 0.575000 0.892187 0.577083 0.978125 0.885417 0.989062 0.956250 0.943750 0.970833 0.817187 0.947917 0.748438 0.670833 0.720312 0.654167 0.600000 0.691667 0.470313 0.637500 0.442187
6 0.541667 0.514063 0.550000 0.670313 0.562500 0.693750 0.564583 0.770312 0.554167 0.789062 0.564583 0.831250 0.560417 0.885938 0.570833 0.892187 0.595833 0.826563 0.556250 0.514063
7 0.060417 0.126563 0.016667 0.182812 0.018750 0.281250 0.079167 0.281250 0.104167 0.250000
7 0.104167 0.395312 0.100000 0.395312 0.097917 0.393750 0.093750 0.393750 0.083333 0.401563 0.083333 0.404687 0.081250 0.406250 0.081250 0.409375 0.079167 0.410937 0.079167 0.423438 0.081250 0.425000 0.081250 0.428125 0.083333 0.429688 0.083333 0.432813 0.102083 0.432813 0.102083 0.429688 0.104167 0.428125 0.104167 0.425000 0.106250 0.423438 0.106250 0.420312 0.108333 0.418750 0.108333 0.415625 0.110417 0.414062 0.108333 0.412500 0.108333 0.404687 0.106250 0.403125 0.106250 0.396875
7 0.037500 0.528125 0.035417 0.528125 0.018750 0.540625 0.018750 0.545313 0.014583 0.550000 0.014583 0.556250 0.016667 0.557813 0.016667 0.562500 0.018750 0.564062 0.020833 0.564062 0.022917 0.565625 0.025000 0.565625 0.035417 0.570312 0.035417 0.567187 0.037500 0.565625 0.037500 0.564062 0.039583 0.562500 0.039583 0.560938 0.041667 0.559375 0.041667 0.557813 0.047917 0.550000 0.047917 0.542188 0.043750 0.539062 0.043750 0.537500 0.041667 0.535937 0.041667 0.534375 0.039583 0.532812
7 0.162500 0.542188 0.156250 0.542188 0.154167 0.543750 0.147917 0.543750 0.145833 0.545313 0.145833 0.550000 0.143750 0.551562 0.143750 0.556250 0.141667 0.557813 0.141667 0.564062 0.156250 0.575000 0.156250 0.571875 0.160417 0.567187 0.160417 0.564062 0.162500 0.562500 0.162500 0.560938 0.164583 0.559375 0.164583 0.556250 0.168750 0.551562 0.166667 0.550000 0.166667 0.548437 0.164583 0.546875 0.164583 0.545313 0.162500 0.543750
7 0.116667 0.667188 0.112500 0.667188 0.110417 0.668750 0.106250 0.668750 0.104167 0.670313 0.104167 0.673437 0.102083 0.675000 0.102083 0.696875 0.112500 0.704687 0.112500 0.706250 0.112500 0.704687 0.125000 0.695312 0.125000 0.676562
7 0.397917 0.682813 0.397917 0.704687 0.414583 0.712500 0.460417 0.720312 0.460417 0.704687 0.464583 0.700000 0.525000 0.695312 0.525000 0.684375 0.470833 0.684375 0.458333 0.668750 0.416667 0.673437
7 0.052083 0.828125 0.052083 0.831250 0.050000 0.832812 0.050000 0.835938 0.047917 0.837500 0.047917 0.840625 0.045833 0.842188 0.045833 0.845312 0.043750 0.846875 0.043750 0.856250 0.045833 0.857813 0.045833 0.864062 0.047917 0.865625 0.047917 0.867188 0.054167 0.871875 0.054167 0.873438 0.058333 0.870313 0.060417 0.870313 0.064583 0.867188 0.066667 0.867188 0.070833 0.864062 0.072917 0.864062 0.072917 0.848437 0.070833 0.846875 0.070833 0.845312 0.058333 0.835938 0.058333 0.834375 0.054167 0.831250 0.054167 0.829687
7 0.437500 0.917188 0.433333 0.925000 0.431250 0.985937 0.558333 0.982813 0.558333 0.898438 0.460417 0.900000
8 0.610417 0.114063 0.631250 0.140625 0.645833 0.110937 0.881250 0.110937 0.920833 0.014062 0.622917 0.012500
8 0.416667 0.028125 0.420833 0.034375 0.425000 0.034375 0.460417 0.048437 0.466667 0.048437 0.489583 0.054688 0.504167 0.056250 0.512500 0.059375 0.512500 0.029687 0.510417 0.028125 0.477083 0.028125 0.466667 0.025000 0.458333 0.025000 0.452083 0.021875 0.443750 0.021875 0.431250 0.026563
8 0.343750 0.093750 0.327083 0.110937 0.325000 0.137500 0.345833 0.156250 0.335417 0.156250 0.345833 0.176563 0.368750 0.182812 0.337500 0.209375 0.341667 0.223438 0.362500 0.234375 0.337500 0.240625 0.347917 0.256250 0.404167 0.264062 0.397917 0.240625 0.364583 0.235938 0.412500 0.237500 0.404167 0.229687 0.408333 0.201562 0.397917 0.187500 0.381250 0.182812 0.402083 0.182812 0.400000 0.156250 0.368750 0.153125 0.358333 0.164062 0.356250 0.160938 0.366667 0.150000 0.400000 0.146875 0.410417 0.115625 0.395833 0.106250
8 0.656250 0.117188 0.635417 0.209375 0.647917 0.228125 0.718750 0.220313 0.683333 0.304688 0.702083 0.370313 0.743750 0.370313 0.770833 0.315625 0.752083 0.384375 0.935417 0.384375 0.987500 0.396875 0.987500 0.323438 0.950000 0.320312 0.985417 0.317187 0.987500 0.240625 0.970833 0.239063 0.985417 0.237500 0.987500 0.175000 0.795833 0.170312 0.985417 0.171875 0.987500 0.120312
8 0.600000 0.134375 0.495833 0.143750 0.472917 0.160938 0.477083 0.214062 0.495833 0.223438 0.475000 0.232812 0.470833 0.265625 0.489583 0.285937 0.520833 0.295312 0.479167 0.293750 0.464583 0.314063 0.468750 0.346875 0.535417 0.368750 0.535417 0.351562 0.512500 0.351562 0.510417 0.340625 0.525000 0.298438 0.531250 0.298438 0.533333 0.237500 0.508333 0.225000 0.533333 0.226562 0.587500 0.246875 0.597917 0.237500 0.612500 0.181250
8 0.433333 0.207813 0.429167 0.210938 0.429167 0.212500 0.425000 0.217187 0.425000 0.226562 0.427083 0.228125 0.439583 0.228125 0.445833 0.231250 0.450000 0.231250 0.452083 0.232812 0.456250 0.232812 0.460417 0.235938 0.460417 0.228125 0.462500 0.226562 0.462500 0.223438 0.466667 0.218750 0.464583 0.217187 0.464583 0.212500 0.452083 0.203125 0.445833 0.203125 0.443750 0.204688 0.441667 0.204688 0.439583 0.206250
8 0.431250 0.235938 0.431250 0.243750 0.433333 0.245312 0.431250 0.246875 0.431250 0.262500 0.433333 0.262500 0.435417 0.264062 0.439583 0.264062 0.445833 0.267188 0.454167 0.267188 0.452083 0.265625 0.452083 0.262500 0.450000 0.260938 0.450000 0.257812 0.447917 0.256250 0.447917 0.237500 0.439583 0.237500 0.437500 0.235938
8 0.362500 0.270312 0.347917 0.285937 0.347917 0.290625 0.354167 0.298438 0.354167 0.303125 0.356250 0.304688 0.356250 0.309375 0.358333 0.312500 0.368750 0.312500 0.370833 0.314063 0.381250 0.314063 0.383333 0.315625 0.395833 0.315625 0.397917 0.317187 0.410417 0.317187 0.412500 0.318750 0.410417 0.317187 0.410417 0.312500 0.408333 0.310937 0.408333 0.303125 0.406250 0.301562 0.406250 0.295312 0.404167 0.293750 0.404167 0.289062 0.402083 0.287500 0.400000 0.275000 0.397917 0.273438 0.389583 0.273438 0.387500 0.271875 0.379167 0.271875 0.377083 0.270312
8 0.354167 0.320312 0.354167 0.343750 0.356250 0.346875 0.352083 0.348437 0.356250 0.348437 0.370833 0.354688 0.381250 0.354688 0.383333 0.356250 0.410417 0.356250 0.412500 0.354688 0.418750 0.354688 0.416667 0.353125 0.416667 0.339063 0.414583 0.337500 0.414583 0.326562 0.412500 0.325000 0.395833 0.323438 0.393750 0.321875 0.387500 0.321875 0.385417 0.320312 0.377083 0.320312 0.375000 0.318750 0.368750 0.318750 0.366667 0.317187 0.358333 0.317187
8 0.358333 0.356250 0.360417 0.375000 0.381250 0.379687 0.360417 0.381250 0.362500 0.407813 0.375000 0.415625 0.404167 0.421875 0.375000 0.421875 0.360417 0.414062 0.358333 0.434375 0.362500 0.440625 0.397917 0.445312 0.366667 0.446875 0.366667 0.465625 0.381250 0.459375 0.414583 0.457812 0.418750 0.454688 0.412500 0.448438 0.425000 0.446875 0.416667 0.428125 0.422917 0.415625 0.425000 0.385938 0.406250 0.387500 0.385417 0.382812 0.416667 0.381250 0.412500 0.365625 0.418750 0.359375 0.368750 0.360938
8 0.731250 0.395312 0.714583 0.456250 0.733333 0.401563 0.747917 0.396875 0.702083 0.500000 0.725000 0.598437 0.768750 0.514063 0.760417 0.500000 0.770833 0.492188 0.781250 0.493750 0.764583 0.503125 0.775000 0.506250 0.991667 0.503125 0.989583 0.431250 0.962500 0.390625 0.739583 0.389062
8 0.985417 0.506250 0.787500 0.509375 0.737500 0.596875 0.762500 0.709375 0.768750 0.707812 0.758333 0.721875 0.983333 0.729688
8 0.537500 0.529688 0.483333 0.535937 0.483333 0.595312 0.487500 0.593750 0.533333 0.593750 0.535417 0.532812
8 0.695833 0.546875 0.670833 0.610937 0.683333 0.710938 0.720833 0.631250
8 0.477083 0.600000 0.477083 0.609375 0.475000 0.610937 0.470833 0.642187 0.466667 0.653125 0.464583 0.673437 0.466667 0.671875 0.531250 0.670313 0.531250 0.610937 0.491667 0.601562
8 0.541667 0.703125 0.468750 0.714063 0.460417 0.782812 0.464583 0.781250 0.541667 0.779688
8 0.552083 0.803125 0.550000 0.804688 0.547917 0.804688 0.522917 0.823438 0.522917 0.856250 0.525000 0.857813 0.525000 0.859375 0.527083 0.857813 0.529167 0.857813 0.535417 0.853125 0.537500 0.853125 0.541667 0.850000 0.543750 0.850000 0.547917 0.846875 0.550000 0.846875 0.554167 0.843750 0.556250 0.843750 0.556250 0.842188 0.554167 0.840625 0.554167 0.821875 0.552083 0.820312