1 0.260417 0.087500 0.258333 0.085938 0.258333 0.078125 0.147917 0.079687 0.143750 0.081250 0.143750 0.087500
1 0.012500 0.109375 0.016667 0.232812 0.027083 0.250000 0.410417 0.242188 0.383333 0.226562 0.283333 0.221875 0.270833 0.181250 0.277083 0.132812 0.362500 0.126563 0.360417 0.109375
1 0.075000 0.518750 0.091667 0.593750 0.297917 0.579687 0.293750 0.573438 0.297917 0.548437 0.283333 0.545313 0.287500 0.520312 0.272917 0.509375 0.277083 0.503125 0.129167 0.503125 0.120833 0.515625
1 0.352083 0.701563 0.350000 0.696875 0.118750 0.707812 0.114583 0.712500 0.114583 0.745313 0.160417 0.745313 0.179167 0.717188 0.189583 0.715625 0.193750 0.725000 0.216667 0.743750 0.206250 0.757812 0.208333 0.771875 0.350000 0.762500
2 0.989583 0.165625 0.929167 0.167187 0.927083 0.190625 0.883333 0.187500 0.841667 0.221875 0.816667 0.221875 0.806250 0.259375 0.737500 0.251563 0.750000 0.259375 0.750000 0.285937 0.675000 0.298438 0.672917 0.307813 0.675000 0.404687 0.695833 0.412500 0.795833 0.390625 0.881250 0.406250 0.925000 0.479688 0.983333 0.500000 0.943750 0.528125 0.912500 0.532812 0.912500 0.553125 0.929167 0.565625 0.985417 0.557813
2 0.568750 0.285937 0.525000 0.281250 0.525000 0.301562 0.512500 0.304688 0.500000 0.295312 0.500000 0.285937 0.447917 0.289062 0.447917 0.301562 0.472917 0.301562 0.481250 0.321875 0.504167 0.326562 0.508333 0.442187 0.579167 0.418750
3 0.391667 0.375000 0.375000 0.379687 0.366667 0.398438 0.366667 0.403125 0.347917 0.443750 0.347917 0.457812 0.393750 0.453125 0.400000 0.439063 0.395833 0.432813 0.400000 0.403125 0.387500 0.390625
7 0.018750 0.254687 0.014583 0.989062 0.147917 0.989062
7 0.579167 0.287500 0.585417 0.417188 0.643750 0.400000 0.670833 0.406250 0.664583 0.293750
7 0.302083 0.306250 0.277083 0.304688 0.112500 0.320312 0.112500 0.326562 0.127083 0.326562
7 0.314583 0.368750 0.304167 0.367188 0.139583 0.476562 0.139583 0.492188
7 0.187500 0.720312 0.183333 0.720312 0.164583 0.750000 0.114583 0.753125 0.112500 0.756250 0.154167 0.753125 0.166667 0.775000 0.177083 0.785937 0.191667 0.776563 0.193750 0.759375 0.200000 0.751562 0.200000 0.745313 0.191667 0.734375 0.191667 0.728125
8 0.410417 0.015625 0.418750 0.075000 0.447917 0.075000 0.458333 0.137500 0.500000 0.192188 0.612500 0.234375 0.791667 0.250000 0.806250 0.215625 0.854167 0.206250 0.868750 0.182812 0.547917 0.167187 0.491667 0.137500 0.491667 0.025000 0.500000 0.137500 0.554167 0.164062 0.658333 0.178125 0.887500 0.171875 0.920833 0.184375 0.922917 0.162500 0.989583 0.160938 0.987500 0.098438 0.877083 0.081250 0.808333 0.100000 0.481250 0.015625
8 0.418750 0.090625 0.420833 0.150000 0.406250 0.156250 0.425000 0.257812 0.529167 0.279687 0.702083 0.292188 0.733333 0.287500 0.733333 0.281250 0.743750 0.279687 0.743750 0.264062 0.654167 0.234375 0.614583 0.239063 0.487500 0.192188 0.441667 0.121875 0.435417 0.092188
8 0.387500 0.318750 0.387500 0.335938 0.389583 0.337500 0.410417 0.340625 0.412500 0.342187 0.433333 0.345313 0.435417 0.346875 0.454167 0.346875 0.460417 0.343750 0.470833 0.342187 0.472917 0.335938 0.479167 0.328125 0.479167 0.323438 0.458333 0.307813 0.416667 0.307813
8 0.389583 0.343750 0.393750 0.362500 0.420833 0.368750 0.437500 0.368750 0.416667 0.373437 0.404167 0.373437 0.397917 0.382812 0.397917 0.389062 0.406250 0.400000 0.431250 0.406250 0.483333 0.401563 0.472917 0.389062 0.472917 0.368750 0.439583 0.367188 0.472917 0.365625 0.472917 0.351562 0.435417 0.351562 0.406250 0.343750
8 0.979167 0.501562 0.925000 0.485938 0.912500 0.468750 0.887500 0.473437 0.875000 0.465625 0.900000 0.460938 0.885417 0.450000 0.843750 0.442187 0.883333 0.440625 0.877083 0.414062 0.843750 0.414062 0.820833 0.398438 0.691667 0.418750 0.641667 0.406250 0.439583 0.465625 0.445833 0.490625 0.425000 0.495313 0.462500 0.529688 0.433333 0.564062 0.483333 0.593750 0.460417 0.610937 0.450000 0.640625 0.462500 0.653125 0.552083 0.604688 0.918750 0.560938 0.897917 0.551562 0.906250 0.526563 0.939583 0.523438
8 0.487500 0.425000 0.472917 0.406250 0.464583 0.406250 0.462500 0.407813 0.452083 0.407813 0.450000 0.409375 0.429167 0.410937 0.427083 0.412500 0.425000 0.410937 0.408333 0.410937 0.408333 0.414062 0.402083 0.425000 0.402083 0.431250 0.410417 0.443750 0.468750 0.443750 0.470833 0.442187 0.487500 0.442187
8 0.989583 0.565625 0.560417 0.610937 0.504167 0.631250 0.460417 0.667188 0.487500 0.753125 0.468750 0.765625 0.477083 0.746875 0.437500 0.748438 0.414583 0.767187 0.470833 0.765625 0.483333 0.778125 0.479167 0.832812 0.495833 0.845312 0.481250 0.878125 0.508333 0.910937 0.481250 0.956250 0.510417 0.984375 0.564583 0.959375 0.987500 0.854688
8 0.462500 0.692187 0.452083 0.678125 0.439583 0.678125 0.431250 0.681250 0.427083 0.684375 0.425000 0.684375 0.414583 0.692187 0.408333 0.692187 0.406250 0.693750 0.402083 0.693750 0.400000 0.695312 0.395833 0.695312 0.393750 0.696875 0.383333 0.698438 0.393750 0.698438 0.395833 0.696875 0.400000 0.696875 0.402083 0.695312 0.408333 0.695312 0.414583 0.692187 0.418750 0.692187 0.427083 0.689062 0.435417 0.689062 0.443750 0.695312 0.445833 0.693750 0.456250 0.693750 0.458333 0.692187
8 0.466667 0.740625 0.462500 0.734375 0.462500 0.728125 0.464583 0.726562 0.464583 0.717188 0.460417 0.718750 0.456250 0.718750 0.450000 0.721875 0.441667 0.721875 0.435417 0.729688 0.431250 0.729688 0.427083 0.726562 0.406250 0.726562 0.404167 0.725000 0.395833 0.725000 0.395833 0.726562 0.422917 0.726562 0.429167 0.729688 0.433333 0.729688 0.445833 0.734375 0.450000 0.737500 0.456250 0.737500 0.458333 0.739062 0.464583 0.739062