1 0.012500 0.010937 0.016667 0.345313 0.104167 0.346875 0.137500 0.306250 0.183333 0.353125 0.191667 0.135937 0.685417 0.181250 0.704167 0.198437 0.987500 0.210938 0.991667 0.012500
1 0.016667 0.354688 0.014583 0.626562 0.172917 0.632812 0.183333 0.359375 0.154167 0.373437 0.154167 0.389062 0.129167 0.407813 0.114583 0.396875 0.104167 0.356250
1 0.014583 0.668750 0.014583 0.990625 0.383333 0.987500 0.360417 0.954687 0.364583 0.742188 0.125000 0.735937 0.337500 0.735937 0.333333 0.723437 0.172917 0.717188 0.164583 0.671875
1 0.516667 0.743750 0.516667 0.767187 0.625000 0.767187 0.627083 0.768750 0.639583 0.768750 0.637500 0.743750 0.627083 0.743750 0.625000 0.742188 0.518750 0.742188
1 0.514583 0.782812 0.491667 0.968750 0.835417 0.960938 0.810417 0.932813 0.785417 0.945312 0.750000 0.937500 0.750000 0.921875 0.718750 0.906250 0.712500 0.875000 0.695833 0.873438 0.689583 0.845312 0.666667 0.823438 0.668750 0.807813 0.647917 0.801562 0.643750 0.782812
1 0.887500 0.881250 0.872917 0.962500 0.989583 0.960938 0.989583 0.890625 0.981250 0.884375 0.964583 0.881250
2 0.762500 0.206250 0.735417 0.404687 0.841667 0.403125 0.956250 0.418750 0.945833 0.501562 0.964583 0.509375 0.970833 0.478125 0.991667 0.475000 0.987500 0.212500 0.929167 0.207813 0.941667 0.265625 0.908333 0.320312 0.891667 0.326562 0.762500 0.296875 0.760417 0.257812 0.777083 0.218750 0.856250 0.214062
2 0.760417 0.432813 0.737500 0.432813 0.735417 0.434375 0.735417 0.448438 0.733333 0.450000 0.733333 0.465625 0.731250 0.467187 0.729167 0.496875 0.741667 0.496875 0.743750 0.498437 0.743750 0.485938 0.745833 0.484375 0.760417 0.484375 0.754167 0.475000 0.754167 0.464063 0.756250 0.462500 0.756250 0.454688 0.758333 0.453125
3 0.758333 0.206250 0.195833 0.139062 0.172917 0.715625 0.333333 0.720312 0.337500 0.676562 0.368750 0.675000 0.391667 0.498437 0.577083 0.492188 0.620833 0.193750 0.591667 0.434375 0.641667 0.442187 0.656250 0.395312 0.733333 0.404687
3 0.468750 0.492188 0.502083 0.585938 0.462500 0.987500 0.991667 0.978125 0.989583 0.964063 0.870833 0.964063 0.941667 0.592188 0.989583 0.592188 0.987500 0.575000 0.935417 0.571875 0.783333 0.512500 0.989583 0.514063
3 0.514583 0.768750 0.514583 0.778125 0.633333 0.778125 0.635417 0.779688 0.647917 0.779688 0.647917 0.776563 0.643750 0.775000 0.639583 0.770312 0.627083 0.770312 0.625000 0.768750
5 0.935417 0.217187 0.925000 0.209375 0.897917 0.214062 0.862500 0.214062 0.850000 0.221875 0.847917 0.218750 0.783333 0.217187 0.770833 0.229687 0.770833 0.246875 0.764583 0.254687 0.762500 0.285937 0.772917 0.300000 0.797917 0.298438 0.825000 0.304688 0.822917 0.287500 0.835417 0.310937 0.891667 0.325000 0.904167 0.320312 0.929167 0.289062 0.941667 0.246875
6 0.652083 0.398438 0.645833 0.443750 0.685417 0.448438 0.689583 0.464063 0.679167 0.470313 0.679167 0.490625 0.689583 0.500000 0.722917 0.498437 0.733333 0.426562 0.879167 0.432813 0.872917 0.490625 0.858333 0.495313 0.856250 0.503125 0.902083 0.506250 0.902083 0.496875 0.918750 0.485938 0.941667 0.493750 0.954167 0.423438 0.839583 0.406250 0.729167 0.407813
8 0.770833 0.431250 0.760417 0.467187 0.764583 0.490625 0.747917 0.492188 0.747917 0.500000 0.852083 0.503125 0.852083 0.493750 0.868750 0.489062 0.881250 0.437500
8 0.393750 0.500000 0.362500 0.793750 0.372917 0.826563 0.362500 0.951563 0.431250 0.954687 0.441667 0.968750 0.422917 0.985937 0.389583 0.978125 0.389583 0.957812 0.372917 0.959375 0.381250 0.982813 0.422917 0.987500 0.447917 0.981250 0.450000 0.957812 0.464583 0.956250 0.497917 0.579687 0.481250 0.568750 0.468750 0.512500
8 0.660417 0.534375 0.660417 0.559375 0.810417 0.565625 0.812500 0.567187 0.812500 0.562500 0.808333 0.559375 0.806250 0.560938 0.802083 0.559375 0.795833 0.553125 0.775000 0.546875 0.770833 0.542188 0.762500 0.542188 0.741667 0.528125 0.675000 0.523438
8 0.922917 0.535937 0.922917 0.557813 0.925000 0.559375 0.925000 0.565625 0.931250 0.568750 0.937500 0.568750 0.945833 0.571875 0.950000 0.571875 0.952083 0.570312 0.987500 0.570312 0.987500 0.567187 0.985417 0.565625 0.985417 0.534375 0.983333 0.532812 0.972917 0.532812 0.970833 0.531250 0.958333 0.531250 0.956250 0.529688 0.933333 0.528125
8 0.662500 0.579687 0.641667 0.771875 0.656250 0.806250 0.672917 0.806250 0.679167 0.839063 0.693750 0.843750 0.702083 0.873438 0.714583 0.875000 0.720833 0.906250 0.754167 0.923437 0.758333 0.940625 0.789583 0.940625 0.810417 0.929688 0.839583 0.885938 0.822917 0.848437 0.845833 0.823438 0.843750 0.803125 0.825000 0.781250 0.806250 0.779688 0.793750 0.753125 0.816667 0.735937 0.808333 0.693750 0.831250 0.675000 0.831250 0.651563 0.804167 0.632812 0.837500 0.625000 0.850000 0.595312 0.833333 0.584375
8 0.943750 0.596875 0.904167 0.807813 0.914583 0.823438 0.931250 0.825000 0.939583 0.842188 0.952083 0.851562 0.972917 0.856250 0.977083 0.876562 0.987500 0.882812 0.987500 0.598437