1 0.279167 0.028125 0.014583 0.018750 0.020833 0.470313 0.045833 0.471875 0.104167 0.293750 0.272917 0.278125
1 0.018750 0.539062 0.018750 0.692187 0.131250 0.698438 0.185417 0.551562
1 0.318750 0.556250 0.308333 0.707812 0.504167 0.715625 0.533333 0.573438
1 0.660417 0.581250 0.739583 0.717188 0.791667 0.718750 0.829167 0.595312
1 0.295833 0.845312 0.289583 0.954687 0.460417 0.950000 0.479167 0.850000
2 0.875000 0.017188 0.791667 0.354688 0.983333 0.389062 0.981250 0.014062
3 0.433333 0.192188 0.383333 0.190625 0.381250 0.226562 0.302083 0.318750 0.402083 0.329688 0.435417 0.200000
3 0.014583 0.518750 0.295833 0.546875 0.268750 0.712500 0.014583 0.704687 0.241667 0.729688 0.229167 0.989062 0.270833 0.989062 0.291667 0.839063 0.508333 0.839063 0.289583 0.829687 0.297917 0.779688 0.504167 0.784375 0.295833 0.767187 0.295833 0.729688 0.700000 0.750000 0.620833 0.987500 0.735417 0.746875 0.987500 0.750000 0.733333 0.728125 0.641667 0.575000 0.906250 0.585938 0.987500 0.634375 0.922917 0.576563
3 0.014583 0.762500 0.018750 0.770312 0.087500 0.771875 0.089583 0.773438 0.127083 0.773438 0.131250 0.775000 0.131250 0.770312 0.129167 0.768750 0.108333 0.768750 0.106250 0.767187 0.083333 0.767187 0.081250 0.765625 0.060417 0.765625 0.058333 0.764063
3 0.725000 0.787500 0.725000 0.793750 0.727083 0.793750 0.729167 0.792188 0.777083 0.792188 0.777083 0.790625 0.772917 0.787500 0.772917 0.785937 0.766667 0.782812 0.747917 0.782812 0.745833 0.781250 0.727083 0.781250 0.727083 0.785937
3 0.018750 0.835938 0.029167 0.835938 0.031250 0.834375 0.141667 0.834375 0.147917 0.826563 0.137500 0.826563 0.135417 0.825000 0.018750 0.825000
3 0.708333 0.840625 0.708333 0.843750 0.808333 0.845312 0.812500 0.846875 0.812500 0.845312 0.800000 0.835938 0.710417 0.835938 0.710417 0.839063
7 0.429167 0.353125 0.414583 0.479688 0.529167 0.487500 0.543750 0.362500
7 0.560417 0.370313 0.545833 0.489062 0.675000 0.496875 0.679167 0.378125
7 0.700000 0.376563 0.691667 0.498437 0.802083 0.507812 0.808333 0.387500
8 0.829167 0.010937 0.468750 0.015625 0.466667 0.107813 0.412500 0.332812 0.729167 0.362500
8 0.206250 0.570312 0.200000 0.590625 0.189583 0.593750 0.181250 0.603125 0.181250 0.621875 0.185417 0.626562 0.168750 0.634375 0.156250 0.667188 0.154167 0.692187 0.172917 0.703125 0.191667 0.707812 0.241667 0.709375 0.279167 0.578125 0.250000 0.568750
8 0.547917 0.571875 0.539583 0.590625 0.541667 0.612500 0.535417 0.623438 0.535417 0.650000 0.529167 0.657812 0.527083 0.687500 0.520833 0.696875 0.522917 0.717188 0.691667 0.723437 0.681250 0.715625 0.681250 0.696875 0.668750 0.681250 0.670833 0.662500 0.652083 0.651563 0.635417 0.607813 0.618750 0.582812
8 0.845833 0.598437 0.837500 0.604688 0.835417 0.635938 0.822917 0.637500 0.820833 0.684375 0.804167 0.700000 0.804167 0.720312 0.985417 0.732813 0.987500 0.642187 0.981250 0.637500 0.970833 0.637500 0.952083 0.617188 0.941667 0.610937 0.931250 0.610937 0.916667 0.598437
8 0.147917 0.732813 0.145833 0.756250 0.141667 0.767187 0.141667 0.790625 0.147917 0.801562 0.214583 0.795313 0.233333 0.795313 0.235417 0.756250 0.239583 0.734375 0.229167 0.732813
8 0.512500 0.742188 0.508333 0.792188 0.520833 0.823438 0.516667 0.845312 0.539583 0.971875 0.554167 0.984375 0.606250 0.978125 0.608333 0.982813 0.631250 0.964063 0.629167 0.928125 0.654167 0.898438 0.656250 0.878125 0.668750 0.865625 0.666667 0.823438 0.683333 0.803125 0.693750 0.751562
8 0.793750 0.753125 0.781250 0.785937 0.847917 0.906250 0.868750 0.923437 0.868750 0.943750 0.816667 0.865625 0.760417 0.862500 0.743750 0.882812 0.758333 0.940625 0.722917 0.946875 0.727083 0.970312 0.714583 0.984375 0.891667 0.984375 0.872917 0.950000 0.887500 0.965625 0.918750 0.960938 0.941667 0.975000 0.987500 0.965625 0.983333 0.756250
8 0.152083 0.829687 0.139583 0.851562 0.135417 0.901563 0.206250 0.896875 0.204167 0.903125 0.181250 0.917188 0.166667 0.920313 0.156250 0.914062 0.154167 0.904688 0.150000 0.903125 0.147917 0.915625 0.156250 0.923437 0.168750 0.926562 0.181250 0.925000 0.220833 0.898438 0.233333 0.898438 0.233333 0.840625