1 0.014583 0.248437 0.016667 0.987500 0.822917 0.987500 0.775000 0.931250 0.802083 0.896875 0.800000 0.825000 0.764583 0.773438 0.793750 0.695312 0.458333 0.684375 0.427083 0.664062 0.422917 0.451562 0.479167 0.431250 0.104167 0.421875
1 0.833333 0.420312 0.750000 0.423438 0.747917 0.425000 0.777083 0.515625 0.797917 0.515625
1 0.508333 0.423438 0.516667 0.517187 0.618750 0.515625 0.620833 0.423438
1 0.518750 0.540625 0.508333 0.615625 0.508333 0.684375 0.706250 0.679688 0.691667 0.648438 0.654167 0.621875 0.652083 0.546875
1 0.770833 0.546875 0.725000 0.678125 0.741667 0.681250 0.793750 0.679688 0.793750 0.685938 0.787500 0.687500 0.800000 0.689062 0.802083 0.670313 0.860417 0.662500 0.806250 0.548437
3 0.012500 0.014062 0.020833 0.237500 0.104167 0.418750 0.475000 0.417188 0.437500 0.310937 0.500000 0.320312 0.500000 0.360938 0.697917 0.354688 0.700000 0.287500 0.816667 0.253125 0.814583 0.296875 0.760417 0.296875 0.793750 0.353125 0.916667 0.359375 0.495833 0.376563 0.491667 0.693750 0.795833 0.689062 0.722917 0.678125 0.770833 0.545313 0.862500 0.662500 0.802083 0.679688 0.900000 0.664062 0.989583 0.545313 0.864583 0.476562 0.872917 0.445312 0.952083 0.445312 0.931250 0.476562 0.985417 0.487500 0.989583 0.014062 0.327083 0.014062 0.339583 0.114063 0.231250 0.096875 0.216667 0.014062
6 0.987500 0.570312 0.977083 0.571875 0.914583 0.656250 0.962500 0.648438 0.970833 0.650000 0.962500 0.671875 0.958333 0.717188 0.985417 0.742188
7 0.218750 0.014062 0.233333 0.096875 0.341667 0.114063 0.325000 0.010937
7 0.716667 0.018750 0.704167 0.089062 0.775000 0.106250 0.800000 0.050000 0.812500 0.048437 0.777083 0.121875 0.845833 0.139062 0.887500 0.064062 0.827083 0.053125 0.870833 0.056250 0.881250 0.023438 0.814583 0.017188
7 0.410417 0.089062 0.410417 0.115625 0.425000 0.131250 0.429167 0.129688 0.500000 0.126563 0.497917 0.123438 0.495833 0.089062
7 0.575000 0.089062 0.564583 0.153125 0.664583 0.170312 0.672917 0.106250
7 0.093750 0.101562 0.110417 0.195312 0.195833 0.207813 0.195833 0.115625
7 0.245833 0.145313 0.258333 0.226562 0.356250 0.243750 0.354167 0.165625
7 0.745833 0.156250 0.735417 0.231250 0.808333 0.240625 0.831250 0.162500
7 0.433333 0.164062 0.431250 0.165625 0.427083 0.242188 0.512500 0.245312 0.514583 0.164062
7 0.564583 0.185937 0.562500 0.190625 0.562500 0.231250 0.654167 0.256250 0.660417 0.195312
7 0.160417 0.217187 0.160417 0.228125 0.162500 0.229687 0.162500 0.240625 0.164583 0.242188 0.164583 0.254687 0.166667 0.256250 0.166667 0.268750 0.168750 0.270312 0.172917 0.268750 0.225000 0.268750 0.225000 0.221875 0.227083 0.217187
7 0.816667 0.254687 0.766667 0.245312 0.758333 0.287500 0.754167 0.290625 0.752083 0.287500 0.702083 0.287500 0.700000 0.367188 0.793750 0.371875 0.791667 0.304688 0.764583 0.304688 0.758333 0.296875 0.812500 0.296875
7 0.277083 0.257812 0.281250 0.339063 0.366667 0.342187 0.368750 0.267188
7 0.585417 0.267188 0.591667 0.329688 0.593750 0.331250 0.633333 0.332812 0.635417 0.334375 0.654167 0.334375 0.658333 0.335938 0.656250 0.331250 0.654167 0.267188
7 0.160417 0.282813 0.170833 0.343750 0.172917 0.345313 0.233333 0.346875 0.237500 0.348437 0.237500 0.284375 0.229167 0.282813
7 0.437500 0.312500 0.439583 0.375000 0.441667 0.379687 0.443750 0.378125 0.479167 0.378125 0.487500 0.371875 0.497917 0.367188 0.497917 0.320312 0.495833 0.318750 0.485417 0.318750 0.483333 0.317187
8 0.643750 0.375000 0.643750 0.418750 0.645833 0.420312 0.645833 0.425000 0.720833 0.425000 0.718750 0.423438 0.714583 0.376563 0.708333 0.376563 0.706250 0.375000
8 0.845833 0.425000 0.858333 0.425000 0.860417 0.423438 0.870833 0.423438 0.872917 0.421875 0.883333 0.421875 0.885417 0.420312 0.895833 0.420312 0.897917 0.418750 0.920833 0.417188 0.933333 0.412500 0.929167 0.407813 0.929167 0.404687 0.925000 0.400000 0.922917 0.393750 0.856250 0.393750 0.854167 0.395312 0.847917 0.395312 0.847917 0.406250 0.845833 0.407813
8 0.872917 0.446875 0.866667 0.476562 0.870833 0.482812 0.885417 0.479688 0.891667 0.481250 0.891667 0.500000 0.895833 0.512500 0.989583 0.512500 0.983333 0.478125 0.929167 0.476562 0.956250 0.475000 0.952083 0.446875
8 0.435417 0.468750 0.435417 0.481250 0.433333 0.482812 0.431250 0.506250 0.483333 0.506250 0.485417 0.507812 0.491667 0.507812 0.491667 0.468750
8 0.429167 0.517187 0.427083 0.521875 0.427083 0.568750 0.493750 0.568750 0.491667 0.567187 0.491667 0.551562 0.489583 0.550000 0.487500 0.518750 0.481250 0.517187
8 0.437500 0.576563 0.437500 0.617188 0.439583 0.618750 0.439583 0.621875 0.443750 0.620313 0.497917 0.620313 0.497917 0.576563
8 0.670833 0.575000 0.670833 0.606250 0.681250 0.610937 0.712500 0.610937 0.737500 0.601562 0.737500 0.579687 0.733333 0.578125 0.712500 0.578125 0.710417 0.576563 0.689583 0.576563 0.687500 0.575000
8 0.443750 0.625000 0.443750 0.629687 0.441667 0.631250 0.441667 0.635938 0.439583 0.637500 0.439583 0.642187 0.437500 0.643750 0.437500 0.650000 0.435417 0.651563 0.433333 0.662500 0.443750 0.670313 0.454167 0.673437 0.458333 0.676562 0.479167 0.676562 0.483333 0.678125 0.489583 0.668750 0.489583 0.628125 0.485417 0.626562
8 0.956250 0.717188 0.866667 0.720312 0.860417 0.726562 0.812500 0.732813 0.779167 0.764063 0.812500 0.823438 0.927083 0.821875 0.916667 0.798437 0.987500 0.793750 0.987500 0.751562
8 0.977083 0.862500 0.866667 0.873438 0.858333 0.931250 0.908333 0.984375 0.987500 0.984375
8 0.810417 0.907812 0.785417 0.929688 0.785417 0.932813 0.827083 0.987500 0.900000 0.989062 0.881250 0.962500 0.850000 0.934375 0.854167 0.909375