1 0.062500 0.495313 0.062500 0.570312 0.512500 0.556250 0.520833 0.550000 0.508333 0.504687 0.487500 0.504687 0.477083 0.493750 0.293750 0.496875 0.262500 0.478125 0.262500 0.503125 0.356250 0.506250 0.156250 0.507812 0.116667 0.476562 0.089583 0.470313
1 0.858333 0.553125 0.870833 0.681250 0.872917 0.684375 0.925000 0.682813 0.920833 0.575000 0.879167 0.554688
1 0.750000 0.556250 0.014583 0.575000 0.014583 0.751562 0.608333 0.737500 0.627083 0.764063 0.762500 0.762500 0.775000 0.681250
1 0.875000 0.703125 0.875000 0.718750 0.925000 0.718750 0.925000 0.701563 0.879167 0.701563 0.877083 0.703125
1 0.877083 0.739062 0.877083 0.760938 0.927083 0.760938 0.927083 0.742188 0.929167 0.740625 0.925000 0.740625 0.922917 0.739062
2 0.987500 0.218750 0.693750 0.378125 0.647917 0.379687 0.650000 0.392188 0.616667 0.409375 0.618750 0.446875 0.566667 0.435937 0.558333 0.470313 0.650000 0.468750 0.668750 0.495313 0.691667 0.400000 0.718750 0.378125 0.885417 0.395312 0.891667 0.492188 0.841667 0.493750 0.854167 0.545313 0.929167 0.575000 0.933333 0.681250 0.987500 0.679688
2 0.804167 0.407813 0.816667 0.426562 0.837500 0.481250 0.870833 0.479688 0.870833 0.415625 0.872917 0.409375 0.864583 0.407813
2 0.935417 0.704687 0.935417 0.715625 0.977083 0.715625 0.979167 0.717188 0.983333 0.717188 0.983333 0.704687 0.985417 0.703125 0.939583 0.703125 0.937500 0.704687
2 0.985417 0.743750 0.943750 0.745313 0.931250 0.762500 0.891667 0.762500 0.881250 0.767187 0.881250 0.793750 0.891667 0.795313 0.897917 0.893750 0.860417 0.892187 0.854167 0.915625 0.829167 0.945312 0.858333 0.985937 0.952083 0.989062 0.956250 0.959375 0.989583 0.950000
3 0.012500 0.010937 0.016667 0.176563 0.329167 0.373437 0.700000 0.365625 0.985417 0.212500 0.987500 0.010937
3 0.379167 0.378125 0.381250 0.398438 0.441667 0.435937 0.558333 0.435937 0.566667 0.428125 0.566667 0.412500 0.595833 0.414062 0.643750 0.392188 0.641667 0.375000 0.508333 0.371875
3 0.852083 0.985937 0.827083 0.948438 0.772917 0.951563 0.747917 0.935938 0.712500 0.871875 0.681250 0.767187 0.343750 0.775000 0.245833 0.984375
5 0.725000 0.379687 0.689583 0.432813 0.670833 0.551562 0.708333 0.551562 0.716667 0.518750 0.737500 0.517187 0.779167 0.679688 0.754167 0.789062 0.737500 0.764063 0.687500 0.764063 0.750000 0.931250 0.814583 0.945312 0.856250 0.884375 0.889583 0.889063 0.872917 0.739062 0.987500 0.737500 0.985417 0.721875 0.872917 0.721875 0.870833 0.700000 0.987500 0.698438 0.868750 0.684375 0.835417 0.490625 0.885417 0.489062 0.879167 0.401563 0.791667 0.400000 0.762500 0.379687
5 0.612500 0.410937 0.610417 0.410937 0.595833 0.417188 0.572917 0.417188 0.572917 0.432813 0.589583 0.432813 0.595833 0.435937 0.595833 0.439063 0.610417 0.439063 0.612500 0.440625 0.614583 0.440625 0.614583 0.435937 0.616667 0.434375 0.616667 0.431250 0.618750 0.429688 0.616667 0.428125 0.616667 0.417188 0.614583 0.415625
7 0.212500 0.334375 0.216667 0.431250 0.218750 0.434375 0.256250 0.440625 0.254167 0.437500 0.250000 0.346875 0.225000 0.334375
7 0.014583 0.418750 0.014583 0.435937 0.350000 0.460938 0.345833 0.454688
7 0.218750 0.456250 0.218750 0.498437 0.220833 0.500000 0.220833 0.503125 0.256250 0.503125 0.256250 0.460938 0.254167 0.459375 0.243750 0.459375 0.241667 0.457812 0.229167 0.457812 0.227083 0.456250
7 0.206250 0.812500 0.189583 0.817187 0.052083 0.989062 0.077083 0.987500 0.208333 0.829687
8 0.577083 0.017188 0.558333 0.032812 0.558333 0.045313 0.556250 0.046875 0.556250 0.059375 0.554167 0.060938 0.550000 0.101562 0.558333 0.101562 0.560417 0.103125 0.560417 0.095312 0.562500 0.093750 0.564583 0.078125 0.566667 0.076563 0.568750 0.060938 0.570833 0.059375 0.572917 0.043750 0.575000 0.042188 0.575000 0.018750
8 0.285417 0.018750 0.289583 0.025000 0.293750 0.028125 0.297917 0.035937 0.302083 0.039062 0.306250 0.046875 0.310417 0.050000 0.314583 0.057813 0.327083 0.057813 0.329167 0.059375 0.341667 0.059375 0.343750 0.060938 0.356250 0.060938 0.358333 0.062500 0.356250 0.060938 0.356250 0.046875 0.354167 0.045313 0.354167 0.032812 0.352083 0.031250 0.345833 0.031250 0.337500 0.028125 0.331250 0.028125 0.329167 0.026563 0.322917 0.026563 0.320833 0.025000 0.314583 0.025000 0.312500 0.023438 0.306250 0.023438 0.297917 0.020312
8 0.831250 0.018750 0.831250 0.021875 0.829167 0.023438 0.829167 0.028125 0.827083 0.029687 0.827083 0.034375 0.825000 0.035937 0.825000 0.039062 0.822917 0.040625 0.822917 0.045313 0.818750 0.051562 0.818750 0.056250 0.829167 0.056250 0.831250 0.057813 0.843750 0.057813 0.845833 0.059375 0.858333 0.059375 0.860417 0.060938 0.860417 0.057813 0.868750 0.045313 0.870833 0.037500 0.875000 0.032812 0.877083 0.025000 0.868750 0.025000 0.866667 0.023438 0.860417 0.023438 0.858333 0.021875 0.850000 0.021875 0.847917 0.020312 0.841667 0.020312 0.839583 0.018750
8 0.314583 0.070312 0.314583 0.078125 0.316667 0.079687 0.316667 0.089062 0.318750 0.090625 0.318750 0.100000 0.320833 0.101562 0.331250 0.101562 0.333333 0.103125 0.343750 0.103125 0.345833 0.104687 0.358333 0.104687 0.360417 0.106250 0.372917 0.106250 0.375000 0.107813 0.372917 0.106250 0.372917 0.098438 0.370833 0.096875 0.370833 0.090625 0.368750 0.089062 0.368750 0.082813 0.366667 0.081250 0.362500 0.081250 0.360417 0.079687 0.354167 0.079687 0.352083 0.078125 0.347917 0.078125 0.339583 0.075000 0.333333 0.075000 0.331250 0.073437 0.327083 0.073437 0.325000 0.071875
8 0.789583 0.095312 0.789583 0.096875 0.785417 0.101562 0.785417 0.104687 0.783333 0.106250 0.783333 0.107813 0.779167 0.112500 0.779167 0.115625 0.781250 0.117188 0.783333 0.117188 0.785417 0.118750 0.787500 0.118750 0.789583 0.120312 0.791667 0.120312 0.793750 0.121875 0.795833 0.121875 0.797917 0.123438 0.800000 0.123438 0.806250 0.126563 0.806250 0.125000 0.808333 0.123438 0.810417 0.118750 0.814583 0.115625 0.814583 0.114063 0.816667 0.112500 0.816667 0.110937 0.818750 0.109375 0.820833 0.104687 0.818750 0.104687 0.812500 0.101562 0.808333 0.101562 0.806250 0.100000 0.804167 0.100000 0.802083 0.098438 0.800000 0.098438 0.793750 0.095312
8 0.625000 0.107813 0.625000 0.110937 0.622917 0.112500 0.622917 0.117188 0.620833 0.118750 0.620833 0.121875 0.622917 0.121875 0.625000 0.123438 0.627083 0.123438 0.633333 0.126563 0.637500 0.126563 0.643750 0.129688 0.647917 0.129688 0.650000 0.131250 0.652083 0.131250 0.658333 0.134375 0.658333 0.129688 0.660417 0.128125 0.660417 0.123438 0.662500 0.121875 0.662500 0.117188 0.664583 0.115625 0.664583 0.110937 0.656250 0.110937 0.654167 0.112500 0.652083 0.110937 0.643750 0.110937 0.641667 0.109375 0.635417 0.109375 0.633333 0.107813
8 0.016667 0.185937 0.016667 0.257812 0.041667 0.271875 0.070833 0.273438 0.112500 0.293750 0.139583 0.296875 0.154167 0.293750 0.197917 0.295312
8 0.018750 0.353125 0.025000 0.365625 0.210417 0.406250 0.208333 0.400000
8 0.595833 0.501562 0.595833 0.550000 0.597917 0.551562 0.597917 0.556250 0.600000 0.554688 0.666667 0.553125 0.664583 0.550000 0.664583 0.526563 0.670833 0.514063 0.670833 0.501562
8 0.247917 0.748438 0.237500 0.748438 0.014583 0.984375 0.035417 0.989062 0.158333 0.845312 0.197917 0.810938 0.197917 0.793750 0.212500 0.793750
8 0.162500 0.751562 0.143750 0.762500 0.016667 0.875000
8 0.339583 0.776563 0.264583 0.784375 0.245833 0.814062 0.231250 0.817187 0.210417 0.851562 0.208333 0.903125 0.160417 0.971875 0.133333 0.975000 0.120833 0.989062 0.239583 0.989062