1 0.260417 0.014062 0.012500 0.014062 0.014583 0.590625 0.056250 0.620313 0.160417 0.304688 0.143750 0.278125 0.222917 0.059375 0.245833 0.059375
1 0.266667 0.014062 0.254167 0.059375 0.297917 0.060938 0.289583 0.089062 0.545833 0.098438 0.537500 0.085938 0.545833 0.073437 0.547917 0.015625
1 0.295833 0.093750 0.229167 0.298438 0.172917 0.301562 0.091667 0.590625 0.070833 0.590625 0.056250 0.632812 0.018750 0.632812 0.018750 0.846875 0.093750 0.845312
1 0.387500 0.096875 0.304167 0.095312 0.100000 0.848437 0.275000 0.850000 0.343750 0.470313 0.325000 0.426562 0.358333 0.385938 0.347917 0.304688 0.375000 0.250000 0.375000 0.179688 0.400000 0.179688 0.402083 0.162500 0.370833 0.165625
1 0.016667 0.600000 0.016667 0.625000 0.033333 0.625000 0.035417 0.623438 0.050000 0.623438 0.018750 0.600000
1 0.352083 0.665625 0.314583 0.665625 0.281250 0.848437 0.331250 0.851562 0.335417 0.806250 0.297917 0.804688 0.295833 0.792188 0.312500 0.790625 0.335417 0.795313 0.335417 0.784375 0.300000 0.784375 0.297917 0.771875 0.339583 0.768750
1 0.018750 0.854688 0.016667 0.989062 0.870833 0.982813 0.866667 0.968750 0.541667 0.945312 0.529167 0.931250 0.529167 0.860937
2 0.985417 0.589063 0.900000 0.653125 0.770833 0.646875 0.750000 0.670313 0.743750 0.696875 0.708333 0.706250 0.708333 0.748438 0.825000 0.748438 0.835417 0.785937 0.891667 0.798437 0.885417 0.828125 0.900000 0.843750 0.895833 0.884375 0.914583 0.896875 0.918750 0.939062 0.952083 0.953125 0.987500 0.940625
3 0.554167 0.012500 0.545833 0.206250 0.668750 0.209375 0.675000 0.201562 0.683333 0.210938 0.808333 0.215625 0.881250 0.048437 0.864583 0.021875 0.827083 0.110937 0.808333 0.101562 0.822917 0.046875 0.839583 0.039062 0.572917 0.034375 0.568750 0.101562 0.566667 0.034375 0.597917 0.015625
3 0.960417 0.014062 0.887500 0.014062 0.872917 0.021875 0.889583 0.048437 0.814583 0.217187 0.825000 0.237500 0.791667 0.307813 0.766667 0.310937 0.737500 0.357812 0.745833 0.415625 0.758333 0.415625
3 0.437500 0.100000 0.337500 0.853125 0.529167 0.854688 0.533333 0.812500 0.614583 0.807813 0.631250 0.748438 0.704167 0.751562 0.702083 0.701563 0.589583 0.651563 0.595833 0.590625 0.612500 0.589063 0.608333 0.459375 0.522917 0.420312 0.539583 0.289062 0.560417 0.289062 0.566667 0.270312 0.537500 0.206250 0.547917 0.121875 0.533333 0.103125
3 0.652083 0.354688 0.666667 0.517187 0.639583 0.637500 0.889583 0.646875 0.972917 0.585938 0.964583 0.570312 0.683333 0.557813 0.685417 0.581250 0.650000 0.623438 0.739583 0.426562 0.733333 0.360938 0.670833 0.357812 0.672917 0.545313
5 0.604167 0.590625 0.595833 0.650000 0.702083 0.695312 0.720833 0.696875 0.725000 0.689062 0.716667 0.654688 0.710417 0.653125 0.712500 0.645312 0.700000 0.645312 0.687500 0.671875 0.693750 0.675000 0.691667 0.687500 0.643750 0.668750 0.656250 0.659375 0.683333 0.670313 0.654167 0.657812 0.654167 0.645312 0.641667 0.645312 0.637500 0.651563 0.604167 0.639063 0.608333 0.631250 0.635417 0.631250 0.602083 0.628125 0.606250 0.610937 0.629167 0.615625 0.608333 0.607813 0.610417 0.600000 0.625000 0.604688 0.622917 0.592188
7 0.145833 0.037500 0.143750 0.039062 0.143750 0.040625 0.141667 0.042188 0.141667 0.043750 0.139583 0.045313 0.139583 0.053125 0.141667 0.054688 0.141667 0.059375 0.143750 0.060938 0.143750 0.065625 0.145833 0.067188 0.145833 0.071875 0.150000 0.071875 0.154167 0.068750 0.154167 0.065625 0.156250 0.064062 0.156250 0.060938 0.158333 0.059375 0.156250 0.057813 0.156250 0.054688 0.154167 0.053125 0.154167 0.048437 0.152083 0.046875 0.152083 0.042188 0.150000 0.040625 0.150000 0.037500
7 0.716667 0.492188 0.987500 0.496875 0.989583 0.426562 0.750000 0.421875
7 0.685417 0.556250 0.970833 0.567187 0.989583 0.546875 0.989583 0.501562 0.716667 0.496875
8 0.985417 0.017188 0.968750 0.020312 0.927083 0.110937 0.952083 0.110937 0.954167 0.112500 0.981250 0.112500 0.985417 0.114063
8 0.287500 0.065625 0.227083 0.064062 0.150000 0.285937 0.152083 0.293750 0.225000 0.295312
8 0.920833 0.117188 0.881250 0.204688 0.987500 0.220313 0.989583 0.121875
8 0.875000 0.207813 0.831250 0.284375 0.972917 0.298438 0.985417 0.287500 0.985417 0.223438
8 0.556250 0.210938 0.554167 0.231250 0.572917 0.253125 0.564583 0.303125 0.568750 0.350000 0.741667 0.351562 0.760417 0.310937 0.737500 0.312500 0.731250 0.295312 0.750000 0.273438 0.739583 0.254687 0.745833 0.251563 0.741667 0.242188 0.756250 0.218750 0.614583 0.212500 0.600000 0.218750
8 0.806250 0.221875 0.777083 0.221875 0.760417 0.225000 0.750000 0.242188 0.756250 0.253125 0.750000 0.254687 0.750000 0.262500 0.758333 0.275000 0.747917 0.282813 0.737500 0.295312 0.743750 0.306250 0.772917 0.306250 0.787500 0.303125 0.808333 0.248437 0.816667 0.232812
8 0.827083 0.287500 0.804167 0.334375 0.812500 0.339063 0.802083 0.343750 0.768750 0.406250 0.900000 0.418750 0.933333 0.360938 0.820833 0.342187 0.935417 0.357812 0.970833 0.303125
8 0.983333 0.328125 0.958333 0.364062 0.954167 0.367188 0.945833 0.381250 0.941667 0.384375 0.933333 0.398438 0.972917 0.401563 0.975000 0.403125 0.987500 0.403125 0.989583 0.404687 0.987500 0.401563 0.987500 0.376563 0.985417 0.375000
8 0.602083 0.387500 0.600000 0.393750 0.589583 0.396875 0.587500 0.439063 0.604167 0.453125 0.616667 0.454688 0.618750 0.496875 0.633333 0.492188 0.637500 0.518750 0.633333 0.520312 0.631250 0.598437 0.641667 0.598437 0.654167 0.585938 0.660417 0.521875 0.652083 0.518750 0.650000 0.512500 0.652083 0.387500 0.620833 0.389062 0.618750 0.393750
8 0.316667 0.620313 0.316667 0.631250 0.314583 0.632812 0.314583 0.642187 0.312500 0.643750 0.312500 0.660937 0.347917 0.660937 0.350000 0.662500 0.354167 0.662500 0.354167 0.651563 0.356250 0.650000 0.356250 0.637500 0.358333 0.635938 0.358333 0.623438 0.356250 0.621875 0.337500 0.621875 0.335417 0.620313
8 0.629167 0.762500 0.627083 0.807813 0.816667 0.814062 0.816667 0.806250 0.829167 0.795313 0.822917 0.756250 0.635417 0.757812
8 0.537500 0.887500 0.539583 0.928125 0.625000 0.925000 0.631250 0.946875 0.643750 0.928125 0.743750 0.931250 0.743750 0.951563 0.760417 0.932813 0.870833 0.935938 0.875000 0.946875 0.779167 0.945312 0.860417 0.948438 0.856250 0.956250 0.762500 0.953125 0.847917 0.957812 0.854167 0.965625 0.925000 0.962500 0.925000 0.954687 0.891667 0.946875 0.902083 0.923437 0.885417 0.900000 0.743750 0.898438 0.750000 0.889063 0.868750 0.890625 0.554167 0.876562