1 0.014583 0.015625 0.014583 0.201562 0.229167 0.203125 0.291667 0.178125 0.295833 0.159375 0.747917 0.160938 0.735417 0.082813 0.372917 0.067188 0.354167 0.012500
1 0.012500 0.207813 0.016667 0.987500 0.189583 0.989062 0.225000 0.212500
2 0.987500 0.173438 0.860417 0.175000 0.864583 0.803125 0.885417 0.782812 0.987500 0.779688
3 0.989583 0.079687 0.987500 0.010937 0.354167 0.017188 0.372917 0.065625
3 0.295833 0.160938 0.283333 0.887500 0.314583 0.890625 0.262500 0.982813 0.989583 0.987500 0.985417 0.817187 0.860417 0.804688 0.850000 0.173438
8 0.743750 0.082813 0.743750 0.095312 0.745833 0.096875 0.745833 0.107813 0.747917 0.109375 0.754167 0.164062 0.756250 0.165625 0.777083 0.165625 0.787500 0.148438 0.791667 0.145313 0.791667 0.142188 0.781250 0.142188 0.777083 0.137500 0.772917 0.079687
8 0.858333 0.087500 0.854167 0.087500 0.852083 0.085938 0.847917 0.085938 0.845833 0.084375 0.835417 0.082813 0.825000 0.098438 0.820833 0.101562 0.814583 0.112500 0.810417 0.115625 0.804167 0.126563 0.812500 0.126563 0.814583 0.128125 0.825000 0.128125 0.827083 0.129688 0.829167 0.125000 0.833333 0.121875 0.835417 0.117188 0.839583 0.114063 0.843750 0.106250 0.847917 0.103125 0.850000 0.098438 0.854167 0.095312
8 0.916667 0.084375 0.914583 0.084375 0.910417 0.090625 0.910417 0.093750 0.904167 0.101562 0.904167 0.104687 0.897917 0.112500 0.897917 0.115625 0.889583 0.126563 0.889583 0.129688 0.902083 0.134375 0.906250 0.128125 0.912500 0.123438 0.912500 0.121875 0.916667 0.118750 0.920833 0.112500 0.927083 0.107813 0.927083 0.106250 0.939583 0.093750 0.939583 0.092188 0.922917 0.085938 0.918750 0.085938
8 0.981250 0.098438 0.952083 0.087500 0.920833 0.135937 0.927083 0.135937 0.929167 0.137500 0.939583 0.137500 0.941667 0.139062 0.941667 0.137500 0.956250 0.125000 0.956250 0.123438 0.962500 0.118750 0.962500 0.117188 0.968750 0.112500 0.968750 0.110937 0.977083 0.104687
8 0.831250 0.139062 0.829167 0.139062 0.827083 0.137500 0.825000 0.137500 0.822917 0.135937 0.820833 0.135937 0.818750 0.134375 0.816667 0.134375 0.814583 0.132812 0.808333 0.131250 0.808333 0.132812 0.806250 0.134375 0.806250 0.135937 0.800000 0.143750 0.800000 0.146875 0.797917 0.148438 0.797917 0.150000 0.795833 0.151562 0.795833 0.153125 0.789583 0.160938 0.789583 0.164062 0.787500 0.165625 0.787500 0.167187 0.808333 0.167187 0.808333 0.165625 0.812500 0.162500 0.812500 0.160938 0.816667 0.157813 0.816667 0.156250 0.820833 0.153125 0.820833 0.151562 0.829167 0.143750
8 0.910417 0.145313 0.906250 0.145313 0.904167 0.143750 0.900000 0.143750 0.897917 0.142188 0.893750 0.142188 0.891667 0.140625 0.885417 0.140625 0.883333 0.139062 0.879167 0.139062 0.877083 0.140625 0.875000 0.145313 0.866667 0.153125 0.864583 0.157813 0.856250 0.165625 0.854167 0.170312 0.866667 0.170312 0.868750 0.171875 0.883333 0.171875 0.885417 0.173438 0.885417 0.171875 0.895833 0.162500 0.895833 0.160938 0.902083 0.156250 0.902083 0.154687 0.906250 0.151562 0.906250 0.150000 0.910417 0.146875
8 0.397917 0.182812 0.395833 0.184375 0.395833 0.209375 0.420833 0.209375 0.422917 0.210938 0.425000 0.210938 0.425000 0.209375 0.422917 0.207813 0.422917 0.185937 0.420833 0.184375 0.408333 0.184375 0.406250 0.182812
8 0.393750 0.262500 0.393750 0.287500 0.422917 0.287500 0.422917 0.262500
8 0.395833 0.375000 0.395833 0.376563 0.393750 0.378125 0.393750 0.406250 0.425000 0.406250 0.425000 0.375000
8 0.668750 0.375000 0.666667 0.376563 0.664583 0.376563 0.664583 0.389062 0.662500 0.390625 0.662500 0.401563 0.664583 0.401563 0.666667 0.403125 0.672917 0.403125 0.675000 0.404687 0.679167 0.404687 0.681250 0.406250 0.685417 0.406250 0.687500 0.407813 0.687500 0.398438 0.689583 0.396875 0.689583 0.387500 0.691667 0.385938 0.691667 0.375000
8 0.600000 0.384375 0.597917 0.385938 0.597917 0.400000 0.595833 0.401563 0.595833 0.414062 0.625000 0.414062 0.625000 0.387500 0.622917 0.385938 0.610417 0.385938 0.608333 0.384375
8 0.393750 0.439063 0.393750 0.450000 0.395833 0.451562 0.395833 0.465625 0.397917 0.467187 0.406250 0.467187 0.408333 0.468750 0.420833 0.468750 0.422917 0.470313 0.422917 0.442187 0.425000 0.440625 0.425000 0.439063
8 0.393750 0.496875 0.393750 0.506250 0.395833 0.507812 0.395833 0.518750 0.397917 0.520312 0.400000 0.518750 0.420833 0.518750 0.420833 0.498437 0.418750 0.498437 0.416667 0.496875