1 0.018750 0.218750 0.018750 0.325000 0.497917 0.337500 0.489583 0.298438 0.456250 0.293750 0.462500 0.248437 0.506250 0.264062 0.497917 0.245312
1 0.697917 0.278125 0.691667 0.278125 0.689583 0.279687 0.679167 0.279687 0.679167 0.282813 0.677083 0.284375 0.677083 0.318750 0.679167 0.318750 0.681250 0.317187 0.687500 0.315625 0.687500 0.310937 0.689583 0.309375 0.689583 0.304688 0.691667 0.303125 0.691667 0.296875 0.693750 0.295312 0.693750 0.290625 0.695833 0.289062 0.695833 0.284375 0.697917 0.282813
1 0.016667 0.329688 0.018750 0.395312 0.129167 0.401563 0.125000 0.385938 0.110417 0.354688 0.112500 0.342187 0.110417 0.332812
1 0.329167 0.339063 0.231250 0.335938 0.229167 0.373437 0.175000 0.376563 0.170833 0.335938 0.150000 0.398438 0.191667 0.398438 0.260417 0.559375 0.172917 0.567187 0.295833 0.565625 0.166667 0.575000 0.154167 0.553125 0.018750 0.546875 0.016667 0.987500 0.156250 0.987500 0.158333 0.960938 0.054167 0.953125 0.072917 0.806250 0.195833 0.807813 0.197917 0.853125 0.485417 0.848437 0.320833 0.834375 0.318750 0.795313 0.137500 0.796875 0.158333 0.659375 0.220833 0.701563 0.335417 0.696875 0.325000 0.618750 0.350000 0.615625 0.358333 0.550000 0.312500 0.532812
1 0.166667 0.670313 0.152083 0.792188 0.222917 0.787500 0.227083 0.718750 0.183333 0.681250
2 0.893750 0.014062 0.908333 0.106250 0.989583 0.104687 0.989583 0.014062
2 0.677083 0.134375 0.677083 0.135937 0.695833 0.135937 0.697917 0.137500 0.718750 0.137500 0.720833 0.139062 0.741667 0.139062 0.743750 0.140625 0.764583 0.140625 0.768750 0.142188 0.766667 0.140625 0.766667 0.137500 0.764583 0.135937 0.756250 0.114063 0.697917 0.114063
2 0.681250 0.181250 0.697917 0.259375 0.706250 0.262500 0.754167 0.260938 0.706250 0.254687 0.700000 0.245312 0.697917 0.229687 0.731250 0.184375
2 0.916667 0.400000 0.935417 0.456250 0.937500 0.457812 0.983333 0.462500 0.985417 0.464063 0.985417 0.398438 0.979167 0.396875 0.925000 0.396875
2 0.675000 0.503125 0.716667 0.512500 0.714583 0.523438 0.691667 0.525000 0.695833 0.548437 0.775000 0.557813 0.768750 0.575000 0.697917 0.562500 0.700000 0.601562 0.870833 0.596875 0.868750 0.604688 0.985417 0.607813 0.987500 0.479688 0.791667 0.476562 0.779167 0.481250 0.827083 0.484375 0.831250 0.500000
2 0.985417 0.685938 0.981250 0.623438 0.793750 0.629687 0.806250 0.635938 0.816667 0.650000 0.845833 0.675000 0.854167 0.692187
2 0.689583 0.631250 0.689583 0.637500 0.691667 0.639063 0.700000 0.639063 0.702083 0.640625 0.710417 0.640625 0.712500 0.642187 0.722917 0.642187 0.725000 0.643750 0.733333 0.643750 0.735417 0.645312 0.745833 0.645312 0.747917 0.646875 0.747917 0.645312 0.745833 0.643750 0.745833 0.628125 0.704167 0.628125 0.702083 0.629687 0.697917 0.629687 0.695833 0.631250
2 0.664583 0.656250 0.664583 0.706250 0.668750 0.734375 0.675000 0.748438 0.681250 0.751562 0.714583 0.746875 0.722917 0.723437 0.731250 0.718750 0.737500 0.709375 0.752083 0.704687 0.750000 0.659375
2 0.570833 0.660937 0.581250 0.676562 0.597917 0.676562 0.600000 0.678125 0.618750 0.678125 0.620833 0.679688 0.625000 0.679688 0.639583 0.689062 0.639583 0.678125 0.641667 0.676562 0.641667 0.662500 0.629167 0.662500 0.627083 0.660937 0.614583 0.660937 0.612500 0.659375 0.587500 0.659375 0.585417 0.660937
2 0.433333 0.712500 0.410417 0.773438 0.412500 0.789062 0.506250 0.781250 0.516667 0.839063 0.489583 0.840625 0.560417 0.859375 0.562500 0.871875 0.602083 0.871875 0.575000 0.840625 0.572917 0.778125 0.585417 0.770312 0.645833 0.756250 0.641667 0.710938 0.533333 0.701563 0.527083 0.710938
2 0.983333 0.706250 0.862500 0.714063 0.854167 0.720312 0.858333 0.768750 0.943750 0.775000 0.954167 0.782812 0.939583 0.796875 0.856250 0.782812 0.852083 0.801562 0.870833 0.856250 0.987500 0.865625
2 0.743750 0.773438 0.745833 0.795313 0.752083 0.810938 0.781250 0.831250 0.785417 0.831250 0.793750 0.839063 0.793750 0.848437 0.766667 0.850000 0.768750 0.854688 0.825000 0.853125 0.847917 0.856250 0.827083 0.818750 0.791667 0.776563
2 0.633333 0.879687 0.641667 0.889063 0.720833 0.884375 0.812500 0.906250 0.814583 0.925000 0.777083 0.932813 0.783333 0.985937 0.989583 0.989062 0.983333 0.889063 0.812500 0.868750 0.735417 0.876562 0.718750 0.865625
3 0.341667 0.621875 0.341667 0.665625 0.350000 0.701563 0.514583 0.701563 0.518750 0.698438 0.514583 0.693750 0.458333 0.695312 0.458333 0.675000 0.462500 0.671875 0.504167 0.662500 0.491667 0.637500 0.468750 0.635938 0.472917 0.618750
3 0.504167 0.789062 0.333333 0.795313 0.329167 0.800000 0.329167 0.828125 0.456250 0.825000 0.508333 0.839063
3 0.804167 0.918750 0.708333 0.890625 0.310417 0.910937 0.308333 0.928125 0.250000 0.935938 0.279167 0.984375 0.227083 0.925000 0.304167 0.923437 0.306250 0.896875 0.629167 0.889063 0.504167 0.848437 0.243750 0.856250 0.143750 0.900000 0.143750 0.957812 0.168750 0.960938 0.166667 0.990625 0.770833 0.989062 0.768750 0.928125
5 0.629167 0.179688 0.650000 0.317187 0.664583 0.320312 0.668750 0.275000 0.706250 0.275000 0.666667 0.465625 0.989583 0.475000 0.929167 0.462500 0.906250 0.412500 0.914583 0.459375 0.802083 0.460938 0.850000 0.442187 0.860417 0.418750 0.887500 0.434375 0.908333 0.393750 0.987500 0.392188 0.925000 0.385938 0.947917 0.290625 0.985417 0.265625 0.925000 0.257812 0.860417 0.218750 0.862500 0.203125 0.985417 0.198437 0.745833 0.185937 0.750000 0.204688 0.825000 0.242188 0.818750 0.267188 0.706250 0.268750 0.683333 0.259375 0.664583 0.184375
5 0.516667 0.256250 0.512500 0.275000 0.514583 0.320312 0.510417 0.320312 0.500000 0.296875 0.502083 0.343750 0.510417 0.348437 0.562500 0.357812 0.560417 0.342187 0.525000 0.343750 0.518750 0.337500 0.518750 0.328125 0.525000 0.339063 0.562500 0.337500 0.543750 0.254687
5 0.508333 0.401563 0.500000 0.415625 0.504167 0.471875 0.506250 0.475000 0.558333 0.475000 0.552083 0.479688 0.529167 0.518750 0.562500 0.523438 0.577083 0.478125 0.564583 0.409375
5 0.458333 0.412500 0.456250 0.414062 0.456250 0.429688 0.454167 0.431250 0.454167 0.446875 0.452083 0.448438 0.452083 0.462500 0.454167 0.460938 0.485417 0.460938 0.483333 0.459375 0.483333 0.451562 0.481250 0.450000 0.481250 0.440625 0.479167 0.439063 0.479167 0.431250 0.477083 0.429688 0.477083 0.420312 0.475000 0.418750 0.475000 0.412500
5 0.585417 0.492188 0.577083 0.551562 0.518750 0.554688 0.514583 0.623438 0.493750 0.606250 0.475000 0.632812 0.512500 0.665625 0.466667 0.693750 0.641667 0.701563 0.522917 0.664062 0.518750 0.640625 0.643750 0.648438 0.620833 0.612500 0.664583 0.610937 0.666667 0.762500 0.581250 0.773438 0.595833 0.864062 0.987500 0.884375 0.860417 0.862500 0.850000 0.776563 0.943750 0.785937 0.847917 0.775000 0.843750 0.718750 0.985417 0.695312 0.850000 0.700000 0.766667 0.626562 0.970833 0.612500 0.672917 0.625000 0.858333 0.606250 0.683333 0.595312 0.691667 0.554688 0.764583 0.559375 0.689583 0.553125 0.668750 0.493750 0.825000 0.490625
5 0.460417 0.503125 0.458333 0.504687 0.458333 0.551562 0.460417 0.553125 0.460417 0.556250 0.487500 0.554688 0.487500 0.507812 0.489583 0.506250 0.489583 0.503125
5 0.662500 0.648438 0.679167 0.648438 0.681250 0.650000 0.702083 0.650000 0.704167 0.651563 0.725000 0.651563 0.727083 0.653125 0.747917 0.653125 0.752083 0.654688 0.750000 0.651563 0.745833 0.650000 0.725000 0.650000 0.722917 0.648438 0.702083 0.648438 0.700000 0.646875 0.681250 0.646875 0.675000 0.637500 0.672917 0.637500 0.664583 0.643750 0.664583 0.646875
6 0.604167 0.017188 0.543750 0.146875 0.568750 0.367188 0.610417 0.378125 0.608333 0.403125 0.577083 0.406250 0.587500 0.485938 0.654167 0.368750 0.650000 0.340625 0.683333 0.343750 0.687500 0.329688 0.647917 0.323438 0.625000 0.178125 0.745833 0.170312 0.627083 0.175000 0.620833 0.157813 0.756250 0.162500 0.766667 0.148438 0.625000 0.137500
7 0.118750 0.332812 0.116667 0.359375 0.129167 0.404687 0.016667 0.401563 0.018750 0.540625 0.247917 0.553125 0.185417 0.406250 0.131250 0.403125 0.145833 0.387500 0.160417 0.339063
7 0.220833 0.332812 0.212500 0.332812 0.210417 0.334375 0.204167 0.334375 0.202083 0.335938 0.193750 0.335938 0.191667 0.337500 0.185417 0.337500 0.183333 0.339063 0.175000 0.339063 0.175000 0.345313 0.177083 0.346875 0.177083 0.354688 0.179167 0.356250 0.179167 0.362500 0.181250 0.364062 0.181250 0.370313 0.200000 0.370313 0.202083 0.368750 0.218750 0.368750 0.218750 0.335938 0.220833 0.334375
7 0.077083 0.817187 0.060417 0.950000 0.135417 0.950000 0.141667 0.896875 0.208333 0.862500 0.181250 0.860937 0.185417 0.818750
8 0.014583 0.015625 0.016667 0.210938 0.545833 0.248437 0.531250 0.150000 0.602083 0.015625
8 0.608333 0.015625 0.631250 0.134375 0.666667 0.135937 0.681250 0.110937 0.664583 0.104687 0.641667 0.015625
8 0.989583 0.128125 0.975000 0.132812 0.968750 0.137500 0.966667 0.142188 0.945833 0.165625 0.931250 0.185937 0.952083 0.189063 0.954167 0.190625 0.960417 0.190625 0.962500 0.192188 0.968750 0.192188 0.970833 0.193750 0.977083 0.193750 0.979167 0.195312 0.985417 0.195312 0.987500 0.196875 0.987500 0.134375 0.989583 0.132812
8 0.987500 0.289062 0.985417 0.289062 0.983333 0.290625 0.981250 0.290625 0.979167 0.292188 0.977083 0.292188 0.975000 0.293750 0.968750 0.295312 0.968750 0.298438 0.966667 0.300000 0.966667 0.334375 0.970833 0.334375 0.972917 0.332812 0.979167 0.332812 0.981250 0.331250 0.985417 0.331250 0.985417 0.292188 0.987500 0.290625
8 0.556250 0.376563 0.556250 0.401563 0.600000 0.401563 0.602083 0.403125 0.606250 0.403125 0.606250 0.398438 0.608333 0.396875 0.608333 0.379687 0.600000 0.379687 0.597917 0.378125 0.579167 0.378125 0.577083 0.376563
8 0.477083 0.384375 0.356250 0.392188 0.370833 0.498437 0.487500 0.490625 0.479167 0.467187 0.441667 0.464063 0.447917 0.401563 0.452083 0.398438 0.477083 0.409375