1 0.281250 0.214062 0.256250 0.212500 0.241667 0.304688 0.227083 0.306250 0.220833 0.350000 0.233333 0.354688 0.220833 0.456250 0.191667 0.456250 0.187500 0.431250 0.172917 0.437500 0.170833 0.470313 0.202083 0.540625 0.302083 0.532812 0.302083 0.510938 0.312500 0.503125 0.312500 0.487500 0.297917 0.490625 0.293750 0.478125 0.318750 0.456250 0.325000 0.429688 0.308333 0.401563 0.320833 0.365625 0.308333 0.317187 0.320833 0.310937 0.331250 0.276563 0.312500 0.234375
1 0.310417 0.545313 0.068750 0.559375 0.085417 0.601562 0.043750 0.557813 0.016667 0.559375 0.014583 0.959375 0.112500 0.953125 0.110417 0.987500 0.295833 0.987500 0.295833 0.946875 0.318750 0.934375 0.020833 0.942187 0.058333 0.717188 0.308333 0.707812 0.312500 0.681250 0.281250 0.654688 0.304167 0.645312 0.297917 0.582812 0.177083 0.582812 0.312500 0.578125 0.345833 0.562500
1 0.066667 0.720312 0.179167 0.801562 0.462500 0.792188 0.487500 0.770312 0.339583 0.770312 0.331250 0.760938 0.312500 0.757812 0.322917 0.714063 0.310417 0.710938
1 0.068750 0.735937 0.037500 0.931250 0.170833 0.928125 0.179167 0.815625
2 0.835417 0.087500 0.856250 0.170312 0.931250 0.187500 0.927083 0.201562 0.850000 0.190625 0.843750 0.204688 0.847917 0.214062 0.985417 0.221875 0.987500 0.090625 0.958333 0.095312 0.952083 0.114063
2 0.731250 0.178125 0.727083 0.184375 0.727083 0.192188 0.725000 0.193750 0.725000 0.215625 0.727083 0.217187 0.727083 0.223438 0.739583 0.221875 0.747917 0.218750 0.779167 0.218750 0.775000 0.212500 0.775000 0.207813 0.772917 0.206250 0.772917 0.201562 0.770833 0.200000 0.770833 0.195312 0.766667 0.189063 0.764583 0.179688 0.760417 0.178125
2 0.800000 0.296875 0.841667 0.303125 0.843750 0.284375 0.854167 0.267188 0.877083 0.251563 0.887500 0.246875 0.970833 0.237500 0.825000 0.234375 0.812500 0.251563 0.808333 0.262500 0.808333 0.279687 0.802083 0.285937
2 0.764583 0.237500 0.762500 0.239063 0.758333 0.239063 0.756250 0.240625 0.752083 0.240625 0.737500 0.245312 0.737500 0.253125 0.739583 0.254687 0.741667 0.271875 0.743750 0.273438 0.743750 0.282813 0.739583 0.287500 0.739583 0.290625 0.752083 0.292188 0.754167 0.293750 0.760417 0.293750 0.762500 0.295312 0.768750 0.295312 0.770833 0.296875 0.777083 0.296875 0.779167 0.298438 0.777083 0.296875 0.777083 0.285937 0.775000 0.284375 0.775000 0.273438 0.772917 0.271875 0.772917 0.260938 0.770833 0.259375 0.768750 0.237500
2 0.952083 0.267188 0.939583 0.267188 0.937500 0.268750 0.918750 0.268750 0.916667 0.270312 0.897917 0.270312 0.885417 0.275000 0.877083 0.285937 0.877083 0.290625 0.875000 0.292188 0.875000 0.303125 0.883333 0.298438 0.889583 0.296875 0.900000 0.290625 0.906250 0.289062 0.916667 0.282813 0.922917 0.281250 0.933333 0.275000 0.939583 0.273438 0.950000 0.267188
2 0.843750 0.321875 0.710417 0.307813 0.681250 0.312500 0.666667 0.304688 0.566667 0.529688 0.583333 0.568750 0.652083 0.567187 0.645833 0.542188 0.654167 0.534375 0.741667 0.517187 0.716667 0.400000 0.718750 0.365625 0.754167 0.340625 0.837500 0.332812
2 0.760417 0.360938 0.745833 0.371875 0.745833 0.426562 0.766667 0.512500 0.868750 0.507812 0.881250 0.495313 0.845833 0.359375
2 0.981250 0.568750 0.852083 0.546875 0.706250 0.575000 0.727083 0.578125 0.720833 0.598437 0.700000 0.600000 0.706250 0.629687 0.737500 0.656250 0.691667 0.681250 0.685417 0.729688 0.627083 0.751562 0.643750 0.767187 0.625000 0.778125 0.497917 0.768750 0.460417 0.800000 0.437500 0.898438 0.491667 0.917188 0.591667 0.920313 0.589583 0.981250 0.989583 0.987500
3 0.343750 0.760938 0.606250 0.767187 0.710417 0.654688 0.693750 0.578125 0.337500 0.578125
3 0.450000 0.793750 0.289583 0.800000 0.287500 0.820312 0.345833 0.890625 0.425000 0.892187 0.450000 0.820312
3 0.591667 0.929688 0.564583 0.929688 0.558333 0.923437 0.304167 0.945312 0.293750 0.985937 0.560417 0.987500 0.560417 0.940625 0.591667 0.937500
5 0.987500 0.010937 0.916667 0.014062 0.927083 0.029687 0.933333 0.031250 0.912500 0.085938 0.831250 0.071875 0.827083 0.076563 0.945833 0.104687 0.947917 0.095312 0.916667 0.089062 0.989583 0.085938
5 0.570833 0.015625 0.579167 0.040625 0.583333 0.046875 0.593750 0.053125 0.679167 0.045313 0.681250 0.054688 0.683333 0.054688 0.697917 0.043750 0.720833 0.037500 0.708333 0.015625
5 0.700000 0.048437 0.677083 0.073437 0.662500 0.167187 0.585417 0.167187 0.572917 0.184375 0.579167 0.287500 0.593750 0.301562 0.675000 0.290625 0.679167 0.306250 0.845833 0.315625 0.787500 0.300000 0.795833 0.273438 0.783333 0.304688 0.729167 0.295312 0.727083 0.235938 0.775000 0.231250 0.783333 0.275000 0.825000 0.229687 0.987500 0.228125 0.841667 0.220313 0.847917 0.185937 0.927083 0.190625 0.847917 0.178125 0.822917 0.087500 0.770833 0.162500 0.785417 0.220313 0.720833 0.231250 0.720833 0.173438 0.766667 0.171875 0.670833 0.153125 0.679167 0.082813 0.727083 0.057813
5 0.835417 0.054688 0.906250 0.054688 0.908333 0.056250 0.916667 0.056250 0.916667 0.053125 0.920833 0.046875 0.918750 0.045313 0.879167 0.045313 0.877083 0.043750 0.841667 0.043750
5 0.987500 0.246875 0.885417 0.257812 0.850000 0.295312 0.843750 0.337500 0.752083 0.348437 0.727083 0.370313 0.729167 0.440625 0.762500 0.517187 0.737500 0.370313 0.758333 0.351562 0.854167 0.353125 0.883333 0.509375 0.660417 0.540625 0.660417 0.567187 0.850000 0.540625 0.987500 0.562500 0.987500 0.550000 0.922917 0.535937 0.937500 0.523438 0.987500 0.525000 0.985417 0.506250 0.931250 0.500000 0.989583 0.481250
6 0.854167 0.010937 0.716667 0.012500 0.768750 0.157813 0.779167 0.159375
6 0.616667 0.307813 0.508333 0.321875 0.518750 0.365625 0.483333 0.500000 0.577083 0.500000 0.627083 0.373437
7 0.225000 0.014062 0.204167 0.014062 0.204167 0.023438 0.206250 0.025000 0.206250 0.034375 0.208333 0.035937 0.208333 0.046875 0.210417 0.048437 0.210417 0.059375 0.214583 0.059375 0.216667 0.057813 0.220833 0.057813 0.222917 0.056250 0.227083 0.056250 0.227083 0.053125 0.225000 0.051562
7 0.179167 0.123438 0.181250 0.142188 0.183333 0.143750 0.185417 0.162500 0.187500 0.164062 0.185417 0.167187 0.185417 0.193750 0.189583 0.192188 0.225000 0.192188 0.225000 0.146875 0.214583 0.132812
7 0.012500 0.143750 0.016667 0.551562 0.200000 0.551562 0.143750 0.432813 0.181250 0.429688 0.191667 0.420312 0.191667 0.382812 0.177083 0.362500 0.141667 0.362500 0.141667 0.428125
7 0.077083 0.148438 0.075000 0.151562 0.075000 0.187500 0.079167 0.195312 0.089583 0.237500 0.141667 0.243750 0.141667 0.179688 0.127083 0.150000 0.120833 0.148438
7 0.247917 0.214062 0.231250 0.214062 0.229167 0.215625 0.229167 0.243750 0.227083 0.245312 0.225000 0.298438 0.237500 0.298438 0.239583 0.276563 0.241667 0.275000 0.241667 0.264062 0.243750 0.262500 0.243750 0.251563 0.245833 0.250000 0.247917 0.228125 0.250000 0.226562 0.250000 0.215625
7 0.204167 0.351562 0.204167 0.359375 0.202083 0.360938 0.202083 0.453125 0.218750 0.453125 0.222917 0.395312 0.225000 0.393750 0.227083 0.356250 0.229167 0.354688 0.227083 0.353125
7 0.089583 0.831250 0.089583 0.840625 0.091667 0.842188 0.091667 0.843750 0.093750 0.845312 0.093750 0.846875 0.095833 0.848437 0.095833 0.850000 0.097917 0.851562 0.097917 0.853125 0.100000 0.854688 0.116667 0.854688 0.116667 0.831250
7 0.133333 0.842188 0.131250 0.843750 0.131250 0.845312 0.127083 0.850000 0.127083 0.865625 0.129167 0.867188 0.129167 0.871875 0.131250 0.873438 0.133333 0.871875 0.154167 0.871875 0.154167 0.867188 0.156250 0.865625 0.156250 0.862500 0.158333 0.860937 0.158333 0.853125 0.156250 0.851562 0.156250 0.850000 0.154167 0.848437 0.154167 0.846875 0.152083 0.845312 0.152083 0.843750 0.150000 0.842188
7 0.172917 0.900000 0.170833 0.917188 0.212500 0.920313 0.214583 0.921875 0.227083 0.921875 0.229167 0.923437 0.241667 0.923437 0.243750 0.925000 0.256250 0.925000 0.258333 0.926562 0.272917 0.926562 0.275000 0.928125 0.287500 0.928125 0.289583 0.929688 0.293750 0.923437 0.287500 0.923437 0.279167 0.920313 0.264583 0.918750 0.256250 0.915625 0.250000 0.915625 0.210417 0.906250 0.195833 0.904688 0.187500 0.901563
8 0.454167 0.082813 0.404167 0.101562 0.379167 0.146875 0.387500 0.189063 0.481250 0.225000 0.381250 0.196875 0.391667 0.259375 0.379167 0.284375 0.393750 0.310937 0.439583 0.312500 0.458333 0.303125 0.506250 0.318750 0.554167 0.312500 0.579167 0.301562 0.558333 0.259375 0.560417 0.209375 0.506250 0.209375 0.489583 0.226562 0.481250 0.223438 0.497917 0.193750 0.564583 0.196875 0.585417 0.165625 0.618750 0.159375 0.622917 0.109375 0.481250 0.100000