1 0.564583 0.015625 0.260417 0.018750 0.256250 0.223438 0.293750 0.223438 0.322917 0.251563 0.485417 0.256250 0.483333 0.226562 0.404167 0.237500 0.402083 0.170312 0.464583 0.171875 0.462500 0.153125 0.483333 0.117188 0.568750 0.107813 0.554167 0.096875 0.520833 0.096875 0.516667 0.040625 0.577083 0.028125
1 0.270833 0.343750 0.264583 0.551562 0.283333 0.532812 0.316667 0.579687 0.343750 0.590625 0.360417 0.543750 0.329167 0.517187 0.325000 0.495313 0.337500 0.468750 0.356250 0.462500 0.379167 0.468750 0.379167 0.534375 0.402083 0.551562 0.531250 0.564062 0.485417 0.542188 0.506250 0.523438 0.572917 0.521875 0.581250 0.509375 0.570833 0.487500 0.545833 0.482812 0.543750 0.439063 0.618750 0.431250 0.612500 0.420312 0.495833 0.425000 0.497917 0.320312 0.356250 0.320312 0.322917 0.343750
1 0.602083 0.754687 0.489583 0.732813 0.489583 0.693750 0.225000 0.704687 0.206250 0.989062 0.606250 0.982813 0.606250 0.964063 0.535417 0.951563 0.529167 0.810938 0.620833 0.801562
3 0.991667 0.010937 0.860417 0.010937 0.758333 0.309375 0.762500 0.495313 0.693750 0.637500 0.704167 0.709375 0.660417 0.712500 0.660417 0.732813 0.727083 0.771875 0.852083 0.603125 0.912500 0.606250 0.989583 0.518750
3 0.693750 0.242188 0.679167 0.248437 0.664583 0.245312 0.658333 0.254687 0.664583 0.289062 0.652083 0.298438 0.652083 0.303125 0.660417 0.309375 0.658333 0.323438 0.650000 0.325000 0.650000 0.331250 0.672917 0.335938 0.687500 0.375000 0.679167 0.409375 0.666667 0.426562 0.675000 0.423438 0.687500 0.393750 0.704167 0.375000
7 0.014583 0.010937 0.014583 0.257812 0.214583 0.253125 0.212500 0.015625
7 0.397917 0.018750 0.397917 0.034375 0.400000 0.035937 0.400000 0.053125 0.402083 0.054688 0.402083 0.071875 0.404167 0.075000 0.495833 0.075000 0.493750 0.068750 0.493750 0.023438 0.489583 0.021875
7 0.018750 0.292188 0.018750 0.662500 0.193750 0.659375 0.208333 0.296875
7 0.016667 0.714063 0.022917 0.984375 0.195833 0.987500 0.208333 0.717188
8 0.852083 0.010937 0.635417 0.012500 0.629167 0.039062 0.520833 0.043750 0.522917 0.057813 0.612500 0.057813 0.629167 0.040625 0.618750 0.112500 0.489583 0.117188 0.493750 0.150000 0.497917 0.135937 0.616667 0.142188 0.618750 0.120312 0.622917 0.162500 0.506250 0.181250 0.502083 0.256250 0.654167 0.253125 0.662500 0.242188 0.781250 0.231250
8 0.520833 0.087500 0.566667 0.089062 0.568750 0.090625 0.597917 0.090625 0.597917 0.087500 0.604167 0.079687 0.604167 0.076563 0.608333 0.070312 0.522917 0.070312 0.520833 0.071875
8 0.529167 0.307813 0.531250 0.310937 0.541667 0.314063 0.545833 0.317187 0.650000 0.320312 0.654167 0.321875 0.654167 0.309375 0.656250 0.307813 0.654167 0.306250 0.643750 0.306250 0.641667 0.304688 0.620833 0.303125 0.608333 0.300000 0.562500 0.295312 0.550000 0.292188 0.539583 0.292188
8 0.504167 0.325000 0.504167 0.401563 0.508333 0.421875 0.562500 0.418750 0.562500 0.415625 0.570833 0.412500 0.670833 0.410937 0.679167 0.354688 0.666667 0.335938 0.568750 0.329688 0.562500 0.325000
8 0.752083 0.418750 0.739583 0.418750 0.725000 0.429688 0.725000 0.446875 0.729167 0.457812 0.727083 0.460938 0.720833 0.456250 0.706250 0.454688 0.697917 0.443750 0.695833 0.434375 0.683333 0.432813 0.677083 0.437500 0.675000 0.470313 0.681250 0.484375 0.693750 0.481250 0.747917 0.481250 0.752083 0.476562 0.747917 0.459375 0.729167 0.457812 0.756250 0.456250
8 0.277083 0.550000 0.277083 0.581250 0.287500 0.601562 0.306250 0.615625 0.329167 0.615625 0.347917 0.626562 0.375000 0.628125 0.404167 0.612500 0.443750 0.612500 0.477083 0.640625 0.541667 0.612500 0.541667 0.570312 0.468750 0.570312 0.406250 0.556250 0.370833 0.535937 0.366667 0.468750 0.345833 0.470313 0.333333 0.510938 0.377083 0.550000 0.379167 0.564062 0.362500 0.565625 0.352083 0.582812 0.368750 0.595312 0.335417 0.593750 0.316667 0.585938 0.285417 0.542188
8 0.722917 0.579687 0.697917 0.579687 0.695833 0.581250 0.695833 0.589063 0.687500 0.593750 0.683333 0.600000 0.683333 0.620313 0.685417 0.621875 0.685417 0.625000 0.687500 0.626562 0.689583 0.634375 0.693750 0.634375 0.697917 0.631250 0.702083 0.631250 0.702083 0.628125 0.704167 0.626562 0.704167 0.623438 0.708333 0.617188 0.708333 0.612500 0.710417 0.610937 0.710417 0.607813 0.712500 0.606250 0.712500 0.603125 0.714583 0.601562 0.714583 0.598437 0.716667 0.596875 0.716667 0.593750 0.718750 0.592188 0.718750 0.589063 0.720833 0.587500
8 0.691667 0.639063 0.610417 0.637500 0.593750 0.651563 0.600000 0.639063 0.500000 0.654688 0.502083 0.729688 0.652083 0.751562 0.656250 0.714063 0.595833 0.710938 0.583333 0.698438 0.581250 0.662500 0.589583 0.657812 0.591667 0.698438 0.600000 0.707812 0.656250 0.707812 0.668750 0.712500 0.697917 0.704687
8 0.458333 0.817187 0.362500 0.823438 0.362500 0.948438 0.458333 0.950000