1 0.014583 0.010937 0.016667 0.451562 0.029167 0.432813 0.989583 0.435937 0.989583 0.010937
1 0.014583 0.618750 0.014583 0.879687 0.168750 0.881250 0.187500 0.825000 0.172917 0.882812 0.620833 0.896875 0.597917 0.856250 0.620833 0.823438 0.620833 0.760938 0.679167 0.751562 0.681250 0.714063 0.627083 0.693750 0.620833 0.667188 0.564583 0.667188 0.556250 0.723437 0.412500 0.725000 0.395833 0.707812 0.185417 0.706250 0.110417 0.618750
1 0.014583 0.884375 0.016667 0.989062 0.989583 0.989062 0.981250 0.914062
3 0.031250 0.435937 0.016667 0.459375 0.016667 0.615625 0.295833 0.617188 0.114583 0.620313 0.183333 0.698438 0.406250 0.706250 0.372917 0.621875 0.312500 0.618750 0.327083 0.603125 0.327083 0.537500 0.310417 0.532812 0.312500 0.514063 0.243750 0.435937
3 0.337500 0.437500 0.406250 0.645312 0.462500 0.645312 0.541667 0.662500 0.658333 0.664062 0.664583 0.656250 0.672917 0.664062 0.837500 0.667188 0.862500 0.656250 0.987500 0.657812 0.987500 0.439063
3 0.750000 0.668750 0.762500 0.709375 0.770833 0.709375 0.772917 0.704687 0.781250 0.710938 0.987500 0.714063 0.987500 0.662500 0.866667 0.659375 0.837500 0.671875 0.791667 0.670313 0.789583 0.675000 0.783333 0.668750
3 0.720833 0.895312 0.725000 0.900000 0.852083 0.906250 0.841667 0.864062 0.845833 0.853125 0.860417 0.842188 0.895833 0.840625 0.918750 0.848437 0.987500 0.843750 0.985417 0.820312 0.802083 0.812500 0.779167 0.820312 0.772917 0.812500 0.764583 0.818750 0.741667 0.810938 0.739583 0.823438 0.737500 0.806250 0.725000 0.804688 0.720833 0.834375 0.729167 0.846875 0.731250 0.876562
3 0.618750 0.829687 0.618750 0.837500 0.612500 0.842188 0.612500 0.853125 0.618750 0.887500 0.625000 0.895312 0.666667 0.884375 0.675000 0.890625 0.677083 0.889063 0.693750 0.890625 0.712500 0.889063 0.718750 0.885938 0.725000 0.878125 0.720833 0.868750 0.720833 0.840625 0.712500 0.834375 0.697917 0.829687 0.689583 0.829687 0.672917 0.835938 0.662500 0.831250 0.656250 0.835938 0.641667 0.834375 0.625000 0.826563
8 0.606250 0.084375 0.604167 0.085938 0.602083 0.137500 0.675000 0.137500 0.677083 0.103125 0.679167 0.101562 0.679167 0.085938 0.681250 0.084375
8 0.987500 0.339063 0.981250 0.246875 0.935417 0.246875 0.891667 0.226562 0.827083 0.250000 0.797917 0.237500 0.677083 0.254687 0.631250 0.242188 0.543750 0.262500 0.352083 0.271875 0.341667 0.284375 0.356250 0.320312 0.372917 0.325000 0.447917 0.318750 0.529167 0.335938 0.637500 0.326562 0.747917 0.340625 0.802083 0.323438 0.870833 0.339063 0.939583 0.332812
8 0.379167 0.623438 0.416667 0.720312 0.552083 0.720312 0.552083 0.707812 0.564583 0.704687 0.558333 0.667188 0.535417 0.667188 0.477083 0.657812 0.464583 0.650000 0.402083 0.648438 0.391667 0.623438
8 0.627083 0.671875 0.627083 0.685938 0.633333 0.690625 0.641667 0.690625 0.658333 0.696875 0.670833 0.693750 0.685417 0.707812 0.697917 0.709375 0.706250 0.700000 0.708333 0.692187 0.706250 0.679688 0.716667 0.668750 0.677083 0.668750 0.675000 0.670313 0.670833 0.668750 0.660417 0.684375 0.666667 0.684375 0.670833 0.690625 0.658333 0.695312 0.645833 0.690625 0.639583 0.682813 0.639583 0.673437 0.652083 0.667188 0.635417 0.671875
8 0.745833 0.668750 0.735417 0.668750 0.735417 0.732813 0.745833 0.742188 0.731250 0.757812 0.725000 0.759375 0.722917 0.751562 0.706250 0.743750 0.695833 0.726562 0.702083 0.721875 0.700000 0.717188 0.683333 0.718750 0.683333 0.760938 0.689583 0.768750 0.681250 0.787500 0.702083 0.764063 0.718750 0.764063 0.725000 0.798437 0.737500 0.803125 0.775000 0.710938 0.756250 0.707812
8 0.779167 0.715625 0.741667 0.806250 0.770833 0.809375 0.779167 0.815625 0.789583 0.815625 0.800000 0.809375 0.987500 0.818750 0.985417 0.718750
8 0.856250 0.848437 0.850000 0.862500 0.850000 0.875000 0.858333 0.907812 0.987500 0.910937 0.987500 0.850000 0.914583 0.851562 0.908333 0.845312 0.889583 0.843750 0.860417 0.845312