1 0.014583 0.010937 0.016667 0.314063 0.450000 0.328125 0.470833 0.426562 0.550000 0.429688 0.537500 0.410937 0.493750 0.406250 0.502083 0.303125 0.560417 0.282813 0.516667 0.278125 0.514583 0.257812 0.620833 0.246875 0.516667 0.223438 0.506250 0.171875 0.479167 0.179688 0.506250 0.121875 0.479167 0.109375 0.487500 0.031250 0.441667 0.012500 0.343750 0.010937 0.360417 0.012500 0.358333 0.089062 0.212500 0.084375 0.197917 0.010937
1 0.468750 0.431250 0.333333 0.987500 0.616667 0.985937 0.608333 0.867188 0.518750 0.875000 0.535417 0.965625 0.458333 0.967188 0.462500 0.885938 0.493750 0.868750 0.441667 0.867188 0.445833 0.818750 0.516667 0.817187 0.522917 0.787500 0.460417 0.773438 0.464583 0.640625 0.514583 0.626562 0.485417 0.604688 0.504167 0.578125 0.539583 0.589063 0.550000 0.625000 0.608333 0.626562 0.556250 0.564062 0.637500 0.545313 0.541667 0.537500 0.543750 0.514063 0.587500 0.501562 0.554167 0.432813
3 0.729167 0.015625 0.677083 0.115625 0.704167 0.164062 0.664583 0.246875 0.683333 0.362500 0.695833 0.293750 0.733333 0.339063 0.706250 0.514063 0.729167 0.546875 0.843750 0.551562 0.866667 0.604688 0.929167 0.617188 0.914583 0.698438 0.789583 0.695312 0.864583 0.920313 0.937500 0.932813 0.931250 0.840625 0.979167 0.826563 0.987500 0.553125 0.939583 0.495313 0.989583 0.492188 0.987500 0.332812 0.910417 0.326562 0.985417 0.326562 0.987500 0.090625 0.922917 0.079687 0.900000 0.014062 0.743750 0.017188 0.722917 0.248437 0.781250 0.320312 0.712500 0.245312
3 0.014583 0.317187 0.020833 0.987500 0.331250 0.981250 0.464583 0.439063 0.458333 0.337500
7 0.200000 0.010937 0.212500 0.082813 0.358333 0.087500 0.358333 0.012500
7 0.697917 0.306250 0.681250 0.450000 0.702083 0.496875 0.727083 0.337500
7 0.504167 0.325000 0.502083 0.403125 0.552083 0.407813 0.560417 0.384375 0.560417 0.378125 0.556250 0.376563 0.566667 0.370313 0.572917 0.345313 0.591667 0.334375 0.591667 0.329688
7 0.600000 0.417188 0.591667 0.423438 0.593750 0.454688 0.631250 0.506250 0.597917 0.506250 0.595833 0.498437 0.600000 0.489062 0.595833 0.487500 0.595833 0.510938 0.652083 0.510938 0.654167 0.504687 0.650000 0.498437 0.631250 0.482812 0.610417 0.450000 0.608333 0.434375 0.612500 0.425000
7 0.468750 0.887500 0.464583 0.960938 0.527083 0.959375 0.529167 0.887500 0.508333 0.887500 0.508333 0.895312 0.514583 0.904688 0.514583 0.912500 0.510417 0.915625 0.487500 0.914062 0.485417 0.907812 0.489583 0.898438 0.489583 0.889063
8 0.908333 0.014062 0.918750 0.059375 0.931250 0.078125 0.966667 0.085938 0.989583 0.085938 0.989583 0.014062
8 0.610417 0.017188 0.610417 0.035937 0.685417 0.035937 0.687500 0.037500 0.695833 0.037500 0.697917 0.015625 0.612500 0.015625
8 0.597917 0.046875 0.595833 0.051562 0.595833 0.101562 0.604167 0.098438 0.625000 0.098438 0.627083 0.100000 0.645833 0.100000 0.647917 0.101562 0.666667 0.101562 0.670833 0.103125 0.677083 0.096875 0.677083 0.057813 0.679167 0.056250 0.677083 0.051562 0.666667 0.048437 0.610417 0.048437 0.608333 0.046875
8 0.529167 0.095312 0.520833 0.089062 0.516667 0.089062 0.514583 0.087500 0.506250 0.087500 0.497917 0.093750 0.495833 0.093750 0.489583 0.096875 0.489583 0.106250 0.491667 0.107813 0.491667 0.109375 0.495833 0.112500 0.495833 0.114063 0.506250 0.114063 0.508333 0.112500 0.518750 0.112500 0.520833 0.110937 0.522917 0.110937 0.525000 0.109375 0.527083 0.109375 0.527083 0.107813 0.531250 0.104687 0.529167 0.103125
8 0.520833 0.118750 0.522917 0.157813 0.702083 0.164062 0.702083 0.128125 0.697917 0.126563
8 0.529167 0.201562 0.581250 0.201562 0.583333 0.203125 0.687500 0.203125 0.687500 0.181250 0.689583 0.179688 0.543750 0.179688
8 0.558333 0.220313 0.558333 0.226562 0.560417 0.225000 0.579167 0.225000 0.589583 0.237500 0.675000 0.237500 0.675000 0.212500 0.572917 0.212500 0.570833 0.214062 0.560417 0.214062 0.560417 0.218750
8 0.525000 0.262500 0.525000 0.268750 0.564583 0.273438 0.597917 0.281250 0.662500 0.282813 0.666667 0.284375 0.670833 0.276563 0.668750 0.273438 0.668750 0.253125 0.579167 0.253125 0.562500 0.262500
8 0.602083 0.289062 0.600000 0.317187 0.637500 0.317187 0.639583 0.318750 0.666667 0.318750 0.670833 0.320312 0.670833 0.315625 0.677083 0.306250 0.677083 0.303125 0.670833 0.296875 0.652083 0.296875 0.650000 0.295312 0.614583 0.293750
8 0.622917 0.375000 0.610417 0.384375 0.612500 0.412500 0.625000 0.426562 0.622917 0.428125 0.622917 0.450000 0.675000 0.450000 0.675000 0.417188 0.672917 0.415625 0.670833 0.400000 0.656250 0.389062 0.645833 0.375000
8 0.677083 0.468750 0.670833 0.468750 0.668750 0.471875 0.668750 0.489062 0.681250 0.490625 0.666667 0.492188 0.658333 0.498437 0.654167 0.506250 0.652083 0.557813 0.668750 0.559375 0.679167 0.556250 0.693750 0.545313 0.722917 0.545313 0.722917 0.528125 0.725000 0.526563 0.708333 0.525000 0.700000 0.518750 0.702083 0.517187 0.691667 0.498437 0.679167 0.492188 0.681250 0.490625 0.681250 0.475000
8 0.552083 0.517187 0.547917 0.534375 0.568750 0.537500 0.570833 0.539062 0.604167 0.539062 0.606250 0.540625 0.641667 0.540625 0.645833 0.542188 0.647917 0.515625 0.643750 0.515625 0.641667 0.514063 0.568750 0.514063 0.566667 0.515625 0.554167 0.515625
8 0.862500 0.603125 0.854167 0.560938 0.843750 0.553125 0.822917 0.548437 0.706250 0.550000 0.672917 0.562500 0.650000 0.564062 0.639583 0.562500 0.639583 0.554688 0.579167 0.554688 0.568750 0.567187 0.570833 0.576563 0.579167 0.579687 0.587500 0.573438 0.635417 0.573438 0.639583 0.564062 0.643750 0.593750 0.660417 0.590625 0.704167 0.606250 0.708333 0.600000
8 0.704167 0.615625 0.702083 0.653125 0.708333 0.685938 0.918750 0.690625 0.929167 0.679688 0.937500 0.654688 0.927083 0.618750 0.908333 0.609375 0.710417 0.606250
8 0.483333 0.631250 0.477083 0.768750 0.527083 0.775000 0.558333 0.735937 0.533333 0.771875 0.527083 0.839063 0.600000 0.864062 0.614583 0.848437 0.625000 0.714063 0.629167 0.887500 0.702083 0.890625 0.708333 0.825000 0.760417 0.823438 0.766667 0.803125 0.795833 0.935938 0.862500 0.923437 0.854167 0.870313 0.808333 0.853125 0.818750 0.787500 0.785417 0.693750 0.656250 0.693750 0.631250 0.706250 0.639583 0.690625 0.704167 0.687500 0.695833 0.629687 0.675000 0.617188 0.610417 0.634375
8 0.635417 0.898438 0.622917 0.921875 0.622917 0.957812 0.631250 0.984375 0.741667 0.984375 0.739583 0.962500 0.720833 0.903125 0.712500 0.896875
8 0.787500 0.948438 0.787500 0.973437 0.791667 0.987500 0.979167 0.989062 0.972917 0.964063 0.960417 0.960938 0.947917 0.940625 0.791667 0.940625