1 0.100000 0.015625 0.106250 0.210938 0.270833 0.231250 0.272917 0.737500 0.422917 0.743750 0.431250 0.603125 0.385417 0.596875 0.427083 0.579687 0.439583 0.448438 0.312500 0.434375 0.310417 0.404687 0.393750 0.400000 0.337500 0.340625 0.339583 0.282813 0.433333 0.278125 0.458333 0.246875 0.443750 0.229687 0.347917 0.242188 0.322917 0.201562 0.145833 0.192188 0.139583 0.037500 0.295833 0.045313 0.291667 0.015625
1 0.258333 0.845312 0.387500 0.837500 0.397917 0.820312 0.410417 0.820312 0.425000 0.810938 0.497917 0.812500 0.485417 0.793750 0.447917 0.782812 0.439583 0.762500 0.404167 0.759375 0.395833 0.746875 0.272917 0.746875
3 0.016667 0.014062 0.018750 0.771875 0.258333 0.756250 0.260417 0.234375 0.050000 0.207813 0.043750 0.014062
3 0.452083 0.254687 0.443750 0.331250 0.464583 0.339063 0.468750 0.298438 0.487500 0.293750 0.497917 0.275000 0.537500 0.271875 0.543750 0.279687 0.558333 0.281250 0.564583 0.307813 0.556250 0.473437 0.575000 0.479688 0.597917 0.248437 0.568750 0.242188 0.510417 0.257812
3 0.606250 0.250000 0.581250 0.479688 0.989583 0.484375 0.985417 0.276563
3 0.441667 0.293750 0.410417 0.296875 0.408333 0.301562 0.410417 0.375000 0.406250 0.376563 0.404167 0.406250 0.416667 0.406250 0.427083 0.415625 0.404167 0.415625 0.404167 0.435937 0.445833 0.437500 0.431250 0.423438 0.431250 0.396875 0.445833 0.389062 0.454167 0.389062 0.454167 0.350000 0.443750 0.346875 0.437500 0.340625
3 0.983333 0.490625 0.587500 0.493750 0.612500 0.684375 0.712500 0.818750 0.750000 0.789062 0.793750 0.781250 0.893750 0.782812 0.939583 0.771875 0.981250 0.787500
3 0.572917 0.509375 0.550000 0.571875 0.575000 0.773438 0.518750 0.817187 0.527083 0.823438 0.704167 0.820312 0.604167 0.684375
3 0.987500 0.917188 0.895833 0.918750 0.847917 0.881250 0.706250 0.871875 0.704167 0.850000 0.750000 0.842188 0.770833 0.820312 0.620833 0.831250 0.575000 0.853125 0.464583 0.857813 0.408333 0.845312 0.083333 0.870313 0.016667 0.893750 0.012500 0.984375 0.989583 0.989062
7 0.147917 0.039062 0.154167 0.184375 0.364583 0.198437 0.370833 0.065625
7 0.385417 0.487500 0.385417 0.520312 0.393750 0.520312 0.395833 0.521875 0.408333 0.521875 0.410417 0.523438 0.410417 0.490625 0.412500 0.489062 0.412500 0.487500
7 0.552083 0.550000 0.510417 0.551562 0.502083 0.582812 0.502083 0.643750 0.518750 0.793750 0.570833 0.767187 0.547917 0.571875
7 0.439583 0.654688 0.439583 0.668750 0.441667 0.671875 0.439583 0.673437 0.437500 0.671875 0.433333 0.671875 0.431250 0.673437 0.431250 0.676562 0.439583 0.676562 0.454167 0.687500 0.458333 0.689062 0.464583 0.689062 0.466667 0.690625 0.470833 0.689062 0.502083 0.689062 0.500000 0.687500 0.500000 0.678125 0.483333 0.676562 0.454167 0.665625 0.450000 0.662500 0.450000 0.653125 0.441667 0.653125
7 0.452083 0.696875 0.452083 0.714063 0.456250 0.717188 0.456250 0.718750 0.460417 0.721875 0.460417 0.723437 0.466667 0.718750 0.477083 0.718750 0.479167 0.720312 0.487500 0.720312 0.489583 0.721875 0.497917 0.721875 0.500000 0.723437 0.497917 0.721875 0.497917 0.717188 0.495833 0.715625 0.487500 0.715625 0.485417 0.714063 0.475000 0.714063 0.472917 0.712500 0.466667 0.712500 0.464583 0.710938 0.464583 0.700000 0.460417 0.696875
8 0.295833 0.014062 0.306250 0.045313 0.460417 0.068750 0.464583 0.020312
8 0.335417 0.207813 0.343750 0.234375 0.450000 0.214062 0.468750 0.242188 0.593750 0.240625 0.612500 0.015625 0.600000 0.240625 0.985417 0.265625 0.987500 0.014062 0.616667 0.012500 0.483333 0.029687 0.472917 0.132812 0.506250 0.132812 0.437500 0.148438 0.447917 0.182812 0.420833 0.182812 0.433333 0.132812 0.400000 0.160938 0.441667 0.212500 0.414583 0.200000
8 0.537500 0.287500 0.529167 0.303125 0.487500 0.314063 0.485417 0.451562 0.510417 0.468750 0.545833 0.471875 0.558333 0.304688 0.550000 0.298438 0.552083 0.287500
8 0.366667 0.300000 0.364583 0.301562 0.360417 0.318750 0.354167 0.328125 0.356250 0.357812 0.364583 0.368750 0.372917 0.373437 0.381250 0.373437 0.393750 0.376563 0.408333 0.375000 0.406250 0.371875 0.402083 0.300000
8 0.331250 0.407813 0.345833 0.407813 0.347917 0.409375 0.360417 0.409375 0.362500 0.410937 0.377083 0.410937 0.379167 0.412500 0.393750 0.412500 0.395833 0.414062 0.408333 0.414062 0.410417 0.415625 0.425000 0.415625 0.416667 0.407813
8 0.322917 0.431250 0.339583 0.431250 0.341667 0.429688 0.356250 0.429688 0.358333 0.428125 0.372917 0.428125 0.375000 0.426562 0.389583 0.426562 0.391667 0.425000 0.402083 0.425000 0.402083 0.421875 0.400000 0.421875 0.397917 0.420312 0.360417 0.420312 0.358333 0.418750 0.325000 0.418750 0.322917 0.420312
8 0.531250 0.478125 0.510417 0.506250 0.510417 0.535937 0.512500 0.539062 0.516667 0.540625 0.522917 0.540625 0.543750 0.546875 0.554167 0.540625 0.560417 0.539062 0.560417 0.512500 0.562500 0.510938 0.562500 0.507812 0.554167 0.495313
8 0.454167 0.500000 0.454167 0.512500 0.479167 0.512500 0.481250 0.514063 0.487500 0.514063 0.489583 0.515625 0.493750 0.515625 0.495833 0.517187 0.497917 0.515625 0.504167 0.515625 0.504167 0.504687 0.502083 0.503125 0.502083 0.500000 0.500000 0.498437 0.500000 0.496875 0.456250 0.496875 0.456250 0.498437
8 0.456250 0.523438 0.456250 0.532812 0.458333 0.534375 0.462500 0.534375 0.464583 0.535937 0.466667 0.534375 0.485417 0.534375 0.487500 0.535937 0.487500 0.537500 0.491667 0.540625 0.495833 0.540625 0.495833 0.537500 0.500000 0.532812 0.497917 0.531250 0.497917 0.521875 0.495833 0.520312 0.481250 0.520312 0.479167 0.521875 0.458333 0.521875
8 0.533333 0.554688 0.518750 0.582812 0.518750 0.604688 0.522917 0.618750 0.527083 0.684375 0.533333 0.689062 0.558333 0.685938 0.543750 0.554688
8 0.495833 0.575000 0.487500 0.575000 0.485417 0.576563 0.468750 0.578125 0.466667 0.579687 0.458333 0.579687 0.456250 0.581250 0.439583 0.582812 0.437500 0.584375 0.412500 0.584375 0.410417 0.585938 0.410417 0.600000 0.468750 0.600000 0.470833 0.601562 0.481250 0.601562 0.483333 0.603125 0.491667 0.603125 0.493750 0.604688 0.493750 0.578125
8 0.458333 0.739062 0.458333 0.745313 0.456250 0.746875 0.456250 0.756250 0.454167 0.757812 0.454167 0.765625 0.458333 0.765625 0.460417 0.764063 0.464583 0.764063 0.466667 0.762500 0.481250 0.762500 0.483333 0.760938 0.495833 0.760938 0.497917 0.759375 0.510417 0.759375 0.508333 0.757812 0.508333 0.753125 0.506250 0.751562 0.506250 0.745313 0.504167 0.743750 0.504167 0.739062 0.502083 0.739062 0.500000 0.737500 0.495833 0.737500 0.493750 0.735937 0.489583 0.735937 0.487500 0.734375 0.466667 0.734375
8 0.983333 0.801562 0.960417 0.800000 0.937500 0.782812 0.918750 0.782812 0.897917 0.795313 0.860417 0.789062 0.814583 0.793750 0.762500 0.790625 0.727083 0.820312 0.816667 0.815625 0.800000 0.818750 0.760417 0.848437 0.716667 0.848437 0.708333 0.862500 0.762500 0.864062 0.758333 0.853125 0.775000 0.868750 0.860417 0.878125 0.922917 0.903125 0.979167 0.912500