1 0.110417 0.015625 0.204167 0.223438 0.433333 0.218750 0.414583 0.212500 0.254167 0.210938 0.262500 0.073437 0.256250 0.020312
1 0.668750 0.548437 0.643750 0.532812 0.331250 0.557813 0.331250 0.406250 0.460417 0.384375 0.475000 0.346875 0.533333 0.346875 0.527083 0.320312 0.222917 0.331250 0.210417 0.367188 0.231250 0.414062 0.197917 0.445312 0.014583 0.453125 0.018750 0.571875
1 0.014583 0.687500 0.016667 0.987500 0.152083 0.989062 0.154167 0.962500 0.412500 0.935938 0.425000 0.985937 0.989583 0.987500 0.985417 0.715625 0.272917 0.757812 0.189583 0.700000 0.045833 0.703125
3 0.966667 0.014062 0.847917 0.010937 0.822917 0.153125 0.702083 0.156250 0.666667 0.250000 0.697917 0.376563 0.679167 0.553125 0.187500 0.576563 0.170833 0.684375 0.172917 0.576563 0.022917 0.578125 0.016667 0.679688 0.045833 0.700000 0.183333 0.689062 0.272917 0.754687 0.987500 0.710938 0.989583 0.539062 0.681250 0.551562
3 0.012500 0.014062 0.020833 0.448438 0.197917 0.435937 0.225000 0.412500 0.202083 0.373437 0.210417 0.282813 0.095833 0.017188
3 0.983333 0.018750 0.714583 0.537500 0.827083 0.535937 0.762500 0.514063 0.785417 0.476562 0.856250 0.476562 0.854167 0.492188 0.872917 0.504687 0.910417 0.510938 0.889583 0.531250 0.989583 0.525000
3 0.422917 0.942187 0.160417 0.964063 0.160417 0.987500 0.418750 0.985937
7 0.266667 0.071875 0.258333 0.206250 0.435417 0.204688 0.431250 0.173438 0.456250 0.148438 0.479167 0.148438 0.510417 0.164062 0.531250 0.153125 0.529167 0.132812 0.393750 0.140625 0.385417 0.068750
7 0.345833 0.412500 0.339583 0.554688 0.677083 0.526563 0.677083 0.515625 0.420833 0.542188 0.412500 0.415625 0.458333 0.409375 0.460417 0.398438
7 0.420833 0.418750 0.427083 0.535937 0.681250 0.510938 0.681250 0.448438 0.481250 0.459375 0.464583 0.446875 0.456250 0.415625 0.443750 0.420312 0.452083 0.521875 0.537500 0.515625 0.450000 0.528125 0.441667 0.415625
8 0.841667 0.010937 0.387500 0.015625 0.397917 0.134375 0.685417 0.123438 0.722917 0.151562 0.779167 0.154687 0.816667 0.148438 0.829167 0.037500 0.839583 0.031250
8 0.672917 0.304688 0.658333 0.290625 0.622917 0.290625 0.620833 0.292188 0.581250 0.292188 0.572917 0.295312 0.575000 0.332812 0.577083 0.334375 0.579167 0.332812 0.675000 0.329688
8 0.685417 0.337500 0.677083 0.334375 0.647917 0.334375 0.564583 0.339063 0.545833 0.345313 0.535417 0.353125 0.508333 0.356250 0.508333 0.368750 0.525000 0.370313 0.562500 0.385938 0.616667 0.385938 0.672917 0.379687 0.689583 0.373437
8 0.464583 0.362500 0.470833 0.443750 0.483333 0.456250 0.681250 0.445312 0.687500 0.429688 0.683333 0.381250 0.618750 0.390625 0.562500 0.390625 0.527083 0.376563 0.502083 0.376563 0.497917 0.373437 0.497917 0.354688 0.475000 0.354688
8 0.772917 0.501562 0.772917 0.517187 0.781250 0.521875 0.793750 0.523438 0.804167 0.528125 0.864583 0.537500 0.875000 0.534375 0.881250 0.526563 0.889583 0.520312 0.900000 0.517187 0.902083 0.510938 0.866667 0.512500 0.864583 0.503125 0.854167 0.501562 0.841667 0.493750 0.841667 0.487500 0.845833 0.484375 0.841667 0.482812 0.829167 0.482812 0.816667 0.487500 0.800000 0.487500 0.797917 0.500000 0.791667 0.504687 0.785417 0.503125 0.783333 0.493750