1 0.643750 0.015625 0.518750 0.015625 0.547917 0.195312 0.568750 0.220313 0.575000 0.401563 0.689583 0.306250 0.708333 0.276563 0.779167 0.271875 0.779167 0.264062 0.702083 0.251563 0.704167 0.235938 0.750000 0.220313 0.733333 0.215625 0.750000 0.198437 0.822917 0.181250 0.820833 0.159375 0.743750 0.154687 0.714583 0.137500 0.708333 0.120312 0.666667 0.120312 0.643750 0.109375
1 0.981250 0.629687 0.620833 0.642187 0.620833 0.606250 0.543750 0.595312 0.543750 0.514063 0.633333 0.485938 0.647917 0.456250 0.585417 0.456250 0.543750 0.501562 0.093750 0.535937 0.039583 0.859375 0.083333 0.537500 0.020833 0.500000 0.020833 0.985937 0.631250 0.973437 0.633333 0.939062 0.695833 0.940625 0.710417 0.985937 0.783333 0.960938 0.987500 0.957812
3 0.014583 0.010937 0.016667 0.489062 0.085417 0.531250 0.572917 0.487500 0.554167 0.220313 0.533333 0.207813 0.512500 0.012500
3 0.895833 0.243750 0.862500 0.267188 0.883333 0.278125 0.887500 0.318750 0.868750 0.335938 0.845833 0.340625 0.860417 0.375000 0.860417 0.392188 0.850000 0.398438 0.856250 0.450000 0.875000 0.453125 0.885417 0.487500 0.883333 0.520312 0.866667 0.537500 0.870833 0.565625 0.981250 0.465625 0.987500 0.404687 0.945833 0.432813 0.935417 0.423438
3 0.987500 0.471875 0.856250 0.595312 0.987500 0.589063
3 0.727083 0.679688 0.414583 0.695312 0.416667 0.889063 0.741667 0.882812 0.737500 0.840625 0.731250 0.862500 0.693750 0.862500 0.687500 0.845312 0.693750 0.831250 0.737500 0.831250
7 0.654167 0.012500 0.645833 0.104687 0.650000 0.109375 0.668750 0.112500 0.683333 0.109375 0.712500 0.115625 0.716667 0.100000 0.739583 0.067188 0.779167 0.046875 0.772917 0.042188 0.758333 0.015625
7 0.970833 0.042188 0.933333 0.078125 0.916667 0.120312 0.927083 0.134375 0.922917 0.226562 0.908333 0.232812 0.943750 0.423438 0.954167 0.426562 0.987500 0.390625 0.987500 0.050000
7 0.718750 0.132812 0.743750 0.151562 0.822917 0.154687 0.820833 0.139062 0.802083 0.131250 0.747917 0.137500 0.735417 0.126563 0.735417 0.107813 0.743750 0.104687 0.743750 0.120312 0.835417 0.125000 0.891667 0.118750 0.906250 0.128125 0.916667 0.081250 0.897917 0.089062 0.860417 0.087500 0.843750 0.075000 0.804167 0.062500 0.762500 0.089062 0.802083 0.057813 0.785417 0.048437 0.741667 0.078125 0.722917 0.100000
7 0.900000 0.135937 0.900000 0.134375 0.885417 0.123438 0.872917 0.123438 0.870833 0.125000 0.860417 0.125000 0.858333 0.126563 0.845833 0.126563 0.843750 0.128125 0.831250 0.128125 0.829167 0.129688 0.818750 0.129688 0.818750 0.131250 0.827083 0.137500 0.829167 0.148438 0.837500 0.142188 0.852083 0.142188 0.854167 0.143750 0.856250 0.142188 0.875000 0.140625 0.879167 0.137500 0.887500 0.134375 0.891667 0.134375 0.893750 0.135937
7 0.818750 0.400000 0.818750 0.410937 0.825000 0.418750 0.825000 0.421875 0.827083 0.423438 0.827083 0.426562 0.829167 0.428125 0.829167 0.439063 0.831250 0.440625 0.831250 0.453125 0.833333 0.451562 0.847917 0.451562 0.845833 0.450000 0.845833 0.434375 0.843750 0.432813 0.843750 0.418750 0.841667 0.417188 0.841667 0.404687 0.839583 0.403125 0.833333 0.403125 0.831250 0.401563 0.825000 0.401563 0.822917 0.400000
7 0.862500 0.532812 0.852083 0.532812 0.850000 0.534375 0.850000 0.546875 0.847917 0.548437 0.847917 0.559375 0.845833 0.560938 0.843750 0.584375 0.841667 0.585938 0.831250 0.581250 0.822917 0.581250 0.822917 0.590625 0.825000 0.592188 0.825000 0.600000 0.827083 0.601562 0.831250 0.601562 0.845833 0.590625 0.860417 0.571875 0.860417 0.535937
8 0.837500 0.215625 0.835417 0.210938 0.829167 0.204688 0.829167 0.190625 0.820833 0.190625 0.818750 0.192188 0.802083 0.193750 0.791667 0.196875 0.762500 0.196875 0.760417 0.198437 0.754167 0.198437 0.750000 0.200000 0.743750 0.204688 0.743750 0.212500 0.754167 0.217187 0.760417 0.217187 0.762500 0.218750 0.812500 0.217187 0.814583 0.215625
8 0.877083 0.253125 0.877083 0.243750 0.866667 0.235938 0.862500 0.225000 0.850000 0.220313 0.783333 0.223438 0.758333 0.231250 0.735417 0.232812 0.722917 0.237500 0.720833 0.240625 0.710417 0.242188 0.710417 0.246875 0.722917 0.246875 0.727083 0.250000 0.766667 0.250000 0.770833 0.254687 0.800000 0.253125 0.804167 0.257812 0.854167 0.256250
8 0.879167 0.281250 0.856250 0.273438 0.712500 0.284375 0.710417 0.326562 0.731250 0.353125 0.720833 0.345313 0.700000 0.345313 0.697917 0.368750 0.725000 0.373437 0.835417 0.368750 0.822917 0.360938 0.785417 0.359375 0.818750 0.354688 0.835417 0.343750 0.764583 0.353125 0.737500 0.345313 0.864583 0.334375 0.881250 0.321875
8 0.720833 0.398438 0.789583 0.398438 0.789583 0.396875 0.797917 0.390625 0.810417 0.385938 0.810417 0.384375 0.772917 0.382812 0.768750 0.378125 0.722917 0.378125 0.720833 0.379687
8 0.877083 0.470313 0.866667 0.454688 0.762500 0.459375 0.739583 0.468750 0.712500 0.487500 0.700000 0.489062 0.695833 0.493750 0.695833 0.504687 0.700000 0.509375 0.722917 0.509375 0.764583 0.528125 0.872917 0.523438 0.875000 0.510938 0.881250 0.504687
8 0.585417 0.496875 0.595833 0.570312 0.708333 0.568750 0.702083 0.560938 0.689583 0.560938 0.679167 0.553125 0.681250 0.510938 0.691667 0.506250 0.689583 0.493750
8 0.568750 0.512500 0.560417 0.517187 0.560417 0.539062 0.562500 0.540625 0.562500 0.550000 0.564583 0.551562 0.566667 0.575000 0.577083 0.575000 0.579167 0.573438 0.587500 0.573438 0.589583 0.571875 0.587500 0.570312 0.587500 0.559375 0.585417 0.557813 0.585417 0.546875 0.583333 0.545313 0.583333 0.535937 0.581250 0.534375 0.581250 0.523438 0.579167 0.521875 0.579167 0.515625 0.572917 0.512500
8 0.637500 0.575000 0.637500 0.596875 0.639583 0.600000 0.641667 0.598437 0.662500 0.598437 0.664583 0.596875 0.687500 0.596875 0.689583 0.595312 0.735417 0.593750 0.735417 0.573438 0.645833 0.573438 0.643750 0.575000
8 0.552083 0.581250 0.552083 0.587500 0.554167 0.589063 0.554167 0.595312 0.556250 0.596875 0.633333 0.596875 0.631250 0.593750 0.631250 0.579687 0.558333 0.579687 0.556250 0.581250
8 0.741667 0.601562 0.635417 0.604688 0.631250 0.609375 0.631250 0.635938 0.633333 0.634375 0.654167 0.634375 0.656250 0.632812 0.743750 0.628125 0.741667 0.625000
8 0.518750 0.701563 0.495833 0.701563 0.493750 0.703125 0.466667 0.703125 0.464583 0.704687 0.439583 0.704687 0.437500 0.706250 0.439583 0.721875 0.441667 0.723437 0.516667 0.723437 0.516667 0.703125
8 0.400000 0.707812 0.362500 0.709375 0.360417 0.710938 0.341667 0.710938 0.339583 0.712500 0.320833 0.712500 0.320833 0.735937 0.322917 0.739062 0.329167 0.739062 0.331250 0.737500 0.408333 0.737500 0.406250 0.735937 0.406250 0.729688 0.404167 0.728125 0.404167 0.721875 0.402083 0.720312
8 0.520833 0.728125 0.504167 0.728125 0.502083 0.729688 0.485417 0.729688 0.483333 0.731250 0.464583 0.731250 0.464583 0.746875 0.518750 0.746875 0.518750 0.729688
8 0.575000 0.731250 0.575000 0.734375 0.577083 0.735937 0.577083 0.740625 0.579167 0.742188 0.579167 0.745313 0.581250 0.746875 0.583333 0.746875 0.585417 0.745313 0.620833 0.745313 0.620833 0.729688 0.579167 0.729688 0.577083 0.731250
8 0.668750 0.731250 0.668750 0.735937 0.670833 0.737500 0.670833 0.742188 0.672917 0.743750 0.672917 0.750000 0.675000 0.751562 0.675000 0.756250 0.677083 0.757812 0.679167 0.757812 0.681250 0.756250 0.725000 0.756250 0.722917 0.754687 0.722917 0.746875 0.720833 0.745313 0.720833 0.739062 0.718750 0.737500 0.718750 0.731250
8 0.522917 0.762500 0.485417 0.764063 0.483333 0.765625 0.466667 0.765625 0.464583 0.767187 0.445833 0.767187 0.445833 0.789062 0.447917 0.790625 0.464583 0.790625 0.466667 0.789062 0.483333 0.789062 0.485417 0.787500 0.520833 0.785937 0.520833 0.764063
8 0.577083 0.817187 0.577083 0.831250 0.575000 0.832812 0.575000 0.846875 0.622917 0.846875 0.625000 0.848437 0.629167 0.848437 0.629167 0.818750 0.631250 0.815625 0.579167 0.815625
8 0.312500 0.848437 0.312500 0.851562 0.412500 0.851562 0.412500 0.831250 0.408333 0.829687 0.320833 0.828125 0.320833 0.831250 0.314583 0.842188 0.314583 0.846875
8 0.689583 0.834375 0.689583 0.845312 0.691667 0.846875 0.691667 0.859375 0.693750 0.860937 0.731250 0.860937 0.731250 0.854688 0.733333 0.853125 0.733333 0.846875 0.735417 0.845312 0.735417 0.840625 0.737500 0.839063 0.737500 0.832812 0.693750 0.832812 0.691667 0.834375
8 0.433333 0.871875 0.433333 0.875000 0.470833 0.876562 0.472917 0.878125 0.493750 0.878125 0.495833 0.879687 0.514583 0.879687 0.518750 0.881250 0.518750 0.854688 0.520833 0.851562 0.450000 0.851562 0.447917 0.853125 0.441667 0.853125 0.441667 0.856250
8 0.314583 0.857813 0.314583 0.879687 0.414583 0.879687 0.412500 0.878125 0.412500 0.870313 0.410417 0.868750 0.410417 0.864062 0.408333 0.862500 0.406250 0.854688 0.325000 0.854688