1 0.014583 0.010937 0.014583 0.746875 0.414583 0.723437 0.416667 0.987500 0.595833 0.982813 0.566667 0.828125 0.612500 0.810938 0.647917 0.725000 0.491667 0.732813 0.489583 0.668750 0.385417 0.670313 0.385417 0.517187 0.485417 0.515625 0.529167 0.478125 0.575000 0.523438 0.989583 0.495313 0.987500 0.065625 0.502083 0.060938 0.497917 0.015625
3 0.989583 0.010937 0.693750 0.015625 0.683333 0.020312 0.677083 0.053125 0.666667 0.054688 0.664583 0.060938 0.700000 0.070312 0.985417 0.059375
3 0.633333 0.140625 0.125000 0.156250 0.135417 0.223438 0.177083 0.225000 0.175000 0.257812 0.141667 0.259375 0.147917 0.306250 0.185417 0.307813 0.185417 0.345313 0.154167 0.346875 0.185417 0.354688 0.185417 0.387500 0.162500 0.395312 0.191667 0.396875 0.195833 0.417188 0.166667 0.425000 0.635417 0.414062
3 0.987500 0.498437 0.650000 0.510938 0.668750 0.543750 0.668750 0.712500 0.727083 0.721875 0.758333 0.575000 0.877083 0.545313 0.895833 0.554688 0.987500 0.554688
3 0.095833 0.753125 0.016667 0.754687 0.016667 0.870313
8 0.508333 0.015625 0.510417 0.051562 0.675000 0.053125 0.679167 0.017188
8 0.347917 0.159375 0.347917 0.162500 0.350000 0.164062 0.350000 0.170312 0.352083 0.171875 0.352083 0.176563 0.354167 0.178125 0.354167 0.182812 0.356250 0.184375 0.356250 0.189063 0.358333 0.190625 0.360417 0.189063 0.381250 0.189063 0.383333 0.187500 0.427083 0.185937 0.422917 0.179688 0.422917 0.175000 0.418750 0.168750 0.416667 0.159375
8 0.316667 0.164062 0.191667 0.175000 0.202083 0.204688 0.204167 0.206250 0.214583 0.204688 0.316667 0.204688
8 0.237500 0.215625 0.237500 0.235938 0.327083 0.235938 0.327083 0.215625
8 0.556250 0.217187 0.554167 0.220313 0.554167 0.259375 0.627083 0.259375 0.627083 0.256250 0.625000 0.254687 0.625000 0.217187
8 0.027083 0.225000 0.033333 0.264062 0.035417 0.262500 0.172917 0.257812 0.175000 0.225000
8 0.222917 0.254687 0.222917 0.289062 0.225000 0.293750 0.314583 0.293750 0.316667 0.295312 0.327083 0.295312 0.327083 0.262500 0.329167 0.259375 0.325000 0.257812
8 0.079167 0.271875 0.079167 0.282813 0.081250 0.284375 0.081250 0.298438 0.089583 0.298438 0.091667 0.296875 0.145833 0.296875 0.143750 0.295312 0.141667 0.271875
8 0.408333 0.279687 0.408333 0.303125 0.481250 0.303125 0.481250 0.287500 0.479167 0.285937 0.466667 0.285937 0.464583 0.284375 0.450000 0.284375 0.447917 0.282813 0.435417 0.282813 0.433333 0.281250 0.420833 0.281250 0.418750 0.279687
8 0.237500 0.304688 0.237500 0.326562 0.239583 0.329688 0.333333 0.329688 0.333333 0.304688
8 0.183333 0.307813 0.145833 0.307813 0.143750 0.309375 0.104167 0.309375 0.100000 0.310937 0.104167 0.335938 0.106250 0.337500 0.106250 0.345313 0.108333 0.346875 0.112500 0.346875 0.114583 0.345313 0.183333 0.345313
8 0.593750 0.331250 0.581250 0.331250 0.579167 0.332812 0.568750 0.332812 0.566667 0.334375 0.554167 0.334375 0.552083 0.335938 0.539583 0.335938 0.537500 0.337500 0.510417 0.339063 0.510417 0.359375 0.512500 0.360938 0.522917 0.360938 0.525000 0.359375 0.535417 0.359375 0.537500 0.357812 0.545833 0.357812 0.547917 0.356250 0.558333 0.356250 0.560417 0.354688 0.570833 0.354688 0.572917 0.353125 0.581250 0.353125 0.583333 0.351562 0.593750 0.351562
8 0.050000 0.348437 0.050000 0.384375 0.108333 0.384375 0.110417 0.385938 0.175000 0.385938 0.183333 0.387500 0.183333 0.354688 0.179167 0.353125
8 0.335417 0.375000 0.229167 0.382812 0.227083 0.384375 0.222917 0.410937 0.250000 0.415625 0.306250 0.417188 0.308333 0.418750 0.335417 0.418750 0.339583 0.420312 0.337500 0.417188
8 0.050000 0.393750 0.056250 0.420312 0.062500 0.418750 0.193750 0.417188 0.191667 0.398438 0.185417 0.396875
8 0.558333 0.479688 0.493750 0.482812 0.493750 0.695312 0.500000 0.729688 0.570833 0.723437
8 0.393750 0.514063 0.393750 0.670313 0.435417 0.671875 0.437500 0.664062 0.489583 0.664062 0.489583 0.520312 0.435417 0.517187 0.429167 0.521875 0.427083 0.514063
8 0.579167 0.523438 0.575000 0.729688 0.664583 0.725000 0.622917 0.796875 0.647917 0.896875 0.618750 0.814062 0.572917 0.832812 0.600000 0.985937 0.962500 0.985937 0.987500 0.721875 0.837500 0.570312 0.758333 0.581250 0.735417 0.723437 0.777083 0.800000 0.770833 0.909375 0.706250 0.934375 0.704167 0.909375 0.650000 0.915625 0.706250 0.896875 0.712500 0.807813 0.714583 0.926562 0.747917 0.901563 0.727083 0.732813 0.691667 0.723437 0.710417 0.803125 0.664583 0.720312 0.650000 0.521875
8 0.870833 0.556250 0.847917 0.575000 0.987500 0.709375 0.985417 0.562500 0.914583 0.565625 0.889583 0.553125
8 0.133333 0.726562 0.014583 0.889063 0.014583 0.987500 0.410417 0.987500 0.429167 0.867188 0.406250 0.726562