1 0.018750 0.018750 0.016667 0.110937 0.577083 0.120312 0.533333 0.070312 0.408333 0.045313 0.402083 0.018750
1 0.489583 0.132812 0.433333 0.142188 0.310417 0.137500 0.339583 0.617188 0.402083 0.631250 0.400000 0.584375 0.443750 0.543750 0.435417 0.512500 0.452083 0.496875 0.429167 0.490625 0.431250 0.450000 0.447917 0.446875 0.450000 0.418750 0.477083 0.400000 0.468750 0.371875 0.433333 0.375000 0.420833 0.326562 0.400000 0.332812 0.375000 0.368750 0.356250 0.368750 0.354167 0.354688 0.393750 0.295312 0.395833 0.171875 0.470833 0.165625
1 0.333333 0.632812 0.333333 0.642187 0.331250 0.643750 0.329167 0.664062 0.400000 0.664062 0.395833 0.659375 0.395833 0.634375 0.391667 0.634375 0.389583 0.632812
1 0.533333 0.675000 0.331250 0.670313 0.350000 0.984375 0.370833 0.984375 0.370833 0.878125 0.352083 0.854688 0.356250 0.820312 0.375000 0.804688 0.443750 0.790625 0.470833 0.759375 0.460417 0.754687 0.464583 0.720312 0.520833 0.726562 0.529167 0.759375
1 0.491667 0.760938 0.439583 0.803125 0.372917 0.828125 0.395833 0.873438 0.389583 0.973437 0.422917 0.984375 0.416667 0.892187 0.422917 0.879687 0.441667 0.878125 0.466667 0.887500 0.535417 0.860937 0.525000 0.773438
3 0.985417 0.010937 0.752083 0.018750 0.706250 0.110937 0.733333 0.245312 0.668750 0.310937 0.641667 0.312500 0.633333 0.535937 0.664583 0.582812 0.622917 0.593750 0.650000 0.751562 0.612500 0.768750 0.647917 0.784375 0.650000 0.871875 0.627083 0.896875 0.647917 0.985937 0.683333 0.982813 0.697917 0.904688 0.677083 0.820312 0.754167 0.107813 0.987500 0.026563
3 0.985417 0.031250 0.762500 0.110937 0.727083 0.465625 0.987500 0.468750
3 0.014583 0.114063 0.016667 0.987500 0.343750 0.982813 0.289583 0.123438
3 0.985417 0.810938 0.685417 0.815625 0.683333 0.835938 0.708333 0.903125 0.687500 0.985937 0.987500 0.987500
6 0.618750 0.685938 0.618750 0.693750 0.620833 0.695312 0.620833 0.706250 0.622917 0.707812 0.622917 0.718750 0.625000 0.720312 0.625000 0.731250 0.627083 0.732813 0.627083 0.743750 0.629167 0.745313 0.629167 0.756250 0.631250 0.757812 0.637500 0.757812 0.645833 0.751562 0.647917 0.751562 0.645833 0.750000 0.645833 0.745313 0.643750 0.743750 0.643750 0.739062 0.641667 0.737500 0.641667 0.732813 0.639583 0.731250 0.639583 0.726562 0.637500 0.725000 0.637500 0.720312 0.635417 0.718750 0.633333 0.706250 0.631250 0.704687 0.631250 0.701563 0.629167 0.700000 0.627083 0.693750
7 0.616667 0.892187 0.597917 0.904688 0.589583 0.918750 0.589583 0.929688 0.593750 0.942187 0.597917 0.975000 0.639583 0.987500 0.639583 0.981250 0.645833 0.965625 0.641667 0.959375 0.618750 0.892187
8 0.412500 0.020312 0.414583 0.039062 0.433333 0.039062 0.485417 0.046875 0.508333 0.064062 0.539583 0.064062 0.527083 0.056250 0.529167 0.054688 0.545833 0.059375 0.514583 0.018750 0.433333 0.015625
8 0.612500 0.120312 0.608333 0.164062 0.664583 0.309375 0.725000 0.251563 0.700000 0.125000
8 0.420833 0.179688 0.406250 0.181250 0.404167 0.201562 0.406250 0.325000 0.429167 0.323438 0.427083 0.187500
8 0.497917 0.179688 0.487500 0.398438 0.627083 0.412500 0.633333 0.292188 0.608333 0.185937
8 0.531250 0.423438 0.529167 0.426562 0.529167 0.462500 0.618750 0.468750 0.620833 0.470313 0.639583 0.470313 0.641667 0.471875 0.641667 0.420312 0.535417 0.421875
8 0.495833 0.439063 0.493750 0.454688 0.504167 0.462500 0.618750 0.529688 0.633333 0.525000 0.637500 0.520312 0.637500 0.510938 0.568750 0.471875 0.537500 0.470313 0.525000 0.467187 0.518750 0.459375 0.520833 0.440625 0.508333 0.434375 0.502083 0.434375
8 0.439583 0.485938 0.439583 0.489062 0.497917 0.489062 0.497917 0.481250 0.495833 0.481250 0.489583 0.478125 0.485417 0.478125 0.483333 0.476562 0.479167 0.476562 0.477083 0.475000 0.470833 0.475000 0.468750 0.473437 0.462500 0.473437 0.460417 0.471875 0.456250 0.471875 0.454167 0.470313 0.447917 0.470313 0.447917 0.471875 0.445833 0.473437 0.445833 0.476562 0.443750 0.478125 0.443750 0.481250
8 0.508333 0.471875 0.512500 0.514063 0.514583 0.515625 0.514583 0.529688 0.516667 0.531250 0.518750 0.529688 0.537500 0.529688 0.539583 0.528125 0.595833 0.525000
8 0.729167 0.473437 0.687500 0.809375 0.985417 0.803125 0.985417 0.476562
8 0.420833 0.560938 0.406250 0.584375 0.406250 0.653125 0.425000 0.673437 0.622917 0.673437 0.629167 0.631250 0.612500 0.575000 0.591667 0.559375 0.445833 0.550000
8 0.556250 0.735937 0.556250 0.745313 0.554167 0.746875 0.554167 0.754687 0.556250 0.754687 0.562500 0.751562 0.568750 0.751562 0.579167 0.759375 0.591667 0.759375 0.593750 0.760938 0.595833 0.760938 0.602083 0.756250 0.604167 0.756250 0.604167 0.751562 0.602083 0.750000 0.602083 0.742188 0.597917 0.739062 0.595833 0.739062 0.585417 0.732813 0.560417 0.732813
8 0.577083 0.773438 0.564583 0.804688 0.564583 0.818750 0.572917 0.856250 0.575000 0.885938 0.593750 0.903125 0.610417 0.884375 0.645833 0.876562 0.639583 0.781250