1 0.366667 0.254687 0.510417 0.254687 0.483333 0.201562 0.435417 0.200000 0.483333 0.198437 0.483333 0.123438 0.520833 0.060938 0.679167 0.053125 0.704167 0.028125 0.781250 0.017188 0.352083 0.015625 0.385417 0.203125
1 0.687500 0.268750 0.539583 0.284375 0.537500 0.271875 0.510417 0.260938 0.368750 0.257812 0.439583 0.665625 0.456250 0.667188 0.443750 0.606250 0.456250 0.539062 0.425000 0.481250 0.443750 0.465625 0.529167 0.445312 0.579167 0.401563 0.564583 0.395312 0.570833 0.354688 0.660417 0.353125 0.658333 0.393750 0.645833 0.395312 0.670833 0.404687
1 0.622917 0.398438 0.602083 0.398438 0.597917 0.412500 0.570833 0.437500 0.533333 0.457812 0.447917 0.479688 0.445833 0.501562 0.472917 0.529688 0.462500 0.575000 0.470833 0.670313 0.516667 0.668750 0.516667 0.551562 0.647917 0.531250 0.664583 0.420312
1 0.660417 0.890625 0.608333 0.871875 0.589583 0.800000 0.622917 0.796875 0.595833 0.778125 0.600000 0.765625 0.464583 0.707812 0.454167 0.673437 0.443750 0.675000 0.429167 0.784375 0.014583 0.796875 0.012500 0.939062 0.662500 0.929688
1 0.468750 0.676562 0.468750 0.687500 0.479167 0.700000 0.508333 0.707812 0.529167 0.706250 0.641667 0.756250 0.627083 0.678125 0.589583 0.684375 0.581250 0.698438 0.572917 0.701563 0.564583 0.696875 0.545833 0.696875 0.522917 0.692187 0.516667 0.685938 0.516667 0.673437
1 0.752083 0.960938 0.725000 0.932813 0.014583 0.942187 0.014583 0.984375 0.729167 0.968750
3 0.012500 0.010937 0.014583 0.306250 0.354167 0.304688 0.377083 0.204688 0.347917 0.014062
3 0.877083 0.014062 0.806250 0.014062 0.854167 0.078125 0.868750 0.214062 0.839583 0.271875 0.889583 0.406250 0.845833 0.404687 0.820833 0.270312 0.791667 0.271875 0.810417 0.426562 0.854167 0.439063 0.856250 0.573438 0.816667 0.595312 0.835417 0.696875 0.762500 0.829687 0.725000 0.562500 0.700000 0.687500 0.727083 0.735937 0.675000 0.775000 0.743750 0.804688 0.768750 0.909375 0.708333 0.878125 0.760417 0.950000 0.964583 0.623438 0.920833 0.504687 0.985417 0.357812 0.989583 0.096875 0.968750 0.112500 0.868750 0.085938 0.850000 0.035937
3 0.364583 0.278125 0.360417 0.310937 0.018750 0.312500 0.018750 0.792188 0.425000 0.781250 0.437500 0.665625
3 0.989583 0.381250 0.931250 0.512500 0.975000 0.615625 0.793750 0.939062 0.987500 0.940625
6 0.827083 0.268750 0.843750 0.356250 0.845833 0.382812 0.852083 0.401563 0.872917 0.406250 0.885417 0.396875 0.887500 0.382812 0.879167 0.364062 0.879167 0.334375 0.866667 0.309375 0.864583 0.290625
7 0.716667 0.526563 0.525000 0.557813 0.525000 0.682813 0.547917 0.690625 0.691667 0.662500
7 0.793750 0.595312 0.797917 0.623438 0.770833 0.623438 0.747917 0.595312 0.737500 0.631250 0.768750 0.825000 0.770833 0.812500 0.802083 0.765625 0.827083 0.698438 0.810417 0.598437
7 0.725000 0.971875 0.027083 0.987500 0.718750 0.987500
8 0.868750 0.021875 0.852083 0.043750 0.852083 0.048437 0.870833 0.078125 0.970833 0.103125 0.987500 0.092188 0.987500 0.076563 0.960417 0.057813 0.989583 0.054688 0.981250 0.028125 0.950000 0.020312 0.937500 0.014062 0.900000 0.014062 0.889583 0.021875
8 0.841667 0.065625 0.783333 0.051562 0.779167 0.059375 0.591667 0.056250 0.525000 0.065625 0.502083 0.093750 0.506250 0.106250 0.487500 0.150000 0.512500 0.254687 0.552083 0.278125 0.758333 0.254687 0.793750 0.267188 0.843750 0.260938 0.866667 0.214062 0.868750 0.153125
8 0.743750 0.281250 0.752083 0.287500 0.754167 0.287500 0.758333 0.290625 0.760417 0.290625 0.775000 0.301562 0.775000 0.303125 0.777083 0.303125 0.789583 0.312500 0.791667 0.317187 0.793750 0.317187 0.795833 0.318750 0.795833 0.306250 0.797917 0.304688 0.795833 0.303125 0.795833 0.287500 0.789583 0.279687 0.789583 0.281250 0.787500 0.282813 0.783333 0.282813 0.777083 0.285937 0.775000 0.284375 0.764583 0.284375 0.762500 0.282813
8 0.725000 0.284375 0.725000 0.289062 0.722917 0.290625 0.722917 0.295312 0.720833 0.296875 0.720833 0.303125 0.718750 0.304688 0.718750 0.309375 0.720833 0.310937 0.741667 0.310937 0.743750 0.312500 0.750000 0.312500 0.752083 0.314063 0.758333 0.314063 0.760417 0.315625 0.764583 0.315625 0.766667 0.317187 0.770833 0.317187 0.727083 0.284375
8 0.745833 0.317187 0.743750 0.339063 0.760417 0.350000 0.760417 0.354688 0.762500 0.356250 0.760417 0.357812 0.760417 0.365625 0.762500 0.367188 0.775000 0.367188 0.777083 0.368750 0.779167 0.362500 0.795833 0.339063 0.787500 0.326562 0.783333 0.323438 0.775000 0.321875 0.772917 0.320312 0.758333 0.320312 0.756250 0.318750
8 0.708333 0.370313 0.706250 0.373437 0.706250 0.385938 0.702083 0.390625 0.727083 0.389062 0.735417 0.395312 0.741667 0.395312 0.750000 0.398438 0.756250 0.395312 0.768750 0.395312 0.770833 0.396875 0.772917 0.384375 0.775000 0.382812 0.775000 0.376563 0.772917 0.376563 0.768750 0.373437 0.754167 0.368750 0.750000 0.365625 0.733333 0.365625 0.731250 0.367188 0.720833 0.367188 0.718750 0.365625 0.714583 0.365625
8 0.731250 0.423438 0.727083 0.442187 0.727083 0.546875 0.735417 0.570312 0.764583 0.610937 0.785417 0.618750 0.777083 0.590625 0.816667 0.587500 0.854167 0.559375 0.850000 0.532812 0.864583 0.501562 0.843750 0.440625 0.756250 0.420312
8 0.687500 0.678125 0.666667 0.682813 0.643750 0.684375 0.639583 0.700000 0.656250 0.701563 0.647917 0.703125 0.641667 0.710938 0.641667 0.726562 0.647917 0.735937 0.656250 0.739062 0.672917 0.737500 0.683333 0.742188 0.704167 0.745313 0.700000 0.751562 0.683333 0.751562 0.666667 0.759375 0.677083 0.756250 0.691667 0.756250 0.702083 0.751562 0.706250 0.753125 0.714583 0.750000 0.718750 0.726562 0.714583 0.701563 0.706250 0.700000 0.693750 0.703125 0.689583 0.700000
8 0.729167 0.795313 0.729167 0.831250 0.731250 0.832812 0.733333 0.865625 0.737500 0.871875 0.739583 0.893750 0.741667 0.898438 0.752083 0.904688 0.756250 0.912500 0.762500 0.906250 0.760417 0.878125 0.756250 0.870313 0.756250 0.864062 0.745833 0.845312
8 0.600000 0.801562 0.606250 0.860937 0.631250 0.871875 0.631250 0.881250 0.689583 0.876562 0.714583 0.857813 0.725000 0.853125 0.720833 0.803125 0.695833 0.800000