1 0.014583 0.014062 0.016667 0.064062 0.547917 0.089062 0.606250 0.070312 0.608333 0.018750
1 0.985417 0.014062 0.745833 0.018750 0.745833 0.492188 0.987500 0.484375 0.987500 0.420312 0.768750 0.421875 0.768750 0.121875 0.987500 0.132812
1 0.652083 0.493750 0.016667 0.506250 0.016667 0.712500 0.641667 0.667188 0.512500 0.570312 0.533333 0.529688 0.560417 0.528125 0.662500 0.589063
1 0.983333 0.910937 0.962500 0.898438 0.839583 0.903125 0.760417 0.843750 0.652083 0.839063 0.612500 0.757812 0.687500 0.748438 0.610417 0.734375 0.639583 0.675000 0.014583 0.717188 0.014583 0.990625 0.985417 0.989062
3 0.697917 0.012500 0.714583 0.026563 0.710417 0.059375 0.675000 0.067188 0.685417 0.081250 0.677083 0.142188 0.643750 0.154687 0.643750 0.182812 0.702083 0.212500 0.700000 0.257812 0.672917 0.246875 0.645833 0.270312 0.633333 0.301562 0.664583 0.303125 0.664583 0.343750 0.683333 0.353125 0.685417 0.429688 0.712500 0.489062 0.731250 0.498437 0.733333 0.012500
3 0.870833 0.523438 0.852083 0.537500 0.858333 0.587500 0.947917 0.600000 0.947917 0.650000 0.897917 0.651563 0.887500 0.662500 0.927083 0.670313 0.950000 0.693750 0.950000 0.725000 0.933333 0.729688 0.947917 0.796875 0.922917 0.804688 0.929167 0.812500 0.962500 0.817187 0.985417 0.848437 0.989583 0.545313
3 0.543750 0.534375 0.520833 0.571875 0.679167 0.692187 0.685417 0.664062 0.654167 0.643750 0.658333 0.626562 0.677083 0.625000 0.683333 0.618750 0.572917 0.534375
7 0.012500 0.071875 0.016667 0.485938 0.510417 0.464063 0.531250 0.443750 0.614583 0.434375 0.610417 0.406250 0.556250 0.375000 0.550000 0.329688 0.570833 0.315625 0.508333 0.290625 0.479167 0.254687 0.487500 0.209375 0.520833 0.179688 0.502083 0.095312
7 0.447917 0.823438 0.447917 0.860937 0.450000 0.859375 0.587500 0.853125 0.560417 0.820312 0.452083 0.821875
8 0.627083 0.012500 0.610417 0.021875 0.608333 0.071875 0.639583 0.070312 0.620833 0.095312 0.620833 0.129688 0.627083 0.143750 0.656250 0.145313 0.675000 0.137500 0.681250 0.114063 0.679167 0.079687 0.645833 0.067188 0.702083 0.056250 0.710417 0.029687
8 0.606250 0.140625 0.604167 0.139062 0.604167 0.128125 0.602083 0.126563 0.600000 0.106250 0.581250 0.106250 0.579167 0.107813 0.560417 0.107813 0.558333 0.109375 0.537500 0.109375 0.535417 0.110937 0.516667 0.110937 0.514583 0.112500 0.516667 0.125000 0.520833 0.132812 0.566667 0.132812 0.568750 0.134375 0.585417 0.135937 0.587500 0.137500 0.604167 0.139062
8 0.770833 0.125000 0.772917 0.415625 0.987500 0.415625 0.985417 0.135937
8 0.531250 0.179688 0.491667 0.212500 0.487500 0.251563 0.510417 0.284375 0.570833 0.310937 0.595833 0.306250 0.579167 0.201562 0.597917 0.179688
8 0.597917 0.196875 0.591667 0.210938 0.591667 0.251563 0.602083 0.268750 0.633333 0.257812 0.641667 0.262500 0.662500 0.259375 0.664583 0.243750 0.662500 0.220313 0.635417 0.198437 0.635417 0.226562 0.633333 0.228125 0.622917 0.195312
8 0.660417 0.306250 0.650000 0.306250 0.647917 0.307813 0.635417 0.307813 0.633333 0.309375 0.622917 0.309375 0.620833 0.310937 0.610417 0.310937 0.608333 0.312500 0.583333 0.314063 0.583333 0.326562 0.585417 0.328125 0.595833 0.328125 0.597917 0.329688 0.610417 0.329688 0.612500 0.331250 0.625000 0.331250 0.627083 0.332812 0.639583 0.332812 0.641667 0.334375 0.658333 0.334375 0.660417 0.335938
8 0.625000 0.362500 0.627083 0.367188 0.639583 0.379687 0.641667 0.384375 0.672917 0.384375 0.677083 0.385938 0.677083 0.371875 0.679167 0.370313 0.679167 0.354688 0.681250 0.353125 0.677083 0.350000 0.664583 0.345313 0.660417 0.345313
8 0.697917 0.451562 0.679167 0.437500 0.518750 0.456250 0.514583 0.481250 0.537500 0.490625 0.697917 0.490625
8 0.660417 0.626562 0.660417 0.645312 0.941667 0.646875 0.941667 0.598437 0.808333 0.603125 0.825000 0.565625 0.781250 0.523438 0.735417 0.521875 0.712500 0.614062 0.802083 0.607813 0.787500 0.617188
8 0.941667 0.695312 0.927083 0.671875 0.783333 0.673437 0.754167 0.693750 0.633333 0.701563 0.633333 0.715625 0.752083 0.718750 0.779167 0.725000 0.941667 0.725000
8 0.620833 0.739062 0.714583 0.739062 0.743750 0.745313 0.793750 0.737500 0.787500 0.728125 0.727083 0.728125 0.725000 0.726562 0.672917 0.726562 0.670833 0.725000 0.625000 0.725000
8 0.633333 0.789062 0.629167 0.807813 0.722917 0.810938 0.770833 0.801562 0.764583 0.787500 0.781250 0.814062 0.775000 0.804688 0.741667 0.817187 0.652083 0.817187 0.650000 0.832812 0.754167 0.839063 0.810417 0.856250 0.841667 0.898438 0.966667 0.890625 0.981250 0.871875 0.952083 0.832812 0.825000 0.840625 0.933333 0.829687 0.910417 0.796875 0.812500 0.800000 0.943750 0.792188 0.931250 0.737500 0.814583 0.739062 0.800000 0.757812 0.812500 0.798437 0.793750 0.782812 0.804167 0.745313 0.764583 0.759375 0.762500 0.789062 0.756250 0.781250
8 0.756250 0.751562 0.750000 0.750000 0.704167 0.750000 0.687500 0.756250 0.620833 0.757812 0.618750 0.759375 0.618750 0.775000 0.620833 0.778125 0.700000 0.778125 0.702083 0.776563 0.756250 0.775000