1 0.310417 0.010937 0.356250 0.529688 0.485417 0.531250 0.577083 0.512500 0.550000 0.456250 0.627083 0.381250 0.543750 0.382812 0.502083 0.357812 0.633333 0.337500 0.643750 0.306250 0.435417 0.304688 0.418750 0.278125 0.641667 0.271875 0.660417 0.235938 0.516667 0.218750 0.518750 0.200000 0.464583 0.212500 0.435417 0.159375 0.493750 0.128125 0.450000 0.114063 0.545833 0.073437 0.464583 0.064062 0.400000 0.014062
1 0.581250 0.548437 0.356250 0.539062 0.345833 0.770312 0.347917 0.648438 0.016667 0.659375 0.014583 0.867188 0.620833 0.834375 0.620833 0.796875 0.689583 0.793750 0.704167 0.767187 0.631250 0.781250 0.595833 0.770312 0.625000 0.759375 0.587500 0.757812 0.625000 0.756250
1 0.987500 0.754687 0.731250 0.767187 0.791667 0.987500 0.818750 0.987500 0.779167 0.889063 0.806250 0.870313 0.987500 0.864062
3 0.012500 0.010937 0.014583 0.657812 0.339583 0.648438 0.350000 0.532812 0.304167 0.010937
3 0.989583 0.010937 0.845833 0.042188 0.804167 0.123438 0.695833 0.134375 0.685417 0.170312 0.716667 0.171875 0.727083 0.214062 0.664583 0.239063 0.687500 0.273438 0.808333 0.243750 0.850000 0.365625 0.743750 0.485938 0.675000 0.317187 0.741667 0.551562 0.637500 0.734375 0.585417 0.546875 0.635417 0.778125 0.987500 0.753125
3 0.708333 0.770312 0.691667 0.793750 0.706250 0.793750 0.712500 0.800000 0.714583 0.829687 0.691667 0.837500 0.708333 0.854688 0.712500 0.873438 0.727083 0.864062 0.735417 0.867188 0.743750 0.917188 0.766667 0.985937 0.787500 0.987500 0.725000 0.770312
7 0.593750 0.406250 0.589583 0.425000 0.610417 0.426562 0.612500 0.434375 0.572917 0.440625 0.554167 0.476562 0.562500 0.485938 0.614583 0.492188 0.610417 0.485938 0.622917 0.484375 0.597917 0.548437 0.639583 0.726562 0.733333 0.551562 0.685417 0.415625 0.681250 0.432813 0.652083 0.421875 0.625000 0.478125 0.635417 0.446875 0.631250 0.412500
7 0.560417 0.848437 0.016667 0.873438 0.014583 0.990625 0.527083 0.987500 0.568750 0.932813 0.547917 0.889063
7 0.989583 0.867188 0.800000 0.876562 0.785417 0.887500 0.820833 0.985937 0.989583 0.989062
8 0.922917 0.014062 0.716667 0.012500 0.720833 0.021875 0.695833 0.034375 0.689583 0.018750 0.568750 0.015625 0.560417 0.026563 0.564583 0.121875 0.722917 0.131250 0.722917 0.117188 0.700000 0.114063 0.804167 0.118750 0.833333 0.101562 0.841667 0.040625 0.920833 0.034375
8 0.410417 0.015625 0.447917 0.032812 0.454167 0.046875 0.477083 0.062500 0.535417 0.071875 0.545833 0.067188 0.552083 0.070312 0.552083 0.079687 0.541667 0.090625 0.462500 0.114063 0.458333 0.120312 0.500000 0.128125 0.558333 0.104687 0.554167 0.025000 0.539583 0.015625
8 0.552083 0.114063 0.468750 0.143750 0.447917 0.156250 0.443750 0.162500 0.443750 0.182812 0.468750 0.206250 0.493750 0.206250 0.472917 0.157813 0.550000 0.123438
8 0.552083 0.184375 0.552083 0.215625 0.595833 0.217187 0.616667 0.229687 0.683333 0.232812 0.716667 0.228125 0.727083 0.203125 0.727083 0.187500 0.716667 0.176563 0.622917 0.176563 0.593750 0.187500
8 0.775000 0.243750 0.727083 0.264062 0.691667 0.271875 0.679167 0.290625 0.679167 0.309375 0.700000 0.350000 0.700000 0.382812 0.739583 0.420312 0.741667 0.482812 0.760417 0.487500 0.775000 0.471875 0.800000 0.403125 0.841667 0.368750 0.833333 0.303125 0.825000 0.298438 0.810417 0.246875
8 0.675000 0.254687 0.666667 0.246875 0.656250 0.254687 0.645833 0.276563 0.435417 0.275000 0.427083 0.278125 0.425000 0.284375 0.443750 0.300000 0.660417 0.301562 0.666667 0.320312 0.675000 0.309375
8 0.512500 0.354688 0.510417 0.364062 0.514583 0.368750 0.529167 0.367188 0.547917 0.376563 0.556250 0.371875 0.564583 0.375000 0.645833 0.376563 0.647917 0.392188 0.670833 0.426562 0.683333 0.425000 0.679167 0.395312 0.662500 0.351562 0.650000 0.356250 0.650000 0.365625 0.645833 0.365625 0.645833 0.353125 0.654167 0.348437 0.654167 0.343750 0.593750 0.342187 0.570833 0.353125 0.554167 0.348437 0.539583 0.353125 0.531250 0.351562 0.522917 0.357812 0.514583 0.357812
8 0.700000 0.478125 0.681250 0.484375 0.677083 0.500000 0.679167 0.537500 0.697917 0.535937 0.614583 0.573438 0.614583 0.585938 0.681250 0.557813 0.681250 0.550000 0.697917 0.535937 0.700000 0.540625 0.685417 0.562500 0.685417 0.575000 0.693750 0.592188 0.704167 0.589063 0.714583 0.565625 0.716667 0.537500
8 0.583333 0.492188 0.583333 0.507812 0.585417 0.509375 0.585417 0.510938 0.587500 0.512500 0.587500 0.514063 0.589583 0.515625 0.589583 0.517187 0.591667 0.518750 0.591667 0.520312 0.593750 0.521875 0.593750 0.523438 0.595833 0.525000 0.595833 0.526563 0.597917 0.528125 0.600000 0.532812 0.604167 0.529688 0.606250 0.529688 0.606250 0.518750 0.608333 0.517187 0.608333 0.501562 0.602083 0.496875 0.589583 0.496875
8 0.589583 0.542188 0.589583 0.528125 0.587500 0.526563 0.587500 0.521875 0.583333 0.517187 0.564583 0.517187 0.560417 0.520312 0.520833 0.521875 0.510417 0.528125 0.495833 0.528125 0.502083 0.535937 0.520833 0.535937 0.525000 0.539062 0.562500 0.542188 0.568750 0.545313 0.570833 0.543750 0.583333 0.543750 0.585417 0.542188
8 0.637500 0.793750 0.637500 0.828125 0.641667 0.834375 0.647917 0.834375 0.650000 0.832812 0.704167 0.832812 0.706250 0.831250 0.710417 0.831250 0.712500 0.809375 0.706250 0.798437 0.689583 0.798437 0.687500 0.796875 0.672917 0.796875 0.670833 0.795313
8 0.660417 0.837500 0.652083 0.854688 0.652083 0.864062 0.654167 0.865625 0.654167 0.871875 0.656250 0.873438 0.658333 0.882812 0.666667 0.885938 0.666667 0.892187 0.662500 0.895312 0.662500 0.898438 0.664583 0.901563 0.670833 0.903125 0.675000 0.906250 0.683333 0.903125 0.689583 0.903125 0.700000 0.896875 0.702083 0.892187 0.710417 0.884375 0.708333 0.862500 0.704167 0.857813 0.702083 0.850000 0.693750 0.840625 0.664583 0.840625
8 0.643750 0.935938 0.637500 0.935938 0.631250 0.932813 0.602083 0.932813 0.550000 0.953125 0.535417 0.973437 0.533333 0.987500 0.656250 0.987500 0.656250 0.984375 0.641667 0.968750 0.643750 0.959375 0.637500 0.956250 0.631250 0.948438 0.631250 0.945312