1 0.579167 0.020312 0.431250 0.015625 0.441667 0.250000 0.454167 0.250000 0.460417 0.154687 0.581250 0.153125
1 0.468750 0.164062 0.479167 0.364062 0.552083 0.370313 0.575000 0.287500 0.597917 0.265625 0.643750 0.248437 0.633333 0.232812 0.635417 0.209375 0.604167 0.200000 0.587500 0.165625
1 0.560417 0.375000 0.483333 0.376563 0.481250 0.378125 0.483333 0.429688 0.485417 0.432813 0.554167 0.432813 0.570833 0.414062 0.558333 0.401563 0.560417 0.398438
1 0.483333 0.440625 0.481250 0.464063 0.495833 0.521875 0.495833 0.631250 0.560417 0.632812 0.604167 0.614062 0.608333 0.606250 0.600000 0.589063 0.579167 0.579687 0.585417 0.571875 0.545833 0.575000 0.527083 0.567187 0.527083 0.556250 0.539583 0.554688 0.539583 0.526563 0.527083 0.531250 0.522917 0.521875 0.541667 0.504687 0.564583 0.503125 0.543750 0.496875 0.535417 0.476562 0.547917 0.470313 0.564583 0.470313 0.547917 0.440625
1 0.618750 0.651563 0.591667 0.635938 0.495833 0.639063 0.497917 0.715625 0.110417 0.725000 0.097917 0.809375 0.643750 0.782812
1 0.018750 0.668750 0.016667 0.985937 0.070833 0.987500 0.072917 0.976562 0.075000 0.985937 0.118750 0.987500 0.141667 0.815625 0.108333 0.820312 0.072917 0.976562 0.097917 0.831250 0.083333 0.801562 0.100000 0.721875
1 0.647917 0.793750 0.643750 0.789062 0.162500 0.810938 0.191667 0.829687 0.639583 0.810938
1 0.154167 0.818750 0.127083 0.987500 0.158333 0.989062 0.177083 0.835938
2 0.985417 0.762500 0.937500 0.795313 0.954167 0.828125 0.979167 0.889063 0.983333 0.765625
3 0.018750 0.140625 0.016667 0.665625 0.110417 0.720312 0.493750 0.710938 0.458333 0.287500 0.091667 0.312500
3 0.764583 0.243750 0.770833 0.317187 0.735417 0.346875 0.787500 0.481250 0.731250 0.554688 0.733333 0.590625 0.695833 0.593750 0.720833 0.687500 0.664583 0.759375 0.633333 0.670313 0.652083 0.779688 0.670833 0.784375 0.718750 0.726562 0.681250 0.784375 0.941667 0.776563 0.985417 0.757812 0.985417 0.728125 0.954167 0.726562 0.985417 0.725000 0.985417 0.635938 0.787500 0.645312 0.760417 0.676562 0.779167 0.651563 0.758333 0.567187 0.843750 0.435937
3 0.987500 0.440625 0.941667 0.440625 0.939583 0.434375 0.929167 0.440625 0.852083 0.437500 0.770833 0.565625 0.783333 0.637500 0.985417 0.631250
3 0.702083 0.787500 0.697917 0.796875 0.706250 0.812500 0.706250 0.882812 0.714583 0.890625 0.725000 0.973437 0.737500 0.987500 0.747917 0.987500 0.710417 0.787500
4 0.797917 0.032812 0.758333 0.221875 0.839583 0.401563 0.939583 0.175000
7 0.658333 0.625000 0.658333 0.634375 0.656250 0.635938 0.656250 0.640625 0.654167 0.642187 0.654167 0.648438 0.652083 0.650000 0.652083 0.657812 0.650000 0.659375 0.650000 0.662500 0.647917 0.664062 0.647917 0.668750 0.650000 0.670313 0.650000 0.671875 0.654167 0.675000 0.666667 0.675000 0.670833 0.671875 0.670833 0.670313 0.677083 0.662500 0.677083 0.650000 0.675000 0.648438 0.675000 0.645312 0.672917 0.643750 0.672917 0.640625 0.670833 0.639063 0.670833 0.637500 0.666667 0.634375 0.666667 0.632812 0.660417 0.628125 0.660417 0.626562
7 0.675000 0.684375 0.660417 0.684375 0.654167 0.689062 0.654167 0.710938 0.656250 0.712500 0.656250 0.734375 0.658333 0.735937 0.658333 0.759375 0.660417 0.760938 0.675000 0.739062 0.675000 0.735937 0.681250 0.726562 0.685417 0.723437 0.685417 0.714063 0.683333 0.712500 0.681250 0.703125 0.679167 0.701563 0.679167 0.687500
7 0.666667 0.981250 0.650000 0.951563 0.614583 0.945312 0.600000 0.932813 0.593750 0.893750 0.620833 0.862500 0.602083 0.835938 0.604167 0.818750 0.189583 0.839063 0.168750 0.985937
8 0.595833 0.015625 0.608333 0.187500 0.681250 0.206250 0.750000 0.196875 0.754167 0.212500 0.797917 0.023438 0.947917 0.168750 0.845833 0.407813 0.825000 0.378125 0.841667 0.426562 0.941667 0.432813 0.987500 0.375000 0.987500 0.010937
8 0.016667 0.014062 0.014583 0.118750 0.118750 0.304688 0.422917 0.287500 0.412500 0.012500
8 0.650000 0.220313 0.643750 0.225000 0.643750 0.235938 0.647917 0.239063 0.650000 0.239063 0.656250 0.243750 0.658333 0.243750 0.662500 0.246875 0.668750 0.246875 0.668750 0.245312 0.670833 0.243750 0.670833 0.242188 0.672917 0.240625 0.672917 0.239063 0.675000 0.237500 0.675000 0.226562 0.668750 0.221875 0.666667 0.221875 0.664583 0.220313
8 0.614583 0.284375 0.616667 0.329688 0.658333 0.329688 0.754167 0.335938 0.766667 0.315625 0.756250 0.293750 0.754167 0.281250 0.647917 0.279687 0.637500 0.284375
8 0.575000 0.345313 0.579167 0.368750 0.566667 0.385938 0.564583 0.401563 0.581250 0.415625 0.568750 0.431250 0.568750 0.450000 0.608333 0.478125 0.612500 0.475000 0.608333 0.493750 0.633333 0.542188 0.652083 0.546875 0.745833 0.540625 0.781250 0.482812 0.745833 0.356250 0.639583 0.357812 0.633333 0.340625
8 0.652083 0.550000 0.650000 0.570312 0.658333 0.576563 0.660417 0.575000 0.685417 0.575000 0.687500 0.576563 0.681250 0.581250 0.656250 0.582812 0.656250 0.585938 0.681250 0.585938 0.687500 0.589063 0.729167 0.589063 0.729167 0.582812 0.725000 0.578125 0.706250 0.578125 0.704167 0.576563 0.712500 0.570312 0.712500 0.564062 0.689583 0.564062 0.687500 0.562500 0.683333 0.548437 0.656250 0.548437
8 0.533333 0.562500 0.533333 0.565625 0.539583 0.568750 0.543750 0.568750 0.545833 0.567187 0.587500 0.567187 0.589583 0.565625 0.629167 0.565625 0.625000 0.560938 0.616667 0.560938 0.614583 0.559375 0.606250 0.559375 0.604167 0.557813 0.537500 0.557813
8 0.656250 0.798437 0.656250 0.804688 0.658333 0.806250 0.658333 0.810938 0.660417 0.812500 0.660417 0.817187 0.662500 0.818750 0.687500 0.818750 0.689583 0.820312 0.691667 0.820312 0.700000 0.812500 0.700000 0.809375 0.697917 0.807813 0.697917 0.806250 0.689583 0.798437 0.685417 0.798437 0.683333 0.796875 0.677083 0.796875 0.675000 0.795313 0.662500 0.795313
8 0.952083 0.829687 0.760417 0.839063 0.791667 0.982813 0.987500 0.985937 0.985417 0.904688
8 0.639583 0.868750 0.622917 0.875000 0.608333 0.889063 0.604167 0.898438 0.604167 0.918750 0.610417 0.931250 0.625000 0.942187 0.643750 0.946875 0.658333 0.946875 0.670833 0.942187 0.670833 0.937500 0.691667 0.929688 0.704167 0.917188 0.697917 0.907812 0.697917 0.896875 0.693750 0.890625 0.675000 0.878125 0.666667 0.879687 0.666667 0.934375 0.660417 0.910937 0.662500 0.871875
8 0.668750 0.950000 0.664583 0.953125 0.664583 0.960938 0.666667 0.962500 0.668750 0.967188 0.672917 0.970312 0.679167 0.971875 0.683333 0.975000 0.683333 0.979688 0.685417 0.981250 0.685417 0.982813 0.693750 0.982813 0.693750 0.979688 0.695833 0.978125 0.695833 0.975000 0.697917 0.973437 0.697917 0.971875 0.706250 0.965625 0.706250 0.957812 0.708333 0.956250 0.706250 0.954687 0.704167 0.950000