1 0.410417 0.276563 0.372917 0.457812 0.356250 0.459375 0.312500 0.704687 0.341667 0.793750 0.308333 0.985937 0.447917 0.987500 0.464583 0.926562 0.535417 0.914062 0.554167 0.882812 0.522917 0.865625 0.531250 0.796875 0.485417 0.778125 0.460417 0.523438 0.477083 0.476562 0.437500 0.414062 0.477083 0.346875 0.454167 0.284375
3 0.985417 0.010937 0.216667 0.014062 0.239583 0.148438 0.354167 0.167187 0.193750 0.148438 0.189583 0.014062 0.014583 0.014062 0.016667 0.317187 0.029167 0.295312 0.329167 0.317187 0.366667 0.453125 0.387500 0.273438 0.447917 0.275000 0.479167 0.203125 0.622917 0.193750 0.670833 0.048437 0.989583 0.084375
3 0.687500 0.053125 0.670833 0.059375 0.633333 0.184375 0.645833 0.184375 0.681250 0.157813 0.693750 0.165625 0.706250 0.187500 0.681250 0.279687 0.656250 0.293750 0.668750 0.306250 0.666667 0.337500 0.731250 0.184375
3 0.700000 0.065625 0.735417 0.182812 0.820833 0.176563 0.829167 0.192188 0.843750 0.175000 0.981250 0.187500 0.985417 0.089062
3 0.852083 0.614062 0.702083 0.768750 0.710417 0.796875 0.737500 0.796875 0.758333 0.809375 0.754167 0.821875 0.897917 0.826563 0.943750 0.985937 0.989583 0.985937 0.989583 0.900000 0.883333 0.610937
3 0.900000 0.629687 0.985417 0.876562 0.985417 0.632812
3 0.016667 0.718750 0.016667 0.989062 0.300000 0.987500 0.329167 0.793750 0.316667 0.720312
4 0.735417 0.296875 0.641667 0.515625 0.679167 0.707812 0.820833 0.478125 0.810417 0.470313
8 0.193750 0.014062 0.202083 0.140625 0.204167 0.143750 0.231250 0.146875 0.210417 0.014062
8 0.818750 0.181250 0.733333 0.190625 0.666667 0.351562 0.672917 0.425000 0.739583 0.284375 0.827083 0.471875 0.677083 0.721875 0.639583 0.496875 0.604167 0.493750 0.641667 0.492188 0.670833 0.410937 0.631250 0.251563 0.670833 0.284375 0.700000 0.195312 0.683333 0.171875 0.639583 0.210938 0.481250 0.210938 0.475000 0.334375 0.535417 0.351562 0.489583 0.353125 0.458333 0.425000 0.504167 0.525000 0.604167 0.495313 0.500000 0.532812 0.483333 0.490625 0.495833 0.784375 0.650000 0.787500 0.835417 0.603125 0.985417 0.625000 0.981250 0.501562
8 0.847917 0.193750 0.987500 0.500000 0.985417 0.195312
8 0.037500 0.301562 0.016667 0.326562 0.016667 0.712500 0.302083 0.714063 0.347917 0.460938 0.339583 0.343750 0.320833 0.320312
8 0.462500 0.978125 0.933333 0.989062 0.895833 0.831250 0.752083 0.825000 0.743750 0.806250 0.545833 0.793750 0.529167 0.865625 0.554167 0.878125 0.560417 0.862500 0.658333 0.809375 0.672917 0.812500 0.566667 0.865625 0.541667 0.917188 0.468750 0.932813