1 0.014583 0.014062 0.014583 0.223438 0.145833 0.223438 0.158333 0.151562 0.229167 0.192188 0.256250 0.192188 0.245833 0.184375 0.304167 0.156250 0.316667 0.171875 0.366667 0.190625 0.487500 0.190625 0.533333 0.159375 0.531250 0.026563 0.506250 0.015625
1 0.193750 0.225000 0.445833 0.220313 0.464583 0.206250 0.304167 0.204688 0.297917 0.209375 0.279167 0.212500 0.264583 0.203125 0.245833 0.203125 0.208333 0.209375
1 0.016667 0.226562 0.016667 0.367188 0.860417 0.345313 0.783333 0.271875 0.762500 0.275000 0.743750 0.303125 0.631250 0.326562 0.491667 0.312500 0.425000 0.279687 0.437500 0.223438 0.197917 0.228125 0.172917 0.242188 0.147917 0.226562
1 0.862500 0.350000 0.020833 0.370313 0.016667 0.431250 0.502083 0.417188 0.854167 0.376563
1 0.016667 0.435937 0.014583 0.987500 0.989583 0.989062 0.825000 0.793750 0.795833 0.637500 0.812500 0.614062 0.958333 0.565625 0.939583 0.545313 0.543750 0.575000 0.508333 0.421875
2 0.808333 0.012500 0.822917 0.178125 0.793750 0.273438 0.870833 0.342187 0.858333 0.376563 0.981250 0.520312 0.929167 0.539062 0.964583 0.556250 0.989583 0.551562 0.989583 0.015625
6 0.541667 0.020312 0.537500 0.157813 0.587500 0.184375 0.666667 0.190625 0.672917 0.195312 0.689583 0.154687 0.766667 0.148438 0.814583 0.170312 0.797917 0.017188
7 0.152083 0.173438 0.152083 0.215625 0.164583 0.239063 0.185417 0.229687 0.202083 0.206250 0.218750 0.200000 0.268750 0.200000 0.283333 0.207813 0.297917 0.204688 0.306250 0.178125 0.360417 0.195312 0.306250 0.198437 0.464583 0.201562 0.475000 0.195312 0.368750 0.193750 0.310417 0.175000 0.308333 0.162500 0.295833 0.173438 0.275000 0.173438 0.252083 0.184375 0.266667 0.196875 0.222917 0.195312 0.191667 0.181250 0.160417 0.156250
7 0.283333 0.262500 0.147917 0.265625 0.137500 0.309375 0.272917 0.309375
7 0.970833 0.517187 0.856250 0.379687 0.512500 0.415625 0.547917 0.571875 0.968750 0.525000
8 0.427083 0.271875 0.429167 0.278125 0.495833 0.309375 0.631250 0.321875 0.739583 0.298438 0.754167 0.279687 0.756250 0.257812 0.700000 0.245312 0.697917 0.217187 0.666667 0.192188 0.587500 0.185937 0.535417 0.162500 0.439583 0.229687
8 0.979167 0.559375 0.797917 0.628125 0.829167 0.792188 0.985417 0.965625