1 0.012500 0.039062 0.316667 0.045313 0.329167 0.140625 0.370833 0.154687 0.375000 0.137500 0.445833 0.184375 0.477083 0.182812 0.458333 0.126563 0.483333 0.056250 0.556250 0.017188 0.012500 0.014062
1 0.020833 0.251563 0.014583 0.521875 0.131250 0.523438 0.145833 0.439063 0.225000 0.492188 0.325000 0.460938 0.333333 0.475000 0.402083 0.490625 0.570833 0.487500 0.616667 0.470313 0.597917 0.443750 0.589583 0.318750 0.562500 0.309375 0.552083 0.276563 0.516667 0.259375 0.458333 0.275000 0.414583 0.271875 0.310417 0.304688 0.291667 0.301562 0.308333 0.279687 0.360417 0.251563
1 0.020833 0.528125 0.018750 0.748438 0.987500 0.696875 0.981250 0.664062 0.916667 0.617188 0.904167 0.634375 0.570833 0.654688 0.460417 0.593750 0.495833 0.523438 0.200000 0.528125 0.150000 0.556250 0.118750 0.531250
1 0.987500 0.703125 0.016667 0.754687 0.014583 0.834375 0.468750 0.806250 0.018750 0.837500 0.014583 0.989062 0.635417 0.987500 0.560417 0.798437 0.987500 0.732813
6 0.597917 0.321875 0.608333 0.443750 0.633333 0.487500 0.658333 0.490625 0.791667 0.467187 0.968750 0.467187 0.947917 0.367188 0.787500 0.348437 0.722917 0.384375 0.656250 0.345313
7 0.012500 0.043750 0.018750 0.243750 0.331250 0.240625 0.314583 0.215625 0.270833 0.182812 0.275000 0.148438 0.325000 0.146875 0.310417 0.051562
7 0.137500 0.542188 0.152083 0.551562 0.225000 0.500000 0.272917 0.500000 0.304167 0.520312 0.316667 0.500000 0.556250 0.498437 0.562500 0.493750 0.395833 0.496875 0.327083 0.479688 0.322917 0.467187 0.304167 0.481250 0.260417 0.487500 0.262500 0.495313 0.222917 0.496875 0.145833 0.445312
7 0.289583 0.579687 0.122917 0.584375 0.089583 0.648438 0.283333 0.642187
7 0.983333 0.737500 0.583333 0.801562 0.633333 0.981250 0.989583 0.989062
8 0.483333 0.064062 0.466667 0.140625 0.516667 0.243750 0.589583 0.287500 0.602083 0.231250 0.985417 0.239063 0.600000 0.239063 0.600000 0.290625 0.568750 0.289062 0.575000 0.310937 0.718750 0.379687 0.793750 0.339063 0.985417 0.340625 0.989583 0.131250 0.825000 0.014062 0.575000 0.017188
8 0.377083 0.142188 0.368750 0.160938 0.343750 0.145313 0.327083 0.153125 0.281250 0.154687 0.281250 0.179688 0.318750 0.209375 0.341667 0.240625 0.391667 0.242188 0.320833 0.279687 0.316667 0.295312 0.431250 0.257812 0.441667 0.265625 0.510417 0.245312 0.477083 0.192188 0.443750 0.187500
8 0.472917 0.579687 0.500000 0.603125 0.579167 0.642187 0.900000 0.621875 0.868750 0.589063 0.581250 0.537500 0.627083 0.503125 0.618750 0.478125 0.527083 0.510938 0.485417 0.539062 0.487500 0.557813