1 0.014583 0.010937 0.016667 0.285937 0.120833 0.293750 0.083333 0.218750 0.256250 0.218750 0.287500 0.303125 0.016667 0.292188 0.014583 0.398438 0.062500 0.401563 0.016667 0.409375 0.014583 0.514063 0.875000 0.507812 0.987500 0.340625 0.987500 0.014062
1 0.777083 0.575000 0.758333 0.512500 0.064583 0.518750 0.052083 0.592188 0.166667 0.710938 0.487500 0.703125 0.520833 0.689062 0.260417 0.695312 0.225000 0.637500 0.564583 0.634375 0.581250 0.621875 0.722917 0.631250 0.718750 0.598437 0.775000 0.578125 0.704167 0.576563
1 0.018750 0.517187 0.014583 0.853125 0.127083 0.850000 0.154167 0.714063 0.045833 0.593750 0.052083 0.518750
1 0.710417 0.715625 0.647917 0.718750 0.568750 0.748438 0.504167 0.707812 0.168750 0.717188 0.133333 0.843750 0.547917 0.826563 0.545833 0.804688 0.587500 0.775000 0.725000 0.781250
1 0.841667 0.985937 0.829167 0.884375 0.793750 0.862500 0.525000 0.834375 0.020833 0.857813 0.014583 0.982813
2 0.985417 0.360938 0.872917 0.521875 0.768750 0.514063 0.781250 0.575000 0.825000 0.567187 0.854167 0.631250 0.850000 0.664062 0.837500 0.684375 0.779167 0.690625 0.768750 0.718750 0.727083 0.732813 0.733333 0.767187 0.797917 0.703125 0.908333 0.692187 0.929167 0.670313 0.983333 0.671875
5 0.560417 0.798437 0.554167 0.814062 0.568750 0.821875 0.566667 0.837500 0.804167 0.854688 0.822917 0.876562 0.831250 0.859375 0.852083 0.984375 0.989583 0.987500 0.987500 0.948438 0.925000 0.815625 0.985417 0.804688 0.985417 0.792188 0.866667 0.798437 0.585417 0.781250
7 0.091667 0.223438 0.127083 0.295312 0.281250 0.301562 0.256250 0.223438
7 0.235417 0.315625 0.252083 0.389062 0.362500 0.393750 0.347917 0.318750
7 0.091667 0.318750 0.127083 0.396875 0.229167 0.393750 0.206250 0.318750
7 0.633333 0.681250 0.652083 0.679688 0.681250 0.673437 0.687500 0.673437 0.689583 0.679688 0.704167 0.679688 0.710417 0.676562 0.722917 0.662500 0.731250 0.642187 0.725000 0.637500 0.718750 0.635938 0.635417 0.634375 0.639583 0.639063 0.639583 0.645312 0.637500 0.646875 0.639583 0.648438 0.639583 0.668750
7 0.554167 0.681250 0.504167 0.653125 0.504167 0.642187 0.516667 0.639063 0.235417 0.645312 0.258333 0.689062 0.543750 0.684375
8 0.810417 0.568750 0.772917 0.584375 0.745833 0.592188 0.741667 0.596875 0.741667 0.620313 0.747917 0.634375 0.768750 0.659375 0.775000 0.676562 0.793750 0.685938 0.837500 0.682813 0.837500 0.614062 0.820833 0.593750 0.820833 0.584375
8 0.350000 0.601562 0.350000 0.609375 0.354167 0.615625 0.375000 0.615625 0.377083 0.617188 0.400000 0.617188 0.402083 0.615625 0.408333 0.615625 0.416667 0.610937 0.435417 0.610937 0.435417 0.609375 0.425000 0.600000 0.414583 0.600000 0.412500 0.598437 0.379167 0.598437 0.377083 0.600000 0.352083 0.600000
8 0.685417 0.679688 0.620833 0.692187 0.618750 0.689062 0.631250 0.682813 0.637500 0.668750 0.637500 0.648438 0.622917 0.631250 0.610417 0.628125 0.516667 0.642187 0.539583 0.665625 0.583333 0.684375 0.562500 0.684375 0.497917 0.698438 0.568750 0.732813 0.614583 0.728125
8 0.758333 0.654688 0.756250 0.654688 0.747917 0.660937 0.745833 0.665625 0.741667 0.667188 0.725000 0.681250 0.725000 0.684375 0.731250 0.692187 0.735417 0.692187 0.739583 0.695312 0.725000 0.704687 0.725000 0.714063 0.729167 0.718750 0.766667 0.718750 0.766667 0.709375 0.768750 0.707812 0.768750 0.698438 0.770833 0.696875 0.770833 0.687500 0.772917 0.685938 0.770833 0.684375 0.770833 0.681250 0.758333 0.673437 0.762500 0.667188 0.762500 0.662500 0.758333 0.657812
8 0.985417 0.684375 0.960417 0.690625 0.954167 0.676562 0.931250 0.675000 0.920833 0.685938 0.920833 0.703125 0.866667 0.701563 0.856250 0.707812 0.820833 0.707812 0.820833 0.721875 0.781250 0.742188 0.779167 0.754687 0.760417 0.770312 0.747917 0.771875 0.741667 0.787500 0.866667 0.792188 0.987500 0.785937