1 0.677083 0.012500 0.483333 0.017188 0.479167 0.278125 0.143750 0.282813 0.062500 0.014062 0.014583 0.014062 0.014583 0.989062 0.789583 0.962500 0.860417 0.735937 0.781250 0.679688 0.487500 0.650000 0.387500 0.675000 0.383333 0.717188 0.218750 0.709375 0.239583 0.575000 0.377083 0.562500 0.383333 0.621875 0.645833 0.631250 0.545833 0.612500 0.712500 0.570312 0.712500 0.535937 0.583333 0.507812 0.610417 0.356250 0.570833 0.289062
2 0.985417 0.742188 0.866667 0.746875 0.791667 0.964063 0.725000 0.957812 0.737500 0.987500 0.989583 0.987500
5 0.683333 0.015625 0.664583 0.131250 0.681250 0.253125 0.618750 0.342187 0.587500 0.503125 0.718750 0.528125 0.729167 0.546875 0.727083 0.507812 0.679167 0.459375 0.731250 0.415625 0.895833 0.346875 0.912500 0.545313 0.879167 0.559375 0.964583 0.600000 0.983333 0.681250 0.987500 0.014062
5 0.785417 0.593750 0.783333 0.595312 0.781250 0.595312 0.758333 0.604688 0.762500 0.609375 0.762500 0.612500 0.766667 0.617188 0.766667 0.620313 0.770833 0.625000 0.770833 0.628125 0.772917 0.629687 0.772917 0.632812 0.777083 0.637500 0.777083 0.640625 0.779167 0.642187 0.779167 0.643750 0.779167 0.640625 0.777083 0.639063 0.777083 0.631250 0.775000 0.629687 0.775000 0.620313 0.777083 0.618750 0.777083 0.614062 0.779167 0.612500 0.779167 0.609375 0.781250 0.607813 0.781250 0.604688 0.783333 0.603125 0.783333 0.600000 0.785417 0.598437
5 0.725000 0.651563 0.722917 0.653125 0.725000 0.654688 0.727083 0.659375 0.731250 0.662500 0.735417 0.670313 0.737500 0.670313 0.741667 0.673437 0.747917 0.675000 0.752083 0.678125 0.754167 0.678125 0.770833 0.687500 0.770833 0.684375 0.772917 0.682813 0.772917 0.679688 0.775000 0.678125 0.775000 0.675000 0.777083 0.673437 0.777083 0.667188 0.770833 0.660937 0.770833 0.659375 0.764583 0.653125 0.764583 0.651563 0.762500 0.650000 0.745833 0.650000 0.743750 0.651563
7 0.075000 0.015625 0.141667 0.275000 0.475000 0.273438 0.477083 0.017188
7 0.225000 0.703125 0.375000 0.714063 0.379167 0.675000 0.418750 0.653125 0.456250 0.662500 0.479167 0.662500 0.487500 0.648438 0.643750 0.653125 0.643750 0.639063 0.487500 0.640625 0.466667 0.628125 0.437500 0.640625 0.395833 0.634375 0.377083 0.617188 0.377083 0.568750 0.239583 0.576563 0.222917 0.640625
7 0.260417 0.801562 0.262500 0.818750 0.264583 0.820312 0.264583 0.828125 0.268750 0.839063 0.350000 0.839063 0.352083 0.840625 0.360417 0.840625 0.360417 0.825000 0.362500 0.823438 0.362500 0.807813 0.364583 0.806250 0.360417 0.804688
7 0.339583 0.851562 0.339583 0.887500 0.341667 0.889063 0.341667 0.892187 0.410417 0.892187 0.410417 0.889063 0.408333 0.887500 0.408333 0.851562
7 0.247917 0.854688 0.250000 0.882812 0.252083 0.884375 0.252083 0.898438 0.254167 0.900000 0.258333 0.900000 0.260417 0.898438 0.316667 0.898438 0.316667 0.854688
8 0.647917 0.129688 0.635417 0.146875 0.641667 0.189063 0.595833 0.234375 0.579167 0.282813 0.583333 0.318750 0.608333 0.356250 0.672917 0.254687
8 0.893750 0.348437 0.731250 0.417188 0.681250 0.462500 0.729167 0.507812 0.735417 0.610937 0.787500 0.593750 0.777083 0.629687 0.795833 0.704687 0.910417 0.739062 0.985417 0.737500 0.981250 0.637500 0.964583 0.603125 0.920833 0.568750 0.877083 0.559375 0.910417 0.545313
8 0.722917 0.585938 0.685417 0.578125 0.681250 0.595312 0.664583 0.584375 0.656250 0.584375 0.568750 0.600000 0.547917 0.612500 0.547917 0.626562 0.579167 0.618750 0.600000 0.606250 0.675000 0.609375 0.681250 0.612500 0.685417 0.620313 0.729167 0.620313
8 0.660417 0.625000 0.656250 0.651563 0.700000 0.651563 0.714583 0.645312 0.750000 0.645312 0.764583 0.650000 0.764583 0.639063 0.756250 0.631250 0.745833 0.634375 0.741667 0.637500 0.710417 0.637500 0.691667 0.626562 0.685417 0.625000