1 0.014583 0.165625 0.016667 0.800000 0.066667 0.720312 0.016667 0.806250 0.014583 0.989062 0.668750 0.985937 0.620833 0.740625 0.752083 0.687500 0.381250 0.703125 0.750000 0.662500 0.189583 0.679688 0.716667 0.643750 0.512500 0.640625 0.504167 0.571875 0.081250 0.592188 0.089583 0.407813 0.062500 0.581250 0.091667 0.401563
5 0.991667 0.057813 0.987500 0.012500 0.737500 0.015625 0.743750 0.035937 0.770833 0.043750 0.795833 0.026563 0.877083 0.057813
5 0.943750 0.545313 0.818750 0.542188 0.783333 0.556250 0.766667 0.698438 0.716667 0.701563 0.631250 0.762500 0.679167 0.987500 0.989583 0.987500 0.987500 0.807813 0.989583 0.985937 0.931250 0.984375 0.875000 0.921875 0.927083 0.867188 0.872917 0.784375 0.900000 0.667188 0.987500 0.753125 0.987500 0.568750
7 0.014583 0.014062 0.106250 0.404687 0.522917 0.378125 0.525000 0.092188 0.191667 0.098438 0.135417 0.150000 0.072917 0.092188 0.097917 0.014062
7 0.104167 0.014062 0.179167 0.064062 0.535417 0.062500 0.529167 0.017188
7 0.087500 0.078125 0.129167 0.135937 0.160417 0.114063 0.179167 0.084375 0.779167 0.071875 0.779167 0.062500 0.166667 0.075000 0.104167 0.021875
7 0.789583 0.081250 0.683333 0.081250 0.677083 0.090625 0.693750 0.103125 0.691667 0.168750 0.677083 0.189063 0.681250 0.328125 0.670833 0.359375 0.779167 0.335938 0.818750 0.309375 0.787500 0.310937 0.756250 0.298438 0.777083 0.256250 0.835417 0.254687 0.816667 0.184375 0.777083 0.182812 0.772917 0.150000 0.737500 0.143750 0.737500 0.121875 0.770833 0.118750 0.775000 0.092188
7 0.597917 0.371875 0.108333 0.409375 0.091667 0.584375 0.504167 0.568750 0.493750 0.401563 0.612500 0.400000
8 0.681250 0.085938 0.533333 0.090625 0.533333 0.373437 0.608333 0.367188 0.608333 0.256250 0.556250 0.250000 0.558333 0.178125 0.566667 0.248437 0.633333 0.256250 0.643750 0.317187 0.679167 0.328125 0.672917 0.184375 0.593750 0.179688 0.677083 0.178125 0.693750 0.109375 0.654167 0.095312
8 0.739583 0.123438 0.739583 0.131250 0.741667 0.132812 0.741667 0.142188 0.743750 0.143750 0.785417 0.143750 0.785417 0.123438
8 0.987500 0.168750 0.820833 0.179688 0.843750 0.257812 0.779167 0.259375 0.762500 0.298438 0.833333 0.303125 0.845833 0.345313 0.789583 0.362500 0.710417 0.359375 0.679167 0.404687 0.497917 0.406250 0.516667 0.637500 0.714583 0.628125 0.764583 0.639063 0.777083 0.551562 0.912500 0.543750 0.858333 0.507812 0.987500 0.559375
8 0.902083 0.667188 0.906250 0.675000 0.879167 0.739062 0.875000 0.784375 0.895833 0.826563 0.929167 0.867188 0.877083 0.921875 0.931250 0.982813 0.987500 0.985937 0.979167 0.851562 0.987500 0.754687 0.910417 0.667188