1 0.989583 0.010937 0.012500 0.014062 0.016667 0.259375 0.987500 0.203125
1 0.983333 0.212500 0.020833 0.262500 0.014583 0.376563 0.337500 0.356250 0.352083 0.381250 0.362500 0.345313 0.406250 0.340625 0.433333 0.287500 0.981250 0.246875
1 0.016667 0.814062 0.295833 0.793750 0.287500 0.773438 0.258333 0.775000 0.247917 0.768750 0.239583 0.753125 0.241667 0.732813 0.252083 0.725000 0.272917 0.725000 0.314583 0.706250 0.339583 0.703125 0.341667 0.692187 0.027083 0.715625 0.014583 0.690625
1 0.014583 0.821875 0.014583 0.940625 0.687500 0.881250 0.687500 0.857813 0.577083 0.857813 0.539583 0.884375 0.522917 0.876562 0.370833 0.893750 0.343750 0.875000 0.335417 0.846875 0.306250 0.837500 0.293750 0.803125
1 0.708333 0.929688 0.677083 0.915625 0.687500 0.885938 0.014583 0.945312 0.014583 0.984375 0.062500 0.987500
5 0.983333 0.401563 0.889583 0.443750 0.850000 0.478125 0.775000 0.595312 0.775000 0.664062 0.820833 0.712500 0.885417 0.718750 0.947917 0.701563 0.916667 0.718750 0.816667 0.721875 0.804167 0.731250 0.768750 0.814062 0.766667 0.859375 0.781250 0.901563 0.839583 0.923437 0.872917 0.921875 0.987500 0.867188 0.972917 0.692187 0.987500 0.684375
7 0.337500 0.362500 0.014583 0.382812 0.014583 0.681250 0.035417 0.710938 0.356250 0.687500 0.350000 0.606250 0.385417 0.603125 0.352083 0.434375 0.325000 0.415625 0.343750 0.392188
8 0.985417 0.260938 0.437500 0.295312 0.541667 0.876562 0.579167 0.851562 0.683333 0.851562 0.647917 0.848437 0.575000 0.729688 0.660417 0.710938 0.585417 0.743750 0.668750 0.764063 0.808333 0.718750 0.747917 0.645312 0.768750 0.564062 0.668750 0.585938 0.654167 0.520312 0.760417 0.514063 0.756250 0.435937 0.635417 0.435937 0.631250 0.396875 0.779167 0.382812 0.652083 0.403125 0.647917 0.421875 0.787500 0.418750 0.789583 0.400000 0.810417 0.500000 0.987500 0.393750
8 0.425000 0.346875 0.372917 0.348437 0.368750 0.351562 0.366667 0.387500 0.364583 0.389062 0.360417 0.382812 0.335417 0.396875 0.329167 0.404687 0.327083 0.415625 0.333333 0.425000 0.352083 0.431250 0.364583 0.426562 0.370833 0.428125 0.370833 0.442187 0.377083 0.456250 0.447917 0.445312
8 0.775000 0.532812 0.762500 0.528125 0.754167 0.521875 0.745833 0.521875 0.743750 0.523438 0.737500 0.523438 0.735417 0.525000 0.727083 0.525000 0.725000 0.526563 0.710417 0.528125 0.714583 0.540625 0.718750 0.545313 0.718750 0.553125 0.716667 0.554688 0.714583 0.562500 0.739583 0.560938 0.741667 0.559375 0.752083 0.559375 0.754167 0.557813 0.764583 0.557813 0.766667 0.556250 0.779167 0.556250 0.777083 0.554688 0.777083 0.539062 0.775000 0.537500
8 0.410417 0.553125 0.410417 0.576563 0.427083 0.576563 0.429167 0.575000 0.445833 0.575000 0.447917 0.573438 0.464583 0.573438 0.466667 0.571875 0.481250 0.571875 0.481250 0.553125 0.483333 0.551562 0.412500 0.551562
8 0.425000 0.634375 0.429167 0.695312 0.410417 0.696875 0.420833 0.689062 0.370833 0.692187 0.372917 0.760938 0.408333 0.873438 0.537500 0.868750 0.506250 0.735937 0.466667 0.735937 0.512500 0.731250 0.493750 0.632812
8 0.366667 0.734375 0.350000 0.734375 0.347917 0.735937 0.341667 0.732813 0.325000 0.732813 0.308333 0.720312 0.304167 0.723437 0.283333 0.725000 0.272917 0.732813 0.250000 0.732813 0.241667 0.740625 0.241667 0.753125 0.250000 0.767187 0.256250 0.771875 0.277083 0.771875 0.283333 0.768750 0.297917 0.768750 0.306250 0.773438 0.312500 0.768750 0.322917 0.765625 0.325000 0.759375 0.345833 0.745313 0.364583 0.743750
8 0.358333 0.793750 0.356250 0.795313 0.356250 0.835938 0.362500 0.850000 0.362500 0.856250 0.368750 0.870313 0.372917 0.889063 0.377083 0.889063 0.404167 0.881250 0.400000 0.873438 0.400000 0.867188 0.387500 0.829687 0.379167 0.793750