1 0.777083 0.117188 0.547917 0.114063 0.518750 0.015625 0.014583 0.014062 0.016667 0.760938 0.181250 0.740625 0.262500 0.667188 0.622917 0.575000 0.458333 0.548437 0.441667 0.348437 0.510417 0.315625 0.487500 0.306250 0.506250 0.270312 0.431250 0.259375 0.479167 0.215625 0.412500 0.212500 0.406250 0.190625 0.608333 0.132812
1 0.020833 0.781250 0.016667 0.989062 0.560417 0.985937 0.989583 0.953125 0.985417 0.768750 0.818750 0.804688 0.739583 0.850000 0.545833 0.856250 0.320833 0.815625 0.202083 0.759375
3 0.531250 0.017188 0.554167 0.109375 0.922917 0.112500 0.933333 0.017188
3 0.904167 0.125000 0.625000 0.143750 0.650000 0.143750 0.666667 0.573438 0.987500 0.570312 0.989583 0.160938 0.962500 0.182812
5 0.839583 0.654688 0.858333 0.689062 0.862500 0.773438 0.985417 0.757812 0.983333 0.681250 0.914583 0.646875 0.862500 0.646875
7 0.381250 0.510938 0.360417 0.365625 0.293750 0.373437 0.293750 0.401563 0.272917 0.409375 0.241667 0.376563 0.227083 0.409375 0.118750 0.445312 0.239583 0.479688 0.266667 0.501562 0.279167 0.501562 0.281250 0.475000 0.302083 0.471875 0.316667 0.512500
8 0.487500 0.057813 0.320833 0.071875 0.318750 0.067188 0.168750 0.067188 0.185417 0.131250 0.327083 0.129688 0.322917 0.084375 0.487500 0.070312
8 0.625000 0.162500 0.518750 0.168750 0.487500 0.184375 0.431250 0.185937 0.427083 0.187500 0.427083 0.198437 0.495833 0.195312 0.516667 0.204688 0.627083 0.201562
8 0.631250 0.218750 0.512500 0.221875 0.481250 0.240625 0.441667 0.240625 0.439583 0.254687 0.487500 0.248437 0.514583 0.264062 0.631250 0.246875
8 0.643750 0.257812 0.583333 0.262500 0.566667 0.281250 0.514583 0.281250 0.516667 0.300000 0.518750 0.301562 0.570833 0.298438 0.577083 0.309375 0.585417 0.312500 0.612500 0.317187 0.652083 0.317187 0.652083 0.278125
8 0.564583 0.368750 0.558333 0.359375 0.552083 0.354688 0.541667 0.351562 0.518750 0.340625 0.516667 0.340625 0.508333 0.353125 0.460417 0.354688 0.456250 0.357812 0.456250 0.370313
8 0.647917 0.375000 0.529167 0.384375 0.516667 0.403125 0.466667 0.406250 0.468750 0.421875 0.512500 0.412500 0.531250 0.423438 0.647917 0.423438
8 0.812500 0.434375 0.802083 0.412500 0.768750 0.412500 0.747917 0.418750 0.731250 0.432813 0.697917 0.437500 0.683333 0.429688 0.683333 0.446875 0.685417 0.448438 0.693750 0.440625 0.720833 0.439063 0.752083 0.453125 0.768750 0.457812 0.802083 0.456250
8 0.464583 0.432813 0.470833 0.451562 0.525000 0.450000 0.539583 0.460938 0.645833 0.459375 0.645833 0.426562 0.522917 0.426562 0.514583 0.432813
8 0.481250 0.476562 0.483333 0.492188 0.527083 0.492188 0.537500 0.500000 0.645833 0.496875 0.645833 0.471875 0.633333 0.470313 0.531250 0.470313 0.518750 0.476562
8 0.477083 0.501562 0.485417 0.523438 0.639583 0.525000 0.635417 0.503125
8 0.481250 0.543750 0.481250 0.554688 0.535417 0.554688 0.556250 0.564062 0.647917 0.551562 0.647917 0.535937 0.641667 0.534375 0.537500 0.532812 0.520833 0.542188
8 0.950000 0.598437 0.779167 0.579687 0.620833 0.585938 0.481250 0.634375 0.366667 0.637500 0.285417 0.668750 0.362500 0.670313 0.258333 0.675000 0.189583 0.742188 0.337500 0.812500 0.500000 0.825000 0.558333 0.850000 0.739583 0.840625 0.791667 0.760938 0.797917 0.715625 0.531250 0.729688 0.520833 0.760938 0.522917 0.726562 0.602083 0.714063 0.595833 0.675000 0.766667 0.671875