1 0.627083 0.012500 0.320833 0.010937 0.341667 0.300000 0.014583 0.304688 0.014583 0.393750 0.085417 0.390625 0.116667 0.407813 0.512500 0.396875 0.395833 0.346875 0.412500 0.271875 0.429167 0.254687 0.547917 0.282813 0.562500 0.193750 0.593750 0.171875
1 0.795833 0.650000 0.714583 0.628125 0.016667 0.670313 0.014583 0.989062 0.058333 0.989062 0.087500 0.762500 0.066667 0.989062 0.250000 0.990625 0.252083 0.935938 0.320833 0.928125 0.339583 0.982813 0.316667 0.989062 0.460417 0.989062 0.475000 0.903125 0.552083 0.870313 0.481250 0.860937 0.472917 0.776563 0.512500 0.764063 0.097917 0.746875 0.089583 0.764063 0.043750 0.725000 0.789583 0.685938
2 0.989583 0.496875 0.893750 0.575000 0.900000 0.590625 0.870833 0.615625 0.816667 0.620313 0.791667 0.701563 0.639583 0.718750 0.627083 0.731250 0.635417 0.775000 0.564583 0.796875 0.583333 0.864062 0.618750 0.878125 0.639583 0.843750 0.614583 0.851562 0.725000 0.784375 0.681250 0.820312 0.854167 0.818750 0.872917 0.832812 0.929167 0.837500 0.927083 0.848437 0.900000 0.851562 0.941667 0.885938 0.985417 0.879687
3 0.710417 0.629687 0.670833 0.628125 0.658333 0.615625 0.631250 0.529688 0.552083 0.518750 0.514583 0.398438 0.083333 0.404687 0.056250 0.635938 0.085417 0.668750
3 0.645833 0.709375 0.441667 0.720312 0.441667 0.731250 0.429167 0.735937 0.416667 0.754687 0.416667 0.771875 0.420833 0.768750 0.425000 0.771875 0.462500 0.770312 0.468750 0.764063 0.470833 0.767187 0.489583 0.767187 0.510417 0.762500 0.516667 0.765625 0.597917 0.757812 0.597917 0.748438 0.614583 0.729688 0.625000 0.732813
4 0.633333 0.871875 0.618750 0.879687 0.595833 0.871875 0.533333 0.882812 0.516667 0.895312 0.495833 0.895312 0.485417 0.900000 0.475000 0.909375 0.466667 0.951563 0.466667 0.987500 0.618750 0.987500
5 0.631250 0.012500 0.595833 0.171875 0.566667 0.195312 0.525000 0.396875 0.706250 0.393750 0.716667 0.545313 0.635417 0.529688 0.672917 0.626562 0.870833 0.612500 0.891667 0.575000 0.991667 0.493750 0.991667 0.010937
5 0.989583 0.881250 0.939583 0.890625 0.897917 0.851562 0.927083 0.845312 0.922917 0.835938 0.872917 0.834375 0.854167 0.820312 0.658333 0.825000 0.645833 0.837500 0.625000 0.985937 0.645833 0.989062 0.639583 0.971875 0.672917 0.904688 0.722917 0.875000 0.762500 0.873438 0.797917 0.834375 0.802083 0.854688 0.785417 0.865625 0.793750 0.887500 0.841667 0.901563 0.835417 0.964063 0.772917 0.987500 0.887500 0.987500 0.856250 0.917188 0.920833 0.910937 0.941667 0.987500 0.989583 0.989062
6 0.862500 0.918750 0.866667 0.956250 0.891667 0.990625 0.897917 0.989062 0.937500 0.989062 0.935417 0.987500 0.916667 0.912500
7 0.012500 0.010937 0.014583 0.301562 0.337500 0.298438 0.316667 0.010937
7 0.789583 0.690625 0.054167 0.731250 0.052083 0.743750 0.789583 0.700000
7 0.479167 0.776563 0.481250 0.829687 0.483333 0.831250 0.483333 0.857813 0.485417 0.860937 0.552083 0.860937 0.554167 0.857813 0.552083 0.850000 0.556250 0.845312 0.547917 0.803125 0.527083 0.793750 0.527083 0.778125 0.520833 0.776563
7 0.400000 0.779688 0.158333 0.795313 0.152083 0.801562 0.145833 0.898438 0.408333 0.879687
7 0.335417 0.929688 0.256250 0.935938 0.254167 0.942187 0.254167 0.989062 0.295833 0.989062 0.297917 0.987500 0.337500 0.982813 0.335417 0.976562
8 0.420833 0.257812 0.414583 0.279687 0.414583 0.317187 0.406250 0.326562 0.408333 0.342187 0.400000 0.346875 0.518750 0.396875 0.537500 0.365625 0.545833 0.282813 0.533333 0.281250 0.506250 0.270312 0.479167 0.270312
8 0.081250 0.392188 0.014583 0.395312 0.016667 0.514063 0.022917 0.526563 0.043750 0.550000 0.062500 0.546875 0.070833 0.460938 0.075000 0.457812 0.077083 0.404687 0.085417 0.400000
8 0.702083 0.395312 0.622917 0.404687 0.562500 0.400000 0.516667 0.403125 0.525000 0.428125 0.547917 0.465625 0.560417 0.520312 0.608333 0.521875 0.627083 0.528125 0.693750 0.535937 0.700000 0.542188 0.714583 0.545313 0.712500 0.514063 0.700000 0.470313
8 0.427083 0.735937 0.420833 0.725000 0.085417 0.745313 0.297917 0.756250 0.391667 0.754687 0.412500 0.757812
8 0.572917 0.839063 0.570833 0.839063 0.568750 0.840625 0.566667 0.840625 0.564583 0.842188 0.562500 0.842188 0.556250 0.846875 0.556250 0.848437 0.554167 0.850000 0.554167 0.853125 0.558333 0.856250 0.558333 0.862500 0.562500 0.865625 0.579167 0.865625 0.579167 0.860937 0.581250 0.859375 0.579167 0.857813 0.579167 0.856250 0.575000 0.853125 0.575000 0.851562 0.579167 0.848437 0.579167 0.843750
8 0.795833 0.837500 0.762500 0.875000 0.725000 0.876562 0.675000 0.904688 0.641667 0.971875 0.645833 0.985937 0.764583 0.989062 0.787500 0.971875 0.829167 0.962500 0.827083 0.906250 0.835417 0.901563 0.812500 0.890625 0.793750 0.892187 0.783333 0.865625 0.797917 0.854688 0.800000 0.840625