1 0.012500 0.010937 0.012500 0.104687 0.020833 0.125000 0.060417 0.131250 0.335417 0.139062 0.345833 0.126563 0.358333 0.139062 0.387500 0.137500 0.395833 0.128125 0.414583 0.137500 0.439583 0.137500 0.393750 0.104687 0.320833 0.073437 0.331250 0.012500
1 0.706250 0.418750 0.697917 0.406250 0.643750 0.398438 0.639583 0.390625 0.379167 0.396875 0.368750 0.403125 0.047917 0.404687 0.016667 0.409375 0.014583 0.439063
1 0.016667 0.489062 0.016667 0.815625 0.072917 0.809375 0.079167 0.751562 0.379167 0.735937 0.377083 0.684375 0.270833 0.682813 0.377083 0.681250 0.385417 0.640625 0.412500 0.632812 0.429167 0.610937 0.395833 0.598437 0.395833 0.529688 0.425000 0.520312 0.335417 0.521875 0.335417 0.504687 0.110417 0.501562
1 0.841667 0.989062 0.812500 0.921875 0.697917 0.907812 0.666667 0.887500 0.656250 0.860937 0.568750 0.860937 0.527083 0.834375 0.510417 0.806250 0.014583 0.853125 0.014583 0.990625
2 0.985417 0.200000 0.802083 0.339063 0.810417 0.357812 0.777083 0.382812 0.720833 0.387500 0.729167 0.400000 0.706250 0.412500 0.700000 0.445312 0.641667 0.445312 0.693750 0.460938 0.558333 0.470313 0.535417 0.493750 0.545833 0.517187 0.531250 0.540625 0.491667 0.546875 0.479167 0.565625 0.495833 0.612500 0.547917 0.564062 0.625000 0.535937 0.633333 0.564062 0.733333 0.564062 0.747917 0.579687 0.789583 0.578125 0.795833 0.589063 0.764583 0.592188 0.781250 0.607813 0.943750 0.582812 0.937500 0.568750 0.989583 0.523438
3 0.014583 0.123438 0.014583 0.404687 0.583333 0.390625 0.556250 0.284375 0.477083 0.270312 0.483333 0.256250 0.437500 0.140625 0.400000 0.131250 0.387500 0.140625 0.347917 0.132812 0.339583 0.140625 0.058333 0.134375
3 0.556250 0.467187 0.358333 0.476562 0.360417 0.484375 0.356250 0.489062 0.345833 0.490625 0.343750 0.487500 0.337500 0.501562 0.337500 0.518750 0.377083 0.517187 0.383333 0.512500 0.389583 0.517187 0.462500 0.515625 0.493750 0.518750 0.500000 0.517187 0.502083 0.503125 0.510417 0.498437 0.525000 0.498437
4 0.529167 0.614062 0.514583 0.617188 0.489583 0.614062 0.468750 0.621875 0.452083 0.621875 0.385417 0.645312 0.381250 0.712500 0.391667 0.742188 0.391667 0.776563 0.454167 0.770312 0.472917 0.771875 0.493750 0.767187 0.502083 0.746875 0.500000 0.729688 0.508333 0.718750 0.508333 0.693750 0.514583 0.690625
5 0.487500 0.012500 0.485417 0.064062 0.454167 0.135937 0.643750 0.142188 0.631250 0.310937 0.604167 0.292188 0.562500 0.287500 0.583333 0.385938 0.777083 0.378125 0.806250 0.356250 0.800000 0.339063 0.987500 0.193750 0.989583 0.010937
5 0.550000 0.567187 0.504167 0.753125 0.529167 0.832812 0.581250 0.862500 0.652083 0.856250 0.641667 0.768750 0.708333 0.779688 0.718750 0.640625 0.764583 0.634375 0.766667 0.618750 0.791667 0.815625 0.843750 0.987500 0.987500 0.990625 0.987500 0.735937 0.956250 0.640625 0.989583 0.529688 0.945833 0.584375 0.785417 0.609375 0.762500 0.592188 0.789583 0.582812 0.733333 0.567187
6 0.720833 0.640625 0.720833 0.650000 0.722917 0.651563 0.722917 0.660937 0.725000 0.662500 0.725000 0.670313 0.727083 0.671875 0.727083 0.681250 0.731250 0.684375 0.745833 0.689062 0.750000 0.692187 0.752083 0.690625 0.760417 0.690625 0.768750 0.696875 0.768750 0.698438 0.772917 0.692187 0.770833 0.690625 0.770833 0.673437 0.768750 0.671875 0.766667 0.635938 0.756250 0.635938 0.754167 0.637500 0.745833 0.637500 0.743750 0.639063
7 0.710417 0.435937 0.706250 0.425000 0.020833 0.440625 0.014583 0.481250 0.691667 0.457812 0.637500 0.446875
7 0.322917 0.534375 0.081250 0.543750 0.081250 0.634375 0.329167 0.620313
7 0.329167 0.534375 0.331250 0.612500 0.333333 0.617188 0.337500 0.615625 0.372917 0.615625 0.370833 0.612500 0.366667 0.534375
7 0.258333 0.662500 0.189583 0.664062 0.187500 0.665625 0.187500 0.710938 0.189583 0.709375 0.262500 0.706250 0.260417 0.703125
7 0.510417 0.803125 0.500000 0.773438 0.379167 0.779688 0.377083 0.739062 0.095833 0.759375 0.095833 0.801562 0.362500 0.781250 0.112500 0.817187 0.025000 0.848437
8 0.335417 0.012500 0.322917 0.071875 0.408333 0.109375 0.445833 0.135937 0.485417 0.273438 0.600000 0.289062 0.629167 0.309375 0.639583 0.142188 0.597917 0.140625 0.577083 0.148438 0.452083 0.137500 0.481250 0.062500 0.483333 0.012500
8 0.341667 0.485938 0.339583 0.478125 0.043750 0.484375 0.108333 0.496875 0.270833 0.503125 0.281250 0.498437 0.287500 0.503125 0.333333 0.501562
8 0.397917 0.531250 0.397917 0.598437 0.400000 0.606250 0.402083 0.604688 0.468750 0.603125 0.466667 0.601562 0.460417 0.553125 0.445833 0.553125 0.443750 0.551562 0.443750 0.529688 0.402083 0.529688
8 0.987500 0.559375 0.970833 0.618750 0.958333 0.640625 0.958333 0.664062 0.964583 0.685938 0.987500 0.729688