1 0.381250 0.117188 0.362500 0.121875 0.356250 0.232812 0.014583 0.217187 0.018750 0.365625 0.341667 0.370313 0.354167 0.304688 0.408333 0.273438 0.412500 0.234375 0.427083 0.232812 0.383333 0.223438
1 0.356250 0.501562 0.339583 0.495313 0.339583 0.482812 0.016667 0.485938 0.018750 0.643750 0.216667 0.621875 0.310417 0.618750 0.333333 0.631250 0.345833 0.626562 0.329167 0.585938 0.322917 0.590625 0.308333 0.575000 0.341667 0.551562 0.202083 0.553125 0.164583 0.575000 0.156250 0.540625 0.164583 0.525000 0.204167 0.546875 0.291667 0.542188 0.293750 0.521875 0.339583 0.523438 0.350000 0.540625
1 0.581250 0.670313 0.016667 0.700000 0.014583 0.746875 0.585417 0.718750
1 0.985417 0.909375 0.829167 0.950000 0.712500 0.934375 0.629167 0.856250 0.577083 0.773438 0.577083 0.723437 0.016667 0.751562 0.014583 0.987500 0.985417 0.987500
2 0.504167 0.173438 0.508333 0.229687 0.556250 0.246875 0.795833 0.221875 0.781250 0.381250 0.985417 0.401563 0.989583 0.145313 0.641667 0.123438 0.618750 0.164062
2 0.789583 0.229687 0.554167 0.253125 0.514583 0.243750 0.514583 0.279687 0.529167 0.278125 0.539583 0.290625 0.608333 0.289062 0.616667 0.296875 0.654167 0.295312 0.670833 0.307813 0.666667 0.318750 0.685417 0.342187 0.687500 0.373437 0.662500 0.495313 0.683333 0.464063 0.768750 0.387500
4 0.660417 0.303125 0.562500 0.292188 0.495833 0.304688 0.435417 0.298438 0.410417 0.312500 0.418750 0.432813 0.425000 0.418750 0.437500 0.429688 0.441667 0.495313 0.502083 0.501562 0.527083 0.575000 0.452083 0.582812 0.420833 0.632812 0.410417 0.576563 0.364583 0.557813 0.352083 0.585938 0.364583 0.651563 0.562500 0.639063 0.587500 0.596875 0.597917 0.604688 0.656250 0.504687 0.668750 0.414062 0.681250 0.409375 0.683333 0.356250
4 0.377083 0.378125 0.370833 0.409375 0.370833 0.425000 0.372917 0.432813 0.379167 0.440625 0.377083 0.470313 0.383333 0.479688 0.387500 0.479688 0.387500 0.450000 0.393750 0.448438 0.400000 0.453125 0.414583 0.454688 0.414583 0.442187 0.416667 0.440625 0.402083 0.437500 0.395833 0.432813 0.385417 0.432813 0.377083 0.423438 0.383333 0.390625 0.383333 0.381250
5 0.779167 0.387500 0.614583 0.571875 0.589583 0.732813 0.697917 0.906250 0.847917 0.934375 0.987500 0.904688 0.985417 0.785937 0.897917 0.818750 0.618750 0.804688 0.631250 0.664062 0.841667 0.651563 0.656250 0.604688 0.658333 0.582812 0.858333 0.503125 0.933333 0.503125 0.954167 0.562500 0.987500 0.568750 0.987500 0.407813
7 0.012500 0.042188 0.012500 0.071875 0.989583 0.139062 0.987500 0.110937
7 0.014583 0.098438 0.014583 0.212500 0.291667 0.225000 0.289583 0.137500
7 0.389583 0.117188 0.391667 0.218750 0.427083 0.223438 0.431250 0.229687 0.437500 0.231250 0.450000 0.229687 0.475000 0.214062 0.470833 0.162500 0.462500 0.121875
7 0.356250 0.129688 0.331250 0.142188 0.300000 0.139062 0.300000 0.223438 0.354167 0.226562 0.354167 0.139062
7 0.110417 0.271875 0.112500 0.325000 0.114583 0.328125 0.206250 0.329688 0.212500 0.331250 0.210417 0.310937 0.208333 0.309375 0.206250 0.273438 0.195833 0.271875
7 0.016667 0.371875 0.014583 0.481250 0.350000 0.476562 0.333333 0.443750 0.339583 0.414062 0.331250 0.398438 0.337500 0.378125
7 0.339583 0.525000 0.295833 0.526563 0.293750 0.546875 0.266667 0.545313 0.206250 0.550000 0.164583 0.529688 0.164583 0.568750 0.208333 0.550000 0.293750 0.546875 0.295833 0.553125 0.339583 0.550000 0.345833 0.543750 0.339583 0.532812
7 0.589583 0.642187 0.018750 0.673437 0.016667 0.689062 0.585417 0.657812
8 0.014583 0.075000 0.014583 0.090625 0.052083 0.100000 0.239583 0.121875 0.256250 0.129688 0.331250 0.135937 0.354167 0.121875 0.360417 0.112500 0.337500 0.095312
8 0.568750 0.121875 0.568750 0.129688 0.579167 0.140625 0.579167 0.153125 0.589583 0.160938 0.600000 0.160938 0.602083 0.162500 0.618750 0.150000 0.618750 0.146875 0.622917 0.140625 0.627083 0.137500 0.627083 0.132812 0.633333 0.128125 0.633333 0.125000 0.631250 0.123438 0.625000 0.123438 0.622917 0.121875
8 0.529167 0.281250 0.514583 0.284375 0.450000 0.281250 0.420833 0.290625 0.395833 0.310937 0.387500 0.348437 0.387500 0.403125 0.379167 0.418750 0.383333 0.428125 0.391667 0.428125 0.402083 0.435937 0.416667 0.435937 0.408333 0.409375 0.412500 0.401563 0.412500 0.354688 0.402083 0.332812 0.402083 0.321875 0.412500 0.306250 0.445833 0.293750 0.468750 0.293750 0.489583 0.300000 0.529167 0.296875 0.533333 0.293750
8 0.429167 0.432813 0.418750 0.439063 0.416667 0.456250 0.408333 0.459375 0.393750 0.451562 0.389583 0.467187 0.393750 0.479688 0.377083 0.487500 0.352083 0.512500 0.358333 0.534375 0.352083 0.545313 0.372917 0.542188 0.375000 0.548437 0.368750 0.553125 0.412500 0.573438 0.418750 0.626562 0.425000 0.628125 0.431250 0.596875 0.447917 0.579687 0.502083 0.570312 0.518750 0.571875 0.518750 0.554688 0.504167 0.535937 0.497917 0.506250 0.435417 0.496875 0.443750 0.482812 0.429167 0.456250 0.433333 0.445312
8 0.660417 0.584375 0.660417 0.596875 0.668750 0.603125 0.716667 0.612500 0.729167 0.621875 0.783333 0.626562 0.852083 0.646875 0.912500 0.653125 0.939583 0.664062 0.966667 0.664062 0.987500 0.671875 0.983333 0.573438 0.950000 0.564062 0.952083 0.531250 0.929167 0.507812 0.875000 0.506250 0.781250 0.526563 0.754167 0.545313 0.747917 0.562500 0.693750 0.570312
8 0.314583 0.567187 0.312500 0.568750 0.312500 0.573438 0.314583 0.575000 0.318750 0.575000 0.333333 0.581250 0.333333 0.593750 0.347917 0.593750 0.347917 0.584375 0.350000 0.582812 0.350000 0.575000 0.352083 0.573438 0.352083 0.568750 0.354167 0.567187 0.352083 0.565625 0.352083 0.560938 0.333333 0.560938 0.333333 0.567187 0.331250 0.568750 0.329167 0.567187
8 0.343750 0.653125 0.308333 0.625000 0.108333 0.646875 0.014583 0.653125 0.014583 0.668750
8 0.954167 0.675000 0.904167 0.657812 0.862500 0.654688 0.785417 0.670313 0.633333 0.670313 0.625000 0.812500 0.845833 0.801562 0.900000 0.814062 0.979167 0.784375 0.954167 0.734375