1 0.014583 0.043750 0.018750 0.989062 0.516667 0.960938 0.464583 0.875000 0.543750 0.831250 0.487500 0.693750 0.358333 0.676562 0.285417 0.710938 0.281250 0.642187 0.435417 0.662500 0.495833 0.629687 0.527083 0.662500 0.539583 0.615625 0.110417 0.615625 0.087500 0.467187 0.520833 0.457812 0.564583 0.318750 0.070833 0.304688 0.058333 0.126563 0.470833 0.148438 0.472917 0.092188
2 0.987500 0.064062 0.893750 0.107813 0.912500 0.109375 0.912500 0.151562 0.906250 0.167187 0.847917 0.206250 0.837500 0.196875 0.808333 0.198437 0.797917 0.215625 0.785417 0.218750 0.770833 0.214062 0.750000 0.220313 0.727083 0.214062 0.689583 0.218750 0.685417 0.257812 0.697917 0.265625 0.708333 0.290625 0.700000 0.307813 0.858333 0.306250 0.983333 0.289062
2 0.985417 0.292188 0.858333 0.310937 0.712500 0.309375 0.708333 0.343750 0.718750 0.348437 0.760417 0.345313 0.777083 0.357812 0.802083 0.367188 0.820833 0.364062 0.837500 0.370313 0.883333 0.362500 0.916667 0.378125 0.983333 0.368750
3 0.987500 0.015625 0.650000 0.017188 0.600000 0.023438 0.618750 0.032812 0.560417 0.095312 0.481250 0.096875 0.470833 0.115625 0.477083 0.145313 0.489583 0.140625 0.493750 0.148438 0.554167 0.150000 0.566667 0.140625 0.572917 0.150000 0.789583 0.156250 0.804167 0.150000 0.802083 0.135937 0.820833 0.115625 0.877083 0.109375 0.987500 0.056250
4 0.987500 0.371875 0.725000 0.373437 0.608333 0.410937 0.616667 0.559375 0.558333 0.548437 0.558333 0.492188 0.558333 0.632812 0.643750 0.542188 0.685417 0.662500 0.789583 0.681250 0.808333 0.787500 0.670833 0.801562 0.631250 0.860937 0.604167 0.767187 0.527083 0.728125 0.547917 0.825000 0.500000 0.857813 0.572917 0.845312 0.585417 0.898438 0.645833 0.943750 0.606250 0.984375 0.845833 0.987500 0.866667 0.826563 0.987500 0.809375
7 0.075000 0.148438 0.085417 0.295312 0.443750 0.300000 0.437500 0.157813
7 0.443750 0.162500 0.447917 0.300000 0.508333 0.300000 0.510417 0.164062
7 0.554167 0.165625 0.547917 0.170312 0.545833 0.290625 0.645833 0.292188 0.654167 0.265625 0.645833 0.260938 0.645833 0.214062 0.652083 0.204688 0.645833 0.193750 0.645833 0.168750 0.633333 0.165625
7 0.241667 0.357812 0.241667 0.417188 0.331250 0.417188 0.341667 0.418750 0.339583 0.412500 0.339583 0.357812
7 0.104167 0.467187 0.112500 0.601562 0.508333 0.590625 0.495833 0.531250 0.497917 0.496875 0.512500 0.481250 0.508333 0.468750
7 0.522917 0.667188 0.506250 0.667188 0.493750 0.645312 0.450000 0.648438 0.445833 0.668750 0.341667 0.670313 0.291667 0.648438 0.291667 0.703125 0.352083 0.675000 0.443750 0.671875 0.456250 0.685938 0.504167 0.681250 0.506250 0.673437
8 0.012500 0.037500 0.400000 0.071875 0.560417 0.093750 0.610417 0.035937 0.568750 0.012500 0.014583 0.010937
8 0.908333 0.112500 0.858333 0.110937 0.825000 0.115625 0.816667 0.120312 0.810417 0.153125 0.800000 0.165625 0.800000 0.176563 0.810417 0.192188 0.833333 0.190625 0.850000 0.203125 0.902083 0.164062
8 0.650000 0.154687 0.652083 0.165625 0.647917 0.193750 0.662500 0.214062 0.679167 0.207813 0.710417 0.209375 0.720833 0.204688 0.739583 0.212500 0.756250 0.207813 0.787500 0.210938 0.800000 0.190625 0.793750 0.164062 0.789583 0.162500
8 0.675000 0.276563 0.672917 0.278125 0.666667 0.278125 0.664583 0.279687 0.662500 0.279687 0.658333 0.282813 0.658333 0.284375 0.656250 0.285937 0.656250 0.289062 0.668750 0.289062 0.670833 0.290625 0.668750 0.292188 0.658333 0.292188 0.658333 0.296875 0.660417 0.298438 0.662500 0.303125 0.668750 0.307813 0.670833 0.307813 0.675000 0.310937 0.681250 0.310937 0.683333 0.309375 0.687500 0.309375 0.687500 0.298438 0.677083 0.293750 0.681250 0.290625 0.685417 0.290625 0.685417 0.289062 0.689583 0.284375 0.689583 0.278125 0.687500 0.278125 0.685417 0.276563
8 0.697917 0.315625 0.656250 0.321875 0.622917 0.301562 0.570833 0.306250 0.570833 0.356250 0.595833 0.351562 0.545833 0.385938 0.535417 0.400000 0.529167 0.465625 0.537500 0.490625 0.556250 0.482812 0.566667 0.465625 0.560417 0.396875 0.572917 0.376563 0.589583 0.362500 0.693750 0.348437 0.618750 0.348437 0.652083 0.340625 0.702083 0.339063
8 0.760417 0.346875 0.656250 0.357812 0.600000 0.378125 0.575000 0.396875 0.575000 0.462500 0.560417 0.542188 0.610417 0.557813 0.610417 0.473437 0.593750 0.435937 0.593750 0.406250 0.635417 0.376563 0.779167 0.364062
8 0.579167 0.593750 0.568750 0.643750 0.539583 0.664062 0.529167 0.717188 0.543750 0.731250 0.539583 0.720312 0.554167 0.725000 0.558333 0.740625 0.629167 0.771875 0.627083 0.828125 0.641667 0.848437 0.656250 0.832812 0.658333 0.800000 0.672917 0.789062 0.800000 0.784375 0.779167 0.731250 0.777083 0.681250 0.662500 0.664062 0.627083 0.626562 0.639583 0.604688 0.616667 0.584375
8 0.518750 0.695312 0.491667 0.695312 0.489583 0.696875 0.483333 0.696875 0.470833 0.701563 0.470833 0.710938 0.489583 0.725000 0.489583 0.739062 0.500000 0.743750 0.510417 0.737500 0.516667 0.735937 0.516667 0.717188 0.518750 0.715625
8 0.985417 0.817187 0.914583 0.818750 0.879167 0.829687 0.864583 0.931250 0.845833 0.956250 0.854167 0.985937 0.925000 0.975000 0.985417 0.976562
8 0.643750 0.943750 0.583333 0.898438 0.568750 0.876562 0.570833 0.845312 0.489583 0.859375 0.475000 0.870313 0.541667 0.979688 0.493750 0.965625 0.333333 0.981250 0.287500 0.960938 0.122917 0.989062 0.562500 0.987500 0.543750 0.978125 0.612500 0.976562