1 0.016667 0.015625 0.018750 0.445312 0.556250 0.448438 0.535417 0.339063 0.477083 0.334375 0.472917 0.260938 0.400000 0.232812 0.412500 0.200000 0.477083 0.214062 0.487500 0.160938 0.387500 0.187500 0.322917 0.137500 0.339583 0.084375 0.462500 0.068750 0.454167 0.021875 0.410417 0.034375 0.364583 0.017188
1 0.016667 0.475000 0.014583 0.568750 0.552083 0.567187 0.575000 0.535937 0.589583 0.807813 0.020833 0.814062 0.016667 0.989062 0.045833 0.920313 0.258333 0.917188 0.260417 0.987500 0.602083 0.987500 0.631250 0.937500 0.708333 0.939062 0.687500 0.784375 0.808333 0.778125 0.622917 0.765625 0.597917 0.596875 0.629167 0.559375 0.758333 0.557813 0.741667 0.542188 0.802083 0.525000 0.789583 0.478125
2 0.827083 0.467187 0.814583 0.482812 0.812500 0.523438 0.837500 0.532812 0.852083 0.554688 0.866667 0.707812 0.920833 0.723437 0.929167 0.785937 0.983333 0.801562 0.987500 0.592188 0.972917 0.590625 0.889583 0.523438 0.887500 0.507812 0.860417 0.503125 0.858333 0.471875 0.887500 0.464063
3 0.472917 0.012500 0.737500 0.037500 0.700000 0.079687 0.662500 0.204688 0.629167 0.220313 0.622917 0.173438 0.604167 0.198437 0.639583 0.246875 0.629167 0.296875 0.589583 0.307813 0.602083 0.234375 0.589583 0.193750 0.562500 0.351562 0.545833 0.342187 0.558333 0.457812 0.585417 0.445312 0.595833 0.459375 0.754167 0.456250 0.760417 0.443750 0.768750 0.457812 0.931250 0.443750 0.989583 0.454688 0.987500 0.010937
3 0.566667 0.540625 0.556250 0.545313 0.558333 0.567187 0.550000 0.570312 0.562500 0.782812 0.570833 0.789062 0.570833 0.807813 0.587500 0.809375
7 0.489583 0.021875 0.470833 0.145313 0.608333 0.176563 0.658333 0.054688 0.506250 0.021875
7 0.797917 0.539062 0.770833 0.534375 0.752083 0.539062 0.745833 0.545313 0.762500 0.553125 0.762500 0.560938 0.631250 0.562500 0.610417 0.582812 0.620833 0.592188 0.606250 0.596875 0.618750 0.635938 0.612500 0.651563 0.620833 0.657812 0.612500 0.682813 0.627083 0.690625 0.616667 0.696875 0.622917 0.706250 0.616667 0.721875 0.629167 0.743750 0.620833 0.754687 0.641667 0.770312 0.668750 0.759375 0.731250 0.760938 0.735417 0.768750 0.754167 0.759375 0.808333 0.765625 0.814583 0.757812 0.841667 0.756250 0.841667 0.745313 0.825000 0.737500 0.797917 0.664062 0.800000 0.604688 0.791667 0.573438
7 0.445833 0.568750 0.016667 0.573438 0.016667 0.803125 0.452083 0.787500
7 0.454167 0.573438 0.458333 0.792188 0.560417 0.784375 0.547917 0.573438
8 0.350000 0.095312 0.352083 0.100000 0.377083 0.096875 0.387500 0.103125 0.354167 0.103125 0.341667 0.109375 0.341667 0.115625 0.372917 0.115625 0.383333 0.121875 0.347917 0.125000 0.341667 0.129688 0.341667 0.139062 0.385417 0.135937 0.389583 0.140625 0.345833 0.146875 0.358333 0.151562 0.422917 0.154687 0.429167 0.159375 0.400000 0.165625 0.389583 0.175000 0.431250 0.175000 0.447917 0.170312 0.475000 0.148438 0.464583 0.145313 0.470833 0.089062 0.458333 0.093750 0.408333 0.085938 0.370833 0.085938
8 0.666667 0.101562 0.656250 0.101562 0.637500 0.134375 0.635417 0.157813 0.627083 0.159375 0.627083 0.181250 0.631250 0.195312 0.637500 0.203125 0.637500 0.214062 0.645833 0.204688 0.650000 0.206250 0.656250 0.195312 0.662500 0.190625 0.662500 0.182812 0.677083 0.162500 0.679167 0.151562 0.677083 0.139062 0.681250 0.129688 0.677083 0.114063
8 0.500000 0.153125 0.485417 0.226562 0.412500 0.209375 0.410417 0.232812 0.485417 0.253125 0.485417 0.232812 0.491667 0.231250 0.489583 0.257812 0.483333 0.259375 0.483333 0.329688 0.516667 0.339063 0.537500 0.332812 0.566667 0.229687 0.564583 0.209375 0.539583 0.193750 0.527083 0.162500
8 0.568750 0.242188 0.564583 0.262500 0.562500 0.264062 0.558333 0.284375 0.556250 0.285937 0.556250 0.292188 0.550000 0.307813 0.550000 0.314063 0.545833 0.321875 0.545833 0.329688 0.558333 0.345313 0.558333 0.329688 0.560417 0.328125 0.560417 0.310937 0.562500 0.309375 0.562500 0.292188 0.564583 0.290625 0.564583 0.273438 0.566667 0.271875
8 0.927083 0.451562 0.895833 0.465625 0.895833 0.501562 0.900000 0.517187 0.987500 0.584375 0.989583 0.462500 0.931250 0.460938
8 0.825000 0.464063 0.766667 0.460938 0.764583 0.453125 0.595833 0.462500 0.583333 0.454688 0.575000 0.464063 0.500000 0.454688 0.014583 0.456250 0.014583 0.470313 0.752083 0.471875 0.816667 0.481250
8 0.829167 0.531250 0.806250 0.529688 0.793750 0.557813 0.800000 0.650000 0.827083 0.735937 0.850000 0.739062 0.862500 0.759375 0.845833 0.770312 0.866667 0.785937 0.795833 0.785937 0.831250 0.812500 0.777083 0.792188 0.693750 0.784375 0.693750 0.898438 0.729167 0.942187 0.627083 0.950000 0.608333 0.985937 0.806250 0.987500 0.870833 0.943750 0.870833 0.956250 0.987500 0.929688 0.985417 0.807813 0.918750 0.792188 0.906250 0.762500 0.922917 0.739062 0.858333 0.720312 0.856250 0.610937