1 0.014583 0.028125 0.014583 0.112500 0.727083 0.137500 0.710417 0.110937 0.625000 0.114063 0.616667 0.060938
1 0.012500 0.207813 0.700000 0.226562 0.750000 0.156250 0.731250 0.143750 0.014583 0.117188
1 0.016667 0.215625 0.016667 0.987500 0.652083 0.985937 0.602083 0.721875 0.662500 0.676562 0.666667 0.592188 0.535417 0.598437 0.512500 0.537500 0.593750 0.490625 0.485417 0.487500 0.489583 0.381250 0.608333 0.379687 0.627083 0.460938 0.702083 0.457812 0.779167 0.364062 0.227083 0.346875 0.110417 0.407813 0.104167 0.265625 0.231250 0.331250 0.745833 0.339063 0.745833 0.281250 0.693750 0.234375
3 0.983333 0.379687 0.843750 0.385938 0.841667 0.440625 0.862500 0.478125 0.845833 0.500000 0.939583 0.503125 0.987500 0.481250
4 0.989583 0.487500 0.941667 0.507812 0.818750 0.506250 0.716667 0.545313 0.672917 0.585938 0.683333 0.673437 0.645833 0.685938 0.614583 0.721875 0.631250 0.778125 0.625000 0.889063 0.660417 0.987500 0.854167 0.985937 0.875000 0.868750 0.922917 0.857813 0.962500 0.879687 0.952083 0.812500 0.916667 0.803125 0.856250 0.750000 0.822917 0.598437 0.891667 0.550000 0.987500 0.560938
7 0.439583 0.015625 0.689583 0.035937 0.704167 0.015625
7 0.093750 0.323438 0.110417 0.395312 0.179167 0.354688 0.222917 0.340625 0.756250 0.350000 0.756250 0.342187 0.225000 0.335938 0.177083 0.320312 0.106250 0.275000
7 0.493750 0.385938 0.485417 0.412500 0.485417 0.465625 0.495833 0.485938 0.602083 0.482812 0.608333 0.478125 0.716667 0.481250 0.722917 0.487500 0.754167 0.485938 0.752083 0.465625 0.737500 0.446875 0.722917 0.451562 0.716667 0.471875 0.614583 0.468750 0.616667 0.428125 0.604167 0.389062
8 0.989583 0.010937 0.814583 0.014062 0.729167 0.126563 0.733333 0.137500 0.839583 0.165625 0.872917 0.153125 0.902083 0.148438 0.987500 0.034375
8 0.797917 0.014062 0.710417 0.015625 0.691667 0.051562 0.693750 0.082813 0.733333 0.103125
8 0.768750 0.201562 0.743750 0.235938 0.752083 0.245312 0.760417 0.342187 0.772917 0.354688 0.970833 0.370313 0.987500 0.345313 0.981250 0.185937 0.906250 0.196875 0.897917 0.190625 0.897917 0.160938 0.906250 0.156250 0.883333 0.154687
8 0.800000 0.370313 0.783333 0.373437 0.766667 0.417188 0.764583 0.406250 0.735417 0.406250 0.716667 0.421875 0.747917 0.432813 0.741667 0.440625 0.758333 0.464063 0.760417 0.489062 0.685417 0.490625 0.645833 0.503125 0.633333 0.546875 0.627083 0.517187 0.581250 0.518750 0.558333 0.543750 0.520833 0.542188 0.535417 0.582812 0.558333 0.568750 0.564583 0.582812 0.614583 0.587500 0.635417 0.568750 0.618750 0.587500 0.662500 0.585938 0.700000 0.551562 0.768750 0.517187 0.768750 0.501562 0.777083 0.509375 0.814583 0.507812 0.856250 0.478125
8 0.893750 0.556250 0.833333 0.601562 0.831250 0.635938 0.862500 0.732813 0.879167 0.757812 0.904167 0.771875 0.927083 0.795313 0.983333 0.814062 0.987500 0.570312
8 0.985417 0.826563 0.962500 0.821875 0.962500 0.865625 0.970833 0.882812 0.962500 0.889063 0.935417 0.879687 0.910417 0.862500 0.879167 0.875000 0.862500 0.923437 0.864583 0.985937 0.987500 0.987500