1 0.164583 0.018750 0.220833 0.165625 0.275000 0.201562 0.241667 0.220313 0.254167 0.228125 0.543750 0.221875 0.572917 0.192188 0.681250 0.181250 0.677083 0.157813 0.731250 0.128125 0.762500 0.073437 0.870833 0.056250 0.916667 0.081250 0.981250 0.042188 0.983333 0.014062
1 0.125000 0.160938 0.016667 0.164062 0.014583 0.165625 0.014583 0.206250 0.016667 0.210938 0.118750 0.210938 0.129167 0.212500 0.116667 0.195312 0.116667 0.185937 0.122917 0.176563
1 0.016667 0.217187 0.022917 0.307813 0.104167 0.307813 0.091667 0.301562 0.087500 0.265625 0.091667 0.254687 0.085417 0.243750 0.085417 0.234375 0.089583 0.229687 0.116667 0.218750
1 0.302083 0.309375 0.418750 0.301562 0.429167 0.342187 0.464583 0.298438 0.577083 0.273438 0.552083 0.256250 0.316667 0.256250 0.318750 0.262500 0.335417 0.270312 0.335417 0.279687
1 0.716667 0.592188 0.500000 0.584375 0.447917 0.548437 0.431250 0.578125 0.025000 0.604688 0.020833 0.664062 0.441667 0.640625 0.454167 0.893750 0.020833 0.935938 0.018750 0.970312 0.458333 0.929688 0.470833 0.979688 0.654167 0.985937 0.652083 0.614062
4 0.856250 0.462500 0.806250 0.507812 0.768750 0.570312 0.731250 0.589063 0.725000 0.610937 0.654167 0.618750 0.643750 0.859375 0.681250 0.887500 0.645833 0.948438 0.666667 0.985937 0.983333 0.987500 0.972917 0.639063 0.862500 0.650000 0.837500 0.626562 0.829167 0.531250 0.879167 0.518750 0.879167 0.476562
5 0.981250 0.050000 0.906250 0.103125 0.895833 0.085938 0.847917 0.160938 0.879167 0.165625 0.829167 0.173438 0.812500 0.228125 0.937500 0.296875 0.847917 0.459375 0.889583 0.479688 0.889583 0.515625 0.837500 0.537500 0.860417 0.634375 0.981250 0.626562 0.985417 0.185937 0.970833 0.171875
5 0.464583 0.300000 0.435417 0.351562 0.431250 0.379687 0.443750 0.534375 0.500000 0.582812 0.731250 0.587500 0.727083 0.579687 0.566667 0.512500 0.541667 0.478125 0.575000 0.396875 0.602083 0.360938 0.570833 0.279687
7 0.012500 0.014062 0.018750 0.157813 0.133333 0.157813 0.129167 0.196875 0.166667 0.226562 0.089583 0.231250 0.097917 0.254687 0.143750 0.257812 0.091667 0.259375 0.110417 0.304688 0.193750 0.287500 0.206250 0.267188 0.181250 0.248437 0.275000 0.245312 0.272917 0.262500 0.233333 0.253125 0.225000 0.301562 0.264583 0.310937 0.333333 0.279687 0.300000 0.248437 0.560417 0.250000 0.547917 0.231250 0.231250 0.231250 0.227083 0.217187 0.264583 0.203125 0.172917 0.164062 0.210417 0.167187 0.147917 0.012500
8 0.875000 0.064062 0.762500 0.081250 0.716667 0.178125 0.572917 0.193750 0.545833 0.221875 0.589583 0.287500 0.608333 0.350000 0.558333 0.484375 0.600000 0.525000 0.745833 0.587500 0.935417 0.300000 0.802083 0.237500 0.868750 0.112500
8 0.412500 0.315625 0.033333 0.318750 0.016667 0.598437 0.439583 0.575000
8 0.441667 0.642187 0.025000 0.665625 0.016667 0.926562 0.452083 0.893750
8 0.458333 0.931250 0.016667 0.975000 0.016667 0.987500 0.462500 0.987500