1 0.018750 0.014062 0.018750 0.982813 0.587500 0.895312 0.581250 0.770312 0.379167 0.753125 0.335417 0.714063 0.331250 0.629687 0.456250 0.593750 0.404167 0.446875 0.412500 0.353125 0.470833 0.306250 0.425000 0.223438 0.364583 0.237500 0.329167 0.154687 0.250000 0.146875 0.185417 0.085938 0.279167 0.039062 0.931250 0.051562 0.941667 0.014062
2 0.985417 0.190625 0.964583 0.357812 0.981250 0.356250
3 0.552083 0.059375 0.522917 0.153125 0.516667 0.276563 0.545833 0.335938 0.525000 0.356250 0.564583 0.382812 0.552083 0.635938 0.566667 0.659375 0.781250 0.643750 0.822917 0.606250 0.868750 0.396875 0.883333 0.376563 0.958333 0.360938 0.985417 0.076563 0.958333 0.059375
3 0.625000 0.954687 0.608333 0.934375 0.612500 0.914062 0.122917 0.989062 0.629167 0.989062
4 0.987500 0.364062 0.881250 0.381250 0.825000 0.606250 0.781250 0.645312 0.745833 0.650000 0.766667 0.685938 0.762500 0.754687 0.793750 0.778125 0.764583 0.817187 0.829167 0.875000 0.822917 0.900000 0.893750 0.989062 0.989583 0.989062
8 0.231250 0.087500 0.231250 0.112500 0.243750 0.126563 0.368750 0.151562 0.383333 0.150000 0.385417 0.135937 0.381250 0.131250 0.341667 0.120312 0.333333 0.114063 0.333333 0.109375 0.341667 0.101562 0.333333 0.089062
8 0.460417 0.109375 0.460417 0.118750 0.462500 0.120312 0.462500 0.131250 0.466667 0.131250 0.472917 0.128125 0.487500 0.128125 0.489583 0.129688 0.491667 0.128125 0.495833 0.128125 0.493750 0.126563 0.493750 0.115625 0.491667 0.114063 0.485417 0.114063 0.483333 0.112500 0.477083 0.112500 0.475000 0.110937 0.466667 0.110937 0.464583 0.109375
8 0.358333 0.156250 0.362500 0.214062 0.472917 0.214062 0.468750 0.154687 0.427083 0.153125 0.425000 0.150000
8 0.497917 0.306250 0.489583 0.315625 0.495833 0.342187 0.452083 0.350000 0.450000 0.371875 0.427083 0.376563 0.437500 0.423438 0.435417 0.492188 0.475000 0.485938 0.483333 0.510938 0.470833 0.535937 0.472917 0.584375 0.489583 0.582812 0.516667 0.609375 0.533333 0.612500 0.545833 0.625000 0.554167 0.621875 0.550000 0.498437 0.516667 0.451562 0.510417 0.360938 0.518750 0.364062 0.518750 0.342187 0.502083 0.328125 0.525000 0.329688 0.525000 0.325000
8 0.516667 0.370313 0.518750 0.434375 0.525000 0.462500 0.560417 0.482812 0.560417 0.473437 0.558333 0.471875 0.558333 0.385938
8 0.360417 0.626562 0.352083 0.640625 0.352083 0.653125 0.354167 0.654688 0.354167 0.665625 0.356250 0.667188 0.356250 0.676562 0.358333 0.678125 0.360417 0.701563 0.377083 0.701563 0.375000 0.700000 0.375000 0.685938 0.372917 0.684375 0.372917 0.670313 0.370833 0.668750 0.370833 0.654688 0.368750 0.653125 0.366667 0.626562
8 0.614583 0.731250 0.593750 0.765625 0.612500 0.851562 0.643750 0.875000 0.672917 0.857813 0.695833 0.856250 0.695833 0.871875 0.716667 0.876562 0.681250 0.878125 0.612500 0.921875 0.631250 0.985937 0.689583 0.985937 0.708333 0.959375 0.750000 0.940625 0.745833 0.912500 0.781250 0.985937 0.885417 0.987500 0.868750 0.954687 0.818750 0.906250 0.825000 0.884375 0.812500 0.865625 0.775000 0.837500 0.700000 0.845312 0.712500 0.748438 0.691667 0.725000