1 0.239583 0.014062 0.260417 0.187500 0.195833 0.189063 0.218750 0.212500 0.216667 0.293750 0.254167 0.343750 0.337500 0.354688 0.618750 0.350000 0.575000 0.320312 0.579167 0.240625 0.604167 0.218750 0.597917 0.207813 0.564583 0.204688 0.518750 0.231250 0.425000 0.181250 0.443750 0.132812 0.531250 0.126563 0.504167 0.090625 0.502083 0.062500 0.325000 0.059375 0.318750 0.014062
1 0.922917 0.362500 0.270833 0.382812 0.243750 0.404687 0.247917 0.500000 0.220833 0.529688 0.229167 0.676562 0.016667 0.698438 0.018750 0.715625 0.918750 0.643750 0.925000 0.567187 0.362500 0.570312 0.354167 0.437500 0.929167 0.418750
2 0.922917 0.682813 0.920833 0.684375 0.920833 0.714063 0.918750 0.715625 0.918750 0.745313 0.916667 0.746875 0.916667 0.789062 0.918750 0.790625 0.939583 0.790625 0.937500 0.785937 0.935417 0.698438
6 0.916667 0.653125 0.618750 0.682813 0.608333 0.734375 0.643750 0.785937 0.695833 0.810938 0.675000 0.864062 0.610417 0.865625 0.610417 0.889063 0.662500 0.934375 0.675000 0.890625 0.693750 0.900000 0.691667 0.956250 0.664583 0.940625 0.668750 0.984375 0.739583 0.984375 0.737500 0.900000 0.806250 0.985937 0.941667 0.987500 0.718750 0.760938 0.839583 0.873438 0.910417 0.773438 0.912500 0.685938 0.660417 0.701563 0.929167 0.675000
7 0.014583 0.017188 0.014583 0.185937 0.100000 0.187500 0.077083 0.018750
7 0.091667 0.018750 0.116667 0.178125 0.254167 0.181250 0.237500 0.021875 0.220833 0.017188
7 0.612500 0.118750 0.612500 0.145313 0.627083 0.165625 0.606250 0.223438 0.635417 0.215625 0.662500 0.229687 0.672917 0.328125 0.933333 0.317187 0.929167 0.215625 0.885417 0.223438 0.856250 0.221875 0.835417 0.210938 0.822917 0.195312 0.829167 0.162500 0.814583 0.146875 0.743750 0.171875 0.654167 0.151562 0.641667 0.132812
7 0.600000 0.146875 0.564583 0.146875 0.552083 0.134375 0.454167 0.139062 0.443750 0.148438 0.441667 0.178125 0.452083 0.187500 0.514583 0.223438 0.525000 0.217187 0.535417 0.192188 0.577083 0.201562 0.589583 0.200000 0.606250 0.192188 0.614583 0.170312
7 0.016667 0.209375 0.022917 0.307813 0.133333 0.312500 0.227083 0.354688 0.120833 0.370313 0.047917 0.351562 0.022917 0.365625 0.027083 0.423438 0.085417 0.451562 0.064583 0.476562 0.081250 0.501562 0.231250 0.514063 0.214583 0.421875 0.270833 0.375000 0.866667 0.357812 0.279167 0.357812 0.200000 0.289062 0.216667 0.212500 0.197917 0.190625 0.122917 0.182812 0.104167 0.210938 0.100000 0.195312
7 0.985417 0.425000 0.356250 0.440625 0.360417 0.564062 0.956250 0.553125 0.985417 0.539062
7 0.212500 0.526563 0.195833 0.531250 0.158333 0.525000 0.129167 0.506250 0.014583 0.514063 0.018750 0.690625 0.220833 0.676562
7 0.510417 0.715625 0.016667 0.723437 0.016667 0.989062 0.500000 0.987500 0.514583 0.946875 0.500000 0.834375 0.466667 0.834375 0.481250 0.807813 0.566667 0.815625 0.472917 0.785937 0.418750 0.890625 0.416667 0.739062 0.506250 0.737500
8 0.700000 0.073437 0.743750 0.032812 0.756250 0.018750 0.739583 0.012500 0.668750 0.012500 0.677083 0.050000 0.700000 0.062500
8 0.535417 0.015625 0.522917 0.073437 0.550000 0.125000 0.572917 0.134375 0.616667 0.112500 0.637500 0.112500 0.683333 0.146875 0.789583 0.156250 0.804167 0.139062 0.839583 0.142188 0.868750 0.215625 0.885417 0.221875 0.962500 0.209375 0.985417 0.146875 0.985417 0.014062 0.770833 0.015625 0.695833 0.089062 0.677083 0.081250 0.650000 0.015625
8 0.625000 0.218750 0.618750 0.220313 0.587500 0.243750 0.587500 0.318750 0.595833 0.329688 0.622917 0.345313 0.666667 0.325000 0.652083 0.231250
8 0.422917 0.742188 0.427083 0.826563 0.445833 0.832812 0.462500 0.820312 0.472917 0.784375 0.568750 0.804688 0.579167 0.803125 0.593750 0.790625 0.633333 0.789062 0.639583 0.781250 0.639583 0.764063 0.620833 0.745313 0.602083 0.750000 0.595833 0.742188
8 0.902083 0.793750 0.885417 0.859375 0.950000 0.915625 0.981250 0.854688
8 0.618750 0.803125 0.622917 0.807813 0.622917 0.820312 0.620833 0.821875 0.618750 0.837500 0.612500 0.846875 0.614583 0.845312 0.635417 0.845312 0.637500 0.843750 0.658333 0.843750 0.660417 0.842188 0.685417 0.842188 0.687500 0.837500 0.691667 0.834375 0.691667 0.825000 0.693750 0.823438 0.691667 0.804688 0.687500 0.801562 0.625000 0.801562
8 0.477083 0.823438 0.477083 0.829687 0.570833 0.829687 0.572917 0.817187 0.558333 0.817187 0.556250 0.815625 0.543750 0.815625 0.541667 0.814062 0.527083 0.814062 0.525000 0.812500 0.512500 0.812500 0.510417 0.810938 0.481250 0.809375 0.481250 0.815625
8 0.679167 0.889063 0.672917 0.895312 0.668750 0.901563 0.668750 0.904688 0.664583 0.909375 0.664583 0.937500 0.675000 0.954687 0.679167 0.956250 0.689583 0.956250 0.691667 0.900000 0.689583 0.896875
8 0.618750 0.896875 0.618750 0.900000 0.616667 0.901563 0.616667 0.959375 0.652083 0.978125 0.654167 0.943750 0.656250 0.942187
8 0.737500 0.901563 0.739583 0.981250 0.741667 0.985937 0.804167 0.985937