1 0.016667 0.014062 0.022917 0.746875 0.327083 0.714063 0.354167 0.734375 0.364583 0.704687 0.577083 0.682813 0.502083 0.621875 0.493750 0.523438 0.531250 0.506250 0.522917 0.475000 0.220833 0.489062 0.166667 0.075000 0.393750 0.073437 0.402083 0.032812 0.520833 0.015625
1 0.387500 0.945312 0.350000 0.942187 0.322917 0.957812 0.316667 0.953125 0.193750 0.954687 0.179167 0.950000 0.033333 0.968750 0.014583 0.975000 0.014583 0.984375 0.387500 0.985937
3 0.541667 0.017188 0.585417 0.032812 0.593750 0.068750 0.581250 0.082813 0.527083 0.084375 0.529167 0.179688 0.543750 0.162500 0.556250 0.168750 0.585417 0.284375 0.577083 0.389062 0.541667 0.371875 0.547917 0.504687 0.652083 0.528125 0.985417 0.517187 0.987500 0.014062
3 0.981250 0.610937 0.622917 0.654688 0.616667 0.693750 0.595833 0.684375 0.633333 0.725000 0.664583 0.712500 0.981250 0.678125
3 0.983333 0.689062 0.637500 0.731250 0.593750 0.692187 0.368750 0.707812 0.395833 0.985937 0.985417 0.989062 0.983333 0.835938 0.983333 0.981250 0.910417 0.931250 0.956250 0.821875 0.983333 0.818750
7 0.337500 0.725000 0.016667 0.757812 0.014583 0.968750 0.202083 0.946875 0.202083 0.923437 0.247917 0.925000 0.264583 0.904688 0.358333 0.896875 0.206250 0.893750 0.208333 0.873438 0.262500 0.853125 0.356250 0.843750 0.195833 0.839063 0.200000 0.825000 0.258333 0.801562 0.350000 0.795313 0.337500 0.776563 0.200000 0.779688 0.183333 0.765625 0.343750 0.735937
8 0.391667 0.051562 0.395833 0.065625 0.416667 0.065625 0.418750 0.059375 0.422917 0.057813 0.441667 0.067188 0.475000 0.068750 0.527083 0.076563 0.579167 0.073437 0.583333 0.067188 0.575000 0.035937 0.404167 0.037500
8 0.172917 0.081250 0.222917 0.484375 0.504167 0.468750 0.535417 0.476562 0.529167 0.320312 0.562500 0.385938 0.577083 0.289062 0.547917 0.179688 0.543750 0.256250 0.522917 0.264062 0.495833 0.081250
8 0.500000 0.526563 0.508333 0.621875 0.568750 0.648438 0.650000 0.648438 0.979167 0.601562 0.989583 0.523438 0.952083 0.514063 0.868750 0.514063 0.658333 0.543750 0.568750 0.512500 0.539583 0.510938
8 0.364583 0.740625 0.279167 0.742188 0.264583 0.745313 0.237500 0.757812 0.185417 0.765625 0.197917 0.775000 0.235417 0.775000 0.250000 0.778125 0.337500 0.775000 0.354167 0.778125 0.366667 0.767187
8 0.545833 0.759375 0.397917 0.768750 0.391667 0.779688 0.395833 0.820312 0.541667 0.859375 0.550000 0.854688
8 0.370833 0.796875 0.352083 0.795313 0.254167 0.806250 0.239583 0.818750 0.200000 0.826563 0.197917 0.835938 0.245833 0.834375 0.252083 0.837500 0.275000 0.840625 0.372917 0.832812
8 0.958333 0.821875 0.912500 0.931250 0.925000 0.946875 0.981250 0.981250 0.983333 0.820312
8 0.372917 0.848437 0.345833 0.848437 0.262500 0.857813 0.245833 0.868750 0.210417 0.875000 0.204167 0.879687 0.204167 0.889063 0.208333 0.892187 0.260417 0.890625 0.270833 0.893750 0.379167 0.881250
8 0.643750 0.868750 0.656250 0.921875 0.687500 0.951563 0.700000 0.967188 0.718750 0.978125 0.729167 0.900000 0.714583 0.870313 0.702083 0.865625
8 0.543750 0.873438 0.533333 0.871875 0.437500 0.887500 0.425000 0.892187 0.400000 0.945312 0.402083 0.971875 0.427083 0.979688 0.552083 0.975000 0.570833 0.964063 0.566667 0.901563
8 0.389583 0.896875 0.268750 0.910937 0.252083 0.926562 0.212500 0.929688 0.208333 0.932813 0.208333 0.948438 0.283333 0.948438 0.331250 0.943750 0.345833 0.937500 0.383333 0.937500 0.391667 0.934375