1 0.985417 0.381250 0.983333 0.350000 0.016667 0.373437 0.016667 0.387500 0.068750 0.384375 0.070833 0.401563
1 0.981250 0.767187 0.927083 0.767187 0.900000 0.804688 0.891667 0.770312 0.220833 0.790625 0.175000 0.815625 0.125000 0.793750 0.145833 0.753125 0.733333 0.740625 0.712500 0.706250 0.906250 0.718750 0.895833 0.682813 0.022917 0.703125 0.014583 0.987500 0.202083 0.987500 0.200000 0.925000 0.500000 0.912500 0.508333 0.987500 0.987500 0.987500
3 0.987500 0.125000 0.014583 0.135937 0.016667 0.367188 0.979167 0.342187
3 0.987500 0.393750 0.029167 0.409375 0.016667 0.698438 0.983333 0.675000
7 0.014583 0.012500 0.012500 0.131250 0.985417 0.120312 0.987500 0.010937
7 0.987500 0.735937 0.731250 0.710938 0.729167 0.732813 0.858333 0.743750 0.210417 0.773438 0.150000 0.762500 0.139583 0.784375 0.175000 0.809375 0.220833 0.784375 0.985417 0.757812
7 0.491667 0.917188 0.216667 0.929688 0.218750 0.987500 0.495833 0.985937
8 0.279167 0.312500 0.281250 0.337500 0.295833 0.353125 0.670833 0.345313 0.697917 0.332812 0.654167 0.303125 0.300000 0.304688
8 0.668750 0.443750 0.666667 0.514063 0.658333 0.515625 0.670833 0.526563 0.664583 0.573438 0.647917 0.592188 0.645833 0.645312 0.916667 0.650000 0.929167 0.448438
8 0.295833 0.448438 0.066667 0.453125 0.066667 0.464063 0.052083 0.476562 0.039583 0.478125 0.047917 0.520312 0.091667 0.518750 0.102083 0.531250 0.112500 0.534375 0.112500 0.556250 0.120833 0.562500 0.127083 0.592188 0.310417 0.587500
8 0.364583 0.446875 0.381250 0.650000 0.608333 0.645312 0.620833 0.448438 0.381250 0.454688