1 0.989583 0.165625 0.643750 0.175000 0.637500 0.192188 0.427083 0.184375 0.422917 0.200000 0.343750 0.200000 0.339583 0.182812 0.014583 0.185937 0.014583 0.284375 0.377083 0.287500 0.408333 0.621875 0.441667 0.632812 0.429167 0.540625 0.479167 0.535937 0.470833 0.423438 0.514583 0.425000 0.472917 0.393750 0.466667 0.351562 0.512500 0.320312 0.500000 0.287500 0.410417 0.285937 0.741667 0.270312 0.804167 0.293750 0.797917 0.348437 0.987500 0.342187
1 0.014583 0.709375 0.012500 0.904688 0.229167 0.893750 0.216667 0.987500 0.989583 0.989062 0.987500 0.792188 0.716667 0.803125 0.681250 0.743750 0.654167 0.745313 0.662500 0.682813 0.608333 0.690625 0.608333 0.662500 0.652083 0.642187 0.400000 0.634375 0.389583 0.700000
3 0.747917 0.276563 0.729167 0.303125 0.718750 0.478125 0.741667 0.510938 0.712500 0.759375 0.666667 0.671875 0.710417 0.792188 0.735417 0.804688 0.762500 0.615625 0.743750 0.792188 0.910417 0.785937 0.866667 0.765625 0.902083 0.756250 0.925000 0.696875 0.885417 0.671875 0.983333 0.695312 0.987500 0.348437 0.800000 0.354688 0.785417 0.453125 0.797917 0.296875
3 0.358333 0.289062 0.016667 0.293750 0.016667 0.706250 0.389583 0.696875 0.402083 0.620313
7 0.014583 0.014062 0.016667 0.181250 0.341667 0.178125 0.339583 0.129688 0.360417 0.112500 0.404167 0.125000 0.416667 0.171875 0.989583 0.160938 0.989583 0.014062
7 0.477083 0.428125 0.472917 0.495313 0.487500 0.537500 0.593750 0.540625 0.608333 0.523438 0.641667 0.521875 0.627083 0.493750 0.647917 0.504687 0.647917 0.525000 0.608333 0.529688 0.602083 0.567187 0.581250 0.543750 0.437500 0.545313 0.443750 0.623438 0.452083 0.635938 0.602083 0.635938 0.562500 0.626562 0.554167 0.606250 0.572917 0.612500 0.647917 0.593750 0.643750 0.560938 0.612500 0.550000 0.645833 0.543750 0.658333 0.573438 0.662500 0.495313 0.629167 0.495313 0.635417 0.487500 0.610417 0.485938 0.602083 0.467187 0.556250 0.468750 0.520833 0.431250
7 0.679167 0.481250 0.668750 0.485938 0.662500 0.579687 0.656250 0.581250 0.656250 0.598437 0.662500 0.606250 0.660417 0.642187 0.681250 0.668750 0.679167 0.675000 0.702083 0.731250 0.710417 0.732813 0.735417 0.514063 0.712500 0.492188 0.710417 0.504687
7 0.475000 0.831250 0.475000 0.856250 0.477083 0.859375 0.481250 0.859375 0.483333 0.857813 0.554167 0.857813 0.552083 0.856250 0.550000 0.829687 0.481250 0.829687 0.479167 0.831250
7 0.225000 0.896875 0.018750 0.907812 0.016667 0.989062 0.210417 0.989062 0.229167 0.907812
8 0.508333 0.287500 0.518750 0.304688 0.516667 0.306250 0.502083 0.306250 0.502083 0.310937 0.516667 0.312500 0.525000 0.318750 0.522917 0.325000 0.541667 0.325000 0.552083 0.332812 0.554167 0.340625 0.564583 0.345313 0.583333 0.342187 0.600000 0.335938 0.600000 0.293750 0.589583 0.287500 0.556250 0.289062 0.527083 0.285937 0.525000 0.293750 0.518750 0.285937
8 0.512500 0.329688 0.477083 0.351562 0.475000 0.381250 0.518750 0.418750 0.516667 0.400000 0.558333 0.464063 0.591667 0.467187 0.606250 0.456250 0.602083 0.442187 0.620833 0.435937 0.620833 0.429688 0.604167 0.426562 0.604167 0.418750 0.635417 0.410937 0.610417 0.406250 0.604167 0.398438 0.639583 0.395312 0.643750 0.389062 0.604167 0.382812 0.612500 0.373437 0.645833 0.368750 0.614583 0.364062 0.608333 0.357812 0.641667 0.345313 0.600000 0.340625 0.547917 0.356250 0.518750 0.375000 0.510417 0.389062 0.508333 0.376563 0.547917 0.351562 0.539583 0.331250
8 0.658333 0.612500 0.652083 0.604688 0.652083 0.601562 0.627083 0.601562 0.614583 0.604688 0.581250 0.607813 0.572917 0.618750 0.566667 0.615625 0.564583 0.609375 0.560417 0.609375 0.564583 0.614062 0.562500 0.621875 0.568750 0.621875 0.575000 0.626562 0.587500 0.631250 0.650000 0.632812 0.654167 0.634375 0.654167 0.621875
8 0.656250 0.651563 0.654167 0.651563 0.639583 0.660937 0.633333 0.660937 0.631250 0.662500 0.627083 0.662500 0.625000 0.664062 0.618750 0.664062 0.616667 0.665625 0.612500 0.665625 0.612500 0.685938 0.614583 0.687500 0.620833 0.687500 0.622917 0.685938 0.627083 0.685938 0.629167 0.684375 0.635417 0.684375 0.637500 0.682813 0.652083 0.681250 0.668750 0.668750 0.670833 0.668750 0.670833 0.665625
8 0.925000 0.700000 0.925000 0.704687 0.916667 0.709375 0.916667 0.717188 0.904167 0.756250 0.904167 0.771875 0.918750 0.781250 0.960417 0.781250 0.987500 0.785937 0.987500 0.698438