1 0.443750 0.015625 0.162500 0.015625 0.185417 0.198437 0.166667 0.239063 0.018750 0.243750 0.018750 0.601562 0.366667 0.570312 0.356250 0.406250 0.281250 0.407813 0.243750 0.384375 0.245833 0.292188 0.633333 0.282813 0.541667 0.223438 0.462500 0.217187 0.450000 0.193750 0.412500 0.192188 0.410417 0.135937 0.443750 0.129688
1 0.689583 0.870313 0.022917 0.946875 0.018750 0.985937 0.695833 0.979688 0.679167 0.918750
3 0.012500 0.010937 0.014583 0.237500 0.164583 0.239063 0.183333 0.198437 0.160417 0.010937
3 0.460417 0.053125 0.458333 0.134375 0.566667 0.151562 0.562500 0.184375 0.460417 0.190625 0.462500 0.212500 0.541667 0.214062 0.708333 0.326562 0.762500 0.323438 0.835417 0.014062 0.562500 0.015625 0.589583 0.020312 0.606250 0.039062 0.606250 0.103125 0.589583 0.139062 0.529167 0.131250 0.514583 0.057813
3 0.841667 0.014062 0.770833 0.321875 0.987500 0.318750 0.989583 0.014062
3 0.027083 0.943750 0.695833 0.864062 0.766667 0.745313 0.977083 0.718750 0.977083 0.676562 0.550000 0.718750 0.516667 0.700000 0.456250 0.700000 0.431250 0.679688 0.429167 0.637500 0.350000 0.676562 0.333333 0.670313 0.327083 0.634375 0.356250 0.618750 0.333333 0.596875 0.029167 0.612500
6 0.529167 0.296875 0.547917 0.335938 0.577083 0.328125 0.602083 0.370313 0.587500 0.448438 0.543750 0.495313 0.556250 0.534375 0.539583 0.560938 0.560417 0.587500 0.533333 0.637500 0.558333 0.648438 0.550000 0.717188 0.568750 0.703125 0.983333 0.668750 0.987500 0.606250 0.966667 0.640625 0.902083 0.635938 0.791667 0.657812 0.875000 0.423438 0.987500 0.420312 0.983333 0.379687 0.722917 0.396875 0.662500 0.379687 0.608333 0.331250 0.654167 0.326562 0.685417 0.345313 0.647917 0.293750
8 0.454167 0.015625 0.454167 0.048437 0.514583 0.054688 0.520833 0.050000 0.525000 0.121875 0.531250 0.126563 0.589583 0.137500 0.604167 0.081250 0.604167 0.042188 0.591667 0.023438 0.529167 0.021875 0.520833 0.042188 0.518750 0.029687 0.527083 0.018750 0.558333 0.018750 0.558333 0.015625
8 0.418750 0.139062 0.418750 0.168750 0.422917 0.190625 0.562500 0.181250 0.564583 0.162500 0.560417 0.146875 0.435417 0.132812 0.422917 0.132812
8 0.262500 0.296875 0.245833 0.309375 0.239583 0.365625 0.272917 0.400000 0.525000 0.400000 0.535417 0.379687 0.529167 0.407813 0.397917 0.406250 0.360417 0.431250 0.360417 0.470313 0.383333 0.484375 0.475000 0.496875 0.372917 0.493750 0.377083 0.562500 0.489583 0.568750 0.500000 0.551562 0.537500 0.545313 0.554167 0.514063 0.533333 0.498437 0.593750 0.415625 0.583333 0.335938 0.566667 0.329688 0.541667 0.357812 0.520833 0.295312
8 0.922917 0.335938 0.916667 0.328125 0.897917 0.321875 0.702083 0.328125 0.691667 0.345313 0.691667 0.367188 0.700000 0.375000 0.731250 0.387500 0.747917 0.382812 0.837500 0.387500 0.862500 0.381250 0.897917 0.381250 0.925000 0.371875
8 0.945833 0.454688 0.937500 0.460938 0.937500 0.484375 0.939583 0.485938 0.939583 0.489062 0.941667 0.492188 0.947917 0.495313 0.962500 0.495313 0.964583 0.493750 0.981250 0.493750 0.981250 0.492188 0.987500 0.487500 0.987500 0.482812 0.989583 0.481250 0.989583 0.473437 0.979167 0.473437 0.977083 0.475000 0.964583 0.475000 0.960417 0.468750 0.952083 0.460938 0.950000 0.456250
8 0.720833 0.471875 0.720833 0.515625 0.745833 0.543750 0.737500 0.540625 0.714583 0.517187 0.708333 0.537500 0.716667 0.556250 0.735417 0.582812 0.754167 0.587500 0.775000 0.604688 0.789583 0.603125 0.791667 0.596875 0.779167 0.581250 0.777083 0.565625 0.768750 0.554688 0.783333 0.554688 0.795833 0.568750 0.802083 0.570312 0.812500 0.557813 0.772917 0.506250 0.741667 0.479688
8 0.912500 0.471875 0.910417 0.473437 0.900000 0.476562 0.887500 0.485938 0.887500 0.489062 0.885417 0.490625 0.885417 0.496875 0.891667 0.501562 0.900000 0.501562 0.902083 0.503125 0.906250 0.503125 0.916667 0.507812 0.925000 0.507812 0.935417 0.500000 0.935417 0.493750 0.933333 0.492188 0.929167 0.484375 0.920833 0.478125 0.920833 0.476562 0.914583 0.471875
8 0.979167 0.503125 0.947917 0.504687 0.927083 0.526563 0.929167 0.532812 0.941667 0.545313 0.929167 0.546875 0.912500 0.562500 0.912500 0.570312 0.918750 0.578125 0.939583 0.585938 0.960417 0.584375 0.975000 0.565625 0.972917 0.557813 0.962500 0.557813 0.956250 0.551562 0.958333 0.550000 0.968750 0.551562 0.985417 0.545313 0.987500 0.510938 0.989583 0.509375
8 0.704167 0.550000 0.697917 0.570312 0.697917 0.581250 0.712500 0.606250 0.720833 0.612500 0.727083 0.614062 0.750000 0.634375 0.760417 0.639063 0.762500 0.637500 0.770833 0.637500 0.772917 0.628125 0.756250 0.617188 0.750000 0.598437 0.745833 0.595312 0.735417 0.595312
8 0.947917 0.601562 0.918750 0.601562 0.916667 0.603125 0.914583 0.603125 0.908333 0.607813 0.908333 0.609375 0.906250 0.610937 0.895833 0.614062 0.891667 0.617188 0.887500 0.625000 0.897917 0.629687 0.914583 0.629687 0.916667 0.631250 0.918750 0.629687 0.927083 0.629687 0.933333 0.626562 0.937500 0.626562 0.943750 0.621875 0.945833 0.621875 0.947917 0.617188 0.952083 0.614062 0.952083 0.609375 0.947917 0.606250
8 0.556250 0.654688 0.543750 0.646875 0.533333 0.646875 0.522917 0.650000 0.458333 0.650000 0.445833 0.665625 0.447917 0.690625 0.450000 0.692187 0.547917 0.692187 0.556250 0.681250
8 0.979167 0.726562 0.764583 0.748438 0.685417 0.909375 0.704167 0.979688 0.983333 0.981250