1 0.014583 0.240625 0.016667 0.770312 0.535417 0.760938 0.514583 0.615625 0.541667 0.606250 0.477083 0.507812 0.550000 0.471875 0.420833 0.439063 0.412500 0.418750 0.529167 0.395312 0.579167 0.406250 0.604167 0.279687
1 0.700000 0.326562 0.810417 0.528125 0.829167 0.528125 0.883333 0.445312 0.795833 0.342187 0.795833 0.332812
1 0.014583 0.785937 0.014583 0.989062 0.364583 0.985937 0.356250 0.790625
2 0.633333 0.326562 0.604167 0.404687 0.604167 0.428125 0.616667 0.437500 0.618750 0.446875 0.600000 0.468750 0.608333 0.482812 0.637500 0.482812 0.637500 0.495313 0.658333 0.479688 0.670833 0.481250 0.660417 0.503125 0.664583 0.525000 0.650000 0.556250 0.637500 0.565625 0.637500 0.584375 0.695833 0.476562
2 0.864583 0.496875 0.972917 0.496875 0.975000 0.498437 0.985417 0.498437 0.985417 0.487500 0.983333 0.485938 0.947917 0.485938 0.941667 0.487500 0.931250 0.484375 0.922917 0.484375 0.906250 0.476562 0.887500 0.459375
2 0.914583 0.526563 0.925000 0.537500 0.927083 0.542188 0.939583 0.554688 0.941667 0.559375 0.960417 0.559375 0.962500 0.560938 0.983333 0.560938 0.987500 0.562500 0.985417 0.559375 0.985417 0.531250 0.981250 0.529688 0.960417 0.529688 0.958333 0.528125
2 0.783333 0.932813 0.800000 0.985937 0.989583 0.989062 0.987500 0.931250 0.818750 0.928125 0.793750 0.934375
3 0.014583 0.014062 0.018750 0.237500 0.602083 0.271875 0.633333 0.304688 0.652083 0.279687 0.987500 0.293750 0.987500 0.014062
5 0.831250 0.285937 0.797917 0.342187 0.925000 0.471875 0.952083 0.468750 0.989583 0.431250 0.987500 0.296875
5 0.985417 0.501562 0.858333 0.504687 0.854167 0.507812 0.856250 0.528125 0.827083 0.565625 0.933333 0.557813 0.906250 0.520312 0.929167 0.518750 0.987500 0.523438
5 0.518750 0.614062 0.518750 0.623438 0.525000 0.628125 0.552083 0.753125 0.541667 0.757812 0.543750 0.768750 0.589583 0.770312 0.585417 0.751562 0.581250 0.754687 0.570833 0.754687 0.566667 0.751562 0.541667 0.626562 0.550000 0.621875 0.545833 0.612500
6 0.810417 0.296875 0.645833 0.292188 0.633333 0.306250 0.614583 0.292188 0.585417 0.407813 0.631250 0.323438 0.700000 0.476562 0.643750 0.600000 0.618750 0.531250 0.570833 0.532812 0.562500 0.637500 0.604167 0.803125 0.687500 0.703125 0.810417 0.620313 0.985417 0.621875 0.987500 0.567187 0.820833 0.562500 0.697917 0.328125 0.795833 0.331250
7 0.016667 0.259375 0.018750 0.364062 0.043750 0.434375 0.258333 0.439063 0.245833 0.270312
7 0.056250 0.464063 0.075000 0.529688 0.216667 0.526563 0.210417 0.462500
7 0.062500 0.546875 0.091667 0.620313 0.283333 0.618750 0.279167 0.546875
7 0.131250 0.637500 0.135417 0.657812 0.137500 0.659375 0.139583 0.671875 0.141667 0.673437 0.145833 0.673437 0.147917 0.671875 0.216667 0.671875 0.214583 0.668750 0.212500 0.634375 0.135417 0.635938
8 0.425000 0.418750 0.427083 0.434375 0.485417 0.446875 0.512500 0.446875 0.525000 0.428125 0.564583 0.429688 0.564583 0.432813 0.529167 0.432813 0.527083 0.465625 0.606250 0.460938 0.610417 0.439063 0.597917 0.432813 0.570833 0.431250 0.593750 0.429688 0.597917 0.410937 0.552083 0.401563 0.493750 0.403125
8 0.664583 0.481250 0.643750 0.504687 0.635417 0.520312 0.633333 0.487500 0.537500 0.482812 0.531250 0.500000 0.531250 0.515625 0.535417 0.520312 0.633333 0.518750 0.635417 0.521875 0.629167 0.534375 0.641667 0.560938 0.660417 0.526563 0.652083 0.507812 0.647917 0.506250 0.658333 0.498437
8 0.512500 0.531250 0.512500 0.539062 0.510417 0.540625 0.510417 0.556250 0.522917 0.560938 0.533333 0.560938 0.537500 0.562500 0.552083 0.573438 0.560417 0.573438 0.562500 0.575000 0.562500 0.571875 0.564583 0.570312 0.562500 0.568750 0.562500 0.564062 0.560417 0.562500 0.560417 0.535937 0.568750 0.529688 0.518750 0.529688 0.516667 0.531250
8 0.987500 0.623438 0.812500 0.623438 0.672917 0.720312 0.606250 0.820312 0.572917 0.771875 0.368750 0.778125 0.372917 0.987500 0.608333 0.987500 0.593750 0.878125 0.614583 0.984375 0.793750 0.987500 0.779167 0.935938 0.756250 0.923437 0.985417 0.928125