1 0.016667 0.014062 0.018750 0.239063 0.241667 0.254687 0.250000 0.448438 0.020833 0.457812 0.016667 0.854688 0.443750 0.826563 0.414583 0.745313 0.360417 0.770312 0.322917 0.675000 0.375000 0.651563 0.383333 0.562500 0.439583 0.525000 0.468750 0.275000 0.433333 0.243750 0.408333 0.018750
1 0.014583 0.942187 0.016667 0.989062 0.575000 0.985937 0.562500 0.950000 0.547917 0.951563 0.545833 0.960938 0.518750 0.960938 0.516667 0.971875 0.485417 0.973437 0.483333 0.984375 0.412500 0.976562 0.339583 0.981250 0.333333 0.909375 0.314583 0.910937 0.312500 0.896875 0.260417 0.882812 0.225000 0.882812 0.212500 0.921875
2 0.989583 0.464063 0.968750 0.465625 0.837500 0.667188 0.875000 0.696875 0.852083 0.715625 0.810417 0.715625 0.725000 0.846875 0.766667 0.859375 0.708333 0.875000 0.729167 0.929688 0.685417 0.987500 0.770833 0.987500 0.933333 0.914062 0.987500 0.914062
2 0.700000 0.876562 0.591667 0.884375 0.566667 0.946875 0.579167 0.987500 0.679167 0.987500 0.722917 0.929688
3 0.362500 0.835938 0.354167 0.837500 0.345833 0.879687 0.343750 0.939062 0.337500 0.946875 0.341667 0.978125 0.352083 0.978125 0.364583 0.871875
3 0.212500 0.845312 0.018750 0.857813 0.014583 0.862500 0.012500 0.939062 0.212500 0.920313 0.218750 0.875000
3 0.368750 0.856250 0.358333 0.973437 0.406250 0.975000 0.420833 0.948438 0.502083 0.937500 0.514583 0.939062 0.518750 0.957812 0.539583 0.957812 0.543750 0.946875 0.560417 0.946875 0.579167 0.889063 0.466667 0.895312 0.447917 0.850000
5 0.989583 0.010937 0.593750 0.015625 0.756250 0.120312 0.791667 0.203125 0.745833 0.239063 0.570833 0.228125 0.545833 0.296875 0.487500 0.298438 0.445833 0.617188 0.564583 0.610937 0.597917 0.671875 0.575000 0.756250 0.441667 0.775000 0.470833 0.890625 0.750000 0.865625 0.718750 0.851562 0.806250 0.714063 0.868750 0.696875 0.827083 0.671875 0.987500 0.459375
7 0.020833 0.246875 0.018750 0.454688 0.247917 0.453125 0.239583 0.254687
8 0.418750 0.015625 0.429167 0.034375 0.416667 0.026563 0.402083 0.054688 0.414583 0.085938 0.437500 0.104687 0.441667 0.204688 0.466667 0.268750 0.487500 0.290625 0.500000 0.284375 0.510417 0.296875 0.531250 0.292188 0.529167 0.278125 0.564583 0.254687 0.568750 0.226562 0.535417 0.218750 0.733333 0.223438 0.745833 0.237500 0.750000 0.220313 0.785417 0.204688 0.745833 0.118750 0.585417 0.012500
8 0.400000 0.545313 0.375000 0.589063 0.385417 0.650000 0.325000 0.665625 0.362500 0.770312 0.425000 0.737500 0.429167 0.770312 0.575000 0.753125 0.591667 0.668750 0.579167 0.618750 0.556250 0.610937 0.500000 0.610937 0.425000 0.623438 0.410417 0.637500 0.408333 0.681250 0.397917 0.645312 0.422917 0.618750 0.439583 0.615625 0.447917 0.537500 0.435417 0.531250
8 0.247917 0.775000 0.247917 0.789062 0.250000 0.789062 0.252083 0.787500 0.289583 0.787500 0.289583 0.781250 0.291667 0.779688 0.291667 0.771875 0.254167 0.771875
8 0.514583 0.942187 0.504167 0.942187 0.502083 0.943750 0.481250 0.945312 0.479167 0.946875 0.458333 0.948438 0.456250 0.950000 0.425000 0.951563 0.416667 0.967188 0.414583 0.976562 0.460417 0.979688 0.462500 0.981250 0.479167 0.981250 0.481250 0.982813 0.481250 0.971875 0.487500 0.968750 0.516667 0.968750 0.514583 0.965625