1 0.360417 0.015625 0.395833 0.707812 0.485417 0.709375 0.472917 0.415625 0.560417 0.410937 0.518750 0.395312 0.512500 0.350000 0.562500 0.350000 0.537500 0.317187 0.454167 0.321875 0.427083 0.284375 0.450000 0.234375 0.552083 0.237500 0.541667 0.096875 0.489583 0.034375 0.533333 0.048437 0.500000 0.017188
1 0.700000 0.814062 0.654167 0.732813 0.622917 0.743750 0.602083 0.723437 0.395833 0.718750 0.362500 0.773438 0.110417 0.787500 0.016667 0.782812 0.014583 0.850000
1 0.981250 0.812500 0.022917 0.854688 0.018750 0.978125 0.558333 0.940625 0.560417 0.881250 0.606250 0.896875 0.610417 0.934375 0.985417 0.910937
1 0.985417 0.982813 0.981250 0.915625 0.612500 0.943750 0.629167 0.984375
1 0.552083 0.950000 0.018750 0.982813 0.014583 0.987500 0.552083 0.984375
3 0.014583 0.014062 0.016667 0.420312 0.379167 0.409375 0.354167 0.012500
3 0.685417 0.015625 0.689583 0.137500 0.614583 0.226562 0.581250 0.210938 0.558333 0.095312 0.564583 0.240625 0.627083 0.243750 0.643750 0.228125 0.668750 0.292188 0.656250 0.328125 0.620833 0.332812 0.620833 0.404687 0.985417 0.393750 0.989583 0.017188
3 0.016667 0.423438 0.016667 0.778125 0.108333 0.775000 0.077083 0.423438
7 0.514583 0.014062 0.516667 0.023438 0.533333 0.032812 0.537500 0.043750 0.556250 0.062500 0.554167 0.065625 0.537500 0.067188 0.520833 0.062500 0.502083 0.039062 0.525000 0.084375 0.535417 0.089062 0.606250 0.089062 0.604167 0.073437 0.577083 0.068750 0.545833 0.028125 0.545833 0.012500
7 0.677083 0.015625 0.616667 0.018750 0.622917 0.212500 0.683333 0.131250
8 0.575000 0.118750 0.575000 0.129688 0.593750 0.156250 0.593750 0.175000 0.595833 0.176563 0.595833 0.195312 0.597917 0.198437 0.589583 0.206250 0.602083 0.223438 0.614583 0.215625 0.602083 0.196875 0.602083 0.154687
8 0.643750 0.232812 0.627083 0.245312 0.454167 0.242188 0.456250 0.271875 0.441667 0.273438 0.441667 0.293750 0.454167 0.298438 0.456250 0.317187 0.618750 0.315625 0.545833 0.320312 0.545833 0.331250 0.568750 0.329688 0.602083 0.337500 0.620833 0.325000 0.620833 0.317187 0.643750 0.331250 0.658333 0.300000 0.660417 0.278125
8 0.520833 0.357812 0.522917 0.390625 0.525000 0.392188 0.612500 0.395312 0.616667 0.396875 0.614583 0.395312 0.610417 0.357812 0.604167 0.357812 0.602083 0.356250 0.522917 0.356250
8 0.487500 0.417188 0.500000 0.718750 0.543750 0.715625 0.518750 0.679688 0.533333 0.637500 0.595833 0.618750 0.577083 0.531250 0.593750 0.526563 0.585417 0.564062 0.604167 0.592188 0.600000 0.629687 0.616667 0.631250 0.620833 0.735937 0.641667 0.723437 0.710417 0.809375 0.787500 0.814062 0.791667 0.401563 0.702083 0.396875 0.629167 0.414062
8 0.987500 0.396875 0.800000 0.400000 0.800000 0.814062 0.987500 0.803125
8 0.366667 0.420312 0.337500 0.410937 0.081250 0.420312 0.116667 0.782812 0.366667 0.764063 0.387500 0.701563