1 0.433333 0.015625 0.445833 0.164062 0.706250 0.165625 0.687500 0.015625 0.606250 0.015625 0.618750 0.037500 0.589583 0.117188 0.458333 0.110937 0.450000 0.015625
1 0.554167 0.371875 0.458333 0.375000 0.475000 0.487500 0.493750 0.489062 0.502083 0.496875 0.520833 0.482812 0.539583 0.481250 0.531250 0.470313 0.531250 0.460938 0.556250 0.409375 0.558333 0.390625 0.554167 0.384375
2 0.693750 0.015625 0.706250 0.290625 0.735417 0.315625 0.787500 0.314063 0.816667 0.360938 0.800000 0.440625 0.754167 0.471875 0.770833 0.587500 0.795833 0.584375 0.812500 0.604688 0.941667 0.601562 0.983333 0.628125 0.985417 0.014062
3 0.983333 0.639063 0.933333 0.609375 0.700000 0.615625 0.681250 0.603125 0.227083 0.635938 0.122917 0.979688 0.970833 0.979688
5 0.531250 0.290625 0.520833 0.309375 0.545833 0.310937 0.562500 0.339063 0.554167 0.439063 0.541667 0.462500 0.547917 0.478125 0.614583 0.478125 0.635417 0.459375 0.645833 0.465625 0.716667 0.470313 0.750000 0.451562 0.772917 0.454688 0.785417 0.450000 0.804167 0.420312 0.808333 0.389062 0.804167 0.354688 0.779167 0.320312 0.747917 0.323438 0.739583 0.329688 0.727083 0.326562 0.710417 0.304688 0.620833 0.307813 0.604167 0.292188
7 0.012500 0.010937 0.012500 0.151562 0.377083 0.148438 0.370833 0.015625
7 0.025000 0.182812 0.031250 0.370313 0.497917 0.356250 0.512500 0.270312 0.689583 0.295312 0.677083 0.193750
7 0.385417 0.375000 0.014583 0.376563 0.016667 0.890625 0.122917 0.881250 0.112500 0.810938 0.125000 0.784375 0.054167 0.785937 0.052083 0.768750 0.114583 0.750000 0.129167 0.759375 0.152083 0.704687 0.191667 0.700000 0.206250 0.628125 0.389583 0.615625
7 0.510417 0.498437 0.518750 0.506250 0.525000 0.531250 0.518750 0.535937 0.518750 0.568750 0.527083 0.576563 0.529167 0.606250 0.522917 0.609375 0.633333 0.603125 0.635417 0.587500 0.743750 0.587500 0.741667 0.517187 0.750000 0.507812 0.762500 0.504687 0.762500 0.489062 0.520833 0.489062
7 0.106250 0.893750 0.012500 0.900000 0.025000 0.979688 0.097917 0.982813
8 0.452083 0.012500 0.458333 0.109375 0.589583 0.115625 0.602083 0.085938 0.602083 0.068750 0.608333 0.062500 0.616667 0.037500 0.614583 0.023438 0.604167 0.015625
8 0.450000 0.400000 0.429167 0.400000 0.427083 0.401563 0.406250 0.401563 0.402083 0.403125 0.395833 0.407813 0.395833 0.410937 0.393750 0.412500 0.393750 0.429688 0.397917 0.428125 0.450000 0.428125 0.450000 0.425000 0.454167 0.420312 0.452083 0.418750 0.452083 0.409375 0.450000 0.407813
8 0.460417 0.495313 0.462500 0.548437 0.464583 0.551562 0.475000 0.551562 0.477083 0.553125 0.485417 0.550000 0.489583 0.539062 0.495833 0.532812 0.504167 0.532812 0.510417 0.537500 0.510417 0.534375 0.514583 0.529688 0.514583 0.520312 0.510417 0.514063 0.502083 0.510938 0.487500 0.496875
8 0.464583 0.565625 0.464583 0.607813 0.466667 0.609375 0.466667 0.612500 0.495833 0.610937 0.502083 0.601562 0.506250 0.598437 0.518750 0.606250 0.525000 0.600000 0.525000 0.579687 0.518750 0.573438 0.514583 0.573438 0.510417 0.579687 0.502083 0.579687 0.491667 0.565625
8 0.185417 0.706250 0.158333 0.715625 0.116667 0.817187 0.125000 0.873438 0.141667 0.881250 0.166667 0.807813 0.191667 0.714063