1 0.014583 0.014062 0.018750 0.375000 0.093750 0.476562 0.487500 0.459375 0.483333 0.426562 0.237500 0.421875 0.177083 0.257812 0.504167 0.253125 0.504167 0.301562 0.589583 0.320312 0.633333 0.295312 0.679167 0.150000 0.708333 0.154687 0.725000 0.114063 0.591667 0.017188
1 0.014583 0.379687 0.016667 0.768750 0.085417 0.478125
1 0.595833 0.509375 0.485417 0.492188 0.487500 0.468750 0.091667 0.482812 0.022917 0.781250 0.091667 0.821875 0.129167 0.629687 0.585417 0.603125 0.575000 0.548437
1 0.591667 0.642187 0.585417 0.609375 0.143750 0.635938 0.170833 0.664062 0.504167 0.653125
1 0.020833 0.792188 0.016667 0.989062 0.877083 0.984375 0.843750 0.876562 0.510417 0.892187 0.504167 0.796875 0.618750 0.765625 0.510417 0.757812 0.502083 0.656250 0.166667 0.670313 0.118750 0.964063 0.162500 0.660937 0.137500 0.635938 0.095833 0.832812
2 0.977083 0.817187 0.962500 0.826563 0.929167 0.826563 0.912500 0.839063 0.910417 0.876562 0.866667 0.881250 0.887500 0.985937 0.983333 0.985937
5 0.685417 0.148438 0.687500 0.173438 0.660417 0.271875 0.645833 0.282813 0.656250 0.287500 0.668750 0.289062 0.708333 0.162500 0.708333 0.156250
5 0.520833 0.328125 0.508333 0.340625 0.508333 0.348437 0.516667 0.360938 0.506250 0.406250 0.520833 0.414062 0.577083 0.414062 0.577083 0.406250 0.527083 0.406250 0.522917 0.403125 0.522917 0.395312 0.545833 0.385938 0.568750 0.385938 0.579167 0.390625 0.579167 0.371875 0.585417 0.368750 0.552083 0.368750 0.539583 0.360938 0.527083 0.343750 0.533333 0.339063 0.562500 0.339063 0.593750 0.346875 0.589583 0.335938 0.562500 0.328125
5 0.500000 0.443750 0.506250 0.464063 0.495833 0.478125 0.504167 0.489062 0.564583 0.490625 0.600000 0.498437 0.604167 0.495313 0.564583 0.484375 0.514583 0.485938 0.506250 0.479688 0.529167 0.470313 0.606250 0.479688 0.591667 0.470313 0.589583 0.462500 0.535417 0.462500 0.514583 0.448438 0.520833 0.442187 0.589583 0.446875 0.581250 0.437500 0.518750 0.432813
5 0.981250 0.634375 0.945833 0.637500 0.918750 0.596875 0.904167 0.596875 0.904167 0.618750 0.885417 0.642187 0.622917 0.689062 0.620833 0.710938 0.595833 0.754687 0.606250 0.762500 0.681250 0.753125 0.764583 0.728125 0.858333 0.721875 0.895833 0.712500 0.918750 0.676562 0.945833 0.656250 0.985417 0.651563
5 0.600000 0.653125 0.508333 0.664062 0.502083 0.684375 0.514583 0.726562 0.508333 0.728125 0.508333 0.739062 0.516667 0.753125 0.581250 0.748438 0.585417 0.740625 0.525000 0.750000 0.516667 0.731250 0.543750 0.714063 0.575000 0.714063 0.595833 0.707812 0.610417 0.695312 0.610417 0.682813 0.572917 0.685938 0.537500 0.696875 0.510417 0.684375 0.506250 0.676562 0.522917 0.667188 0.568750 0.667188 0.583333 0.659375 0.604167 0.657812
5 0.985417 0.792188 0.958333 0.784375 0.920833 0.785937 0.895833 0.779688 0.891667 0.753125 0.872917 0.725000 0.733333 0.793750 0.706250 0.815625 0.704167 0.829687 0.725000 0.829687 0.766667 0.798437 0.812500 0.821875 0.858333 0.810938 0.964583 0.817187 0.985417 0.801562
5 0.508333 0.801562 0.527083 0.893750 0.895833 0.853125 0.893750 0.845312 0.789583 0.851562 0.708333 0.839063 0.718750 0.865625 0.535417 0.892187 0.525000 0.868750 0.543750 0.850000 0.700000 0.837500 0.670833 0.832812 0.672917 0.820312 0.614583 0.817187 0.541667 0.829687 0.522917 0.817187 0.527083 0.798437 0.627083 0.782812
6 0.789583 0.100000 0.735417 0.112500 0.666667 0.290625 0.708333 0.337500 0.712500 0.429688 0.681250 0.482812 0.610417 0.484375 0.587500 0.546875 0.614583 0.689062 0.652083 0.678125 0.679167 0.607813 0.710417 0.667188 0.868750 0.640625 0.985417 0.515625 0.985417 0.415625 0.879167 0.189063
6 0.775000 0.737500 0.689583 0.756250 0.629167 0.762500 0.639583 0.815625 0.641667 0.817187 0.704167 0.812500 0.720833 0.792188 0.720833 0.784375
8 0.616667 0.018750 0.670833 0.048437 0.702083 0.081250 0.708333 0.101562 0.787500 0.096875 0.862500 0.146875 0.981250 0.207813 0.985417 0.015625
8 0.295833 0.304688 0.293750 0.307813 0.291667 0.373437 0.295833 0.371875 0.383333 0.370313 0.381250 0.368750 0.375000 0.303125 0.302083 0.303125
8 0.645833 0.303125 0.620833 0.304688 0.604167 0.314063 0.602083 0.331250 0.591667 0.354688 0.589583 0.381250 0.581250 0.400000 0.600000 0.467187 0.616667 0.467187 0.639583 0.473437 0.679167 0.465625 0.679167 0.443750 0.697917 0.378125 0.704167 0.371875 0.700000 0.346875 0.670833 0.307813 0.652083 0.307813
8 0.354167 0.389062 0.354167 0.390625 0.385417 0.390625 0.389583 0.396875 0.395833 0.396875 0.397917 0.395312 0.454167 0.395312 0.454167 0.381250 0.400000 0.381250 0.397917 0.382812 0.391667 0.382812 0.383333 0.387500 0.356250 0.387500