1 0.014583 0.017188 0.018750 0.185937 0.147917 0.257812 0.204167 0.257812 0.220833 0.165625 0.616667 0.167187 0.597917 0.117188 0.645833 0.034375 0.616667 0.015625
1 0.016667 0.196875 0.016667 0.579687 0.158333 0.603125 0.135417 0.257812
1 0.962500 0.560938 0.156250 0.609375 0.027083 0.587500 0.018750 0.725000 0.714583 0.664062
1 0.022917 0.767187 0.016667 0.984375 0.329167 0.981250 0.768750 0.915625 0.747917 0.881250 0.068750 0.973437 0.056250 0.765625
1 0.970833 0.906250 0.891667 0.901563 0.337500 0.985937 0.900000 0.984375 0.918750 0.942187
2 0.987500 0.559375 0.731250 0.664062 0.731250 0.671875 0.822917 0.670313 0.827083 0.682813 0.600000 0.703125 0.614583 0.723437 0.629167 0.834375 0.666667 0.832812 0.687500 0.865625 0.983333 0.904688
2 0.775000 0.887500 0.775000 0.895312 0.777083 0.896875 0.777083 0.904688 0.779167 0.906250 0.779167 0.915625 0.787500 0.915625 0.795833 0.912500 0.810417 0.910937 0.818750 0.907812 0.825000 0.907812 0.841667 0.903125 0.847917 0.903125 0.850000 0.901563 0.856250 0.901563 0.864583 0.898438 0.877083 0.896875 0.862500 0.896875 0.860417 0.895312 0.847917 0.895312 0.845833 0.893750 0.833333 0.893750 0.831250 0.892187 0.818750 0.892187 0.816667 0.890625 0.802083 0.890625 0.800000 0.889063
3 0.227083 0.175000 0.270833 0.185937 0.297917 0.542188 0.264583 0.554688 0.291667 0.592188 0.720833 0.562500 0.545833 0.564062 0.572917 0.535937 0.735417 0.528125 0.735417 0.560938 0.800000 0.523438 0.950000 0.515625 0.900000 0.548437 0.743750 0.564062 0.977083 0.551562 0.952083 0.403125 0.970833 0.507812 0.802083 0.517187 0.739583 0.371875 0.679167 0.445312 0.743750 0.471875 0.745833 0.515625 0.568750 0.528125 0.504167 0.187500 0.622917 0.179688
6 0.987500 0.014062 0.662500 0.015625 0.614583 0.123438 0.710417 0.381250 0.727083 0.379687 0.983333 0.103125
7 0.800000 0.675000 0.035417 0.746875 0.154167 0.742188
7 0.597917 0.717188 0.118750 0.756250 0.112500 0.937500 0.622917 0.875000
8 0.812500 0.040625 0.775000 0.114063 0.766667 0.120312 0.829167 0.190625 0.843750 0.200000 0.891667 0.118750
8 0.222917 0.218750 0.218750 0.228125 0.218750 0.248437 0.220833 0.250000 0.222917 0.289062 0.237500 0.310937 0.237500 0.306250 0.239583 0.304688 0.239583 0.300000 0.245833 0.285937 0.245833 0.281250 0.243750 0.279687 0.243750 0.232812
8 0.212500 0.317187 0.229167 0.398438 0.231250 0.400000 0.283333 0.400000 0.281250 0.398438 0.270833 0.320312 0.266667 0.318750
8 0.231250 0.410937 0.241667 0.564062 0.247917 0.573438 0.293750 0.581250 0.291667 0.562500 0.268750 0.564062 0.254167 0.557813 0.258333 0.545313 0.291667 0.543750 0.275000 0.409375
8 0.727083 0.462500 0.702083 0.456250 0.625000 0.462500 0.604167 0.457812 0.591667 0.462500 0.593750 0.503125 0.614583 0.521875 0.737500 0.514063 0.737500 0.475000
8 0.727083 0.534375 0.683333 0.535937 0.681250 0.537500 0.658333 0.537500 0.656250 0.539062 0.633333 0.539062 0.631250 0.540625 0.610417 0.540625 0.608333 0.542188 0.608333 0.546875 0.612500 0.554688 0.614583 0.553125 0.647917 0.553125 0.650000 0.551562 0.714583 0.550000