1 0.014583 0.057813 0.514583 0.059375 0.516667 0.051562 0.562500 0.051562 0.572917 0.023438 0.568750 0.015625 0.014583 0.010937
1 0.518750 0.054688 0.550000 0.548437 0.587500 0.553125 0.570833 0.328125 0.583333 0.326562 0.572917 0.320312 0.572917 0.296875 0.591667 0.278125 0.595833 0.243750 0.625000 0.228125 0.572917 0.220313 0.556250 0.165625 0.566667 0.165625 0.560417 0.078125 0.537500 0.071875 0.560417 0.056250
1 0.014583 0.348437 0.018750 0.707812 0.039583 0.695312 0.016667 0.989062 0.354167 0.987500 0.372917 0.806250 0.177083 0.815625 0.200000 0.770312 0.633333 0.735937 0.656250 0.781250 0.662500 0.700000 0.837500 0.703125 0.789583 0.653125 0.058333 0.678125
2 0.814583 0.482812 0.816667 0.587500 0.827083 0.596875 0.825000 0.623438 0.804167 0.621875 0.804167 0.648438 0.852083 0.675000 0.854167 0.700000 0.985417 0.695312 0.989583 0.523438
3 0.662500 0.701563 0.662500 0.796875 0.679167 0.820312 0.677083 0.760938 0.685417 0.756250 0.702083 0.773438 0.804167 0.968750 0.829167 0.985937 0.989583 0.987500 0.985417 0.700000 0.685417 0.717188
4 0.787500 0.014062 0.781250 0.423438 0.797917 0.462500 0.829167 0.478125 0.989583 0.515625 0.989583 0.014062
7 0.014583 0.065625 0.016667 0.326562 0.060417 0.673437 0.543750 0.656250 0.502083 0.584375 0.545833 0.554688 0.516667 0.065625
7 0.579167 0.335938 0.591667 0.556250 0.604167 0.565625 0.597917 0.629687 0.818750 0.618750 0.808333 0.582812 0.804167 0.481250 0.772917 0.429688 0.772917 0.337500
7 0.375000 0.767187 0.208333 0.773438 0.189583 0.814062 0.370833 0.801562
8 0.583333 0.026563 0.572917 0.054688 0.577083 0.200000 0.629167 0.196875 0.666667 0.201562 0.781250 0.190625 0.781250 0.059375 0.716667 0.043750
8 0.754167 0.206250 0.672917 0.209375 0.641667 0.231250 0.645833 0.296875 0.595833 0.298438 0.581250 0.303125 0.579167 0.310937 0.585417 0.309375 0.593750 0.314063 0.641667 0.312500 0.645833 0.301562 0.647917 0.326562 0.652083 0.328125 0.683333 0.317187 0.770833 0.309375 0.766667 0.225000
8 0.600000 0.318750 0.600000 0.321875 0.602083 0.321875 0.606250 0.325000 0.641667 0.325000 0.641667 0.317187 0.614583 0.317187 0.612500 0.318750
8 0.597917 0.564062 0.593750 0.562500 0.562500 0.562500 0.504167 0.575000 0.504167 0.584375 0.510417 0.587500 0.510417 0.612500 0.512500 0.615625 0.543750 0.629687 0.545833 0.628125 0.597917 0.623438 0.597917 0.570312 0.600000 0.568750
8 0.685417 0.770312 0.685417 0.845312 0.635417 0.742188 0.391667 0.751562 0.364583 0.987500 0.729167 0.987500 0.718750 0.925000 0.743750 0.917188