1 0.012500 0.014062 0.012500 0.187500 0.358333 0.181250 0.366667 0.162500 0.520833 0.164062 0.537500 0.114063 0.508333 0.012500
1 0.014583 0.190625 0.016667 0.989062 0.452083 0.987500 0.450000 0.920313 0.497917 0.940625 0.914583 0.848437 0.770833 0.821875 0.587500 0.867188 0.558333 0.825000 0.104167 0.860937 0.577083 0.820312 0.568750 0.482812 0.564583 0.729688 0.064583 0.762500 0.054167 0.443750 0.345833 0.431250 0.347917 0.185937
1 0.706250 0.648438 0.618750 0.653125 0.616667 0.654688 0.618750 0.704687 0.620833 0.706250 0.635417 0.706250 0.637500 0.704687 0.650000 0.704687 0.666667 0.701563 0.695833 0.700000 0.697917 0.659375 0.700000 0.653125
2 0.952083 0.381250 0.829167 0.440625 0.829167 0.473437 0.816667 0.476562 0.806250 0.460938 0.783333 0.468750 0.800000 0.634375 0.864583 0.634375 0.868750 0.650000 0.854167 0.654688 0.895833 0.678125 0.910417 0.670313 0.910417 0.640625 0.922917 0.617188 0.958333 0.617188 0.960417 0.573438 0.987500 0.564062 0.987500 0.403125 0.960417 0.414062 0.947917 0.390625
3 0.987500 0.896875 0.716667 0.906250 0.725000 0.921875 0.710417 0.928125 0.691667 0.912500 0.506250 0.921875 0.504167 0.945312 0.493750 0.948438 0.468750 0.925000 0.456250 0.928125 0.462500 0.987500 0.989583 0.987500
4 0.989583 0.010937 0.568750 0.015625 0.550000 0.087500 0.516667 0.015625 0.543750 0.371875 0.339583 0.371875 0.339583 0.326562 0.533333 0.320312 0.335417 0.317187 0.341667 0.276563 0.525000 0.270312 0.331250 0.271875 0.335417 0.379687 0.391667 0.485938 0.760417 0.479688 0.793750 0.451562 0.822917 0.475000 0.812500 0.443750 0.985417 0.359375
4 0.333333 0.268750 0.343750 0.226562 0.522917 0.226562 0.502083 0.221875 0.350000 0.221875 0.362500 0.187500 0.375000 0.176563 0.520833 0.176563 0.520833 0.171875 0.368750 0.171875 0.341667 0.220313
5 0.856250 0.642187 0.718750 0.648438 0.704167 0.673437 0.706250 0.701563 0.579167 0.718750 0.585417 0.859375 0.766667 0.812500 0.941667 0.817187 0.939583 0.810938 0.904167 0.812500 0.885417 0.798437 0.883333 0.700000 0.906250 0.696875 0.906250 0.687500 0.889583 0.689062 0.864583 0.667188 0.820833 0.650000 0.860417 0.646875
6 0.579167 0.645312 0.579167 0.651563 0.577083 0.653125 0.577083 0.712500 0.587500 0.712500 0.589583 0.710938 0.612500 0.709375 0.610417 0.707812 0.610417 0.693750 0.608333 0.692187 0.608333 0.678125 0.606250 0.676562 0.604167 0.650000 0.602083 0.648438 0.591667 0.648438 0.589583 0.650000 0.585417 0.645312
6 0.616667 0.729688 0.595833 0.729688 0.593750 0.731250 0.593750 0.732813 0.591667 0.734375 0.591667 0.762500 0.593750 0.760938 0.593750 0.759375 0.597917 0.756250 0.597917 0.754687 0.612500 0.743750 0.614583 0.743750 0.614583 0.737500 0.616667 0.735937
7 0.375000 0.442187 0.377083 0.451562 0.379167 0.453125 0.379167 0.459375 0.395833 0.476562 0.475000 0.476562 0.472917 0.471875 0.472917 0.439063 0.379167 0.440625
7 0.481250 0.443750 0.481250 0.468750 0.483333 0.470313 0.483333 0.471875 0.522917 0.471875 0.520833 0.470313 0.520833 0.460938 0.518750 0.459375 0.518750 0.451562 0.516667 0.450000 0.516667 0.442187 0.483333 0.442187
7 0.520833 0.490625 0.481250 0.487500 0.479167 0.503125 0.477083 0.485938 0.383333 0.487500 0.360417 0.443750 0.072917 0.451562 0.085417 0.743750 0.500000 0.715625 0.497917 0.670313 0.504167 0.714063 0.545833 0.712500
8 0.720833 0.492188 0.575000 0.496875 0.589583 0.648438 0.735417 0.640625
8 0.968750 0.573438 0.968750 0.620313 0.927083 0.621875 0.918750 0.648438 0.920833 0.795313 0.962500 0.812500 0.981250 0.829687 0.983333 0.573438