1 0.014583 0.385938 0.047917 0.412500 0.583333 0.395312 0.485417 0.385938 0.477083 0.332812 0.772917 0.315625 0.868750 0.231250 0.987500 0.209375 0.989583 0.117188 0.435417 0.135937 0.418750 0.071875 0.416667 0.120312 0.170833 0.131250 0.191667 0.171875 0.043750 0.181250 0.012500 0.143750
1 0.014583 0.392188 0.018750 0.820312 0.041667 0.442187 0.029167 0.418750 0.041667 0.414062
1 0.927083 0.878125 0.875000 0.845312 0.793750 0.848437 0.779167 0.821875 0.641667 0.803125 0.029167 0.823438 0.014583 0.950000 0.710417 0.928125 0.714583 0.912500 0.783333 0.912500 0.770833 0.871875 0.804167 0.854688 0.854167 0.857813 0.872917 0.889063
3 0.422917 0.017188 0.437500 0.132812 0.983333 0.112500 0.989583 0.015625
4 0.987500 0.210938 0.883333 0.234375 0.816667 0.268750 0.710417 0.425000 0.622917 0.493750 0.616667 0.559375 0.687500 0.514063 0.712500 0.546875 0.720833 0.521875 0.752083 0.518750 0.768750 0.562500 0.775000 0.545313 0.791667 0.554688 0.808333 0.534375 0.833333 0.542188 0.904167 0.504687 0.989583 0.501562
4 0.985417 0.620313 0.945833 0.634375 0.975000 0.684375 0.966667 0.698438 0.841667 0.685938 0.841667 0.710938 0.879167 0.812500 0.875000 0.834375 0.900000 0.859375 0.950000 0.870313 0.960417 0.878125 0.983333 0.875000
4 0.616667 0.743750 0.616667 0.754687 0.625000 0.770312 0.622917 0.782812 0.633333 0.796875 0.643750 0.803125 0.654167 0.804688 0.704167 0.801562 0.739583 0.817187 0.777083 0.818750 0.768750 0.792188 0.741667 0.764063 0.745833 0.759375 0.743750 0.751562 0.733333 0.751562 0.712500 0.740625 0.687500 0.735937 0.652083 0.735937
7 0.372917 0.160938 0.352083 0.125000 0.237500 0.132812 0.266667 0.175000 0.268750 0.173438 0.366667 0.167187
7 0.191667 0.170312 0.191667 0.160938 0.172917 0.132812 0.012500 0.142188 0.043750 0.179688
7 0.291667 0.250000 0.266667 0.201562 0.133333 0.207813 0.127083 0.210938 0.129167 0.217187 0.160417 0.254687
7 0.464583 0.229687 0.345833 0.235938 0.337500 0.240625 0.337500 0.245312 0.356250 0.279687 0.358333 0.278125 0.470833 0.271875
7 0.202083 0.281250 0.202083 0.284375 0.237500 0.321875 0.312500 0.321875 0.314583 0.315625 0.287500 0.273438 0.210417 0.276563
7 0.550000 0.282813 0.518750 0.282813 0.516667 0.284375 0.481250 0.284375 0.479167 0.285937 0.479167 0.303125 0.483333 0.303125 0.485417 0.301562 0.545833 0.301562 0.545833 0.295312 0.547917 0.293750 0.547917 0.287500 0.550000 0.285937
7 0.768750 0.320312 0.595833 0.323438 0.587500 0.329688 0.587500 0.389062 0.725000 0.389062 0.754167 0.359375
7 0.656250 0.410937 0.070833 0.428125 0.058333 0.467187 0.656250 0.418750
7 0.672917 0.435937 0.664583 0.434375 0.666667 0.421875 0.056250 0.471875 0.058333 0.515625 0.614583 0.528125 0.618750 0.487500
7 0.608333 0.532812 0.120833 0.545313 0.110417 0.660937 0.575000 0.632812 0.597917 0.612500 0.583333 0.579687 0.606250 0.554688
7 0.583333 0.639063 0.060417 0.668750 0.058333 0.760938 0.118750 0.762500 0.050000 0.765625 0.050000 0.812500 0.135417 0.800000 0.629167 0.800000 0.612500 0.754687 0.458333 0.754687 0.612500 0.750000 0.593750 0.731250 0.602083 0.698438
7 0.989583 0.979688 0.983333 0.921875 0.850000 0.925000 0.860417 0.876562 0.839583 0.864062 0.781250 0.873438 0.802083 0.928125 0.014583 0.954687 0.016667 0.989062
8 0.012500 0.014062 0.014583 0.139062 0.414583 0.118750 0.410417 0.018750
8 0.595833 0.143750 0.591667 0.137500 0.543750 0.137500 0.541667 0.139062 0.510417 0.139062 0.508333 0.140625 0.439583 0.142188 0.454167 0.145313 0.458333 0.148438 0.512500 0.146875 0.514583 0.145313 0.556250 0.145313 0.558333 0.143750
8 0.814583 0.157813 0.712500 0.157813 0.468750 0.167187 0.466667 0.173438 0.766667 0.164062
8 0.479167 0.334375 0.477083 0.337500 0.477083 0.368750 0.485417 0.379687 0.583333 0.382812 0.581250 0.379687 0.579167 0.331250 0.533333 0.331250 0.531250 0.332812 0.483333 0.332812
8 0.708333 0.393750 0.037500 0.415625 0.033333 0.432813 0.614583 0.409375 0.675000 0.415625
8 0.987500 0.509375 0.891667 0.523438 0.831250 0.556250 0.804167 0.543750 0.793750 0.582812 0.775000 0.556250 0.725000 0.626562 0.725000 0.609375 0.693750 0.610937 0.725000 0.604688 0.712500 0.571875 0.722917 0.590625 0.747917 0.582812 0.747917 0.525000 0.718750 0.528125 0.708333 0.568750 0.687500 0.517187 0.593750 0.579687 0.627083 0.646875 0.604167 0.621875 0.587500 0.628125 0.612500 0.684375 0.606250 0.740625 0.737500 0.734375 0.720833 0.648438 0.743750 0.696875 0.768750 0.696875 0.752083 0.753125 0.795833 0.832812 0.854167 0.839063 0.864583 0.792188 0.829167 0.690625 0.852083 0.676562 0.962500 0.692187 0.929167 0.628125 0.987500 0.614062 0.987500 0.571875 0.839583 0.589063 0.877083 0.554688 0.987500 0.535937