1 0.727083 0.015625 0.014583 0.010937 0.043750 0.560938 0.014583 0.321875 0.014583 0.987500 0.079167 0.987500 0.164583 0.910937 0.162500 0.803125 0.112500 0.782812 0.166667 0.715625 0.162500 0.593750 0.512500 0.565625 0.045833 0.562500 0.760417 0.540625 0.706250 0.425000 0.456250 0.417188 0.450000 0.334375 0.093750 0.332812 0.450000 0.331250 0.450000 0.250000 0.650000 0.206250
1 0.758333 0.546875 0.533333 0.551562 0.612500 0.551562 0.622917 0.560938 0.708333 0.559375 0.727083 0.562500 0.739583 0.560938
1 0.172917 0.906250 0.281250 0.907812 0.275000 0.773438 0.712500 0.756250 0.708333 0.725000 0.291667 0.742188 0.295833 0.595312 0.179167 0.598437 0.170833 0.725000 0.191667 0.740625 0.177083 0.764063 0.195833 0.792188 0.175000 0.801562
1 0.787500 0.959375 0.775000 0.937500 0.262500 0.959375 0.300000 0.932813 0.737500 0.909375 0.737500 0.896875 0.172917 0.914062 0.091667 0.989062
1 0.779167 0.935938 0.797917 0.964063 0.806250 0.970312 0.806250 0.971875 0.814583 0.978125 0.822917 0.987500 0.862500 0.987500 0.862500 0.985937 0.800000 0.934375
2 0.725000 0.634375 0.706250 0.653125 0.720833 0.750000 0.741667 0.762500 0.750000 0.809375 0.737500 0.928125 0.802083 0.929688 0.879167 0.987500 0.987500 0.989062 0.987500 0.951563 0.947917 0.932813 0.941667 0.985937 0.929167 0.984375 0.929167 0.909375 0.837500 0.843750 0.852083 0.926562 0.825000 0.870313 0.829167 0.831250 0.800000 0.800000 0.760417 0.621875 0.758333 0.635938
3 0.700000 0.215625 0.672917 0.271875 0.675000 0.306250 0.710417 0.309375 0.708333 0.320312 0.679167 0.318750 0.685417 0.364062 0.706250 0.371875 0.672917 0.371875 0.670833 0.320312 0.645833 0.317187 0.647917 0.304688 0.670833 0.304688 0.666667 0.289062 0.633333 0.278125 0.625000 0.256250 0.458333 0.254687 0.462500 0.412500 0.675000 0.403125 0.679167 0.415625 0.727083 0.414062 0.743750 0.387500 0.739583 0.340625 0.750000 0.321875 0.712500 0.314063
4 0.989583 0.020312 0.829167 0.218750 0.839583 0.248437 0.754167 0.337500 0.735417 0.417188 0.768750 0.467187 0.783333 0.696875 0.814583 0.818750 0.989583 0.948438
6 0.616667 0.557813 0.612500 0.557813 0.602083 0.567187 0.606250 0.568750 0.606250 0.579687 0.604167 0.581250 0.602083 0.579687 0.610417 0.584375 0.606250 0.589063 0.606250 0.592188 0.608333 0.590625 0.612500 0.592188 0.612500 0.603125 0.602083 0.609375 0.602083 0.625000 0.604167 0.626562 0.597917 0.634375 0.597917 0.643750 0.618750 0.643750 0.618750 0.635938 0.616667 0.634375
7 0.579167 0.214062 0.579167 0.245312 0.581250 0.246875 0.581250 0.250000 0.656250 0.251563 0.660417 0.253125 0.658333 0.251563 0.641667 0.210938 0.581250 0.212500
7 0.304167 0.443750 0.308333 0.520312 0.414583 0.518750 0.406250 0.442187
7 0.300000 0.609375 0.295833 0.735937 0.700000 0.714063 0.687500 0.600000 0.618750 0.600000 0.618750 0.645312 0.595833 0.643750 0.610417 0.592188 0.597917 0.600000 0.458333 0.603125 0.450000 0.564062 0.358333 0.576563 0.360417 0.604688
7 0.170833 0.731250 0.154167 0.734375 0.141667 0.748438 0.120833 0.748438 0.120833 0.773438 0.129167 0.782812 0.143750 0.770312 0.158333 0.775000 0.147917 0.779688 0.145833 0.790625 0.162500 0.798437 0.170833 0.792188 0.187500 0.789062 0.181250 0.778125 0.177083 0.775000 0.166667 0.773438 0.166667 0.756250 0.168750 0.754687 0.179167 0.754687 0.181250 0.742188
7 0.739583 0.762500 0.283333 0.778125 0.287500 0.907812 0.739583 0.892187
7 0.808333 0.985937 0.791667 0.967188 0.362500 0.987500
8 0.829167 0.014062 0.750000 0.017188 0.664583 0.125000 0.666667 0.218750 0.775000 0.164062 0.764583 0.132812 0.795833 0.153125 0.718750 0.207813 0.725000 0.310937 0.750000 0.320312 0.768750 0.318750 0.837500 0.248437 0.820833 0.220313 0.852083 0.173438 0.850000 0.103125 0.835417 0.082813 0.816667 0.137500 0.795833 0.150000
8 0.985417 0.014062 0.839583 0.014062 0.852083 0.057813 0.852083 0.082813 0.866667 0.106250 0.872917 0.129688 0.916667 0.089062
8 0.633333 0.264062 0.633333 0.273438 0.639583 0.278125 0.639583 0.279687 0.641667 0.279687 0.645833 0.282813 0.647917 0.282813 0.652083 0.285937 0.654167 0.284375 0.668750 0.284375 0.670833 0.282813 0.672917 0.282813 0.672917 0.275000 0.670833 0.273438 0.670833 0.271875 0.668750 0.270312 0.668750 0.268750 0.664583 0.265625 0.662500 0.265625 0.656250 0.262500 0.641667 0.262500 0.639583 0.264062
8 0.658333 0.307813 0.658333 0.317187 0.702083 0.317187 0.704167 0.318750 0.708333 0.318750 0.708333 0.309375 0.706250 0.309375 0.704167 0.307813
8 0.604167 0.575000 0.604167 0.571875 0.602083 0.570312 0.602083 0.568750 0.597917 0.565625 0.593750 0.565625 0.591667 0.567187 0.577083 0.567187 0.575000 0.568750 0.543750 0.568750 0.543750 0.573438 0.545833 0.575000 0.547917 0.573438 0.600000 0.573438 0.602083 0.575000
8 0.739583 0.567187 0.733333 0.571875 0.733333 0.576563 0.731250 0.578125 0.729167 0.587500 0.727083 0.589063 0.727083 0.595312 0.731250 0.598437 0.731250 0.618750 0.733333 0.620313 0.737500 0.618750 0.752083 0.618750 0.754167 0.620313 0.764583 0.620313 0.766667 0.621875 0.777083 0.621875 0.779167 0.623438 0.777083 0.621875 0.777083 0.589063 0.772917 0.584375 0.772917 0.581250 0.768750 0.576563 0.766667 0.570312 0.764583 0.568750 0.754167 0.568750 0.752083 0.567187