1 0.018750 0.145313 0.020833 0.178125 0.129167 0.298438 0.116667 0.317187 0.360417 0.307813 0.339583 0.304688 0.333333 0.293750 0.127083 0.296875 0.333333 0.289062 0.325000 0.240625 0.308333 0.239063 0.306250 0.192188 0.264583 0.140625 0.247917 0.079687 0.164583 0.093750 0.110417 0.084375 0.083333 0.096875 0.066667 0.125000
1 0.408333 0.350000 0.402083 0.335938 0.391667 0.339063 0.364583 0.335938 0.360417 0.314063 0.120833 0.320312 0.164583 0.362500 0.166667 0.356250 0.177083 0.360938
1 0.427083 0.462500 0.425000 0.460938 0.425000 0.450000 0.354167 0.451562 0.352083 0.453125 0.314583 0.453125 0.312500 0.454688 0.312500 0.465625 0.314583 0.467187 0.316667 0.465625 0.354167 0.465625 0.356250 0.464063
1 0.014583 0.765625 0.014583 0.935938 0.022917 0.932813 0.060417 0.932813 0.062500 0.910937 0.083333 0.904688 0.093750 0.771875
1 0.266667 0.915625 0.268750 0.956250 0.318750 0.954687 0.329167 0.946875 0.502083 0.939062 0.518750 0.934375 0.514583 0.928125 0.500000 0.923437 0.502083 0.910937 0.333333 0.912500 0.325000 0.906250 0.281250 0.904688
2 0.941667 0.559375 0.879167 0.601562 0.847917 0.601562 0.837500 0.626562 0.779167 0.631250 0.793750 0.665625 0.764583 0.675000 0.754167 0.704687 0.779167 0.728125 0.781250 0.779688 0.758333 0.778125 0.750000 0.751562 0.708333 0.756250 0.720833 0.840625 0.739583 0.839063 0.737500 0.800000 0.772917 0.878125 0.887500 0.903125 0.881250 0.914062 0.804167 0.918750 0.808333 0.954687 0.831250 0.960938 0.812500 0.970312 0.864583 0.981250 0.816667 0.987500 0.989583 0.989062 0.985417 0.610937
2 0.610417 0.806250 0.610417 0.810938 0.612500 0.812500 0.612500 0.815625 0.614583 0.818750 0.618750 0.818750 0.637500 0.831250 0.641667 0.831250 0.643750 0.832812 0.652083 0.832812 0.654167 0.834375 0.662500 0.834375 0.664583 0.835938 0.666667 0.834375 0.672917 0.834375 0.679167 0.837500 0.681250 0.834375 0.681250 0.829687 0.668750 0.829687 0.658333 0.823438 0.650000 0.820312 0.645833 0.820312 0.641667 0.817187 0.639583 0.817187 0.622917 0.806250
3 0.641667 0.029687 0.593750 0.031250 0.579167 0.012500 0.583333 0.032812 0.475000 0.035937 0.464583 0.015625 0.460417 0.037500 0.362500 0.037500 0.347917 0.015625 0.416667 0.332812 0.535417 0.314063 0.422917 0.318750 0.420833 0.295312 0.441667 0.287500 0.420833 0.279687 0.487500 0.279687 0.493750 0.309375 0.493750 0.278125 0.568750 0.278125 0.572917 0.289062 0.581250 0.201562 0.568750 0.273438 0.491667 0.271875 0.481250 0.140625 0.581250 0.135937 0.579167 0.167187 0.597917 0.117188 0.585417 0.092188 0.645833 0.084375 0.587500 0.081250 0.591667 0.039062
3 0.483333 0.085938 0.483333 0.089062 0.485417 0.090625 0.489583 0.090625 0.491667 0.089062 0.564583 0.089062 0.564583 0.084375 0.491667 0.084375 0.489583 0.085938
3 0.814583 0.104687 0.606250 0.110937 0.612500 0.232812 0.639583 0.306250 0.637500 0.443750 0.916667 0.439063 0.895833 0.432813 0.912500 0.384375 0.900000 0.359375 0.845833 0.395312 0.656250 0.396875 0.622917 0.173438 0.700000 0.170312 0.704167 0.198437 0.733333 0.203125 0.781250 0.385938 0.735417 0.178125 0.758333 0.164062 0.729167 0.162500 0.722917 0.115625
3 0.818750 0.115625 0.802083 0.153125 0.822917 0.164062 0.837500 0.189063 0.822917 0.239063 0.843750 0.248437 0.858333 0.270312 0.858333 0.290625 0.845833 0.306250 0.875000 0.326562 0.881250 0.340625 0.887500 0.340625 0.860417 0.287500 0.856250 0.253125 0.843750 0.242188 0.843750 0.198437
3 0.597917 0.893750 0.602083 0.953125 0.618750 0.987500 0.625000 0.953125 0.664583 0.953125 0.693750 0.985937 0.743750 0.982813 0.712500 0.976562 0.716667 0.967188 0.743750 0.964063 0.710417 0.965625 0.708333 0.957812 0.743750 0.960938 0.770833 0.940625 0.804167 0.979688 0.856250 0.978125 0.804167 0.975000 0.804167 0.965625 0.822917 0.960938 0.802083 0.957812 0.795833 0.914062 0.883333 0.907812 0.791667 0.906250 0.787500 0.900000 0.841667 0.896875 0.772917 0.896875 0.770833 0.890625 0.808333 0.890625 0.783333 0.884375 0.722917 0.884375 0.718750 0.904688 0.691667 0.903125 0.666667 0.889063 0.654167 0.890625 0.656250 0.903125 0.608333 0.904688
4 0.483333 0.732813 0.483333 0.767187 0.506250 0.767187 0.508333 0.768750 0.510417 0.768750 0.510417 0.731250 0.497917 0.731250 0.495833 0.732813
5 0.883333 0.104687 0.822917 0.106250 0.822917 0.117188 0.850000 0.201562 0.852083 0.223438 0.866667 0.210938 0.879167 0.207813 0.875000 0.201562 0.875000 0.187500 0.858333 0.198437 0.854167 0.196875 0.854167 0.190625 0.875000 0.178125 0.885417 0.134375 0.877083 0.123438 0.877083 0.114063
5 0.802083 0.137500 0.770833 0.137500 0.768750 0.139062 0.733333 0.139062 0.731250 0.140625 0.731250 0.148438 0.733333 0.150000 0.733333 0.159375 0.735417 0.160938 0.737500 0.159375 0.758333 0.159375 0.758333 0.156250 0.768750 0.150000 0.781250 0.150000 0.783333 0.151562 0.793750 0.151562 0.795833 0.153125 0.795833 0.150000 0.802083 0.140625
5 0.695833 0.143750 0.693750 0.145313 0.691667 0.145313 0.689583 0.146875 0.681250 0.146875 0.681250 0.156250 0.679167 0.157813 0.679167 0.165625 0.693750 0.165625 0.693750 0.156250 0.695833 0.154687
5 0.693750 0.176563 0.629167 0.181250 0.658333 0.365625 0.664583 0.359375 0.666667 0.342187 0.695833 0.303125 0.683333 0.231250 0.685417 0.210938 0.700000 0.196875
5 0.862500 0.254687 0.866667 0.287500 0.893750 0.339063 0.885417 0.345313 0.883333 0.354688 0.935417 0.354688 0.945833 0.339063 0.933333 0.295312 0.927083 0.287500 0.927083 0.270312 0.920833 0.260938 0.904167 0.259375 0.893750 0.251563 0.893750 0.256250 0.889583 0.259375
5 0.681250 0.445312 0.685417 0.528125 0.739583 0.531250 0.758333 0.545313 0.752083 0.575000 0.735417 0.598437 0.877083 0.596875 0.939583 0.550000 0.918750 0.501562 0.916667 0.443750
5 0.727083 0.603125 0.710417 0.610937 0.691667 0.612500 0.704167 0.629687 0.700000 0.635938 0.702083 0.646875 0.670833 0.659375 0.643750 0.681250 0.643750 0.695312 0.662500 0.715625 0.691667 0.704687 0.702083 0.681250 0.756250 0.678125 0.752083 0.670313 0.758333 0.665625 0.789583 0.664062 0.787500 0.654688 0.758333 0.653125 0.754167 0.650000 0.752083 0.626562 0.722917 0.626562 0.722917 0.621875 0.735417 0.614062
7 0.466667 0.081250 0.462500 0.081250 0.447917 0.087500 0.445833 0.085938 0.435417 0.085938 0.433333 0.084375 0.412500 0.082813 0.414583 0.112500 0.416667 0.114063 0.422917 0.114063 0.425000 0.115625 0.431250 0.115625 0.433333 0.117188 0.441667 0.117188 0.443750 0.118750 0.450000 0.118750 0.452083 0.120312 0.460417 0.120312 0.462500 0.121875 0.468750 0.121875 0.470833 0.123438 0.468750 0.120312
7 0.427083 0.165625 0.427083 0.181250 0.429167 0.182812 0.429167 0.184375 0.431250 0.184375 0.433333 0.185937 0.437500 0.185937 0.439583 0.187500 0.445833 0.187500 0.447917 0.189063 0.452083 0.189063 0.454167 0.190625 0.458333 0.190625 0.460417 0.192188 0.464583 0.192188 0.466667 0.193750 0.470833 0.193750 0.472917 0.195312 0.477083 0.195312 0.479167 0.196875 0.477083 0.195312 0.477083 0.184375 0.475000 0.182812 0.475000 0.173438 0.472917 0.171875 0.468750 0.171875 0.466667 0.170312 0.460417 0.170312 0.458333 0.168750 0.454167 0.168750 0.452083 0.167187 0.445833 0.167187 0.443750 0.165625 0.439583 0.165625 0.437500 0.164062 0.429167 0.164062
7 0.408333 0.673437 0.404167 0.678125 0.404167 0.685938 0.406250 0.687500 0.404167 0.689062 0.404167 0.698438 0.406250 0.700000 0.406250 0.710938 0.408333 0.712500 0.408333 0.715625 0.414583 0.720312 0.418750 0.720312 0.418750 0.718750 0.425000 0.714063 0.425000 0.712500 0.427083 0.710938 0.427083 0.696875 0.425000 0.695312 0.425000 0.682813 0.422917 0.681250 0.422917 0.679688 0.420833 0.678125 0.418750 0.673437
7 0.129167 0.932813 0.129167 0.939062 0.127083 0.940625 0.129167 0.942187 0.129167 0.943750 0.133333 0.946875 0.133333 0.948438 0.137500 0.951563 0.137500 0.953125 0.139583 0.951563 0.141667 0.951563 0.143750 0.950000 0.150000 0.950000 0.150000 0.946875 0.152083 0.945312 0.152083 0.942187 0.154167 0.940625 0.152083 0.939062 0.152083 0.934375 0.150000 0.932813
8 0.645833 0.032812 0.643750 0.070312 0.656250 0.084375 0.670833 0.068750 0.752083 0.064062 0.818750 0.101562 0.991667 0.100000 0.989583 0.010937 0.785417 0.012500 0.752083 0.035937 0.672917 0.032812 0.664583 0.018750 0.656250 0.017188
8 0.341667 0.023438 0.337500 0.026563 0.331250 0.026563 0.322917 0.032812 0.306250 0.037500 0.283333 0.053125 0.287500 0.068750 0.285417 0.085938 0.281250 0.082813 0.281250 0.076563 0.256250 0.078125 0.254167 0.095312 0.260417 0.117188 0.295833 0.121875 0.327083 0.120312 0.354167 0.112500 0.354167 0.109375 0.358333 0.107813 0.354167 0.085938 0.339583 0.051562
8 0.925000 0.125000 0.918750 0.125000 0.912500 0.121875 0.900000 0.121875 0.895833 0.125000 0.889583 0.134375 0.887500 0.142188 0.885417 0.143750 0.885417 0.151562 0.883333 0.153125 0.883333 0.162500 0.881250 0.164062 0.881250 0.171875 0.889583 0.167187 0.895833 0.165625 0.902083 0.160938 0.904167 0.160938 0.910417 0.156250 0.914583 0.154687 0.914583 0.148438 0.918750 0.145313 0.918750 0.142188 0.927083 0.129688 0.927083 0.126563
8 0.316667 0.125000 0.314583 0.128125 0.314583 0.139062 0.316667 0.140625 0.318750 0.157813 0.320833 0.159375 0.320833 0.164062 0.322917 0.165625 0.325000 0.175000 0.333333 0.170312 0.350000 0.170312 0.352083 0.171875 0.354167 0.170312 0.375000 0.168750 0.372917 0.167187 0.372917 0.164062 0.366667 0.153125 0.366667 0.148438 0.364583 0.146875 0.358333 0.129688 0.356250 0.128125 0.343750 0.128125 0.341667 0.126563
8 0.989583 0.148438 0.977083 0.164062 0.979167 0.193750 0.970833 0.206250 0.966667 0.206250 0.972917 0.193750 0.970833 0.168750 0.952083 0.189063 0.954167 0.201562 0.947917 0.225000 0.914583 0.228125 0.900000 0.245312 0.904167 0.256250 0.927083 0.253125 0.927083 0.262500 0.941667 0.270312 0.970833 0.245312 0.987500 0.220313
8 0.606250 0.157813 0.597917 0.151562 0.593750 0.178125 0.589583 0.179688 0.587500 0.187500 0.577083 0.187500 0.568750 0.192188 0.558333 0.185937 0.560417 0.181250 0.585417 0.184375 0.585417 0.170312 0.572917 0.175000 0.541667 0.170312 0.535417 0.175000 0.520833 0.173438 0.516667 0.178125 0.506250 0.171875 0.504167 0.190625 0.510417 0.189063 0.514583 0.182812 0.516667 0.187500 0.539583 0.182812 0.541667 0.184375 0.535417 0.185937 0.535417 0.195312 0.554167 0.196875 0.564583 0.192188 0.583333 0.192188 0.587500 0.195312 0.589583 0.185937 0.593750 0.193750 0.610417 0.196875 0.606250 0.182812 0.593750 0.179688 0.604167 0.176563 0.610417 0.170312
8 0.772917 0.153125 0.764583 0.159375 0.756250 0.175000 0.756250 0.225000 0.764583 0.237500 0.768750 0.235938 0.814583 0.234375 0.820833 0.228125 0.831250 0.196875 0.831250 0.182812 0.820833 0.168750 0.812500 0.162500 0.795833 0.156250
8 0.314583 0.185937 0.312500 0.206250 0.318750 0.234375 0.329167 0.237500 0.331250 0.264062 0.343750 0.300000 0.368750 0.303125 0.370833 0.332812 0.393750 0.334375 0.416667 0.329688 0.404167 0.298438 0.368750 0.295312 0.400000 0.281250 0.391667 0.235938 0.387500 0.232812 0.383333 0.187500 0.347917 0.184375 0.320833 0.193750 0.320833 0.187500
8 0.720833 0.200000 0.714583 0.212500 0.700000 0.203125 0.689583 0.214062 0.702083 0.307813 0.691667 0.314063 0.672917 0.342187 0.679167 0.381250 0.693750 0.367188 0.731250 0.364062 0.729167 0.385938 0.722917 0.392188 0.743750 0.393750 0.766667 0.385938 0.768750 0.375000 0.760417 0.362500 0.750000 0.292188 0.743750 0.293750 0.747917 0.268750 0.729167 0.207813
8 0.614583 0.240625 0.602083 0.235938 0.597917 0.239063 0.597917 0.257812 0.602083 0.267188 0.602083 0.264062 0.606250 0.264062 0.606250 0.293750 0.616667 0.289062 0.618750 0.292188 0.614583 0.296875 0.600000 0.303125 0.595833 0.300000 0.579167 0.303125 0.575000 0.300000 0.556250 0.301562 0.547917 0.298438 0.545833 0.307813 0.547917 0.306250 0.560417 0.312500 0.564583 0.306250 0.568750 0.310937 0.575000 0.310937 0.579167 0.307813 0.593750 0.309375 0.602083 0.306250 0.606250 0.312500 0.612500 0.314063 0.631250 0.312500 0.633333 0.307813 0.627083 0.290625 0.618750 0.289062 0.625000 0.287500 0.625000 0.275000 0.614583 0.264062
8 0.785417 0.243750 0.775000 0.256250 0.775000 0.300000 0.787500 0.323438 0.795833 0.309375 0.806250 0.304688 0.795833 0.323438 0.797917 0.379687 0.804167 0.390625 0.845833 0.389062 0.862500 0.381250 0.872917 0.368750 0.877083 0.340625 0.870833 0.329688 0.843750 0.309375 0.835417 0.307813 0.852083 0.287500 0.852083 0.268750 0.841667 0.254687 0.822917 0.243750
8 0.987500 0.279687 0.958333 0.318750 0.954167 0.329688 0.943750 0.345313 0.935417 0.367188 0.939583 0.364062 0.968750 0.364062 0.977083 0.367188 0.989583 0.354688 0.989583 0.348437 0.987500 0.346875
8 0.627083 0.353125 0.618750 0.353125 0.612500 0.362500 0.597917 0.362500 0.583333 0.359375 0.558333 0.357812 0.556250 0.364062 0.554167 0.362500 0.543750 0.362500 0.541667 0.364062 0.531250 0.359375 0.529167 0.367188 0.520833 0.359375 0.516667 0.362500 0.516667 0.370313 0.518750 0.371875 0.547917 0.370313 0.554167 0.371875 0.556250 0.376563 0.564583 0.376563 0.579167 0.371875 0.591667 0.370313 0.595833 0.375000 0.600000 0.371875 0.600000 0.368750 0.606250 0.365625 0.616667 0.375000 0.618750 0.362500 0.620833 0.360938 0.627083 0.362500
8 0.414583 0.368750 0.410417 0.368750 0.408333 0.370313 0.404167 0.370313 0.402083 0.371875 0.397917 0.371875 0.395833 0.373437 0.391667 0.373437 0.389583 0.375000 0.385417 0.375000 0.383333 0.376563 0.370833 0.376563 0.370833 0.385938 0.372917 0.387500 0.372917 0.389062 0.375000 0.390625 0.377083 0.395312 0.379167 0.396875 0.404167 0.396875 0.406250 0.398438 0.410417 0.395312 0.414583 0.395312
8 0.356250 0.400000 0.352083 0.395312 0.352083 0.392188 0.350000 0.390625 0.350000 0.387500 0.347917 0.385938 0.347917 0.382812 0.345833 0.379687 0.327083 0.379687 0.325000 0.381250 0.306250 0.381250 0.304167 0.382812 0.285417 0.382812 0.283333 0.384375 0.289583 0.393750 0.289583 0.396875 0.295833 0.404687 0.308333 0.404687 0.310417 0.406250 0.314583 0.403125 0.331250 0.403125 0.333333 0.404687 0.350000 0.404687 0.352083 0.406250
8 0.145833 0.382812 0.087500 0.921875 0.108333 0.848437 0.150000 0.396875 0.160417 0.400000
8 0.639583 0.389062 0.633333 0.382812 0.618750 0.392188 0.612500 0.392188 0.612500 0.393750 0.606250 0.396875 0.587500 0.392188 0.579167 0.392188 0.575000 0.389062 0.568750 0.389062 0.568750 0.390625 0.560417 0.395312 0.556250 0.392188 0.550000 0.398438 0.552083 0.401563 0.558333 0.400000 0.566667 0.404687 0.570833 0.403125 0.591667 0.401563 0.593750 0.400000 0.606250 0.400000 0.610417 0.403125 0.627083 0.404687 0.633333 0.410937 0.633333 0.415625 0.635417 0.415625 0.639583 0.406250
8 0.756250 0.412500 0.756250 0.407813 0.750000 0.404687 0.745833 0.404687 0.745833 0.406250 0.743750 0.407813 0.741667 0.406250 0.714583 0.406250 0.712500 0.407813 0.720833 0.421875 0.722917 0.421875 0.727083 0.417188 0.735417 0.421875 0.735417 0.418750 0.737500 0.417188 0.737500 0.410937 0.741667 0.406250 0.743750 0.407813 0.743750 0.410937 0.741667 0.412500 0.741667 0.418750 0.743750 0.420312 0.745833 0.425000 0.745833 0.421875 0.754167 0.417188 0.754167 0.414062
8 0.583333 0.443750 0.595833 0.498437 0.637500 0.493750 0.635417 0.478125 0.643750 0.496875 0.602083 0.498437 0.585417 0.515625 0.556250 0.520312 0.589583 0.543750 0.602083 0.567187 0.631250 0.571875 0.604167 0.590625 0.614583 0.626562 0.610417 0.634375 0.608333 0.626562 0.600000 0.628125 0.625000 0.689062 0.672917 0.654688 0.697917 0.646875 0.700000 0.631250 0.677083 0.603125 0.681250 0.565625 0.685417 0.610937 0.739583 0.592188 0.756250 0.546875 0.747917 0.537500 0.683333 0.532812 0.670833 0.456250
8 0.350000 0.471875 0.347917 0.479688 0.354167 0.485938 0.358333 0.498437 0.364583 0.507812 0.404167 0.507812 0.406250 0.509375 0.410417 0.509375 0.412500 0.500000 0.408333 0.493750 0.408333 0.489062 0.404167 0.482812 0.404167 0.478125 0.402083 0.476562 0.400000 0.468750 0.379167 0.468750 0.377083 0.470313 0.354167 0.470313
8 0.925000 0.490625 0.925000 0.504687 0.939583 0.543750 0.958333 0.571875 0.975000 0.590625 0.987500 0.598437 0.987500 0.515625 0.989583 0.507812 0.952083 0.506250
8 0.510417 0.560938 0.510417 0.592188 0.512500 0.590625 0.535417 0.590625 0.535417 0.589063 0.533333 0.587500 0.533333 0.560938
8 0.497917 0.567187 0.491667 0.567187 0.489583 0.568750 0.483333 0.568750 0.481250 0.570312 0.481250 0.571875 0.479167 0.573438 0.479167 0.575000 0.477083 0.576563 0.477083 0.592188 0.500000 0.592188 0.500000 0.590625 0.497917 0.589063
8 0.514583 0.598437 0.512500 0.600000 0.512500 0.632812 0.537500 0.632812 0.537500 0.629687 0.535417 0.628125 0.535417 0.598437
8 0.479167 0.601562 0.477083 0.603125 0.477083 0.634375 0.502083 0.634375 0.502083 0.601562
8 0.443750 0.606250 0.439583 0.610937 0.439583 0.631250 0.441667 0.632812 0.441667 0.634375 0.468750 0.634375 0.466667 0.632812 0.466667 0.617188 0.464583 0.615625 0.464583 0.603125 0.452083 0.603125 0.450000 0.604688
8 0.775000 0.776563 0.777083 0.757812 0.772917 0.731250 0.762500 0.715625 0.756250 0.723437 0.752083 0.745313 0.650000 0.751562 0.754167 0.746875 0.764583 0.775000
8 0.583333 0.729688 0.570833 0.740625 0.566667 0.740625 0.564583 0.742188 0.564583 0.745313 0.560417 0.750000 0.566667 0.768750 0.583333 0.779688 0.602083 0.779688 0.606250 0.781250 0.620833 0.775000 0.625000 0.775000 0.639583 0.756250 0.645833 0.753125 0.643750 0.748438 0.620833 0.732813 0.608333 0.728125
8 0.604167 0.784375 0.583333 0.784375 0.581250 0.782812 0.577083 0.782812 0.560417 0.798437 0.560417 0.806250 0.558333 0.807813 0.558333 0.814062 0.556250 0.815625 0.556250 0.828125 0.554167 0.829687 0.554167 0.834375 0.552083 0.835938 0.550000 0.843750 0.568750 0.834375 0.568750 0.832812 0.581250 0.823438 0.581250 0.821875 0.595833 0.810938 0.616667 0.800000 0.606250 0.796875 0.602083 0.793750
8 0.606250 0.810938 0.604167 0.810938 0.600000 0.814062 0.597917 0.814062 0.587500 0.821875 0.587500 0.823438 0.577083 0.831250 0.577083 0.832812 0.570833 0.837500 0.570833 0.848437 0.572917 0.848437 0.579167 0.845312 0.583333 0.845312 0.600000 0.832812 0.602083 0.832812 0.602083 0.831250 0.608333 0.826563 0.608333 0.818750 0.606250 0.817187
8 0.606250 0.837500 0.600000 0.837500 0.583333 0.850000 0.570833 0.851562 0.570833 0.868750 0.572917 0.870313 0.572917 0.876562 0.570833 0.878125 0.570833 0.887500 0.575000 0.890625 0.583333 0.893750 0.589583 0.893750 0.597917 0.889063 0.600000 0.890625 0.602083 0.885938 0.612500 0.876562 0.612500 0.846875