1 0.287500 0.010937 0.164583 0.014062 0.166667 0.042188 0.177083 0.053125 0.170833 0.079687 0.172917 0.195312 0.312500 0.189063 0.312500 0.181250 0.300000 0.173438 0.293750 0.126563 0.306250 0.125000 0.297917 0.021875
1 0.783333 0.153125 0.783333 0.162500 0.785417 0.164062 0.785417 0.176563 0.802083 0.176563 0.804167 0.175000 0.818750 0.175000 0.816667 0.173438 0.816667 0.170312 0.814583 0.168750 0.814583 0.164062 0.812500 0.162500 0.812500 0.157813 0.810417 0.156250 0.810417 0.153125
1 0.741667 0.157813 0.725000 0.157813 0.722917 0.159375 0.720833 0.159375 0.716667 0.162500 0.716667 0.168750 0.714583 0.170312 0.704167 0.170312 0.702083 0.171875 0.689583 0.171875 0.687500 0.173438 0.687500 0.182812 0.689583 0.181250 0.716667 0.181250 0.718750 0.179688 0.745833 0.179688 0.743750 0.178125 0.743750 0.167187 0.741667 0.165625
1 0.593750 0.176563 0.593750 0.184375 0.595833 0.185937 0.600000 0.185937 0.602083 0.184375 0.658333 0.184375 0.656250 0.182812 0.656250 0.176563
1 0.581250 0.240625 0.577083 0.220313 0.543750 0.209375 0.493750 0.217187 0.485417 0.182812 0.102083 0.204688 0.012500 0.193750 0.025000 0.295312 0.031250 0.282813 0.350000 0.257812 0.175000 0.273438 0.181250 0.448438 0.308333 0.445312 0.310417 0.345313 0.343750 0.335938 0.333333 0.276563 0.356250 0.287500 0.431250 0.265625 0.435417 0.250000
1 0.693750 0.193750 0.691667 0.195312 0.691667 0.204688 0.693750 0.206250 0.695833 0.232812 0.697917 0.234375 0.712500 0.237500 0.718750 0.242188 0.752083 0.242188 0.750000 0.240625 0.750000 0.225000 0.747917 0.223438 0.745833 0.192188
1 0.793750 0.192188 0.793750 0.204688 0.795833 0.206250 0.795833 0.220313 0.797917 0.221875 0.797917 0.237500 0.800000 0.240625 0.810417 0.240625 0.812500 0.242188 0.814583 0.240625 0.820833 0.240625 0.820833 0.239063 0.829167 0.232812 0.829167 0.226562 0.831250 0.225000 0.831250 0.215625 0.829167 0.214062 0.829167 0.207813 0.827083 0.206250 0.827083 0.198437 0.825000 0.196875 0.825000 0.192188
1 0.658333 0.193750 0.629167 0.195312 0.627083 0.196875 0.614583 0.196875 0.612500 0.198437 0.597917 0.198437 0.597917 0.215625 0.600000 0.217187 0.600000 0.235938 0.602083 0.239063 0.604167 0.237500 0.666667 0.235938 0.664583 0.234375 0.664583 0.225000 0.662500 0.223438 0.662500 0.214062 0.660417 0.212500
1 0.118750 0.273438 0.108333 0.278125 0.110417 0.453125 0.172917 0.451562 0.168750 0.273438
1 0.183333 0.460938 0.185417 0.590625 0.222917 0.596875 0.393750 0.585938 0.408333 0.573438 0.495833 0.570312 0.564583 0.554688 0.420833 0.551562 0.418750 0.523438 0.431250 0.521875 0.431250 0.504687 0.416667 0.501562 0.410417 0.475000 0.316667 0.479688 0.310417 0.459375
1 0.175000 0.462500 0.110417 0.465625 0.110417 0.600000 0.152083 0.598437 0.168750 0.595312 0.175000 0.590625
1 0.341667 0.600000 0.114583 0.610937 0.112500 0.654688 0.114583 0.657812 0.131250 0.651563 0.179167 0.643750 0.200000 0.643750 0.202083 0.646875 0.341667 0.645312
1 0.089583 0.614062 0.018750 0.620313 0.018750 0.681250 0.091667 0.664062 0.089583 0.657812
1 0.120833 0.678125 0.116667 0.785937 0.358333 0.771875 0.350000 0.689062 0.181250 0.693750 0.168750 0.675000
1 0.091667 0.678125 0.020833 0.696875 0.016667 0.815625 0.091667 0.815625 0.093750 0.734375 0.081250 0.734375 0.077083 0.731250 0.079167 0.718750 0.085417 0.725000 0.091667 0.718750
1 0.247917 0.782812 0.120833 0.790625 0.118750 0.850000 0.125000 0.856250 0.202083 0.851562 0.245833 0.832812
1 0.643750 0.829687 0.637500 0.801562 0.264583 0.817187 0.254167 0.846875 0.245833 0.845312 0.243750 0.837500 0.216667 0.851562
1 0.858333 0.848437 0.770833 0.829687 0.768750 0.890625 0.743750 0.904688 0.729167 0.882812 0.687500 0.892187 0.679167 0.854688 0.656250 0.857813 0.650000 0.834375 0.122917 0.862500 0.035417 0.857813 0.025000 0.845312 0.014583 0.951563 0.781250 0.904688 0.843750 0.912500
1 0.093750 0.956250 0.070833 0.956250 0.068750 0.957812 0.018750 0.959375 0.016667 0.960938 0.016667 0.989062 0.022917 0.989062 0.025000 0.987500 0.097917 0.987500 0.095833 0.985937
2 0.858333 0.010937 0.854167 0.035937 0.768750 0.043750 0.775000 0.068750 0.833333 0.076563 0.775000 0.089062 0.783333 0.125000 0.877083 0.129688 0.789583 0.142188 0.852083 0.179688 0.825000 0.246875 0.902083 0.248437 0.810417 0.262500 0.812500 0.284375 0.870833 0.282813 0.868750 0.301562 0.814583 0.300000 0.825000 0.373437 0.927083 0.368750 0.931250 0.389062 0.833333 0.390625 0.825000 0.401563 0.893750 0.412500 0.770833 0.432813 0.770833 0.451562 0.812500 0.468750 0.754167 0.500000 0.764583 0.565625 0.822917 0.573438 0.829167 0.642187 0.937500 0.650000 0.922917 0.587500 0.987500 0.568750 0.987500 0.282813 0.947917 0.151562 0.966667 0.117188 0.947917 0.014062
3 0.752083 0.020312 0.568750 0.031250 0.602083 0.426562 0.879167 0.412500 0.800000 0.409375 0.820833 0.385938 0.920833 0.376563 0.820833 0.378125 0.806250 0.296875 0.860417 0.287500 0.808333 0.290625 0.800000 0.257812 0.893750 0.250000 0.797917 0.251563 0.785417 0.189063 0.839583 0.178125 0.747917 0.187500 0.783333 0.178125 0.779167 0.137500 0.866667 0.128125 0.775000 0.131250 0.766667 0.081250 0.820833 0.076563 0.766667 0.076563 0.756250 0.028125 0.731250 0.078125 0.670833 0.081250 0.664583 0.031250
3 0.814583 0.576563 0.347917 0.603125 0.420833 0.604688 0.429167 0.685938 0.368750 0.687500 0.347917 0.612500 0.364583 0.790625 0.589583 0.775000 0.525000 0.767187 0.522917 0.685938 0.587500 0.678125 0.600000 0.773438 0.647917 0.765625 0.600000 0.768750 0.597917 0.682813 0.662500 0.681250 0.668750 0.717188 0.675000 0.679688 0.735417 0.678125 0.760417 0.745313 0.741667 0.587500 0.797917 0.584375 0.814583 0.650000
5 0.433333 0.271875 0.379167 0.287500 0.375000 0.285937 0.372917 0.295312 0.350000 0.295312 0.345833 0.287500 0.337500 0.281250 0.337500 0.300000 0.341667 0.310937 0.350000 0.298438 0.377083 0.298438 0.379167 0.307813 0.385417 0.298438 0.410417 0.301562 0.418750 0.310937 0.416667 0.307813 0.418750 0.300000 0.439583 0.304688 0.439583 0.292188 0.418750 0.293750 0.414583 0.292188 0.414583 0.278125 0.433333 0.275000
5 0.989583 0.579687 0.952083 0.581250 0.939583 0.585938 0.933333 0.590625 0.933333 0.598437 0.935417 0.600000 0.935417 0.607813 0.939583 0.617188 0.947917 0.660937 0.958333 0.660937 0.970833 0.657812 0.981250 0.651563 0.987500 0.650000 0.987500 0.585938 0.989583 0.584375
5 0.989583 0.892187 0.964583 0.901563 0.947917 0.895312 0.935417 0.906250 0.872917 0.928125 0.872917 0.937500 0.883333 0.967188 0.916667 0.989062 0.987500 0.990625
6 0.581250 0.292188 0.575000 0.296875 0.577083 0.346875 0.579167 0.348437 0.579167 0.373437 0.581250 0.375000 0.589583 0.375000 0.587500 0.371875 0.587500 0.353125 0.585417 0.351562 0.585417 0.331250 0.583333 0.329688
6 0.708333 0.304688 0.710417 0.329688 0.712500 0.331250 0.712500 0.343750 0.714583 0.345313 0.714583 0.356250 0.716667 0.357812 0.716667 0.370313 0.718750 0.371875 0.754167 0.371875 0.752083 0.370313 0.752083 0.359375 0.750000 0.357812 0.750000 0.348437 0.747917 0.346875 0.747917 0.335938 0.745833 0.334375 0.741667 0.303125
6 0.608333 0.307813 0.616667 0.365625 0.633333 0.365625 0.637500 0.368750 0.641667 0.378125 0.687500 0.373437 0.683333 0.360938 0.683333 0.350000 0.681250 0.348437 0.675000 0.306250 0.614583 0.306250
6 0.802083 0.460938 0.766667 0.462500 0.762500 0.457812 0.760417 0.432813 0.750000 0.439063 0.714583 0.439063 0.693750 0.443750 0.635417 0.443750 0.622917 0.453125 0.589583 0.451562 0.587500 0.479688 0.762500 0.475000 0.781250 0.471875 0.768750 0.470313 0.768750 0.467187 0.797917 0.467187
6 0.714583 0.701563 0.745833 0.782812 0.741667 0.810938 0.725000 0.812500 0.725000 0.823438 0.737500 0.837500 0.741667 0.870313 0.733333 0.882812 0.750000 0.900000 0.764583 0.867188 0.760417 0.803125 0.770833 0.803125 0.779167 0.825000 0.858333 0.845312 0.858333 0.828125 0.791667 0.812500 0.795833 0.798437 0.856250 0.792188 0.791667 0.793750 0.793750 0.787500 0.847917 0.771875 0.845833 0.754687 0.783333 0.776563 0.772917 0.771875 0.768750 0.795313 0.758333 0.796875 0.731250 0.712500
7 0.441667 0.331250 0.318750 0.342187 0.320833 0.445312 0.412500 0.429688 0.420833 0.450000 0.395833 0.434375 0.362500 0.448438 0.114583 0.456250 0.372917 0.450000 0.397917 0.460938 0.327083 0.453125 0.322917 0.467187 0.458333 0.464063 0.454167 0.450000 0.431250 0.440625 0.431250 0.418750 0.456250 0.409375 0.447917 0.362500 0.418750 0.362500 0.445833 0.359375
7 0.727083 0.598437 0.714583 0.598437 0.712500 0.600000 0.697917 0.600000 0.697917 0.609375 0.700000 0.610937 0.700000 0.618750 0.702083 0.620313 0.704167 0.618750 0.729167 0.618750 0.729167 0.617188 0.731250 0.615625 0.729167 0.614062 0.729167 0.606250 0.727083 0.604688
7 0.647917 0.601562 0.633333 0.601562 0.631250 0.603125 0.614583 0.603125 0.614583 0.621875 0.616667 0.623438 0.616667 0.625000 0.618750 0.623438 0.652083 0.623438 0.650000 0.621875 0.650000 0.610937 0.647917 0.609375
7 0.387500 0.617188 0.387500 0.639063 0.389583 0.640625 0.389583 0.642187 0.391667 0.640625 0.425000 0.640625 0.422917 0.639063 0.422917 0.626562 0.420833 0.625000 0.420833 0.615625 0.389583 0.615625
7 0.704167 0.640625 0.704167 0.662500 0.706250 0.660937 0.737500 0.660937 0.737500 0.659375 0.735417 0.657812 0.735417 0.639063 0.706250 0.639063
7 0.545833 0.648438 0.545833 0.657812 0.547917 0.659375 0.547917 0.670313 0.550000 0.671875 0.583333 0.671875 0.581250 0.670313 0.581250 0.662500 0.579167 0.660937 0.579167 0.654688 0.577083 0.653125 0.577083 0.646875 0.562500 0.646875 0.560417 0.648438
7 0.629167 0.687500 0.629167 0.707812 0.664583 0.707812 0.664583 0.706250 0.662500 0.704687 0.662500 0.685938 0.631250 0.685938
8 0.089583 0.010937 0.089583 0.179688 0.091667 0.198437 0.100000 0.201562 0.097917 0.010937
8 0.493750 0.156250 0.491667 0.157813 0.491667 0.190625 0.493750 0.192188 0.493750 0.200000 0.500000 0.214062 0.506250 0.214062 0.531250 0.207813 0.537500 0.207813 0.545833 0.204688 0.552083 0.204688 0.552083 0.192188 0.541667 0.178125 0.541667 0.170312 0.556250 0.157813
8 0.670833 0.256250 0.668750 0.254687 0.668750 0.250000 0.666667 0.248437 0.666667 0.243750 0.664583 0.242188 0.664583 0.239063 0.645833 0.239063 0.643750 0.240625 0.622917 0.240625 0.620833 0.242188 0.602083 0.242188 0.600000 0.243750 0.600000 0.257812 0.602083 0.259375 0.604167 0.257812 0.637500 0.257812 0.639583 0.256250
8 0.581250 0.242188 0.497917 0.246875 0.493750 0.248437 0.493750 0.256250 0.485417 0.265625 0.477083 0.251563 0.472917 0.259375 0.454167 0.262500 0.447917 0.275000 0.458333 0.285937 0.464583 0.287500 0.477083 0.284375 0.489583 0.295312 0.493750 0.292188 0.493750 0.279687 0.500000 0.275000 0.508333 0.279687 0.518750 0.293750 0.531250 0.293750 0.539583 0.290625 0.572917 0.290625 0.583333 0.284375 0.577083 0.278125 0.579167 0.275000 0.583333 0.275000
8 0.670833 0.267188 0.641667 0.267188 0.639583 0.268750 0.606250 0.268750 0.604167 0.270312 0.604167 0.275000 0.606250 0.276563 0.650000 0.276563 0.652083 0.271875 0.656250 0.268750 0.670833 0.268750
8 0.093750 0.281250 0.102083 0.659375 0.110417 0.656250 0.110417 0.609375 0.164583 0.603125 0.102083 0.601562 0.108333 0.600000 0.104167 0.281250
8 0.435417 0.439063 0.477083 0.443750 0.512500 0.468750 0.568750 0.470313 0.587500 0.448438 0.745833 0.434375 0.812500 0.421875 0.816667 0.415625 0.600000 0.431250 0.593750 0.400000 0.575000 0.406250 0.564583 0.401563 0.595833 0.384375 0.560417 0.381250 0.560417 0.365625 0.570833 0.357812 0.556250 0.354688 0.556250 0.331250 0.508333 0.331250 0.510417 0.387500 0.522917 0.382812 0.539583 0.387500 0.500000 0.396875 0.468750 0.418750 0.437500 0.417188
8 0.718750 0.378125 0.718750 0.382812 0.722917 0.382812 0.725000 0.381250 0.779167 0.381250 0.779167 0.376563 0.725000 0.376563 0.722917 0.378125
8 0.783333 0.396875 0.781250 0.395312 0.781250 0.389062 0.762500 0.389062 0.760417 0.390625 0.741667 0.390625 0.739583 0.392188 0.720833 0.392188 0.718750 0.393750 0.716667 0.393750 0.716667 0.395312 0.714583 0.396875 0.714583 0.400000 0.716667 0.398438 0.754167 0.398438 0.756250 0.400000 0.758333 0.400000 0.760417 0.398438 0.770833 0.398438 0.772917 0.396875
8 0.691667 0.404687 0.689583 0.403125 0.687500 0.395312 0.666667 0.395312 0.664583 0.396875 0.641667 0.396875 0.639583 0.398438 0.616667 0.398438 0.612500 0.400000 0.610417 0.417188 0.614583 0.415625 0.656250 0.415625 0.656250 0.414062 0.662500 0.409375 0.666667 0.409375 0.670833 0.406250 0.675000 0.406250 0.677083 0.404687
8 0.425000 0.479688 0.420833 0.481250 0.420833 0.495313 0.425000 0.500000 0.437500 0.500000 0.439583 0.498437 0.441667 0.500000 0.441667 0.521875 0.456250 0.521875 0.458333 0.523438 0.441667 0.526563 0.425000 0.526563 0.425000 0.543750 0.460417 0.540625 0.458333 0.539062 0.458333 0.501562 0.460417 0.500000 0.456250 0.495313 0.456250 0.479688
8 0.477083 0.493750 0.477083 0.518750 0.479167 0.521875 0.485417 0.521875 0.487500 0.523438 0.493750 0.523438 0.495833 0.525000 0.500000 0.523438 0.529167 0.523438 0.533333 0.517187 0.531250 0.515625 0.531250 0.506250 0.529167 0.504687 0.529167 0.496875 0.527083 0.495313 0.514583 0.495313 0.512500 0.496875 0.497917 0.498437 0.495833 0.496875 0.495833 0.492188 0.479167 0.492188
8 0.987500 0.654688 0.941667 0.671875 0.927083 0.668750 0.939583 0.667188 0.910417 0.646875 0.850000 0.645312 0.791667 0.657812 0.800000 0.664062 0.800000 0.695312 0.829167 0.717188 0.814583 0.742188 0.854167 0.748438 0.850000 0.728125 0.860417 0.740625 0.856250 0.770312 0.870833 0.809375 0.847917 0.909375 0.854167 0.931250 0.933333 0.904688 0.947917 0.892187 0.987500 0.889063
8 0.347917 0.653125 0.345833 0.651563 0.302083 0.651563 0.300000 0.653125 0.202083 0.654688 0.197917 0.656250 0.197917 0.660937 0.200000 0.659375 0.229167 0.659375 0.231250 0.657812 0.258333 0.657812 0.260417 0.656250
8 0.106250 0.667188 0.100000 0.671875 0.100000 0.834375 0.102083 0.850000 0.112500 0.850000
8 0.177083 0.670313 0.177083 0.675000 0.183333 0.684375 0.189583 0.687500 0.352083 0.681250 0.350000 0.679688 0.316667 0.679688 0.191667 0.685938 0.183333 0.678125 0.183333 0.670313
8 0.704167 0.810938 0.679167 0.812500 0.677083 0.829687 0.672917 0.817187 0.652083 0.817187 0.654167 0.840625 0.658333 0.853125 0.679167 0.851562 0.681250 0.848437 0.683333 0.850000 0.685417 0.887500 0.693750 0.890625 0.733333 0.876562 0.739583 0.868750 0.735417 0.839063
8 0.114583 0.942187 0.108333 0.942187 0.106250 0.943750 0.106250 0.950000 0.104167 0.951563 0.104167 0.989062 0.112500 0.989062 0.112500 0.946875 0.114583 0.945312