1 0.110417 0.334375 0.050000 0.335938 0.014583 0.376563 0.016667 0.556250 0.060417 0.559375 0.118750 0.450000 0.085417 0.448438 0.066667 0.457812 0.056250 0.451562 0.056250 0.434375 0.068750 0.431250 0.079167 0.437500 0.122917 0.439063 0.141667 0.400000
1 0.568750 0.587500 0.122917 0.579687 0.110417 0.604688 0.152083 0.615625 0.131250 0.632812 0.112500 0.617188 0.127083 0.659375 0.233333 0.646875 0.208333 0.656250 0.177083 0.746875 0.231250 0.825000 0.170833 0.989062 0.329167 0.987500 0.375000 0.768750 0.318750 0.739062 0.377083 0.735937 0.385417 0.682813 0.435417 0.687500 0.452083 0.735937 0.458333 0.717188 0.493750 0.718750 0.495833 0.693750 0.560417 0.684375 0.589583 0.732813 0.589583 0.653125 0.310417 0.651563 0.322917 0.692187 0.295833 0.698438 0.268750 0.646875 0.233333 0.670313 0.256250 0.651563 0.235417 0.645312 0.591667 0.645312
1 0.114583 0.681250 0.108333 0.684375 0.102083 0.693750 0.102083 0.696875 0.145833 0.737500 0.152083 0.745313 0.152083 0.740625 0.154167 0.739062 0.162500 0.709375 0.166667 0.703125 0.172917 0.679688
1 0.095833 0.707812 0.056250 0.795313 0.054167 0.821875 0.043750 0.821875 0.014583 0.889063 0.014583 0.987500 0.068750 0.989062 0.110417 0.867188 0.091667 0.859375 0.095833 0.854688 0.112500 0.854688 0.141667 0.770312 0.139583 0.759375
1 0.166667 0.778125 0.091667 0.990625 0.162500 0.987500 0.204167 0.829687 0.202083 0.817187
3 0.122917 0.014062 0.197917 0.229687 0.193750 0.142188 0.256250 0.140625 0.320833 0.378125 0.243750 0.351562 0.258333 0.398438 0.702083 0.385938 0.687500 0.318750 0.670833 0.376563 0.610417 0.365625 0.608333 0.318750 0.593750 0.381250 0.533333 0.320312 0.529167 0.378125 0.470833 0.364062 0.458333 0.318750 0.714583 0.312500 0.704167 0.176563 0.641667 0.210938 0.616667 0.176563 0.587500 0.226562 0.527083 0.178125 0.462500 0.215625 0.437500 0.176563 0.418750 0.231250 0.352083 0.176563 0.347917 0.226562 0.277083 0.143750 0.706250 0.150000 0.747917 0.121875 0.718750 0.015625 0.677083 0.126563 0.618750 0.112500 0.616667 0.012500 0.602083 0.123438 0.525000 0.103125 0.518750 0.015625 0.506250 0.118750 0.433333 0.107813 0.420833 0.015625 0.427083 0.112500 0.352083 0.114063 0.327083 0.017188 0.412500 0.012500
3 0.266667 0.420312 0.266667 0.423438 0.270833 0.429688 0.270833 0.434375 0.275000 0.440625 0.275000 0.445312 0.279167 0.451562 0.281250 0.450000 0.318750 0.450000 0.320833 0.448438 0.329167 0.448438 0.318750 0.440625 0.312500 0.445312 0.304167 0.448438 0.297917 0.443750 0.289583 0.443750 0.287500 0.445312 0.283333 0.442187 0.283333 0.435937 0.281250 0.434375 0.281250 0.420312
3 0.639583 0.434375 0.604167 0.418750 0.606250 0.442187 0.570833 0.448438 0.550000 0.423438 0.537500 0.423438 0.535417 0.443750 0.485417 0.435937 0.470833 0.420312 0.475000 0.446875 0.464583 0.454688 0.477083 0.454688 0.479167 0.498437 0.425000 0.501562 0.418750 0.456250 0.441667 0.453125 0.410417 0.420312 0.400000 0.420312 0.420833 0.503125 0.602083 0.503125 0.547917 0.481250 0.543750 0.454688 0.541667 0.496875 0.512500 0.503125 0.483333 0.481250 0.479167 0.454688 0.604167 0.454688
3 0.391667 0.689062 0.389583 0.690625 0.389583 0.704687 0.387500 0.706250 0.385417 0.737500 0.391667 0.739062 0.397917 0.706250 0.404167 0.703125 0.425000 0.703125 0.427083 0.704687 0.425000 0.706250 0.422917 0.737500 0.429167 0.737500 0.429167 0.721875 0.431250 0.720312 0.431250 0.704687 0.433333 0.703125 0.429167 0.690625 0.425000 0.689062
4 0.910417 0.109375 0.910417 0.112500 0.950000 0.173438 0.964583 0.173438 0.966667 0.175000 0.979167 0.170312 0.987500 0.170312 0.989583 0.171875 0.989583 0.162500 0.991667 0.160938 0.987500 0.151562 0.981250 0.146875 0.970833 0.129688 0.964583 0.125000 0.956250 0.123438 0.945833 0.115625 0.945833 0.109375 0.941667 0.106250 0.922917 0.106250
4 0.904167 0.110937 0.789583 0.156250 0.779167 0.206250 0.750000 0.151562 0.281250 0.165625 0.758333 0.175000 0.710417 0.337500 0.735417 0.392188 0.166667 0.406250 0.716667 0.420312 0.722917 0.714063 0.608333 0.690625 0.597917 0.618750 0.595833 0.739062 0.329167 0.750000 0.729167 0.753125 0.785417 0.704687 0.893750 0.696875 0.858333 0.678125 0.991667 0.478125 0.985417 0.387500 0.920833 0.368750 0.852083 0.273438 0.860417 0.234375 0.950000 0.193750
4 0.377083 0.510938 0.379167 0.514063 0.589583 0.515625 0.593750 0.540625 0.600000 0.537500 0.604167 0.506250 0.381250 0.507812
6 0.722917 0.757812 0.706250 0.757812 0.708333 0.760938 0.708333 0.770312 0.706250 0.771875 0.706250 0.775000 0.697917 0.778125 0.697917 0.789062 0.700000 0.790625 0.697917 0.792188 0.697917 0.796875 0.693750 0.800000 0.693750 0.812500 0.697917 0.812500 0.706250 0.806250 0.708333 0.798437 0.714583 0.790625 0.725000 0.795313 0.727083 0.792188 0.727083 0.775000 0.729167 0.773438 0.729167 0.764063
7 0.054167 0.125000 0.054167 0.126563 0.056250 0.128125 0.056250 0.131250 0.060417 0.135937 0.058333 0.137500 0.047917 0.137500 0.047917 0.140625 0.050000 0.142188 0.058333 0.142188 0.064583 0.146875 0.064583 0.148438 0.068750 0.151562 0.068750 0.153125 0.070833 0.153125 0.072917 0.154687 0.075000 0.153125 0.081250 0.153125 0.081250 0.151562 0.085417 0.146875 0.085417 0.143750 0.070833 0.132812 0.064583 0.132812
8 0.012500 0.065625 0.014583 0.104687 0.166667 0.418750 0.164583 0.406250 0.172917 0.401563 0.127083 0.295312 0.100000 0.254687 0.122917 0.217187 0.135417 0.212500 0.137500 0.189063 0.110417 0.206250 0.093750 0.240625
8 0.206250 0.226562 0.200000 0.240625 0.200000 0.260938 0.191667 0.278125 0.202083 0.334375 0.216667 0.346875 0.239583 0.342187 0.252083 0.342187 0.260417 0.345313 0.275000 0.332812 0.277083 0.320312 0.285417 0.318750 0.285417 0.310937 0.277083 0.304688 0.281250 0.287500 0.277083 0.292188 0.275000 0.290625 0.275000 0.276563 0.283333 0.260938 0.279167 0.254687 0.256250 0.240625 0.250000 0.229687 0.233333 0.226562
8 0.470833 0.232812 0.468750 0.234375 0.468750 0.246875 0.472917 0.267188 0.493750 0.289062 0.497917 0.282813 0.500000 0.271875 0.497917 0.267188 0.500000 0.265625 0.504167 0.270312 0.502083 0.279687 0.514583 0.292188 0.516667 0.282813 0.518750 0.281250 0.522917 0.284375 0.522917 0.246875 0.525000 0.245312 0.522917 0.234375 0.514583 0.234375 0.516667 0.242188 0.514583 0.251563 0.508333 0.234375
8 0.300000 0.235938 0.297917 0.259375 0.308333 0.295312 0.318750 0.303125 0.322917 0.303125 0.331250 0.296875 0.333333 0.292188 0.339583 0.301562 0.345833 0.304688 0.350000 0.304688 0.354167 0.301562 0.364583 0.301562 0.370833 0.293750 0.358333 0.239063 0.347917 0.239063 0.350000 0.242188 0.347917 0.251563 0.341667 0.237500 0.327083 0.237500 0.325000 0.239063
8 0.079167 0.259375 0.014583 0.343750 0.014583 0.371875 0.025000 0.360938 0.070833 0.296875 0.081250 0.289062 0.091667 0.289062 0.085417 0.281250 0.087500 0.270312
8 0.691667 0.423438 0.593750 0.467187 0.600000 0.498437 0.712500 0.481250 0.662500 0.498437 0.608333 0.501562 0.595833 0.557813 0.612500 0.545313 0.618750 0.506250 0.612500 0.582812 0.612500 0.551562 0.572917 0.584375 0.627083 0.648438 0.635417 0.640625 0.614583 0.687500 0.702083 0.696875 0.718750 0.712500 0.727083 0.629687 0.712500 0.643750 0.664583 0.639063 0.714583 0.634375 0.733333 0.612500 0.708333 0.604688 0.735417 0.607813 0.737500 0.478125 0.708333 0.470313 0.708333 0.432813
8 0.183333 0.435937 0.179167 0.446875 0.195833 0.476562 0.212500 0.478125 0.200000 0.479688 0.197917 0.484375 0.252083 0.585938 0.275000 0.587500 0.239583 0.528125 0.241667 0.523438 0.245833 0.529688 0.256250 0.490625 0.250000 0.493750 0.239583 0.525000 0.210417 0.476562 0.212500 0.470313 0.191667 0.435937
8 0.281250 0.645312 0.283333 0.653125 0.287500 0.657812 0.289583 0.665625 0.293750 0.670313 0.293750 0.673437 0.295833 0.675000 0.295833 0.678125 0.300000 0.682813 0.300000 0.685938 0.302083 0.687500 0.302083 0.690625 0.304167 0.692187 0.304167 0.693750 0.314583 0.692187 0.314583 0.689062 0.316667 0.687500 0.316667 0.684375 0.318750 0.682813 0.310417 0.671875 0.310417 0.668750 0.302083 0.657812 0.302083 0.654688 0.300000 0.653125 0.295833 0.645312
8 0.200000 0.656250 0.185417 0.664062 0.075000 0.989062 0.085417 0.989062
8 0.987500 0.690625 0.960417 0.750000 0.960417 0.757812 0.964583 0.762500 0.964583 0.767187 0.987500 0.803125
8 0.927083 0.757812 0.904167 0.762500 0.841667 0.843750 0.858333 0.956250 0.881250 0.971875 0.902083 0.971875 0.952083 0.940625 0.966667 0.921875 0.947917 0.953125 0.904167 0.981250 0.904167 0.990625 0.989583 0.987500 0.989583 0.903125 0.975000 0.915625 0.987500 0.898438 0.987500 0.809375 0.962500 0.775000 0.937500 0.798437 0.941667 0.785937