1 0.018750 0.289062 0.243750 0.467187 0.464583 0.468750 0.352083 0.445312 0.293750 0.350000 0.481250 0.343750 0.512500 0.293750 0.679167 0.303125 0.645833 0.245312 0.770833 0.189063 0.787500 0.048437 0.827083 0.018750 0.631250 0.017188 0.612500 0.231250 0.516667 0.221875 0.487500 0.020312 0.425000 0.015625 0.475000 0.271875 0.383333 0.278125 0.218750 0.017188 0.300000 0.187500 0.289583 0.235938 0.137500 0.198437 0.014583 0.014062
1 0.014583 0.300000 0.016667 0.595312 0.210417 0.596875 0.237500 0.473437
1 0.243750 0.475000 0.239583 0.518750 0.525000 0.523438 0.525000 0.514063 0.497917 0.512500 0.475000 0.504687 0.472917 0.475000
1 0.231250 0.542188 0.229167 0.596875 0.372917 0.600000 0.381250 0.592188 0.460417 0.589063 0.470833 0.595312 0.468750 0.607813 0.593750 0.610937 0.593750 0.606250 0.556250 0.606250 0.537500 0.589063 0.537500 0.576563 0.558333 0.548437 0.585417 0.550000 0.597917 0.542188 0.239583 0.529688
1 0.650000 0.607813 0.645833 0.595312 0.608333 0.585938 0.595833 0.600000 0.620833 0.600000 0.629167 0.609375 0.620833 0.621875 0.460417 0.623438 0.631250 0.625000 0.643750 0.628125 0.643750 0.618750
1 0.016667 0.606250 0.018750 0.637500 0.245833 0.675000 0.243750 0.634375 0.208333 0.626562 0.208333 0.610937
1 0.018750 0.656250 0.018750 0.825000 0.089583 0.801562 0.110417 0.800000 0.120833 0.807813 0.227083 0.785937 0.239583 0.687500
1 0.277083 0.698438 0.262500 0.776563 0.375000 0.764063 0.381250 0.714063
1 0.291667 0.789062 0.291667 0.825000 0.377083 0.823438 0.656250 0.840625 0.654167 0.832812 0.635417 0.829687 0.637500 0.812500 0.614583 0.812500 0.600000 0.801562 0.489583 0.795313 0.591667 0.796875 0.585417 0.789062 0.564583 0.790625 0.552083 0.778125 0.383333 0.768750 0.381250 0.787500 0.302083 0.782812
1 0.060417 0.907812 0.150000 0.909375 0.108333 0.921875 0.114583 0.940625 0.179167 0.937500 0.181250 0.907812 0.152083 0.910937 0.156250 0.903125 0.722917 0.921875 0.731250 0.882812 0.812500 0.887500 0.804167 0.857813 0.102083 0.821875 0.068750 0.837500
1 0.139583 0.959375 0.079167 0.959375 0.077083 0.939062 0.083333 0.934375 0.091667 0.934375 0.085417 0.929688 0.079167 0.914062 0.068750 0.914062 0.035417 0.926562 0.016667 0.915625 0.016667 0.987500 0.093750 0.987500
2 0.843750 0.534375 0.843750 0.546875 0.877083 0.551562 0.920833 0.551562 0.925000 0.559375 0.927083 0.592188 0.972917 0.596875 0.981250 0.537500
2 0.841667 0.575000 0.841667 0.592188 0.843750 0.593750 0.843750 0.595312 0.845833 0.593750 0.877083 0.593750 0.879167 0.592188 0.908333 0.592188 0.906250 0.587500 0.893750 0.575000
2 0.806250 0.839063 0.812500 0.839063 0.816667 0.834375 0.827083 0.834375 0.906250 0.843750 0.914583 0.846875 0.941667 0.846875 0.952083 0.837500 0.977083 0.839063 0.979167 0.832812 0.895833 0.828125 0.889583 0.820312 0.881250 0.818750 0.816667 0.818750 0.808333 0.825000
3 0.039583 0.012500 0.193750 0.225000 0.283333 0.225000 0.289583 0.176563 0.202083 0.014062 0.150000 0.010937 0.204167 0.096875 0.154167 0.101562 0.133333 0.068750 0.127083 0.075000 0.118750 0.070312 0.116667 0.054688 0.089583 0.054688 0.083333 0.048437 0.114583 0.037500 0.097917 0.012500
3 0.272917 0.014062 0.383333 0.270312 0.464583 0.270312 0.468750 0.223438 0.416667 0.015625
3 0.497917 0.017188 0.522917 0.217187 0.606250 0.221875 0.616667 0.015625
3 0.504167 0.314063 0.497917 0.395312 0.529167 0.517187 0.760417 0.528125 0.610417 0.517187 0.608333 0.504687 0.602083 0.517187 0.529167 0.514063 0.531250 0.496875 0.743750 0.503125 0.608333 0.493750 0.614583 0.473437 0.737500 0.476562 0.612500 0.470313 0.614583 0.439063 0.725000 0.440625 0.618750 0.435937 0.631250 0.321875 0.622917 0.390625 0.518750 0.384375 0.512500 0.318750 0.625000 0.314063
5 0.329167 0.343750 0.322917 0.367188 0.331250 0.390625 0.345833 0.375000 0.360417 0.376563 0.352083 0.393750 0.352083 0.409375 0.360417 0.423438 0.368750 0.423438 0.379167 0.410937 0.377083 0.404687 0.397917 0.404687 0.404167 0.414062 0.416667 0.409375 0.502083 0.425000 0.495833 0.407813 0.470833 0.400000 0.489583 0.401563 0.489583 0.393750 0.466667 0.390625 0.460417 0.384375 0.466667 0.376563 0.493750 0.378125 0.493750 0.365625 0.468750 0.364062 0.495833 0.348437 0.495833 0.342187 0.406250 0.360938 0.397917 0.357812 0.391667 0.364062 0.347917 0.360938 0.339583 0.346875
6 0.987500 0.087500 0.970833 0.090625 0.943750 0.170312 0.906250 0.171875 0.908333 0.214062 0.885417 0.251563 0.872917 0.251563 0.881250 0.285937 0.985417 0.287500 0.983333 0.268750 0.906250 0.262500 0.989583 0.148438
6 0.795833 0.173438 0.787500 0.196875 0.795833 0.201562 0.800000 0.340625 0.808333 0.348437 0.800000 0.265625 0.831250 0.265625 0.833333 0.260938 0.808333 0.259375 0.804167 0.254687 0.797917 0.175000 0.818750 0.178125 0.812500 0.173438
6 0.764583 0.518750 0.768750 0.525000 0.989583 0.531250 0.989583 0.525000 0.914583 0.521875 0.966667 0.490625 0.987500 0.492188 0.979167 0.481250 0.983333 0.467187 0.962500 0.484375 0.812500 0.478125 0.806250 0.454688 0.795833 0.457812 0.797917 0.481250
6 0.691667 0.687500 0.920833 0.685938 0.916667 0.650000 0.952083 0.632812 0.970833 0.601562 0.685417 0.598437 0.695833 0.618750 0.675000 0.625000 0.675000 0.637500 0.687500 0.643750 0.695833 0.656250
7 0.304167 0.354688 0.304167 0.365625 0.358333 0.435937 0.504167 0.457812 0.462500 0.431250 0.477083 0.425000 0.431250 0.418750 0.402083 0.421875 0.400000 0.412500 0.385417 0.409375 0.372917 0.426562 0.356250 0.428125 0.345833 0.412500 0.345833 0.384375 0.333333 0.398438 0.314583 0.367188 0.314583 0.354688
7 0.379167 0.596875 0.379167 0.598437 0.425000 0.634375 0.427083 0.637500 0.429167 0.634375 0.447917 0.620313 0.460417 0.601562 0.458333 0.598437 0.416667 0.596875 0.414583 0.595312 0.387500 0.595312 0.385417 0.596875
7 0.443750 0.640625 0.445833 0.640625 0.447917 0.642187 0.450000 0.642187 0.452083 0.643750 0.454167 0.643750 0.460417 0.646875 0.464583 0.646875 0.466667 0.648438 0.468750 0.648438 0.470833 0.650000 0.472917 0.650000 0.479167 0.653125 0.485417 0.648438 0.487500 0.648438 0.491667 0.645312 0.493750 0.645312 0.491667 0.643750 0.491667 0.631250 0.489583 0.631250 0.487500 0.629687 0.466667 0.629687 0.464583 0.631250 0.462500 0.631250 0.458333 0.634375 0.456250 0.634375 0.452083 0.637500 0.450000 0.637500
8 0.091667 0.046875 0.093750 0.051562 0.097917 0.050000 0.120833 0.050000 0.125000 0.053125 0.125000 0.054688 0.172917 0.054688 0.177083 0.056250 0.166667 0.040625 0.125000 0.040625 0.120833 0.043750 0.108333 0.043750 0.106250 0.045313 0.093750 0.045313
8 0.122917 0.057813 0.122917 0.067188 0.129167 0.067188 0.135417 0.062500 0.141667 0.062500 0.143750 0.064062 0.150000 0.064062 0.152083 0.065625 0.158333 0.065625 0.160417 0.067188 0.164583 0.067188 0.166667 0.068750 0.172917 0.068750 0.175000 0.070312 0.181250 0.070312 0.183333 0.071875 0.181250 0.070312 0.181250 0.068750 0.179167 0.067188 0.179167 0.065625 0.177083 0.064062 0.175000 0.059375 0.170833 0.059375 0.168750 0.057813
8 0.335417 0.067188 0.335417 0.081250 0.337500 0.079687 0.341667 0.079687 0.350000 0.076563 0.356250 0.076563 0.360417 0.079687 0.368750 0.082813 0.385417 0.082813 0.387500 0.084375 0.406250 0.084375 0.410417 0.085938 0.406250 0.081250 0.406250 0.078125 0.404167 0.076563 0.404167 0.073437 0.400000 0.068750 0.397917 0.062500 0.370833 0.062500 0.360417 0.067188 0.352083 0.067188 0.350000 0.068750 0.341667 0.068750 0.339583 0.067188
8 0.372917 0.092188 0.372917 0.096875 0.391667 0.110937 0.393750 0.109375 0.404167 0.109375 0.406250 0.107813 0.416667 0.107813 0.414583 0.106250 0.414583 0.103125 0.412500 0.101562 0.412500 0.098438 0.410417 0.096875 0.410417 0.093750 0.408333 0.092188 0.408333 0.089062 0.406250 0.089062 0.404167 0.087500 0.381250 0.087500 0.377083 0.090625 0.375000 0.090625
8 0.154167 0.123438 0.156250 0.125000 0.172917 0.125000 0.175000 0.126563 0.179167 0.126563 0.191667 0.134375 0.197917 0.134375 0.202083 0.137500 0.222917 0.137500 0.220833 0.135937 0.220833 0.134375 0.218750 0.132812 0.218750 0.131250 0.216667 0.129688 0.208333 0.115625 0.193750 0.115625 0.191667 0.117188 0.185417 0.117188 0.179167 0.120312 0.162500 0.120312 0.160417 0.121875 0.156250 0.121875
8 0.237500 0.160938 0.235417 0.159375 0.235417 0.157813 0.233333 0.156250 0.233333 0.154687 0.231250 0.153125 0.231250 0.151562 0.222917 0.140625 0.218750 0.140625 0.216667 0.142188 0.214583 0.142188 0.208333 0.146875 0.204167 0.146875 0.202083 0.148438 0.177083 0.148438 0.177083 0.156250 0.181250 0.156250 0.183333 0.154687 0.195833 0.154687 0.197917 0.156250 0.204167 0.156250 0.206250 0.157813 0.214583 0.157813 0.218750 0.160938
8 0.210417 0.167187 0.210417 0.168750 0.212500 0.170312 0.212500 0.171875 0.220833 0.171875 0.229167 0.178125 0.229167 0.179688 0.243750 0.179688 0.245833 0.181250 0.243750 0.179688 0.243750 0.175000 0.241667 0.173438 0.241667 0.168750 0.239583 0.167187 0.239583 0.164062 0.225000 0.164062 0.222917 0.165625 0.214583 0.165625 0.212500 0.167187
8 0.366667 0.193750 0.366667 0.195312 0.368750 0.196875 0.389583 0.196875 0.397917 0.201562 0.433333 0.201562 0.435417 0.203125 0.439583 0.203125 0.437500 0.201562 0.437500 0.195312 0.435417 0.193750 0.435417 0.189063 0.397917 0.189063 0.397917 0.190625 0.395833 0.192188 0.368750 0.192188
8 0.395833 0.221875 0.395833 0.229687 0.402083 0.226562 0.408333 0.226562 0.410417 0.228125 0.414583 0.228125 0.420833 0.231250 0.445833 0.231250 0.447917 0.232812 0.450000 0.232812 0.447917 0.231250 0.447917 0.229687 0.445833 0.228125 0.445833 0.226562 0.443750 0.225000 0.441667 0.220313 0.408333 0.220313 0.406250 0.221875
8 0.525000 0.325000 0.525000 0.382812 0.562500 0.382812 0.564583 0.384375 0.606250 0.384375 0.612500 0.385938 0.612500 0.329688 0.614583 0.323438 0.527083 0.323438
8 0.733333 0.325000 0.733333 0.331250 0.731250 0.332812 0.731250 0.337500 0.729167 0.339063 0.729167 0.345313 0.762500 0.345313 0.764583 0.346875 0.766667 0.346875 0.766667 0.339063 0.768750 0.337500 0.768750 0.331250 0.766667 0.329688 0.766667 0.328125 0.762500 0.323438 0.737500 0.323438 0.735417 0.325000
8 0.752083 0.353125 0.747917 0.359375 0.747917 0.367188 0.750000 0.368750 0.750000 0.371875 0.747917 0.373437 0.735417 0.365625 0.731250 0.365625 0.725000 0.368750 0.725000 0.389062 0.727083 0.390625 0.727083 0.395312 0.741667 0.395312 0.743750 0.393750 0.743750 0.384375 0.745833 0.382812 0.747917 0.384375 0.747917 0.398438 0.754167 0.398438 0.754167 0.396875 0.758333 0.393750 0.758333 0.368750 0.756250 0.367188 0.756250 0.360938 0.754167 0.359375 0.754167 0.354688
8 0.525000 0.393750 0.525000 0.406250 0.558333 0.410937 0.556250 0.412500 0.541667 0.412500 0.541667 0.432813 0.543750 0.435937 0.604167 0.437500 0.608333 0.439063 0.608333 0.414062 0.600000 0.412500 0.606250 0.410937 0.614583 0.404687 0.614583 0.396875 0.610417 0.395312 0.575000 0.395312 0.572917 0.393750
8 0.729167 0.406250 0.729167 0.417188 0.731250 0.418750 0.731250 0.421875 0.735417 0.426562 0.739583 0.426562 0.741667 0.425000 0.760417 0.425000 0.766667 0.421875 0.766667 0.412500 0.764583 0.410937 0.764583 0.404687 0.762500 0.403125 0.750000 0.403125 0.747917 0.401563 0.735417 0.401563
8 0.545833 0.440625 0.545833 0.465625 0.593750 0.465625 0.595833 0.467187 0.581250 0.470313 0.543750 0.471875 0.543750 0.485938 0.568750 0.489062 0.583333 0.493750 0.593750 0.493750 0.600000 0.490625 0.600000 0.467187 0.604167 0.464063 0.604167 0.442187 0.597917 0.440625
8 0.291667 0.525000 0.552083 0.535937 0.650000 0.532812 0.445833 0.525000
8 0.547917 0.584375 0.547917 0.592188 0.566667 0.603125 0.575000 0.603125 0.602083 0.575000 0.637500 0.584375 0.666667 0.609375 0.656250 0.632812 0.672917 0.614062 0.672917 0.587500 0.720833 0.592188 0.752083 0.587500 0.754167 0.576563 0.822917 0.568750 0.900000 0.568750 0.912500 0.587500 0.922917 0.589063 0.922917 0.559375 0.827083 0.551562 0.777083 0.554688 0.741667 0.545313 0.729167 0.529688 0.627083 0.539062 0.579167 0.559375 0.562500 0.554688 0.564583 0.567187
8 0.979167 0.628125 0.970833 0.631250 0.958333 0.640625 0.958333 0.646875 0.956250 0.648438 0.956250 0.665625 0.958333 0.667188 0.958333 0.679688 0.960417 0.682813 0.968750 0.689062 0.968750 0.690625 0.977083 0.692187 0.983333 0.695312 0.987500 0.695312 0.987500 0.689062 0.985417 0.687500 0.985417 0.628125
8 0.014583 0.642187 0.014583 0.648438 0.306250 0.689062
8 0.589583 0.657812 0.600000 0.665625 0.600000 0.667188 0.633333 0.667188 0.633333 0.665625 0.637500 0.662500 0.637500 0.660937 0.641667 0.657812
8 0.914583 0.795313 0.908333 0.714063 0.897917 0.703125 0.822917 0.698438 0.829167 0.762500 0.820833 0.784375 0.814583 0.696875 0.745833 0.695312 0.733333 0.759375 0.731250 0.745313 0.710417 0.739062 0.612500 0.742188 0.593750 0.739062 0.587500 0.723437 0.535417 0.753125 0.568750 0.790625 0.583333 0.784375 0.618750 0.809375 0.700000 0.803125 0.727083 0.815625 0.806250 0.810938 0.800000 0.800000 0.745833 0.796875 0.806250 0.795313 0.816667 0.812500 0.902083 0.817187
8 0.983333 0.843750 0.954167 0.842188 0.939583 0.854688 0.935417 0.864062 0.933333 0.856250 0.937500 0.851562 0.916667 0.851562 0.914583 0.854688 0.902083 0.848437 0.822917 0.843750 0.814583 0.853125 0.816667 0.887500 0.822917 0.887500 0.833333 0.900000 0.933333 0.907812 0.935417 0.898438 0.941667 0.904688 0.964583 0.914062 0.962500 0.865625 0.968750 0.859375 0.987500 0.859375
8 0.735417 0.887500 0.733333 0.943750 0.808333 0.950000 0.825000 0.932813 0.827083 0.960938 0.837500 0.975000 0.927083 0.984375 0.933333 0.979688 0.947917 0.981250 0.954167 0.989062 0.987500 0.989062 0.989583 0.951563 0.966667 0.957812 0.983333 0.945312 0.966667 0.921875 0.931250 0.920313 0.937500 0.946875 0.922917 0.917188 0.847917 0.910937 0.827083 0.915625 0.814583 0.892187