1 0.208333 0.014062 0.014583 0.015625 0.014583 0.215625 0.097917 0.196875 0.141667 0.129688 0.093750 0.101562 0.093750 0.085938 0.122917 0.082813
1 0.016667 0.245312 0.014583 0.432813 0.331250 0.554688 0.347917 0.593750 0.300000 0.651563 0.020833 0.654688 0.014583 0.989062 0.297917 0.987500 0.281250 0.928125 0.227083 0.881250 0.266667 0.865625 0.302083 0.784375 0.379167 0.779688 0.379167 0.471875 0.645833 0.450000 0.635417 0.348437 0.487500 0.365625 0.429167 0.321875 0.429167 0.279687 0.237500 0.298438 0.129167 0.253125
3 0.989583 0.104687 0.945833 0.157813 0.812500 0.165625 0.868750 0.014062 0.833333 0.012500 0.791667 0.162500 0.660417 0.170312 0.675000 0.056250 0.735417 0.045313 0.677083 0.046875 0.664583 0.015625 0.641667 0.173438 0.516667 0.181250 0.500000 0.065625 0.556250 0.059375 0.504167 0.053125 0.485417 0.012500 0.462500 0.012500 0.516667 0.292188 0.964583 0.273438 0.897917 0.265625 0.991667 0.164062
3 0.272917 0.045313 0.210417 0.048437 0.214583 0.060938 0.210417 0.064062 0.204167 0.257812 0.222917 0.282813 0.289583 0.279687 0.291667 0.073437
3 0.833333 0.456250 0.385417 0.475000 0.381250 0.987500 0.408333 0.989062 0.406250 0.832812 0.491667 0.829687 0.512500 0.989062 0.508333 0.829687 0.602083 0.825000 0.620833 0.987500 0.612500 0.826563 0.702083 0.814062 0.608333 0.810938 0.597917 0.640625 0.691667 0.642187 0.714583 0.771875 0.702083 0.643750 0.785417 0.634375 0.702083 0.628125 0.702083 0.484375 0.677083 0.467187
5 0.943750 0.295312 0.893750 0.298438 0.891667 0.300000 0.875000 0.300000 0.870833 0.304688 0.860417 0.331250 0.870833 0.307813 0.877083 0.301562 0.883333 0.301562 0.885417 0.300000 0.891667 0.300000 0.893750 0.301562 0.897917 0.318750 0.897917 0.303125 0.900000 0.301562 0.939583 0.301562
5 0.800000 0.306250 0.800000 0.318750 0.806250 0.326562 0.818750 0.370313 0.816667 0.409375 0.850000 0.414062 0.858333 0.398438 0.850000 0.404687 0.833333 0.403125 0.829167 0.400000 0.829167 0.384375 0.868750 0.384375 0.875000 0.381250 0.872917 0.376563 0.835417 0.378125 0.831250 0.351562 0.835417 0.348437 0.872917 0.346875 0.872917 0.342187 0.831250 0.346875 0.822917 0.307813 0.833333 0.304688
5 0.766667 0.354688 0.654167 0.357812 0.660417 0.362500 0.666667 0.421875 0.660417 0.426562 0.662500 0.431250 0.706250 0.423438 0.708333 0.418750 0.710417 0.421875 0.733333 0.421875 0.735417 0.418750 0.756250 0.417188 0.756250 0.414062 0.772917 0.414062 0.772917 0.407813 0.758333 0.406250 0.754167 0.360938 0.766667 0.360938
6 0.681250 0.057813 0.679167 0.059375 0.679167 0.073437 0.677083 0.075000 0.677083 0.092188 0.683333 0.098438 0.683333 0.120312 0.687500 0.132812 0.687500 0.165625 0.702083 0.165625 0.700000 0.164062 0.700000 0.146875 0.697917 0.145313 0.689583 0.060938
6 0.687500 0.184375 0.689583 0.231250 0.691667 0.232812 0.689583 0.235938 0.689583 0.253125 0.695833 0.256250 0.702083 0.265625 0.704167 0.273438 0.706250 0.275000 0.712500 0.275000 0.710417 0.271875 0.708333 0.229687 0.702083 0.221875 0.697917 0.212500 0.700000 0.187500
6 0.702083 0.289062 0.704167 0.314063 0.710417 0.309375 0.762500 0.310937 0.772917 0.303125 0.947917 0.293750 0.939583 0.282813 0.831250 0.287500 0.825000 0.282813 0.816667 0.282813 0.814583 0.287500 0.716667 0.293750 0.714583 0.287500
7 0.016667 0.443750 0.016667 0.648438 0.295833 0.650000 0.337500 0.592188 0.318750 0.562500
8 0.981250 0.023438 0.964583 0.017188 0.958333 0.017188 0.960417 0.034375 0.956250 0.040625 0.954167 0.039062 0.954167 0.017188 0.952083 0.015625 0.943750 0.015625 0.927083 0.028125 0.925000 0.039062 0.920833 0.045313 0.920833 0.057813 0.925000 0.062500 0.920833 0.064062 0.920833 0.075000 0.925000 0.079687 0.931250 0.078125 0.939583 0.070312 0.939583 0.065625 0.954167 0.045313 0.956250 0.046875 0.954167 0.056250 0.958333 0.056250 0.962500 0.045313 0.966667 0.042188 0.985417 0.039062 0.985417 0.029687
8 0.989583 0.048437 0.968750 0.048437 0.966667 0.050000 0.966667 0.062500 0.964583 0.064062 0.960417 0.064062 0.952083 0.070312 0.952083 0.078125 0.950000 0.079687 0.950000 0.101562 0.954167 0.107813 0.972917 0.107813 0.981250 0.104687 0.989583 0.098438 0.989583 0.070312 0.991667 0.068750 0.989583 0.065625 0.989583 0.051562 0.991667 0.050000
8 0.879167 0.096875 0.875000 0.104687 0.872917 0.117188 0.870833 0.118750 0.870833 0.131250 0.875000 0.134375 0.885417 0.134375 0.887500 0.132812 0.950000 0.132812 0.958333 0.129688 0.966667 0.115625 0.960417 0.115625 0.958333 0.117188 0.952083 0.114063 0.943750 0.103125 0.941667 0.093750 0.883333 0.093750
8 0.445833 0.096875 0.441667 0.098438 0.441667 0.176563 0.443750 0.178125 0.443750 0.184375 0.450000 0.184375 0.452083 0.182812 0.460417 0.182812 0.485417 0.165625 0.483333 0.164062 0.479167 0.112500 0.452083 0.096875
8 0.935417 0.170312 0.912500 0.170312 0.910417 0.171875 0.887500 0.171875 0.883333 0.173438 0.883333 0.184375 0.881250 0.185937 0.881250 0.204688 0.887500 0.212500 0.889583 0.210938 0.920833 0.210938 0.933333 0.192188 0.933333 0.171875
8 0.870833 0.387500 0.854167 0.420312 0.845833 0.431250 0.845833 0.435937 0.852083 0.443750 0.852083 0.454688 0.860417 0.478125 0.854167 0.492188 0.875000 0.493750 0.883333 0.489062 0.891667 0.475000 0.897917 0.470313 0.891667 0.453125 0.875000 0.393750
8 0.535417 0.492188 0.535417 0.503125 0.568750 0.503125 0.570833 0.504687 0.568750 0.506250 0.558333 0.506250 0.556250 0.507812 0.541667 0.507812 0.541667 0.526563 0.575000 0.525000 0.572917 0.523438 0.572917 0.515625 0.570833 0.514063 0.570833 0.506250 0.572917 0.504687 0.570833 0.503125 0.570833 0.490625
8 0.420833 0.493750 0.416667 0.500000 0.416667 0.509375 0.414583 0.510938 0.414583 0.523438 0.416667 0.523438 0.422917 0.528125 0.422917 0.529688 0.431250 0.529688 0.433333 0.528125 0.439583 0.528125 0.441667 0.526563 0.450000 0.526563 0.452083 0.525000 0.460417 0.525000 0.462500 0.523438 0.468750 0.523438 0.470833 0.521875 0.479167 0.521875 0.477083 0.518750 0.477083 0.495313 0.472917 0.495313 0.470833 0.493750
8 0.697917 0.500000 0.697917 0.509375 0.702083 0.514063 0.716667 0.514063 0.718750 0.515625 0.725000 0.512500 0.729167 0.512500 0.739583 0.506250 0.764583 0.506250 0.768750 0.509375 0.768750 0.510938 0.770833 0.509375 0.775000 0.509375 0.772917 0.507812 0.770833 0.498437 0.766667 0.500000 0.766667 0.503125 0.764583 0.504687 0.739583 0.504687 0.735417 0.501562 0.735417 0.498437 0.733333 0.496875 0.727083 0.496875 0.725000 0.495313 0.704167 0.495313
8 0.710417 0.526563 0.710417 0.539062 0.712500 0.540625 0.712500 0.543750 0.714583 0.545313 0.735417 0.545313 0.737500 0.543750 0.743750 0.542188 0.743750 0.540625 0.752083 0.534375 0.766667 0.534375 0.750000 0.534375 0.741667 0.528125 0.739583 0.528125 0.737500 0.526563
8 0.575000 0.528125 0.564583 0.528125 0.562500 0.529688 0.550000 0.529688 0.547917 0.531250 0.537500 0.531250 0.533333 0.535937 0.533333 0.539062 0.535417 0.540625 0.535417 0.542188 0.537500 0.542188 0.539583 0.543750 0.543750 0.543750 0.545833 0.545313 0.552083 0.542188 0.554167 0.542188 0.556250 0.543750 0.552083 0.546875 0.552083 0.559375 0.554167 0.560938 0.556250 0.559375 0.577083 0.559375 0.575000 0.557813 0.575000 0.545313 0.572917 0.543750 0.575000 0.542188 0.577083 0.542188 0.575000 0.540625
8 0.416667 0.550000 0.429167 0.550000 0.431250 0.548437 0.443750 0.548437 0.445833 0.546875 0.458333 0.546875 0.460417 0.545313 0.470833 0.545313 0.472917 0.543750 0.477083 0.543750 0.477083 0.539062 0.475000 0.540625 0.470833 0.540625 0.468750 0.539062 0.450000 0.539062 0.447917 0.537500 0.418750 0.537500 0.418750 0.539062 0.416667 0.540625
8 0.525000 0.650000 0.525000 0.668750 0.545833 0.668750 0.545833 0.667188 0.556250 0.659375 0.585417 0.659375 0.583333 0.657812 0.556250 0.657812 0.545833 0.648438 0.527083 0.648438
8 0.691667 0.657812 0.681250 0.651563 0.672917 0.651563 0.656250 0.664062 0.620833 0.664062 0.620833 0.676562 0.654167 0.676562 0.656250 0.678125 0.654167 0.679688 0.622917 0.679688 0.622917 0.692187 0.658333 0.692187 0.662500 0.695312 0.679167 0.698438 0.687500 0.692187 0.689583 0.679688 0.695833 0.675000 0.693750 0.673437
8 0.522917 0.679688 0.522917 0.693750 0.527083 0.693750 0.529167 0.695312 0.541667 0.695312 0.543750 0.693750 0.550000 0.692187 0.554167 0.689062 0.579167 0.689062 0.587500 0.693750 0.585417 0.682813 0.585417 0.684375 0.583333 0.685938 0.581250 0.685938 0.579167 0.684375 0.552083 0.684375 0.543750 0.676562 0.533333 0.676562 0.531250 0.678125 0.525000 0.678125
8 0.525000 0.710938 0.525000 0.731250 0.552083 0.731250 0.556250 0.729688 0.556250 0.728125 0.564583 0.721875 0.568750 0.721875 0.570833 0.720312 0.583333 0.720312 0.587500 0.723437 0.589583 0.728125 0.589583 0.715625 0.587500 0.715625 0.583333 0.718750 0.566667 0.718750 0.564583 0.720312 0.554167 0.712500 0.550000 0.710938
8 0.700000 0.728125 0.691667 0.725000 0.681250 0.725000 0.675000 0.720312 0.672917 0.720312 0.662500 0.729688 0.645833 0.729688 0.643750 0.731250 0.614583 0.732813 0.614583 0.745313 0.616667 0.746875 0.620833 0.746875 0.622917 0.745313 0.658333 0.745313 0.668750 0.753125 0.668750 0.754687 0.672917 0.754687 0.675000 0.756250 0.687500 0.751562 0.691667 0.748438 0.702083 0.745313 0.700000 0.743750
8 0.987500 0.735937 0.968750 0.742188 0.956250 0.787500 0.925000 0.748438 0.918750 0.750000 0.933333 0.778125 0.908333 0.748438 0.883333 0.751562 0.879167 0.785937 0.912500 0.789062 0.920833 0.821875 0.904167 0.789062 0.831250 0.789062 0.829167 0.817187 0.847917 0.848437 0.916667 0.848437 0.893750 0.851562 0.916667 0.900000 0.933333 0.889063 0.939583 0.864062 0.933333 0.898438 0.947917 0.892187 0.958333 0.900000 0.966667 0.860937 0.989583 0.901563
8 0.529167 0.742188 0.529167 0.762500 0.543750 0.762500 0.545833 0.760938 0.550000 0.760938 0.554167 0.757812 0.556250 0.757812 0.560417 0.754687 0.562500 0.754687 0.564583 0.753125 0.575000 0.753125 0.577083 0.751562 0.587500 0.751562 0.589583 0.753125 0.589583 0.754687 0.589583 0.751562 0.587500 0.751562 0.585417 0.750000 0.560417 0.750000 0.550000 0.742188
8 0.702083 0.771875 0.697917 0.768750 0.679167 0.767187 0.672917 0.771875 0.672917 0.775000 0.668750 0.781250 0.631250 0.784375 0.622917 0.790625 0.622917 0.792188 0.625000 0.793750 0.650000 0.793750 0.652083 0.795313 0.666667 0.795313 0.670833 0.798437 0.670833 0.801562 0.677083 0.804688 0.689583 0.804688 0.695833 0.801562 0.700000 0.801562 0.700000 0.793750 0.706250 0.787500 0.704167 0.785937
8 0.439583 0.768750 0.439583 0.782812 0.445833 0.782812 0.450000 0.785937 0.456250 0.785937 0.458333 0.787500 0.462500 0.784375 0.481250 0.784375 0.483333 0.785937 0.481250 0.784375 0.481250 0.771875 0.466667 0.771875 0.462500 0.768750 0.447917 0.768750 0.445833 0.770312
8 0.297917 0.803125 0.297917 0.809375 0.300000 0.810938 0.300000 0.814062 0.306250 0.817187 0.312500 0.817187 0.320833 0.820312 0.325000 0.820312 0.327083 0.818750 0.379167 0.818750 0.377083 0.815625 0.377083 0.798437 0.302083 0.798437
8 0.270833 0.831250 0.277083 0.842188 0.318750 0.842188 0.341667 0.845312 0.283333 0.851562 0.287500 0.864062 0.306250 0.870313 0.383333 0.870313 0.379167 0.851562 0.375000 0.848437 0.339583 0.846875 0.345833 0.843750 0.368750 0.843750 0.372917 0.835938 0.370833 0.825000 0.291667 0.825000
8 0.435417 0.842188 0.435417 0.850000 0.437500 0.851562 0.489583 0.851562 0.489583 0.840625 0.485417 0.837500 0.450000 0.837500 0.447917 0.839063 0.441667 0.839063
8 0.558333 0.839063 0.558333 0.853125 0.560417 0.854688 0.558333 0.856250 0.560417 0.854688 0.600000 0.854688 0.597917 0.853125 0.597917 0.848437 0.595833 0.846875 0.595833 0.842188 0.593750 0.842188 0.591667 0.840625 0.570833 0.840625 0.568750 0.839063
8 0.562500 0.864062 0.562500 0.882812 0.564583 0.884375 0.570833 0.884375 0.572917 0.882812 0.581250 0.882812 0.583333 0.881250 0.591667 0.881250 0.593750 0.879687 0.602083 0.879687 0.600000 0.878125 0.600000 0.873438 0.597917 0.871875 0.597917 0.868750 0.595833 0.867188 0.591667 0.867188 0.589583 0.865625 0.583333 0.865625 0.581250 0.864062
8 0.677083 0.864062 0.677083 0.865625 0.675000 0.867188 0.675000 0.879687 0.677083 0.881250 0.677083 0.884375 0.679167 0.885938 0.710417 0.885938 0.710417 0.884375 0.714583 0.881250 0.714583 0.873438 0.712500 0.871875 0.712500 0.868750 0.708333 0.864062
8 0.377083 0.898438 0.370833 0.881250 0.354167 0.876562 0.264583 0.878125 0.237500 0.887500 0.243750 0.898438 0.262500 0.895312 0.333333 0.895312 0.335417 0.896875 0.375000 0.896875
8 0.279167 0.906250 0.283333 0.914062 0.293750 0.920313 0.304167 0.921875 0.316667 0.926562 0.375000 0.925000 0.375000 0.920313 0.377083 0.918750 0.377083 0.910937 0.370833 0.903125 0.314583 0.903125 0.312500 0.904688 0.297917 0.904688 0.295833 0.906250
8 0.912500 0.926562 0.908333 0.932813 0.908333 0.960938 0.910417 0.962500 0.910417 0.970312 0.916667 0.979688 0.916667 0.982813 0.922917 0.990625 0.925000 0.989062 0.950000 0.989062 0.954167 0.985937 0.954167 0.971875 0.956250 0.968750 0.952083 0.962500 0.952083 0.957812 0.950000 0.956250 0.947917 0.946875 0.937500 0.937500 0.937500 0.935938 0.929167 0.929688
8 0.287500 0.939062 0.287500 0.954687 0.289583 0.956250 0.325000 0.956250 0.327083 0.957812 0.333333 0.957812 0.335417 0.956250 0.379167 0.954687 0.379167 0.940625 0.375000 0.932813 0.370833 0.931250 0.314583 0.929688