1 0.018750 0.121875 0.018750 0.329688 0.091667 0.325000 0.025000 0.121875
1 0.095833 0.340625 0.018750 0.345313 0.020833 0.653125 0.052083 0.656250 0.050000 0.631250 0.075000 0.629687 0.139583 0.540625 0.068750 0.542188 0.066667 0.526563 0.075000 0.520312 0.091667 0.526563 0.152083 0.523438 0.158333 0.514063
1 0.689583 0.740625 0.677083 0.700000 0.277083 0.714063 0.222917 0.706250 0.200000 0.768750 0.264583 0.767187 0.279167 0.756250
1 0.758333 0.829687 0.239583 0.842188 0.225000 0.862500 0.281250 0.953125 0.297917 0.937500 0.306250 0.942187 0.302083 0.979688 0.527083 0.971875 0.575000 0.943750 0.593750 0.903125 0.454167 0.901563 0.439583 0.845312
1 0.222917 0.865625 0.172917 0.989062 0.275000 0.984375 0.277083 0.957812
2 0.672917 0.078125 0.747917 0.085938 0.741667 0.115625 0.695833 0.123438 0.754167 0.129688 0.779167 0.153125 0.843750 0.171875 0.839583 0.206250 0.864583 0.218750 0.856250 0.326562 0.977083 0.287500 0.981250 0.321875 0.935417 0.331250 0.987500 0.357812 0.991667 0.014062 0.872917 0.020312 0.860417 0.043750 0.789583 0.032812 0.766667 0.048437 0.743750 0.043750 0.756250 0.062500 0.743750 0.081250
2 0.922917 0.373437 0.912500 0.362500 0.850000 0.364062 0.845833 0.365625 0.845833 0.373437 0.843750 0.375000 0.843750 0.384375 0.841667 0.385938 0.839583 0.401563 0.847917 0.398438 0.852083 0.398438 0.862500 0.393750 0.866667 0.393750 0.877083 0.389062 0.881250 0.389062 0.891667 0.384375 0.895833 0.384375 0.906250 0.379687 0.910417 0.379687 0.922917 0.375000
2 0.750000 0.384375 0.750000 0.429688 0.754167 0.429688 0.758333 0.432813 0.762500 0.439063 0.762500 0.453125 0.775000 0.453125 0.775000 0.443750 0.777083 0.442187 0.777083 0.432813 0.779167 0.431250 0.779167 0.418750 0.764583 0.403125 0.762500 0.398438 0.758333 0.395312
2 0.916667 0.425000 0.937500 0.439063 0.939583 0.437500 0.954167 0.437500 0.956250 0.435937 0.970833 0.435937 0.972917 0.434375 0.985417 0.434375 0.985417 0.423438 0.920833 0.423438 0.918750 0.425000
2 0.933333 0.467187 0.931250 0.470313 0.931250 0.498437 0.985417 0.498437 0.985417 0.468750 0.987500 0.465625 0.937500 0.465625
2 0.987500 0.573438 0.947917 0.576563 0.956250 0.582812 0.956250 0.589063 0.968750 0.587500 0.983333 0.596875 0.981250 0.612500 0.906250 0.617188 0.933333 0.656250 0.985417 0.659375
2 0.843750 0.596875 0.847917 0.600000 0.875000 0.600000 0.877083 0.598437 0.887500 0.598437 0.889583 0.596875 0.900000 0.596875 0.902083 0.595312 0.914583 0.595312 0.916667 0.593750 0.939583 0.592188 0.939583 0.590625 0.843750 0.590625
2 0.906250 0.676562 0.906250 0.685938 0.958333 0.681250 0.964583 0.689062 0.954167 0.693750 0.910417 0.696875 0.904167 0.700000 0.893750 0.721875 0.916667 0.743750 0.985417 0.750000 0.985417 0.676562
2 0.777083 0.776563 0.775000 0.870313 0.831250 0.859375 0.837500 0.831250 0.850000 0.821875 0.866667 0.823438 0.912500 0.884375 0.929167 0.953125 0.972917 0.951563 0.983333 0.910937 0.985417 0.767187 0.895833 0.762500 0.958333 0.784375 0.964583 0.790625 0.958333 0.818750
2 0.856250 0.826563 0.847917 0.839063 0.845833 0.860937 0.852083 0.870313 0.843750 0.876562 0.843750 0.885938 0.858333 0.889063 0.885417 0.918750 0.887500 0.937500 0.877083 0.954687 0.883333 0.957812 0.925000 0.957812 0.895833 0.876562 0.872917 0.834375
3 0.854167 0.220313 0.831250 0.212500 0.691667 0.214062 0.683333 0.226562 0.637500 0.229687 0.635417 0.223438 0.668750 0.220313 0.629167 0.221875 0.635417 0.240625 0.645833 0.229687 0.685417 0.231250 0.687500 0.282813 0.704167 0.292188 0.702083 0.392188 0.712500 0.229687 0.764583 0.228125 0.766667 0.312500 0.781250 0.326562 0.783333 0.226562 0.822917 0.226562 0.820833 0.268750 0.843750 0.275000 0.841667 0.332812 0.850000 0.331250
3 0.635417 0.243750 0.635417 0.275000 0.625000 0.293750 0.625000 0.303125 0.631250 0.314063 0.633333 0.432813
5 0.722917 0.139062 0.675000 0.131250 0.662500 0.131250 0.658333 0.128125 0.664583 0.118750 0.660417 0.114063 0.645833 0.109375 0.622917 0.109375 0.616667 0.117188 0.616667 0.182812 0.627083 0.190625 0.629167 0.171875 0.635417 0.157813 0.645833 0.159375 0.666667 0.170312 0.677083 0.160938 0.677083 0.154687 0.687500 0.142188 0.700000 0.139062
5 0.679167 0.167187 0.679167 0.171875 0.687500 0.178125 0.685417 0.212500 0.829167 0.212500 0.835417 0.179688 0.827083 0.179688 0.820833 0.170312 0.768750 0.160938 0.683333 0.160938
5 0.691667 0.409375 0.687500 0.412500 0.687500 0.484375 0.685417 0.489062 0.706250 0.492188 0.708333 0.493750 0.712500 0.490625 0.714583 0.459375 0.706250 0.451562 0.697917 0.439063 0.697917 0.431250 0.689583 0.423438 0.691667 0.420312 0.700000 0.418750
5 0.987500 0.409375 0.889583 0.418750 0.850000 0.434375 0.841667 0.457812 0.747917 0.459375 0.752083 0.523438 0.735417 0.576563 0.822917 0.568750 0.850000 0.531250 0.881250 0.556250 0.908333 0.564062 0.987500 0.564062 0.985417 0.551562 0.910417 0.550000 0.906250 0.542188 0.929167 0.517187 0.991667 0.514063 0.989583 0.504687 0.922917 0.500000 0.925000 0.460938 0.989583 0.459375 0.989583 0.442187 0.933333 0.445312 0.900000 0.421875 0.987500 0.417188
5 0.843750 0.550000 0.845833 0.576563 0.795833 0.578125 0.791667 0.645312 0.810417 0.660937 0.754167 0.670313 0.750000 0.760938 0.793750 0.750000 0.987500 0.759375 0.910417 0.751562 0.887500 0.726562 0.895833 0.696875 0.954167 0.692187 0.897917 0.690625 0.897917 0.668750 0.987500 0.664062 0.927083 0.662500 0.885417 0.610937 0.975000 0.598437 0.839583 0.604688 0.827083 0.651563 0.835417 0.582812 0.950000 0.584375 0.856250 0.575000
6 0.979167 0.293750 0.795833 0.350000 0.756250 0.309375 0.727083 0.304688 0.725000 0.348437 0.783333 0.418750 0.777083 0.451562 0.806250 0.451562 0.808333 0.439063 0.810417 0.445312 0.985417 0.385938 0.987500 0.364062 0.920833 0.328125 0.975000 0.317187
6 0.793750 0.576563 0.754167 0.579687 0.752083 0.581250 0.752083 0.590625 0.754167 0.592188 0.752083 0.593750 0.750000 0.617188 0.739583 0.625000 0.739583 0.629687 0.754167 0.654688 0.754167 0.667188 0.783333 0.665625 0.787500 0.621875 0.789583 0.620313 0.791667 0.592188 0.793750 0.590625
6 0.731250 0.796875 0.741667 0.815625 0.743750 0.806250 0.768750 0.804688 0.768750 0.773438 0.772917 0.768750 0.956250 0.807813 0.958333 0.792188 0.952083 0.787500 0.893750 0.773438 0.879167 0.759375 0.862500 0.759375 0.870833 0.767187 0.862500 0.768750 0.795833 0.756250 0.745833 0.767187 0.739583 0.764063 0.737500 0.787500
7 0.043750 0.057813 0.043750 0.059375 0.045833 0.060938 0.045833 0.062500 0.047917 0.064062 0.047917 0.065625 0.050000 0.067188 0.050000 0.068750 0.052083 0.070312 0.052083 0.071875 0.054167 0.073437 0.054167 0.075000 0.058333 0.079687 0.075000 0.079687 0.075000 0.075000 0.077083 0.073437 0.077083 0.065625 0.075000 0.064062 0.075000 0.062500 0.072917 0.060938 0.072917 0.059375 0.070833 0.057813 0.070833 0.056250 0.066667 0.051562 0.062500 0.051562 0.060417 0.053125 0.058333 0.053125 0.052083 0.056250 0.047917 0.056250 0.045833 0.057813
7 0.245833 0.125000 0.245833 0.139062 0.247917 0.140625 0.264583 0.140625 0.266667 0.142188 0.268750 0.142188 0.268750 0.139062 0.270833 0.137500 0.270833 0.134375 0.272917 0.132812 0.272917 0.128125 0.264583 0.128125 0.262500 0.126563 0.254167 0.126563 0.252083 0.125000
7 0.252083 0.201562 0.252083 0.207813 0.254167 0.209375 0.254167 0.217187 0.256250 0.218750 0.268750 0.218750 0.279167 0.210938 0.277083 0.209375 0.277083 0.207813 0.275000 0.206250 0.275000 0.204688 0.272917 0.203125 0.272917 0.201562
7 0.158333 0.415625 0.158333 0.420312 0.160417 0.420312 0.166667 0.425000 0.166667 0.426562 0.172917 0.431250 0.185417 0.431250 0.187500 0.432813 0.191667 0.429688 0.193750 0.429688 0.193750 0.426562 0.197917 0.421875 0.195833 0.420312 0.195833 0.418750 0.193750 0.417188 0.193750 0.415625 0.191667 0.414062 0.191667 0.412500 0.185417 0.409375 0.170833 0.409375 0.164583 0.412500 0.164583 0.415625 0.162500 0.417188 0.160417 0.415625
7 0.202083 0.560938 0.202083 0.562500 0.216667 0.573438 0.231250 0.573438 0.231250 0.557813 0.233333 0.556250 0.231250 0.554688 0.225000 0.554688 0.222917 0.553125 0.214583 0.553125 0.208333 0.557813 0.206250 0.557813
7 0.222917 0.653125 0.222917 0.654688 0.225000 0.656250 0.225000 0.657812 0.227083 0.659375 0.227083 0.660937 0.229167 0.662500 0.229167 0.664062 0.231250 0.665625 0.254167 0.665625 0.254167 0.651563 0.250000 0.651563 0.247917 0.650000 0.237500 0.650000 0.235417 0.651563 0.229167 0.651563 0.227083 0.653125
7 0.014583 0.682813 0.014583 0.732813 0.016667 0.734375 0.016667 0.739062 0.041667 0.739062 0.041667 0.737500 0.058333 0.720312 0.058333 0.706250 0.060417 0.704687 0.052083 0.696875 0.052083 0.695312 0.043750 0.689062 0.039583 0.689062 0.037500 0.687500 0.033333 0.687500 0.031250 0.685938
7 0.195833 0.773438 0.195833 0.784375 0.197917 0.785937 0.200000 0.785937 0.204167 0.789062 0.206250 0.789062 0.210417 0.792188 0.216667 0.787500 0.218750 0.787500 0.222917 0.784375 0.225000 0.784375 0.225000 0.773438
7 0.058333 0.793750 0.058333 0.803125 0.056250 0.804688 0.056250 0.814062 0.058333 0.815625 0.060417 0.815625 0.064583 0.818750 0.066667 0.818750 0.070833 0.821875 0.070833 0.820312 0.081250 0.812500 0.081250 0.810938 0.087500 0.806250 0.087500 0.803125 0.083333 0.800000 0.083333 0.798437 0.079167 0.795313 0.068750 0.795313 0.066667 0.793750
7 0.758333 0.840625 0.450000 0.846875 0.443750 0.853125 0.458333 0.893750 0.597917 0.898438 0.600000 0.873438 0.647917 0.873438 0.656250 0.876562 0.664583 0.895312 0.681250 0.895312 0.700000 0.871875 0.735417 0.871875 0.750000 0.884375
7 0.156250 0.851562 0.156250 0.860937 0.154167 0.862500 0.154167 0.870313 0.162500 0.870313 0.164583 0.871875 0.168750 0.871875 0.175000 0.875000 0.179167 0.875000 0.185417 0.878125 0.185417 0.868750 0.187500 0.867188 0.187500 0.853125 0.185417 0.853125 0.183333 0.851562
7 0.164583 0.917188 0.162500 0.917188 0.160417 0.915625 0.141667 0.915625 0.141667 0.918750 0.143750 0.920313 0.143750 0.925000 0.141667 0.926562 0.137500 0.921875 0.133333 0.921875 0.131250 0.923437 0.127083 0.923437 0.120833 0.926562 0.116667 0.926562 0.116667 0.934375 0.118750 0.935938 0.118750 0.943750 0.120833 0.945312 0.122917 0.943750 0.141667 0.943750 0.141667 0.939062 0.143750 0.937500 0.143750 0.931250 0.145833 0.929688 0.147917 0.931250 0.154167 0.931250 0.156250 0.932813 0.164583 0.926562 0.166667 0.926562 0.164583 0.925000
8 0.447917 0.056250 0.462500 0.073437 0.477083 0.070312 0.489583 0.095312 0.518750 0.109375 0.545833 0.112500 0.583333 0.106250 0.706250 0.110937 0.716667 0.104687 0.737500 0.109375 0.739583 0.092188 0.664583 0.087500 0.612500 0.075000 0.656250 0.068750 0.741667 0.070312 0.750000 0.060938 0.739583 0.050000 0.733333 0.059375 0.643750 0.051562 0.541667 0.059375 0.522917 0.050000 0.566667 0.023438 0.552083 0.023438 0.487500 0.050000 0.454167 0.048437
8 0.337500 0.082813 0.331250 0.079687 0.083333 0.103125 0.097917 0.109375 0.312500 0.087500 0.329167 0.087500 0.335417 0.092188
8 0.610417 0.200000 0.600000 0.201562 0.583333 0.212500 0.522917 0.207813 0.512500 0.220313 0.500000 0.220313 0.485417 0.210938 0.468750 0.210938 0.470833 0.242188 0.477083 0.250000 0.508333 0.240625 0.516667 0.229687 0.525000 0.242188 0.560417 0.256250 0.575000 0.273438 0.583333 0.271875 0.579167 0.260938 0.568750 0.253125 0.550000 0.253125 0.547917 0.246875 0.552083 0.240625 0.568750 0.235938 0.581250 0.240625 0.570833 0.245312 0.554167 0.243750 0.554167 0.248437 0.620833 0.246875 0.618750 0.239063 0.608333 0.243750 0.591667 0.243750 0.583333 0.239063 0.589583 0.235938 0.593750 0.240625 0.602083 0.240625 0.608333 0.235938
8 0.731250 0.253125 0.722917 0.259375 0.722917 0.293750 0.727083 0.300000 0.741667 0.300000 0.750000 0.303125 0.764583 0.292188 0.766667 0.292188 0.766667 0.265625 0.758333 0.254687 0.747917 0.254687 0.745833 0.256250 0.737500 0.253125
8 0.831250 0.271875 0.810417 0.271875 0.806250 0.275000 0.806250 0.296875 0.804167 0.298438 0.802083 0.342187 0.806250 0.342187 0.812500 0.339063 0.835417 0.334375 0.837500 0.296875 0.839583 0.295312 0.839583 0.278125 0.841667 0.276563
8 0.627083 0.353125 0.618750 0.357812 0.606250 0.359375 0.579167 0.357812 0.577083 0.362500 0.564583 0.359375 0.545833 0.364062 0.527083 0.375000 0.518750 0.367188 0.487500 0.368750 0.487500 0.385938 0.495833 0.392188 0.529167 0.393750 0.547917 0.407813 0.560417 0.404687 0.554167 0.382812 0.583333 0.375000 0.591667 0.367188 0.577083 0.364062 0.581250 0.360938 0.614583 0.360938 0.625000 0.367188
8 0.818750 0.362500 0.816667 0.364062 0.820833 0.368750 0.820833 0.385938 0.818750 0.387500 0.818750 0.400000 0.829167 0.400000 0.829167 0.389062 0.831250 0.387500 0.831250 0.376563 0.833333 0.375000 0.833333 0.362500
8 0.568750 0.500000 0.570833 0.504687 0.637500 0.504687 0.637500 0.503125 0.635417 0.501562 0.604167 0.501562 0.602083 0.500000
8 0.641667 0.532812 0.641667 0.545313 0.643750 0.546875 0.643750 0.576563 0.641667 0.579687 0.704167 0.579687 0.710417 0.575000 0.716667 0.565625 0.710417 0.556250 0.710417 0.550000 0.716667 0.545313 0.716667 0.537500 0.666667 0.537500 0.664583 0.535937
8 0.804167 0.895312 0.804167 0.901563 0.810417 0.909375 0.810417 0.920313 0.812500 0.923437 0.810417 0.925000 0.810417 0.948438 0.800000 0.956250 0.877083 0.948438 0.881250 0.942187 0.881250 0.921875 0.868750 0.901563 0.856250 0.901563 0.841667 0.898438
8 0.529167 0.987500 0.966667 0.989062 0.979167 0.956250 0.804167 0.971875 0.754167 0.964063 0.712500 0.968750 0.643750 0.954687 0.577083 0.954687 0.547917 0.968750