1 0.122917 0.014062 0.014583 0.015625 0.016667 0.234375 0.125000 0.145313 0.085417 0.135937 0.152083 0.125000 0.170833 0.109375
1 0.641667 0.451562 0.583333 0.421875 0.581250 0.393750 0.389583 0.400000 0.381250 0.429688 0.347917 0.454688
1 0.668750 0.468750 0.347917 0.482812 0.329167 0.495313 0.335417 0.534375 0.295833 0.598437 0.306250 0.612500 0.564583 0.604688 0.529167 0.592188 0.529167 0.565625 0.506250 0.565625 0.485417 0.554688 0.481250 0.500000 0.535417 0.495313 0.570833 0.517187 0.577083 0.531250 0.558333 0.545313 0.610417 0.550000 0.685417 0.521875
1 0.739583 0.637500 0.583333 0.612500 0.268750 0.618750 0.187500 0.648438 0.172917 0.628125 0.014583 0.931250 0.014583 0.987500 0.831250 0.985937 0.820833 0.959375 0.654167 0.968750 0.639583 0.918750 0.537500 0.917188 0.485417 0.892187 0.441667 0.828125 0.466667 0.745313 0.618750 0.706250 0.702083 0.753125 0.739583 0.817187 0.685417 0.945312 0.810417 0.932813
2 0.945833 0.015625 0.914583 0.018750 0.906250 0.093750 0.922917 0.098438 0.922917 0.115625 0.889583 0.118750 0.872917 0.146875 0.872917 0.178125 0.985417 0.179688 0.987500 0.143750 0.935417 0.098438
2 0.802083 0.707812 0.802083 0.767187 0.804167 0.768750 0.804167 0.776563 0.808333 0.785937 0.822917 0.800000 0.822917 0.771875 0.825000 0.767187 0.822917 0.765625 0.820833 0.740625 0.818750 0.739062 0.818750 0.721875 0.810417 0.707812
3 0.733333 0.264062 0.708333 0.260938 0.383333 0.282813 0.385417 0.296875 0.406250 0.298438 0.393750 0.379687 0.577083 0.373437 0.575000 0.351562 0.608333 0.350000 0.614583 0.373437 0.700000 0.367188 0.700000 0.317187 0.739583 0.312500
5 0.687500 0.018750 0.693750 0.107813 0.791667 0.131250 0.781250 0.156250 0.802083 0.159375 0.870833 0.121875 0.912500 0.107813 0.902083 0.092188 0.904167 0.029687 0.895833 0.015625
5 0.985417 0.226562 0.966667 0.240625 0.970833 0.284375 0.979167 0.292188 0.956250 0.439063 0.929167 0.426562 0.945833 0.448438 0.933333 0.523438 0.979167 0.610937 0.987500 0.593750
6 0.785417 0.629687 0.777083 0.706250 0.800000 0.748438 0.800000 0.814062 0.827083 0.839063 0.818750 0.893750 0.829167 0.895312 0.841667 0.982813 0.866667 0.939062 0.947917 0.907812 0.868750 0.926562 0.881250 0.901563 0.875000 0.878125 0.958333 0.903125 0.870833 0.865625 0.831250 0.701563 0.883333 0.682813 0.902083 0.690625 0.889583 0.678125 0.943750 0.654688 0.939583 0.648438 0.885417 0.671875
7 0.302083 0.014062 0.208333 0.023438 0.245833 0.140625 0.337500 0.137500
7 0.327083 0.015625 0.354167 0.131250 0.379167 0.132812 0.379167 0.023438 0.395833 0.021875 0.416667 0.025000 0.416667 0.015625
7 0.493750 0.015625 0.500000 0.110937 0.612500 0.103125 0.612500 0.015625
7 0.631250 0.015625 0.629167 0.017188 0.629167 0.039062 0.631250 0.040625 0.633333 0.093750 0.635417 0.095312 0.660417 0.093750 0.658333 0.092188 0.658333 0.076563 0.656250 0.075000 0.654167 0.043750 0.652083 0.042188 0.652083 0.015625
7 0.635417 0.128125 0.635417 0.181250 0.637500 0.182812 0.639583 0.215625 0.641667 0.217187 0.643750 0.215625 0.668750 0.215625 0.666667 0.214062 0.666667 0.209375 0.660417 0.195312 0.660417 0.189063 0.658333 0.187500 0.656250 0.132812
7 0.614583 0.131250 0.502083 0.137500 0.518750 0.246875 0.622917 0.243750
7 0.366667 0.164062 0.383333 0.235938 0.410417 0.232812 0.460417 0.231250 0.452083 0.189063 0.420833 0.210938 0.389583 0.181250 0.387500 0.164062
7 0.310417 0.167187 0.281250 0.173438 0.208333 0.276563 0.229167 0.373437 0.018750 0.690625 0.018750 0.909375 0.164583 0.621875 0.147917 0.585938 0.187500 0.550000 0.233333 0.426562 0.272917 0.389062 0.254167 0.301562 0.320833 0.189063
7 0.464583 0.243750 0.452083 0.243750 0.450000 0.245312 0.439583 0.245312 0.437500 0.246875 0.425000 0.246875 0.422917 0.248437 0.410417 0.248437 0.408333 0.250000 0.395833 0.250000 0.393750 0.251563 0.393750 0.257812 0.402083 0.257812 0.404167 0.256250 0.412500 0.256250 0.414583 0.254687 0.422917 0.254687 0.425000 0.253125 0.433333 0.253125 0.435417 0.251563 0.443750 0.251563 0.445833 0.250000 0.454167 0.250000 0.456250 0.248437 0.464583 0.248437
7 0.589583 0.357812 0.587500 0.359375 0.587500 0.373437 0.589583 0.375000 0.589583 0.390625 0.591667 0.392188 0.591667 0.407813 0.593750 0.409375 0.620833 0.409375 0.618750 0.407813 0.618750 0.398438 0.616667 0.396875 0.616667 0.387500 0.614583 0.385938 0.614583 0.378125 0.612500 0.376563 0.612500 0.367188 0.610417 0.365625 0.610417 0.357812
7 0.493750 0.501562 0.493750 0.553125 0.500000 0.557813 0.520833 0.559375 0.522917 0.560938 0.552083 0.548437 0.570833 0.532812 0.570833 0.529688 0.560417 0.517187 0.556250 0.514063 0.537500 0.507812 0.527083 0.500000 0.510417 0.498437 0.508333 0.500000
7 0.475000 0.757812 0.454167 0.785937 0.454167 0.826563 0.495833 0.885938 0.564583 0.917188 0.622917 0.914062 0.668750 0.898438 0.658333 0.959375 0.829167 0.943750 0.820833 0.895312 0.812500 0.900000 0.818750 0.935938 0.666667 0.953125 0.660417 0.934375 0.677083 0.946875 0.677083 0.895312 0.718750 0.854688 0.729167 0.801562 0.712500 0.768750 0.668750 0.737500 0.614583 0.714063 0.560417 0.717188 0.510417 0.732813
8 0.391667 0.023438 0.385417 0.067188 0.389583 0.134375 0.406250 0.179688 0.422917 0.201562 0.456250 0.178125 0.464583 0.157813 0.458333 0.075000 0.450000 0.057813 0.437500 0.045313
8 0.825000 0.193750 0.770833 0.207813 0.762500 0.307813 0.829167 0.331250 0.806250 0.289062 0.816667 0.253125 0.810417 0.284375 0.833333 0.329688 0.885417 0.350000 0.877083 0.387500 0.877083 0.356250 0.770833 0.315625 0.741667 0.423438 0.870833 0.464063 0.931250 0.509375 0.937500 0.446875 0.910417 0.423438 0.954167 0.431250 0.977083 0.292188 0.927083 0.287500 0.968750 0.285937 0.958333 0.232812 0.860417 0.234375 0.904167 0.225000
8 0.741667 0.217187 0.729167 0.209375 0.708333 0.207813 0.691667 0.217187 0.679167 0.232812 0.652083 0.232812 0.650000 0.231250 0.643750 0.231250 0.650000 0.242188 0.660417 0.235938 0.679167 0.235938 0.700000 0.243750 0.712500 0.243750 0.714583 0.245312 0.727083 0.245312 0.729167 0.246875 0.731250 0.245312 0.743750 0.245312
8 0.364583 0.287500 0.345833 0.295312 0.329167 0.289062 0.295833 0.381250 0.243750 0.426562 0.235417 0.478125 0.212500 0.525000 0.162500 0.585938 0.183333 0.637500 0.212500 0.629687 0.241667 0.637500 0.268750 0.615625 0.293750 0.612500 0.281250 0.590625 0.304167 0.560938 0.291667 0.553125 0.308333 0.540625 0.314583 0.546875 0.331250 0.531250 0.322917 0.514063 0.302083 0.503125 0.337500 0.484375 0.337500 0.470313 0.316667 0.459375 0.337500 0.453125 0.368750 0.425000 0.383333 0.343750 0.404167 0.314063 0.400000 0.306250 0.381250 0.307813
8 0.535417 0.568750 0.543750 0.589063 0.658333 0.623438 0.756250 0.628125 0.825000 0.625000 0.829167 0.612500 0.808333 0.609375 0.858333 0.592188 0.862500 0.584375 0.958333 0.582812 0.939583 0.546875 0.854167 0.545313 0.843750 0.526563 0.775000 0.535937 0.760417 0.520312 0.720833 0.535937 0.710417 0.526563 0.737500 0.510938 0.735417 0.487500 0.702083 0.478125 0.697917 0.512500 0.708333 0.526563 0.610417 0.556250 0.558333 0.550000
8 0.979167 0.635938 0.937500 0.660937 0.904167 0.690625 0.887500 0.720312 0.877083 0.767187 0.887500 0.790625 0.950000 0.826563 0.985417 0.835938 0.981250 0.809375
8 0.777083 0.717188 0.777083 0.743750 0.779167 0.745313 0.779167 0.750000 0.781250 0.751562 0.781250 0.760938 0.783333 0.762500 0.783333 0.764063 0.789583 0.756250 0.789583 0.746875 0.791667 0.745313 0.789583 0.743750 0.789583 0.737500 0.787500 0.735937 0.787500 0.725000 0.789583 0.723437 0.789583 0.720312 0.783333 0.717188
8 0.793750 0.821875 0.793750 0.825000 0.791667 0.826563 0.791667 0.839063 0.793750 0.840625 0.793750 0.851562 0.791667 0.853125 0.791667 0.868750 0.793750 0.870313 0.795833 0.875000 0.812500 0.875000 0.812500 0.871875 0.814583 0.870313 0.814583 0.865625 0.816667 0.864062 0.816667 0.860937 0.818750 0.859375 0.816667 0.857813 0.816667 0.851562 0.814583 0.850000 0.814583 0.843750 0.808333 0.837500 0.808333 0.835938 0.804167 0.832812 0.804167 0.831250 0.800000 0.828125 0.800000 0.826563
8 0.945833 0.835938 0.945833 0.839063 0.943750 0.840625 0.943750 0.843750 0.937500 0.854688 0.937500 0.859375 0.941667 0.862500 0.958333 0.882812 0.968750 0.885938 0.972917 0.889063 0.983333 0.892187 0.987500 0.895312 0.985417 0.892187 0.983333 0.839063 0.981250 0.837500