1 0.012500 0.028125 0.014583 0.070312 0.145833 0.062500 0.214583 0.225000 0.087500 0.235938 0.012500 0.106250 0.102083 0.307813 0.108333 0.265625 0.218750 0.256250 0.170833 0.060938 0.322917 0.051562 0.400000 0.357812 0.460417 0.354688 0.437500 0.229687 0.606250 0.221875 0.608333 0.345313 0.633333 0.351562 0.631250 0.220313 0.658333 0.195312 0.629167 0.192188 0.631250 0.031250 0.608333 0.029687 0.664583 0.015625
1 0.608333 0.637500 0.608333 0.657812 0.618750 0.657812 0.620833 0.656250 0.739583 0.656250 0.739583 0.635938 0.620833 0.635938 0.618750 0.637500
1 0.804167 0.759375 0.787500 0.710938 0.739583 0.712500 0.739583 0.667188 0.608333 0.667188 0.602083 0.704687 0.552083 0.701563 0.552083 0.640625 0.108333 0.646875 0.079167 0.767187
1 0.014583 0.987500 0.410417 0.984375 0.414583 0.907812 0.452083 0.875000 0.495833 0.885938 0.514583 0.985937 0.727083 0.985937 0.727083 0.951563 0.772917 0.940625 0.754167 0.893750 0.695833 0.878125 0.752083 0.854688 0.729167 0.829687 0.762500 0.792188 0.070833 0.792188 0.014583 0.918750
1 0.827083 0.843750 0.837500 0.876562 0.837500 0.918750 0.841667 0.926562 0.983333 0.920313 0.956250 0.848437
2 0.989583 0.473437 0.881250 0.489062 0.895833 0.521875 0.897917 0.523438 0.989583 0.523438
3 0.768750 0.406250 0.662500 0.410937 0.683333 0.528125 0.683333 0.579687 0.743750 0.579687 0.752083 0.554688 0.727083 0.543750 0.691667 0.543750 0.685417 0.534375 0.689583 0.526563 0.722917 0.520312 0.758333 0.498437 0.777083 0.498437 0.764583 0.481250
5 0.670833 0.015625 0.662500 0.292188 0.762500 0.317187 0.772917 0.246875 0.793750 0.292188 0.935417 0.285937 0.960417 0.304688 0.929167 0.429688 0.897917 0.446875 0.777083 0.435937 0.777083 0.484375 0.991667 0.468750 0.989583 0.207813 0.927083 0.207813 0.937500 0.239063 0.795833 0.256250 0.827083 0.225000 0.847917 0.103125 0.929167 0.100000 0.943750 0.017188 0.831250 0.017188 0.787500 0.229687 0.712500 0.200000 0.716667 0.131250 0.747917 0.143750 0.770833 0.015625
5 0.745833 0.626562 0.745833 0.709375 0.791667 0.709375 0.812500 0.779688 0.987500 0.775000 0.947917 0.704687 0.987500 0.701563 0.987500 0.662500 0.968750 0.635938 0.970833 0.631250 0.987500 0.631250 0.985417 0.625000 0.943750 0.618750 0.800000 0.618750
5 0.887500 0.950000 0.887500 0.960938 0.889583 0.962500 0.889583 0.970312 0.895833 0.987500 0.935417 0.987500 0.937500 0.989062 0.981250 0.989062 0.987500 0.990625 0.987500 0.951563 0.989583 0.948438 0.897917 0.948438 0.895833 0.950000
6 0.929167 0.104687 0.852083 0.104687 0.845833 0.153125 0.854167 0.157813 0.860417 0.170312 0.856250 0.210938 0.841667 0.221875 0.833333 0.218750 0.833333 0.229687 0.850000 0.248437 0.877083 0.146875 0.945833 0.140625 0.883333 0.140625 0.858333 0.106250
6 0.802083 0.493750 0.802083 0.501562 0.814583 0.510938 0.818750 0.531250 0.814583 0.551562 0.804167 0.559375 0.814583 0.584375 0.825000 0.579687 0.829167 0.562500 0.837500 0.557813 0.987500 0.554688 0.835417 0.557813 0.837500 0.531250 0.983333 0.529688 0.835417 0.528125 0.835417 0.490625
6 0.789583 0.771875 0.783333 0.796875 0.793750 0.804688 0.793750 0.831250 0.806250 0.832812 0.825000 0.882812 0.829167 0.948438 0.820833 0.965625 0.808333 0.959375 0.814583 0.985937 0.837500 0.985937 0.843750 0.946875 0.927083 0.945312 0.837500 0.942187 0.837500 0.934375 0.987500 0.932813 0.835417 0.929688 0.825000 0.842188 0.987500 0.837500 0.822917 0.837500
7 0.641667 0.031250 0.637500 0.048437 0.637500 0.189063 0.662500 0.190625 0.664583 0.031250
7 0.600000 0.034375 0.410417 0.046875 0.437500 0.200000 0.600000 0.192188
7 0.175000 0.065625 0.220833 0.182812 0.229167 0.142188 0.245833 0.131250 0.283333 0.129688 0.306250 0.134375 0.320833 0.145313 0.352083 0.189063 0.318750 0.057813
7 0.014583 0.075000 0.012500 0.093750 0.087500 0.228125 0.208333 0.223438 0.139583 0.067188
7 0.641667 0.223438 0.639583 0.345313 0.643750 0.346875 0.647917 0.339063 0.668750 0.343750 0.685417 0.343750 0.735417 0.334375 0.735417 0.320312 0.729167 0.315625 0.672917 0.304688 0.658333 0.295312 0.656250 0.250000 0.660417 0.223438
7 0.602083 0.225000 0.443750 0.232812 0.468750 0.357812 0.604167 0.351562
7 0.141667 0.267188 0.133333 0.278125 0.133333 0.281250 0.125000 0.292188 0.125000 0.295312 0.116667 0.306250 0.116667 0.309375 0.172917 0.323438 0.185417 0.328125 0.187500 0.318750 0.195833 0.301562 0.195833 0.295312 0.175000 0.265625
7 0.120833 0.325000 0.102083 0.328125 0.016667 0.470313 0.014583 0.576563 0.035417 0.637500 0.014583 0.693750 0.012500 0.917188 0.097917 0.720312 0.083333 0.701563 0.108333 0.659375 0.068750 0.540625 0.172917 0.335938
7 0.558333 0.625000 0.560417 0.698438 0.602083 0.700000 0.604167 0.664062 0.739583 0.660937 0.604167 0.662500 0.600000 0.656250 0.600000 0.623438
7 0.435417 0.893750 0.427083 0.906250 0.427083 0.912500 0.425000 0.914062 0.422917 0.987500 0.454167 0.987500 0.454167 0.981250 0.458333 0.975000 0.458333 0.942187 0.460417 0.940625 0.458333 0.939062 0.458333 0.914062 0.462500 0.904688 0.458333 0.901563 0.458333 0.895312 0.456250 0.893750
8 0.820833 0.014062 0.768750 0.020312 0.768750 0.031250 0.777083 0.043750 0.754167 0.145313 0.745833 0.146875 0.722917 0.135937 0.718750 0.198437 0.785417 0.220313 0.783333 0.190625 0.795833 0.170312 0.797917 0.125000 0.806250 0.107813 0.812500 0.040625 0.825000 0.021875
8 0.989583 0.045313 0.947917 0.068750 0.947917 0.151562 0.943750 0.157813 0.943750 0.164062 0.952083 0.168750 0.989583 0.150000
8 0.245833 0.135937 0.235417 0.143750 0.227083 0.173438 0.227083 0.260938 0.241667 0.331250 0.268750 0.379687 0.293750 0.390625 0.322917 0.390625 0.362500 0.360938 0.366667 0.350000 0.366667 0.260938 0.362500 0.231250 0.354167 0.223438 0.356250 0.207813 0.327083 0.176563 0.308333 0.142188 0.268750 0.134375
8 0.847917 0.156250 0.843750 0.156250 0.839583 0.159375 0.839583 0.165625 0.837500 0.167187 0.837500 0.170312 0.835417 0.171875 0.835417 0.206250 0.837500 0.207813 0.837500 0.210938 0.839583 0.212500 0.841667 0.217187 0.847917 0.215625 0.847917 0.212500 0.854167 0.204688 0.854167 0.189063 0.856250 0.187500 0.856250 0.173438 0.854167 0.171875 0.854167 0.168750 0.852083 0.167187 0.852083 0.164062 0.850000 0.162500 0.850000 0.157813
8 0.775000 0.254687 0.768750 0.317187 0.775000 0.332812 0.779167 0.321875 0.772917 0.431250 0.795833 0.440625 0.866667 0.435937 0.900000 0.442187 0.900000 0.434375 0.925000 0.429688 0.933333 0.417188 0.933333 0.365625 0.954167 0.304688 0.933333 0.287500 0.791667 0.295312 0.781250 0.287500 0.783333 0.264062
8 0.195833 0.365625 0.166667 0.367188 0.158333 0.373437 0.075000 0.540625 0.083333 0.575000 0.164583 0.575000 0.168750 0.571875 0.152083 0.540625 0.152083 0.514063 0.168750 0.512500 0.183333 0.498437 0.189583 0.498437 0.225000 0.415625
8 0.547917 0.451562 0.547917 0.465625 0.562500 0.465625 0.564583 0.467187 0.566667 0.467187 0.566667 0.450000 0.558333 0.450000 0.556250 0.451562
8 0.377083 0.482812 0.377083 0.509375 0.395833 0.509375 0.395833 0.507812 0.393750 0.506250 0.393750 0.487500 0.391667 0.485938 0.389583 0.485938 0.387500 0.484375 0.383333 0.484375 0.381250 0.482812
8 0.462500 0.485938 0.462500 0.498437 0.472917 0.498437 0.475000 0.500000 0.489583 0.500000 0.491667 0.501562 0.491667 0.484375 0.466667 0.484375 0.464583 0.485938
8 0.812500 0.510938 0.797917 0.503125 0.762500 0.503125 0.739583 0.515625 0.722917 0.528125 0.718750 0.529688 0.693750 0.529688 0.693750 0.539062 0.695833 0.537500 0.725000 0.537500 0.756250 0.550000 0.777083 0.560938 0.802083 0.557813 0.804167 0.553125 0.814583 0.543750 0.812500 0.542188
8 0.535417 0.506250 0.535417 0.521875 0.577083 0.521875 0.575000 0.520312 0.575000 0.507812 0.570833 0.507812 0.568750 0.506250
8 0.839583 0.537500 0.839583 0.553125 0.843750 0.551562 0.977083 0.548437 0.972917 0.535937 0.841667 0.535937
8 0.983333 0.573438 0.981250 0.557813 0.839583 0.564062 0.835417 0.565625 0.831250 0.581250 0.820833 0.585938 0.810417 0.585938 0.802083 0.576563 0.816667 0.601562 0.822917 0.604688 0.964583 0.604688 0.977083 0.590625
8 0.785417 0.801562 0.768750 0.801562 0.768750 0.809375 0.766667 0.810938 0.750000 0.809375 0.752083 0.812500 0.760417 0.815625 0.754167 0.818750 0.754167 0.828125 0.752083 0.829687 0.739583 0.829687 0.737500 0.832812 0.750000 0.832812 0.754167 0.835938 0.754167 0.843750 0.758333 0.846875 0.770833 0.846875 0.781250 0.842188 0.781250 0.832812 0.766667 0.832812 0.764583 0.831250 0.764583 0.820312 0.762500 0.818750 0.764583 0.817187 0.770833 0.820312 0.770833 0.829687 0.789583 0.829687 0.789583 0.806250
8 0.777083 0.850000 0.777083 0.867188 0.795833 0.867188 0.797917 0.868750 0.800000 0.868750 0.800000 0.867188 0.804167 0.864062 0.802083 0.862500 0.802083 0.854688 0.795833 0.850000
8 0.708333 0.876562 0.708333 0.879687 0.729167 0.879687 0.731250 0.881250 0.735417 0.881250 0.741667 0.884375 0.752083 0.884375 0.754167 0.885938 0.764583 0.885938 0.766667 0.887500 0.766667 0.875000 0.764583 0.873438 0.764583 0.868750 0.737500 0.868750 0.731250 0.876562
8 0.772917 0.870313 0.772917 0.887500 0.775000 0.885938 0.791667 0.885938 0.793750 0.884375 0.797917 0.884375 0.797917 0.875000 0.791667 0.870313
8 0.783333 0.893750 0.783333 0.914062 0.789583 0.909375 0.806250 0.909375 0.808333 0.907812 0.810417 0.907812 0.810417 0.898438 0.804167 0.893750
8 0.789583 0.914062 0.789583 0.929688 0.791667 0.931250 0.791667 0.932813 0.814583 0.932813 0.816667 0.931250 0.818750 0.931250 0.816667 0.929688 0.816667 0.915625 0.814583 0.914062 0.812500 0.914062 0.810417 0.912500 0.791667 0.912500
8 0.737500 0.953125 0.737500 0.956250 0.733333 0.962500 0.733333 0.985937 0.735417 0.989062 0.739583 0.987500 0.793750 0.987500 0.791667 0.985937 0.791667 0.978125 0.783333 0.965625 0.777083 0.960938 0.775000 0.960938 0.770833 0.957812 0.762500 0.954687 0.758333 0.954687 0.750000 0.951563 0.739583 0.951563