1 0.406250 0.015625 0.095833 0.021875 0.097917 0.079687 0.145833 0.128125 0.368750 0.131250 0.358333 0.062500 0.404167 0.060938
1 0.552083 0.015625 0.552083 0.064062 0.556250 0.062500 0.595833 0.062500 0.610417 0.057813 0.625000 0.057813 0.635417 0.054688 0.643750 0.054688 0.643750 0.051562 0.635417 0.043750 0.633333 0.039062 0.622917 0.034375 0.618750 0.029687 0.618750 0.015625
1 0.056250 0.404687 0.118750 0.395312 0.141667 0.359375 0.239583 0.373437 0.250000 0.298438 0.472917 0.295312 0.468750 0.256250 0.522917 0.257812 0.522917 0.273438 0.633333 0.279687 0.608333 0.256250 0.366667 0.251563 0.356250 0.173438 0.060417 0.175000
1 0.597917 0.303125 0.522917 0.300000 0.520833 0.326562 0.470833 0.325000 0.470833 0.301562 0.258333 0.304688 0.258333 0.376563 0.327083 0.387500 0.347917 0.481250 0.341667 0.542188 0.252083 0.559375 0.252083 0.809375 0.481250 0.807813 0.487500 0.762500 0.629167 0.759375 0.627083 0.692187 0.591667 0.678125 0.577083 0.709375 0.502083 0.701563 0.433333 0.639063 0.439583 0.559375 0.462500 0.526563 0.581250 0.496875 0.581250 0.471875 0.543750 0.470313 0.545833 0.426562 0.597917 0.426562 0.589583 0.404687 0.608333 0.393750 0.577083 0.364062
1 0.033333 0.481250 0.031250 0.492188 0.039583 0.495313 0.050000 0.496875 0.056250 0.500000 0.060417 0.500000 0.066667 0.503125 0.070833 0.503125 0.077083 0.506250 0.087500 0.507812 0.104167 0.514063 0.104167 0.489062 0.106250 0.487500 0.104167 0.485938 0.087500 0.485938 0.085417 0.484375 0.068750 0.484375 0.066667 0.482812
1 0.039583 0.521875 0.035417 0.987500 0.366667 0.985937 0.362500 0.915625 0.391667 0.842188 0.481250 0.839063 0.483333 0.817187 0.239583 0.818750 0.235417 0.560938 0.158333 0.570312 0.116667 0.535937
1 0.581250 0.925000 0.539583 0.926562 0.537500 0.928125 0.518750 0.928125 0.516667 0.929688 0.516667 0.971875 0.518750 0.978125 0.520833 0.976562 0.593750 0.975000 0.597917 0.971875 0.606250 0.970312 0.600000 0.953125 0.585417 0.953125 0.581250 0.948438
2 0.985417 0.010937 0.881250 0.012500 0.816667 0.035937 0.822917 0.071875 0.970833 0.073437 0.956250 0.092188 0.887500 0.095312 0.883333 0.282813 0.958333 0.284375 0.964583 0.300000 0.868750 0.314063 0.800000 0.365625 0.820833 0.382812 0.777083 0.387500 0.783333 0.410937 0.947917 0.398438 0.952083 0.414062 0.852083 0.426562 0.852083 0.507812 0.935417 0.509375 0.945833 0.526563 0.762500 0.532812 0.747917 0.601562 0.816667 0.609375 0.816667 0.635938 0.783333 0.642187 0.810417 0.743750 0.864583 0.748438 0.868750 0.779688 0.906250 0.796875 0.983333 0.773438
3 0.772917 0.409375 0.608333 0.407813 0.602083 0.412500 0.608333 0.453125 0.597917 0.471875 0.612500 0.531250 0.602083 0.540625 0.612500 0.570312 0.604167 0.581250 0.612500 0.673437 0.604167 0.681250 0.629167 0.685938 0.635417 0.673437 0.677083 0.664062 0.695833 0.621875 0.708333 0.614062 0.737500 0.614062 0.745833 0.510938 0.714583 0.501562 0.710417 0.456250 0.733333 0.440625 0.743750 0.443750 0.735417 0.412500 0.772917 0.414062
3 0.397917 0.845312 0.375000 0.978125 0.397917 0.918750 0.495833 0.925000 0.491667 0.981250 0.372917 0.987500 0.841667 0.987500 0.622917 0.981250 0.625000 0.926562 0.733333 0.921875 0.756250 0.979688 0.766667 0.921875 0.795833 0.920313 0.816667 0.979688 0.831250 0.970312 0.829167 0.914062 0.743750 0.915625 0.756250 0.906250 0.729167 0.851562 0.743750 0.843750
5 0.720833 0.012500 0.645833 0.062500 0.645833 0.085938 0.602083 0.121875 0.610417 0.157813 0.664583 0.137500 0.629167 0.264062 0.656250 0.243750 0.639583 0.228125 0.672917 0.171875 0.718750 0.179688 0.725000 0.243750 0.695833 0.279687 0.704167 0.354688 0.652083 0.356250 0.650000 0.376563 0.812500 0.379687 0.764583 0.375000 0.860417 0.307813 0.956250 0.293750 0.875000 0.289062 0.875000 0.090625 0.960417 0.075000 0.691667 0.060938 0.664583 0.137500 0.666667 0.120312 0.620833 0.106250 0.670833 0.107813 0.689583 0.053125 0.808333 0.067188 0.816667 0.015625
5 0.814583 0.620313 0.706250 0.620313 0.685417 0.667188 0.641667 0.676562 0.647917 0.825000 0.729167 0.832812 0.760417 0.800000 0.787500 0.800000 0.800000 0.784375 0.862500 0.781250 0.856250 0.760938 0.804167 0.753125 0.772917 0.635938 0.814583 0.631250
6 0.939583 0.401563 0.833333 0.403125 0.768750 0.426562 0.775000 0.443750 0.789583 0.429688 0.806250 0.426562 0.822917 0.445312 0.814583 0.473437 0.820833 0.506250 0.800000 0.518750 0.937500 0.520312 0.843750 0.510938 0.843750 0.420312 0.850000 0.407813
6 0.758333 0.810938 0.756250 0.820312 0.766667 0.828125 0.762500 0.832812 0.772917 0.840625 0.768750 0.853125 0.777083 0.870313 0.777083 0.876562 0.764583 0.889063 0.768750 0.896875 0.777083 0.896875 0.789583 0.889063 0.795833 0.854688 0.906250 0.853125 0.906250 0.850000 0.793750 0.853125 0.789583 0.839063 0.789583 0.804688 0.775000 0.803125 0.762500 0.806250
7 0.414583 0.015625 0.416667 0.062500 0.539583 0.067188 0.541667 0.015625
7 0.477083 0.259375 0.481250 0.320312 0.516667 0.320312 0.516667 0.295312 0.606250 0.298438 0.606250 0.292188 0.614583 0.285937 0.518750 0.282813 0.514583 0.278125 0.512500 0.260938
8 0.370833 0.067188 0.375000 0.146875 0.337500 0.143750 0.337500 0.154687 0.368750 0.159375 0.372917 0.245312 0.616667 0.246875 0.629167 0.181250 0.645833 0.154687 0.606250 0.164062 0.587500 0.118750 0.591667 0.078125 0.600000 0.071875
8 0.670833 0.100000 0.654167 0.100000 0.650000 0.103125 0.631250 0.103125 0.629167 0.104687 0.622917 0.106250 0.622917 0.110937 0.631250 0.110937 0.633333 0.112500 0.645833 0.112500 0.656250 0.120312 0.658333 0.118750 0.668750 0.118750 0.668750 0.101562
8 0.012500 0.143750 0.012500 0.153125 0.229167 0.153125 0.227083 0.142188 0.220833 0.140625 0.093750 0.137500 0.085417 0.150000 0.062500 0.153125 0.054167 0.143750
8 0.237500 0.142188 0.237500 0.156250 0.239583 0.157813 0.241667 0.156250 0.268750 0.156250 0.270833 0.154687 0.327083 0.153125 0.327083 0.142188
8 0.679167 0.171875 0.658333 0.221875 0.650000 0.228125 0.650000 0.231250 0.679167 0.257812 0.677083 0.259375 0.662500 0.248437 0.647917 0.265625 0.639583 0.270312 0.639583 0.273438 0.647917 0.279687 0.666667 0.282813 0.683333 0.279687 0.704167 0.264062 0.710417 0.245312 0.718750 0.240625 0.716667 0.184375
8 0.616667 0.285937 0.608333 0.293750 0.610417 0.357812 0.612500 0.360938 0.625000 0.360938 0.647917 0.350000 0.691667 0.350000 0.702083 0.353125 0.691667 0.287500
8 0.606250 0.342187 0.593750 0.351562 0.593750 0.373437 0.597917 0.378125 0.600000 0.378125 0.612500 0.387500 0.618750 0.389062 0.622917 0.392188 0.629167 0.392188 0.633333 0.396875 0.639583 0.396875 0.639583 0.392188 0.658333 0.382812 0.656250 0.381250 0.652083 0.381250 0.650000 0.382812 0.645833 0.381250 0.645833 0.357812 0.633333 0.365625 0.627083 0.365625 0.625000 0.367188 0.608333 0.367188 0.606250 0.365625
8 0.022917 0.418750 0.112500 0.412500 0.104167 0.459375 0.016667 0.456250 0.014583 0.470313 0.112500 0.476562 0.118750 0.521875 0.020833 0.500000 0.014583 0.504687 0.125000 0.531250 0.164583 0.565625 0.333333 0.532812 0.339583 0.453125 0.318750 0.390625 0.143750 0.367188 0.125000 0.400000
8 0.493750 0.768750 0.491667 0.842188 0.681250 0.842188 0.675000 0.834375 0.654167 0.835938 0.643750 0.821875 0.637500 0.768750
8 0.756250 0.853125 0.754167 0.854688 0.754167 0.856250 0.752083 0.857813 0.752083 0.859375 0.750000 0.860937 0.750000 0.870313 0.752083 0.871875 0.752083 0.875000 0.754167 0.876562 0.754167 0.881250 0.764583 0.881250 0.764583 0.876562 0.766667 0.875000 0.766667 0.871875 0.768750 0.870313 0.766667 0.868750 0.766667 0.862500 0.764583 0.860937 0.764583 0.859375
8 0.466667 0.882812 0.466667 0.890625 0.464583 0.892187 0.464583 0.900000 0.462500 0.901563 0.462500 0.909375 0.487500 0.909375 0.487500 0.907812 0.479167 0.901563 0.479167 0.890625 0.475000 0.887500 0.475000 0.884375 0.472917 0.882812
8 0.591667 0.882812 0.591667 0.892187 0.589583 0.893750 0.589583 0.903125 0.587500 0.904688 0.587500 0.910937 0.597917 0.910937 0.600000 0.909375 0.608333 0.909375 0.610417 0.907812 0.606250 0.904688 0.606250 0.903125 0.604167 0.901563 0.604167 0.896875 0.602083 0.895312 0.602083 0.893750 0.600000 0.892187 0.600000 0.890625 0.597917 0.889063 0.597917 0.887500
8 0.714583 0.885938 0.714583 0.893750 0.712500 0.895312 0.712500 0.901563 0.710417 0.903125 0.710417 0.910937 0.718750 0.910937 0.720833 0.912500 0.733333 0.912500 0.735417 0.914062 0.735417 0.912500 0.733333 0.910937 0.733333 0.906250 0.731250 0.904688 0.731250 0.900000 0.729167 0.898438 0.729167 0.896875
8 0.485417 0.921875 0.460417 0.921875 0.460417 0.943750 0.462500 0.945312 0.464583 0.943750 0.466667 0.943750 0.470833 0.940625 0.472917 0.940625 0.472917 0.934375 0.475000 0.932813 0.475000 0.929688