1 0.077083 0.015625 0.191667 0.532812 0.233333 0.531250 0.297917 0.582812 0.262500 0.626562 0.197917 0.629687 0.210417 0.704687 0.233333 0.706250 0.272917 0.626562 0.689583 0.620313 0.550000 0.571875 0.552083 0.550000 0.587500 0.542188 0.593750 0.465625 0.554167 0.467187 0.550000 0.504687 0.504167 0.520312 0.420833 0.496875 0.422917 0.337500 0.512500 0.326562 0.283333 0.334375 0.237500 0.035937 0.139583 0.040625
1 0.475000 0.121875 0.475000 0.123438 0.470833 0.128125 0.470833 0.142188 0.472917 0.143750 0.479167 0.143750 0.481250 0.145313 0.485417 0.145313 0.487500 0.146875 0.497917 0.146875 0.497917 0.145313 0.500000 0.143750 0.500000 0.142188 0.502083 0.140625 0.502083 0.139062 0.506250 0.135937 0.508333 0.135937 0.508333 0.128125 0.502083 0.123438 0.485417 0.123438 0.483333 0.121875
1 0.433333 0.168750 0.433333 0.170312 0.429167 0.175000 0.422917 0.175000 0.422917 0.182812 0.420833 0.184375 0.420833 0.187500 0.422917 0.189063 0.425000 0.189063 0.443750 0.204688 0.454167 0.204688 0.458333 0.201562 0.460417 0.201562 0.464583 0.198437 0.466667 0.198437 0.466667 0.196875 0.470833 0.193750 0.470833 0.185937 0.460417 0.178125 0.458333 0.178125 0.452083 0.173438 0.450000 0.173438 0.443750 0.170312 0.439583 0.170312 0.437500 0.168750
1 0.510417 0.178125 0.510417 0.185937 0.520833 0.193750 0.520833 0.195312 0.522917 0.195312 0.539583 0.207813 0.539583 0.209375 0.547917 0.206250 0.575000 0.206250 0.585417 0.212500 0.606250 0.204688 0.604167 0.203125 0.604167 0.196875 0.595833 0.187500 0.589583 0.193750 0.579167 0.184375 0.560417 0.184375 0.552083 0.181250 0.543750 0.181250 0.525000 0.173438 0.520833 0.173438
1 0.020833 0.295312 0.016667 0.504687 0.035417 0.512500 0.075000 0.512500 0.091667 0.518750
1 0.018750 0.764063 0.014583 0.989062 0.089583 0.985937 0.072917 0.964063 0.050000 0.825000 0.033333 0.784375
2 0.985417 0.017188 0.829167 0.023438 0.829167 0.101562 0.885417 0.106250 0.881250 0.115625 0.850000 0.129688 0.850000 0.154687 0.835417 0.162500 0.835417 0.235938 0.841667 0.245312 0.862500 0.250000 0.893750 0.239063 0.927083 0.239063 0.927083 0.203125 0.937500 0.193750 0.983333 0.201562
2 0.877083 0.409375 0.864583 0.415625 0.827083 0.415625 0.829167 0.431250 0.860417 0.442187 0.862500 0.467187 0.854167 0.467187 0.850000 0.492188 0.827083 0.504687 0.804167 0.504687 0.802083 0.554688 0.770833 0.557813 0.777083 0.592188 0.827083 0.589063 0.843750 0.600000 0.841667 0.559375 0.866667 0.534375 0.891667 0.532812 0.914583 0.459375 0.910417 0.442187
2 0.847917 0.621875 0.831250 0.726562 0.787500 0.718750 0.787500 0.746875 0.768750 0.756250 0.768750 0.782812 0.787500 0.834375 0.785417 0.864062 0.814583 0.825000 0.835417 0.817187 0.858333 0.815625 0.837500 0.784375 0.831250 0.760938 0.847917 0.676562 0.860417 0.654688 0.860417 0.642187
3 0.425000 0.456250 0.852083 0.454688 0.647917 0.453125 0.647917 0.404687 0.750000 0.401563 0.758333 0.450000 0.775000 0.400000 0.870833 0.403125 0.862500 0.395312 0.768750 0.395312 0.741667 0.348437 0.758333 0.343750 0.433333 0.343750 0.420833 0.392188
3 0.622917 0.468750 0.616667 0.479688 0.627083 0.498437 0.620833 0.545313 0.612500 0.550000 0.620833 0.596875 0.714583 0.598437 0.714583 0.551562 0.702083 0.545313 0.704167 0.487500 0.641667 0.468750
5 0.868750 0.110937 0.785417 0.109375 0.777083 0.115625 0.770833 0.109375 0.747917 0.109375 0.722917 0.173438 0.695833 0.179688 0.670833 0.204688 0.677083 0.332812 0.762500 0.337500 0.758333 0.318750 0.764583 0.312500 0.777083 0.310937 0.793750 0.292188 0.812500 0.292188 0.831250 0.268750 0.862500 0.267188 0.870833 0.257812 0.827083 0.254687 0.820833 0.118750
5 0.943750 0.203125 0.943750 0.209375 0.941667 0.210938 0.941667 0.229687 0.943750 0.231250 0.945833 0.242188 0.947917 0.243750 0.962500 0.243750 0.964583 0.245312 0.968750 0.245312 0.985417 0.256250 0.985417 0.217187 0.987500 0.214062 0.985417 0.212500 0.981250 0.212500 0.979167 0.210938 0.975000 0.210938 0.972917 0.209375 0.968750 0.209375 0.966667 0.207813 0.962500 0.207813 0.960417 0.206250
5 0.654167 0.407813 0.652083 0.450000 0.754167 0.450000 0.725000 0.406250 0.656250 0.406250
5 0.645833 0.462500 0.645833 0.465625 0.708333 0.487500 0.706250 0.543750 0.716667 0.550000 0.729167 0.548437 0.731250 0.543750 0.735417 0.546875 0.795833 0.546875 0.789583 0.489062 0.833333 0.489062 0.837500 0.484375 0.762500 0.484375 0.754167 0.475000 0.752083 0.459375
5 0.620833 0.634375 0.614583 0.639063 0.614583 0.712500 0.627083 0.721875 0.691667 0.726562 0.702083 0.737500 0.729167 0.739062 0.733333 0.735937 0.718750 0.692187 0.712500 0.690625 0.716667 0.665625 0.691667 0.665625 0.677083 0.656250 0.650000 0.650000 0.652083 0.639063 0.675000 0.640625 0.691667 0.629687 0.683333 0.632812
5 0.758333 0.718750 0.758333 0.720312 0.760417 0.721875 0.760417 0.723437 0.772917 0.732813 0.770833 0.734375 0.756250 0.734375 0.754167 0.735937 0.752083 0.735937 0.752083 0.740625 0.764583 0.740625 0.766667 0.742188 0.772917 0.742188 0.775000 0.740625 0.779167 0.740625 0.779167 0.739062 0.781250 0.737500 0.781250 0.734375 0.779167 0.732813 0.779167 0.731250 0.770833 0.725000 0.768750 0.725000 0.762500 0.720312 0.760417 0.720312
6 0.793750 0.300000 0.787500 0.304688 0.781250 0.317187 0.793750 0.326562 0.795833 0.339063 0.785417 0.345313 0.781250 0.343750 0.789583 0.353125 0.789583 0.362500 0.781250 0.375000 0.772917 0.373437 0.772917 0.379687 0.785417 0.384375 0.793750 0.382812 0.802083 0.373437 0.856250 0.373437 0.797917 0.370313 0.802083 0.367188 0.806250 0.329688 0.802083 0.303125
6 0.922917 0.457812 0.902083 0.543750 0.925000 0.560938 0.937500 0.604688 0.912500 0.651563 0.872917 0.648438 0.902083 0.712500 0.870833 0.787500 0.847917 0.760938 0.868750 0.812500 0.891667 0.806250 0.912500 0.764063 0.962500 0.757812 0.918750 0.759375 0.985417 0.550000 0.972917 0.515625 0.937500 0.487500
6 0.752083 0.567187 0.722917 0.587500 0.743750 0.578125 0.754167 0.631250 0.737500 0.650000 0.747917 0.689062 0.727083 0.689062 0.741667 0.742188 0.750000 0.735937 0.756250 0.629687 0.779167 0.625000 0.797917 0.632812 0.764583 0.631250 0.762500 0.650000 0.814583 0.642187 0.808333 0.685938 0.785417 0.700000 0.762500 0.679688 0.756250 0.712500 0.789583 0.704687 0.825000 0.717188 0.839583 0.617188 0.835417 0.607813 0.791667 0.607813 0.764583 0.615625
7 0.447917 0.450000 0.514583 0.450000 0.516667 0.451562 0.522917 0.451562 0.522917 0.450000 0.514583 0.443750 0.466667 0.443750 0.464583 0.445312 0.460417 0.445312 0.458333 0.446875
7 0.425000 0.473437 0.425000 0.478125 0.439583 0.500000 0.462500 0.507812 0.479167 0.507812 0.481250 0.509375 0.497917 0.509375 0.500000 0.510938 0.522917 0.500000 0.537500 0.487500 0.537500 0.481250 0.539583 0.479688 0.539583 0.470313 0.531250 0.462500 0.445833 0.462500 0.443750 0.464063 0.435417 0.464063
8 0.802083 0.014062 0.639583 0.012500 0.639583 0.039062 0.629167 0.029687 0.633333 0.039062 0.627083 0.076563 0.643750 0.060938 0.637500 0.114063 0.643750 0.120312 0.641667 0.179688 0.633333 0.179688 0.641667 0.187500 0.675000 0.185937 0.716667 0.165625 0.743750 0.107813 0.802083 0.104687
8 0.897917 0.245312 0.872917 0.260938 0.835417 0.325000 0.883333 0.403125 0.908333 0.423438 0.991667 0.454688 0.983333 0.257812 0.920833 0.245312
8 0.522917 0.279687 0.525000 0.337500 0.675000 0.337500 0.670833 0.332812 0.672917 0.318750 0.666667 0.303125 0.666667 0.281250
8 0.537500 0.353125 0.535417 0.378125 0.608333 0.378125 0.614583 0.375000 0.616667 0.376563 0.614583 0.379687 0.614583 0.390625 0.631250 0.390625 0.635417 0.392188 0.633333 0.390625 0.633333 0.379687 0.631250 0.378125 0.631250 0.351562 0.547917 0.351562 0.545833 0.353125
8 0.643750 0.350000 0.645833 0.365625 0.647917 0.367188 0.647917 0.375000 0.650000 0.376563 0.656250 0.376563 0.658333 0.375000 0.737500 0.375000 0.735417 0.373437 0.733333 0.350000
8 0.522917 0.403125 0.514583 0.403125 0.512500 0.404687 0.504167 0.404687 0.504167 0.429688 0.506250 0.429688 0.508333 0.428125 0.510417 0.428125 0.512500 0.426562 0.516667 0.426562 0.514583 0.425000 0.514583 0.421875 0.516667 0.420312 0.516667 0.412500 0.520833 0.409375 0.522917 0.409375
8 0.635417 0.406250 0.614583 0.406250 0.612500 0.407813 0.612500 0.425000 0.614583 0.425000 0.616667 0.423438 0.620833 0.423438 0.622917 0.421875 0.627083 0.421875 0.627083 0.420312 0.633333 0.415625 0.633333 0.407813
8 0.764583 0.448438 0.770833 0.448438 0.772917 0.446875 0.847917 0.446875 0.847917 0.443750 0.845833 0.442187 0.837500 0.442187 0.835417 0.440625 0.768750 0.440625
8 0.758333 0.460938 0.758333 0.473437 0.764583 0.479688 0.831250 0.479688 0.833333 0.481250 0.839583 0.481250 0.845833 0.476562 0.845833 0.471875 0.847917 0.470313 0.847917 0.459375 0.762500 0.459375
8 0.016667 0.531250 0.016667 0.742188 0.070833 0.806250 0.085417 0.965625 0.100000 0.985937 0.220833 0.989062 0.193750 0.920313 0.175000 0.915625 0.197917 0.895312 0.195833 0.859375 0.175000 0.851562 0.185417 0.840625 0.172917 0.821875 0.191667 0.796875 0.162500 0.756250 0.172917 0.739062 0.141667 0.714063 0.135417 0.668750 0.108333 0.662500 0.116667 0.639063 0.087500 0.589063 0.102083 0.559375 0.068750 0.520312
8 0.879167 0.542188 0.870833 0.546875 0.854167 0.575000 0.858333 0.601562 0.872917 0.639063 0.881250 0.645312 0.893750 0.650000 0.904167 0.648438 0.912500 0.643750 0.920833 0.634375 0.927083 0.620313 0.929167 0.600000 0.914583 0.557813 0.889583 0.543750
8 0.272917 0.632812 0.191667 0.818750 0.197917 0.854688 0.693750 0.853125 0.702083 0.879687 0.775000 0.871875 0.766667 0.828125 0.737500 0.825000 0.720833 0.748438 0.685417 0.731250 0.627083 0.729688 0.600000 0.707812 0.610417 0.632812
8 0.658333 0.643750 0.658333 0.646875 0.675000 0.646875 0.677083 0.648438 0.681250 0.648438 0.689583 0.654688 0.702083 0.654688 0.712500 0.657812 0.714583 0.656250 0.722917 0.656250 0.725000 0.657812 0.722917 0.670313 0.725000 0.668750 0.741667 0.668750 0.741667 0.662500 0.737500 0.657812 0.727083 0.657812 0.725000 0.656250 0.733333 0.651563 0.733333 0.645312 0.725000 0.642187 0.714583 0.632812 0.693750 0.634375 0.677083 0.645312
8 0.875000 0.668750 0.843750 0.742188 0.843750 0.748438 0.866667 0.784375 0.897917 0.703125
8 0.960417 0.778125 0.947917 0.779688 0.927083 0.796875 0.881250 0.815625 0.833333 0.823438 0.810417 0.840625 0.789583 0.868750 0.795833 0.917188 0.814583 0.935938 0.845833 0.953125 0.877083 0.953125 0.900000 0.943750 0.945833 0.945312 0.983333 0.929688 0.987500 0.845312 0.958333 0.796875