1 0.016667 0.010937 0.016667 0.182812 0.054167 0.184375 0.093750 0.131250 0.050000 0.014062
1 0.137500 0.215625 0.118750 0.228125 0.102083 0.245312 0.102083 0.248437 0.108333 0.253125 0.108333 0.257812 0.072917 0.326562 0.125000 0.329688 0.156250 0.271875
1 0.635417 0.490625 0.614583 0.453125 0.541667 0.454688 0.525000 0.481250 0.500000 0.467187 0.502083 0.445312 0.210417 0.451562 0.193750 0.521875 0.266667 0.520312 0.293750 0.490625 0.345833 0.501562 0.350000 0.509375 0.614583 0.506250
1 0.716667 0.667188 0.650000 0.657812 0.635417 0.646875 0.633333 0.632812 0.595833 0.626562 0.600000 0.576563 0.625000 0.570312 0.591667 0.553125 0.589583 0.539062 0.602083 0.532812 0.354167 0.540625 0.335417 0.692187 0.706250 0.682813
1 0.264583 0.537500 0.191667 0.535937 0.091667 0.834375 0.206250 0.832812 0.200000 0.781250 0.220833 0.753125 0.218750 0.695312 0.245833 0.646875 0.243750 0.625000 0.256250 0.596875
1 0.647917 0.690625 0.327083 0.696875 0.272917 0.935938 0.187500 0.962500 0.154167 0.929688 0.193750 0.843750 0.083333 0.840625 0.045833 0.984375 0.487500 0.984375 0.410417 0.967188 0.385417 0.889063 0.445833 0.820312 0.489583 0.812500 0.575000 0.825000 0.627083 0.893750 0.616667 0.932813 0.545833 0.984375 0.685417 0.984375
2 0.989583 0.014062 0.775000 0.012500 0.775000 0.031250 0.831250 0.029687 0.845833 0.057813 0.841667 0.112500 0.770833 0.120312 0.779167 0.132812 0.845833 0.151562 0.843750 0.170312 0.827083 0.171875 0.829167 0.275000 0.800000 0.275000 0.800000 0.371875 0.775000 0.368750 0.764583 0.390625 0.783333 0.437500 0.858333 0.453125 0.835417 0.396875 0.860417 0.318750 0.983333 0.312500
2 0.983333 0.337500 0.966667 0.337500 0.964583 0.339063 0.947917 0.339063 0.945833 0.340625 0.929167 0.340625 0.927083 0.342187 0.908333 0.342187 0.927083 0.387500 0.947917 0.387500 0.950000 0.385938 0.985417 0.384375 0.983333 0.379687
2 0.939583 0.407813 0.935417 0.410937 0.987500 0.501562 0.987500 0.493750 0.985417 0.492188 0.985417 0.407813
4 0.625000 0.176563 0.622917 0.178125 0.620833 0.218750 0.618750 0.220313 0.618750 0.239063 0.625000 0.246875 0.679167 0.246875 0.687500 0.198437 0.700000 0.178125 0.693750 0.176563
4 0.839583 0.701563 0.843750 0.790625 0.872917 0.796875 0.887500 0.796875 0.918750 0.809375 0.922917 0.804688 0.925000 0.735937 0.945833 0.717188 0.962500 0.712500 0.956250 0.703125 0.937500 0.698438 0.916667 0.700000 0.904167 0.696875
5 0.768750 0.012500 0.587500 0.017188 0.579167 0.212500 0.602083 0.232812 0.612500 0.234375 0.618750 0.154687 0.633333 0.153125 0.614583 0.142188 0.612500 0.098438 0.631250 0.098438 0.645833 0.057813 0.643750 0.020312 0.685417 0.023438 0.677083 0.037500 0.681250 0.087500 0.666667 0.104687 0.670833 0.150000 0.683333 0.146875 0.689583 0.081250 0.718750 0.081250 0.716667 0.057813 0.733333 0.037500 0.766667 0.034375
5 0.837500 0.153125 0.781250 0.142188 0.716667 0.140625 0.714583 0.151562 0.625000 0.157813 0.625000 0.171875 0.708333 0.175000 0.689583 0.198437 0.681250 0.248437 0.622917 0.248437 0.622917 0.275000 0.822917 0.267188 0.822917 0.256250 0.812500 0.254687 0.818750 0.164062 0.825000 0.160938 0.835417 0.165625
5 0.752083 0.400000 0.668750 0.404687 0.658333 0.398438 0.652083 0.407813 0.622917 0.409375 0.620833 0.459375 0.625000 0.465625 0.647917 0.467187 0.658333 0.504687 0.670833 0.504687 0.677083 0.468750 0.681250 0.465625 0.710417 0.462500 0.716667 0.434375 0.762500 0.442187 0.772917 0.440625
5 0.718750 0.440625 0.714583 0.460938 0.787500 0.476562 0.833333 0.507812 0.866667 0.598437 0.839583 0.692187 0.812500 0.720312 0.850000 0.882812 0.797917 0.867188 0.775000 0.807813 0.747917 0.793750 0.679167 0.785937 0.693750 0.839063 0.760417 0.846875 0.812500 0.940625 0.800000 0.868750 0.847917 0.884375 0.854167 0.903125 0.958333 0.895312 0.970833 0.931250 0.937500 0.985937 0.989583 0.987500 0.987500 0.753125 0.937500 0.637500 0.912500 0.640625 0.893750 0.621875 0.893750 0.523438 0.868750 0.465625
5 0.729167 0.667188 0.712500 0.695312 0.727083 0.728125 0.720833 0.762500 0.731250 0.762500 0.745833 0.748438 0.760417 0.742188 0.772917 0.742188 0.810417 0.762500 0.781250 0.776563 0.754167 0.775000 0.770833 0.782812 0.816667 0.771875 0.808333 0.753125 0.777083 0.735937 0.743750 0.737500 0.731250 0.670313 0.737500 0.668750 0.758333 0.675000 0.758333 0.671875
5 0.656250 0.696875 0.647917 0.707812 0.650000 0.767187 0.662500 0.768750 0.670833 0.767187 0.677083 0.729688 0.681250 0.726562 0.693750 0.728125 0.702083 0.756250 0.714583 0.762500 0.706250 0.696875
6 0.695833 0.082813 0.693750 0.084375 0.693750 0.109375 0.697917 0.114063 0.697917 0.131250 0.700000 0.132812 0.700000 0.146875 0.695833 0.148438 0.714583 0.146875 0.710417 0.140625 0.712500 0.135937 0.752083 0.135937 0.752083 0.117188 0.716667 0.117188 0.714583 0.115625 0.716667 0.084375 0.718750 0.082813
6 0.793750 0.279687 0.785417 0.278125 0.793750 0.293750 0.789583 0.357812 0.772917 0.354688 0.777083 0.278125 0.768750 0.290625 0.672917 0.290625 0.662500 0.279687 0.656250 0.306250 0.662500 0.340625 0.650000 0.348437 0.656250 0.367188 0.666667 0.362500 0.672917 0.326562 0.758333 0.323438 0.670833 0.326562 0.672917 0.290625 0.764583 0.290625 0.772917 0.354688 0.750000 0.356250 0.791667 0.362500 0.800000 0.290625
6 0.877083 0.323438 0.843750 0.403125 0.852083 0.415625 0.877083 0.378125 0.912500 0.453125 0.887500 0.495313 0.877083 0.475000 0.891667 0.512500 0.929167 0.498437 0.962500 0.531250 0.977083 0.595312 0.945833 0.640625 0.987500 0.748438 0.989583 0.528125 0.929167 0.406250 0.979167 0.401563 0.979167 0.392188 0.922917 0.395312 0.897917 0.342187 0.985417 0.332812 0.985417 0.320312
6 0.766667 0.376563 0.762500 0.370313 0.752083 0.362500 0.670833 0.364062 0.664583 0.365625 0.664583 0.392188 0.666667 0.395312 0.670833 0.396875 0.675000 0.395312 0.758333 0.392188
6 0.681250 0.731250 0.668750 0.789062 0.675000 0.790625 0.677083 0.776563 0.693750 0.792188 0.706250 0.792188 0.697917 0.771875 0.700000 0.765625 0.743750 0.781250 0.729167 0.790625 0.747917 0.792188 0.760417 0.784375 0.706250 0.764063 0.697917 0.756250 0.687500 0.731250
6 0.670833 0.793750 0.668750 0.810938 0.679167 0.818750 0.689583 0.842188 0.689583 0.859375 0.681250 0.870313 0.685417 0.915625 0.702083 0.939062 0.691667 0.960938 0.695833 0.984375 0.737500 0.987500 0.714583 0.846875 0.691667 0.839063 0.675000 0.793750
7 0.535417 0.025000 0.408333 0.032812 0.425000 0.140625 0.535417 0.134375
7 0.125000 0.042188 0.125000 0.053125 0.162500 0.153125 0.252083 0.154687 0.220833 0.039062
7 0.341667 0.037500 0.247917 0.042188 0.283333 0.151562 0.302083 0.153125 0.304167 0.148438 0.302083 0.110937 0.312500 0.081250 0.325000 0.079687 0.331250 0.082813 0.339583 0.079687 0.347917 0.092188
7 0.427083 0.168750 0.439583 0.253125 0.539583 0.253125 0.537500 0.165625
7 0.225000 0.185937 0.197917 0.190625 0.131250 0.342187 0.156250 0.428125 0.014583 0.746875 0.014583 0.989062 0.031250 0.989062 0.200000 0.479688 0.177083 0.357812 0.235417 0.206250
7 0.508333 0.425000 0.508333 0.465625 0.510417 0.467187 0.510417 0.470313 0.512500 0.470313 0.518750 0.473437 0.522917 0.473437 0.529167 0.476562 0.531250 0.462500 0.533333 0.460938 0.533333 0.456250 0.535417 0.454688 0.535417 0.448438 0.537500 0.446875 0.537500 0.425000
7 0.460417 0.581250 0.452083 0.578125 0.441667 0.578125 0.431250 0.584375 0.425000 0.584375 0.422917 0.585938 0.422917 0.609375 0.420833 0.610937 0.420833 0.629687 0.431250 0.629687 0.433333 0.628125 0.452083 0.628125 0.458333 0.625000 0.462500 0.625000 0.462500 0.620313 0.464583 0.618750 0.466667 0.609375 0.468750 0.607813 0.466667 0.606250 0.466667 0.587500
7 0.445833 0.821875 0.400000 0.859375 0.387500 0.889063 0.387500 0.914062 0.408333 0.960938 0.416667 0.970312 0.443750 0.982813 0.541667 0.985937 0.597917 0.950000 0.618750 0.928125 0.625000 0.893750 0.595833 0.842188 0.575000 0.826563 0.552083 0.817187 0.489583 0.814062
8 0.650000 0.021875 0.654167 0.051562 0.639583 0.106250 0.652083 0.109375 0.658333 0.106250 0.662500 0.107813 0.652083 0.114063 0.633333 0.109375 0.633333 0.101562 0.618750 0.101562 0.622917 0.134375 0.618750 0.142188 0.643750 0.151562 0.662500 0.151562 0.662500 0.106250 0.675000 0.089062 0.677083 0.060938 0.672917 0.035937 0.679167 0.023438
8 0.318750 0.087500 0.318750 0.096875 0.308333 0.115625 0.316667 0.220313 0.329167 0.257812 0.333333 0.260938 0.354167 0.260938 0.379167 0.239063 0.385417 0.212500 0.379167 0.196875 0.377083 0.150000 0.370833 0.137500 0.370833 0.120312 0.343750 0.098438 0.341667 0.090625
8 0.689583 0.112500 0.687500 0.112500 0.687500 0.120312 0.685417 0.121875 0.685417 0.148438 0.687500 0.148438 0.689583 0.146875 0.691667 0.146875 0.691667 0.142188 0.693750 0.140625 0.693750 0.121875 0.691667 0.120312 0.691667 0.114063
8 0.589583 0.331250 0.589583 0.339063 0.606250 0.339063 0.631250 0.348437 0.635417 0.346875 0.656250 0.346875 0.660417 0.340625 0.660417 0.332812 0.658333 0.331250 0.658333 0.325000 0.652083 0.318750 0.627083 0.318750 0.622917 0.320312 0.606250 0.332812 0.604167 0.331250
8 0.872917 0.376563 0.854167 0.412500 0.852083 0.423438 0.887500 0.493750 0.910417 0.453125 0.881250 0.385938
8 0.579167 0.403125 0.285417 0.407813 0.285417 0.421875 0.291667 0.425000 0.579167 0.412500
8 0.681250 0.470313 0.677083 0.528125 0.691667 0.548437 0.677083 0.551562 0.677083 0.575000 0.650000 0.620313 0.687500 0.645312 0.756250 0.668750 0.766667 0.692187 0.787500 0.710938 0.808333 0.718750 0.814583 0.693750 0.806250 0.681250 0.827083 0.692187 0.839583 0.648438 0.862500 0.606250 0.845833 0.592188 0.843750 0.550000 0.825000 0.537500 0.831250 0.510938 0.737500 0.464063
8 0.322917 0.498437 0.289583 0.501562 0.266667 0.623438 0.237500 0.678125 0.222917 0.790625 0.175000 0.929688 0.197917 0.956250 0.210417 0.946875 0.233333 0.950000 0.254167 0.928125 0.268750 0.926562 0.275000 0.912500 0.264583 0.898438 0.285417 0.884375 0.277083 0.850000 0.295833 0.825000 0.277083 0.785937 0.302083 0.782812 0.308333 0.765625 0.285417 0.742188 0.314583 0.725000 0.308333 0.703125 0.329167 0.659375 0.318750 0.623438 0.337500 0.604688 0.325000 0.579687 0.335417 0.581250 0.339583 0.559375 0.329167 0.557813 0.347917 0.540625
8 0.925000 0.503125 0.914583 0.503125 0.900000 0.514063 0.893750 0.525000 0.893750 0.592188 0.897917 0.617188 0.910417 0.635938 0.916667 0.639063 0.935417 0.635938 0.960417 0.623438 0.972917 0.600000 0.968750 0.560938 0.956250 0.526563
8 0.612500 0.578125 0.608333 0.582812 0.608333 0.620313 0.610417 0.621875 0.610417 0.623438 0.625000 0.623438 0.627083 0.621875 0.637500 0.618750 0.637500 0.617188 0.635417 0.615625 0.635417 0.589063 0.633333 0.587500 0.629167 0.587500 0.622917 0.582812 0.620833 0.582812 0.614583 0.578125
8 0.666667 0.818750 0.666667 0.820312 0.664583 0.821875 0.664583 0.839063 0.666667 0.840625 0.666667 0.846875 0.668750 0.848437 0.668750 0.853125 0.670833 0.854688 0.670833 0.859375 0.672917 0.860937 0.672917 0.865625 0.672917 0.864062 0.675000 0.862500 0.675000 0.860937 0.677083 0.859375 0.679167 0.854688 0.687500 0.846875 0.685417 0.845312 0.685417 0.843750 0.683333 0.842188 0.683333 0.839063 0.679167 0.834375 0.679167 0.821875 0.675000 0.818750
8 0.966667 0.917188 0.954167 0.903125 0.935417 0.903125 0.875000 0.912500 0.858333 0.910937 0.822917 0.931250 0.766667 0.987500 0.925000 0.989062 0.933333 0.982813 0.956250 0.948438
8 0.681250 0.920313 0.681250 0.929688 0.679167 0.931250 0.679167 0.932813 0.675000 0.937500 0.675000 0.960938 0.677083 0.960938 0.683333 0.964063 0.685417 0.962500 0.689583 0.962500 0.689583 0.960938 0.693750 0.956250 0.693750 0.951563 0.695833 0.950000 0.695833 0.946875 0.697917 0.945312 0.695833 0.943750 0.695833 0.940625 0.693750 0.939062 0.693750 0.934375 0.691667 0.932813 0.691667 0.929688 0.689583 0.928125 0.689583 0.925000 0.685417 0.921875 0.683333 0.921875