1 0.018750 0.015625 0.016667 0.373437 0.085417 0.739062 0.483333 0.732813 0.477083 0.681250 0.160417 0.690625 0.129167 0.481250 0.593750 0.467187 0.585417 0.398438 0.454167 0.403125 0.450000 0.318750 0.737500 0.306250 0.654167 0.312500 0.564583 0.223438 0.566667 0.184375 0.595833 0.184375 0.581250 0.017188 0.210417 0.010937 0.212500 0.126563 0.135417 0.145313 0.097917 0.112500 0.097917 0.014062
1 0.677083 0.043750 0.645833 0.043750 0.650000 0.168750 0.700000 0.126563 0.695833 0.121875 0.697917 0.110937 0.691667 0.087500 0.675000 0.071875 0.679167 0.053125
1 0.595833 0.471875 0.139583 0.485938 0.162500 0.681250 0.597917 0.670313 0.593750 0.643750 0.514583 0.642187 0.514583 0.592188 0.585417 0.589063 0.539583 0.575000 0.527083 0.554688 0.560417 0.528125 0.570833 0.498437 0.593750 0.490625
2 0.618750 0.042188 0.614583 0.046875 0.614583 0.050000 0.610417 0.053125 0.610417 0.117188 0.614583 0.121875 0.618750 0.115625 0.618750 0.096875 0.620833 0.095312 0.620833 0.081250 0.622917 0.079687 0.622917 0.067188 0.620833 0.065625 0.620833 0.056250 0.618750 0.054688
2 0.983333 0.204688 0.783333 0.275000 0.764583 0.300000 0.772917 0.390625 0.839583 0.389062 0.902083 0.440625 0.812500 0.467187 0.870833 0.593750 0.764583 0.615625 0.883333 0.603125 0.947917 0.625000 0.950000 0.651563 0.866667 0.653125 0.870833 0.743750 0.952083 0.770312 0.964583 0.795313 0.775000 0.825000 0.787500 0.982813 0.985417 0.984375
2 0.789583 0.407813 0.810417 0.439063 0.812500 0.437500 0.839583 0.437500 0.841667 0.435937 0.864583 0.435937 0.837500 0.417188 0.835417 0.417188 0.820833 0.406250 0.791667 0.406250
2 0.802083 0.523438 0.802083 0.537500 0.800000 0.539062 0.800000 0.553125 0.797917 0.554688 0.795833 0.582812 0.833333 0.582812 0.835417 0.584375 0.839583 0.584375 0.835417 0.579687 0.835417 0.576563 0.831250 0.571875 0.831250 0.568750 0.827083 0.564062 0.827083 0.560938 0.822917 0.556250 0.822917 0.553125 0.818750 0.548437 0.818750 0.545313 0.814583 0.540625 0.814583 0.537500 0.810417 0.532812 0.810417 0.529688 0.808333 0.526563 0.804167 0.523438
3 0.760417 0.320312 0.466667 0.329688 0.477083 0.331250 0.479167 0.390625 0.472917 0.396875 0.762500 0.387500
3 0.585417 0.495313 0.604167 0.540625 0.597917 0.557813 0.602083 0.568750 0.591667 0.571875 0.591667 0.590625 0.600000 0.596875 0.602083 0.631250 0.618750 0.635938 0.731250 0.632812 0.735417 0.601562 0.725000 0.589063 0.722917 0.539062 0.614583 0.534375 0.597917 0.521875 0.595833 0.495313
5 0.618750 0.014062 0.625000 0.035937 0.685417 0.039062 0.689583 0.042188 0.683333 0.065625 0.702083 0.084375 0.702083 0.117188 0.706250 0.121875 0.704167 0.089062 0.716667 0.053125 0.712500 0.012500
5 0.935417 0.014062 0.762500 0.015625 0.764583 0.090625 0.841667 0.081250 0.858333 0.096875 0.827083 0.154687 0.843750 0.162500 0.766667 0.210938 0.735417 0.256250 0.670833 0.281250 0.668750 0.301562 0.987500 0.196875 0.929167 0.193750 0.918750 0.173438 0.914583 0.084375 0.931250 0.064062
5 0.604167 0.406250 0.606250 0.520312 0.731250 0.534375 0.725000 0.550000 0.739583 0.598437 0.850000 0.596875 0.860417 0.590625 0.825000 0.520312 0.806250 0.509375 0.806250 0.464063 0.818750 0.453125 0.889583 0.448438 0.889583 0.434375 0.839583 0.398438 0.829167 0.400000 0.877083 0.439063 0.806250 0.443750 0.779167 0.404687 0.825000 0.398438
5 0.602083 0.637500 0.608333 0.748438 0.614583 0.762500 0.720833 0.768750 0.741667 0.809375 0.837500 0.804688 0.827083 0.796875 0.789583 0.793750 0.783333 0.632812 0.745833 0.637500 0.635417 0.637500 0.620833 0.642187 0.616667 0.637500
6 0.612500 0.015625 0.606250 0.017188 0.606250 0.026563 0.622917 0.043750 0.627083 0.078125 0.622917 0.118750 0.610417 0.123438 0.604167 0.073437 0.604167 0.123438 0.616667 0.132812 0.618750 0.145313 0.604167 0.170312 0.612500 0.184375 0.606250 0.234375 0.652083 0.198437 0.639583 0.193750 0.639583 0.184375 0.647917 0.182812 0.639583 0.168750 0.637500 0.042188 0.620833 0.035937
7 0.364583 0.012500 0.331250 0.029687 0.314583 0.054688 0.308333 0.096875 0.310417 0.115625 0.337500 0.160938 0.370833 0.184375 0.404167 0.192188 0.475000 0.190625 0.506250 0.168750 0.525000 0.143750 0.539583 0.095312 0.535417 0.073437 0.516667 0.045313 0.475000 0.015625
7 0.016667 0.390625 0.014583 0.921875 0.079167 0.928125 0.089583 0.915625 0.147917 0.910937 0.147917 0.876562 0.091667 0.878125 0.066667 0.643750 0.041667 0.578125
7 0.452083 0.501562 0.452083 0.539062 0.462500 0.539062 0.464583 0.537500 0.477083 0.537500 0.479167 0.535937 0.489583 0.535937 0.489583 0.532812 0.487500 0.531250 0.487500 0.503125 0.485417 0.503125 0.483333 0.501562
7 0.370833 0.560938 0.370833 0.606250 0.381250 0.606250 0.383333 0.604688 0.418750 0.601562 0.431250 0.598437 0.454167 0.596875 0.454167 0.567187 0.450000 0.565625 0.431250 0.565625 0.429167 0.564062
7 0.522917 0.596875 0.522917 0.635938 0.525000 0.637500 0.525000 0.640625 0.527083 0.639063 0.591667 0.637500 0.595833 0.631250 0.593750 0.628125 0.593750 0.598437 0.591667 0.595312 0.529167 0.595312 0.527083 0.596875
8 0.200000 0.010937 0.110417 0.014062 0.112500 0.104687 0.131250 0.126563 0.143750 0.118750 0.154167 0.120312 0.158333 0.117188 0.168750 0.121875 0.175000 0.118750 0.177083 0.104687 0.189583 0.109375 0.200000 0.104687 0.200000 0.092188 0.185417 0.079687 0.187500 0.076563 0.195833 0.076563 0.200000 0.065625 0.193750 0.056250 0.197917 0.040625 0.177083 0.025000 0.179167 0.012500 0.200000 0.018750
8 0.597917 0.015625 0.595833 0.017188 0.591667 0.017188 0.589583 0.018750 0.589583 0.043750 0.591667 0.045313 0.591667 0.048437 0.595833 0.053125 0.595833 0.064062 0.602083 0.067188 0.602083 0.054688 0.604167 0.053125 0.604167 0.046875 0.606250 0.045313 0.610417 0.045313 0.612500 0.046875 0.612500 0.034375 0.610417 0.035937 0.604167 0.035937 0.602083 0.034375 0.602083 0.015625
8 0.843750 0.085938 0.804167 0.085938 0.758333 0.095312 0.710417 0.121875 0.691667 0.145313 0.654167 0.171875 0.652083 0.189063 0.664583 0.193750 0.635417 0.218750 0.627083 0.235938 0.627083 0.251563 0.643750 0.275000 0.670833 0.279687 0.731250 0.253125 0.762500 0.210938 0.835417 0.160938 0.810417 0.162500 0.795833 0.171875 0.777083 0.167187 0.818750 0.157813 0.831250 0.146875 0.854167 0.109375 0.854167 0.096875
8 0.600000 0.118750 0.593750 0.123438 0.593750 0.125000 0.591667 0.126563 0.591667 0.137500 0.587500 0.142188 0.587500 0.156250 0.589583 0.157813 0.589583 0.159375 0.591667 0.159375 0.593750 0.160938 0.600000 0.160938 0.606250 0.156250 0.604167 0.154687 0.604167 0.146875 0.602083 0.145313 0.602083 0.143750 0.604167 0.142188 0.608333 0.142188 0.610417 0.143750 0.610417 0.134375 0.608333 0.134375 0.602083 0.129688 0.602083 0.126563 0.600000 0.125000
8 0.802083 0.621875 0.831250 0.671875 0.825000 0.700000 0.825000 0.676562 0.800000 0.626562 0.791667 0.628125 0.785417 0.660937 0.810417 0.707812 0.820833 0.710938 0.818750 0.717188 0.804167 0.710938 0.795833 0.690625 0.800000 0.768750 0.841667 0.801562 0.947917 0.798437 0.950000 0.782812 0.897917 0.754687 0.862500 0.754687 0.854167 0.675000 0.860417 0.645312 0.941667 0.643750 0.941667 0.632812 0.889583 0.617188
8 0.791667 0.818750 0.722917 0.815625 0.722917 0.776563 0.718750 0.814062 0.662500 0.810938 0.654167 0.770312 0.654167 0.812500 0.597917 0.809375 0.604167 0.737500 0.085417 0.746875 0.127083 0.751562 0.131250 0.785937 0.089583 0.792188 0.527083 0.806250 0.475000 0.803125 0.472917 0.743750 0.527083 0.743750 0.533333 0.775000 0.535417 0.743750 0.593750 0.742188 0.593750 0.806250 0.537500 0.804688 0.537500 0.782812 0.535417 0.809375
8 0.772917 0.985937 0.733333 0.892187 0.091667 0.918750 0.047917 0.987500