1 0.985417 0.014062 0.454167 0.014062 0.439583 0.062500 0.937500 0.075000 0.854167 0.239063 0.762500 0.207813 0.804167 0.240625 0.760417 0.284375 0.477083 0.270312 0.537500 0.315625 0.297917 0.351562 0.318750 0.385938 0.191667 0.387500 0.143750 0.345313 0.235417 0.354688 0.158333 0.321875 0.045833 0.342187 0.014583 0.215625 0.016667 0.400000 0.437500 0.390625 0.500000 0.428125 0.458333 0.437500 0.452083 0.695312 0.295833 0.701563 0.304167 0.882812 0.654167 0.868750 0.685417 0.575000 0.575000 0.573438 0.625000 0.443750 0.562500 0.450000 0.522917 0.395312 0.987500 0.350000 0.985417 0.195312 0.983333 0.235938 0.889583 0.209375 0.929167 0.135937 0.985417 0.139062
1 0.420833 0.170312 0.425000 0.190625 0.431250 0.195312 0.433333 0.207813 0.433333 0.196875 0.435417 0.195312 0.472917 0.198437 0.475000 0.200000 0.485417 0.196875 0.520833 0.192188 0.472917 0.192188 0.470833 0.193750 0.441667 0.195312 0.425000 0.187500
1 0.560417 0.192188 0.591667 0.192188 0.593750 0.193750 0.708333 0.192188 0.702083 0.190625
1 0.827083 0.985937 0.791667 0.982813 0.781250 0.960938 0.691667 0.965625 0.672917 0.945312 0.675000 0.917188 0.647917 0.915625 0.643750 0.892187 0.304167 0.895312 0.300000 0.920313 0.260417 0.953125 0.014583 0.956250 0.014583 0.987500
3 0.012500 0.014062 0.014583 0.214062 0.216667 0.364062 0.239583 0.351562 0.497917 0.340625 0.493750 0.278125 0.447917 0.264062 0.395833 0.075000 0.429167 0.082813 0.427083 0.064062 0.460417 0.059375 0.452083 0.012500
3 0.258333 0.059375 0.254167 0.056250 0.231250 0.056250 0.077083 0.065625 0.062500 0.070312 0.235417 0.056250 0.254167 0.056250
3 0.806250 0.345313 0.766667 0.385938 0.768750 0.414062 0.747917 0.439063 0.804167 0.382812 0.816667 0.596875 0.806250 0.604688 0.752083 0.604688 0.754167 0.671875 0.831250 0.700000 0.852083 0.698438 0.839583 0.348437
3 0.845833 0.348437 0.870833 0.695312 0.985417 0.700000 0.987500 0.357812
3 0.439583 0.396875 0.020833 0.400000 0.014583 0.951563 0.258333 0.948438 0.291667 0.917188 0.291667 0.701563 0.447917 0.693750
5 0.964583 0.112500 0.910417 0.153125 0.891667 0.179688 0.891667 0.209375 0.906250 0.217187 0.962500 0.220313 0.983333 0.234375 0.983333 0.195312 0.987500 0.168750 0.983333 0.117188
7 0.091667 0.339063 0.091667 0.337500 0.081250 0.329688 0.081250 0.328125 0.079167 0.326562 0.079167 0.321875 0.077083 0.320312 0.077083 0.317187 0.066667 0.317187 0.064583 0.318750 0.056250 0.318750 0.054167 0.320312 0.043750 0.320312 0.041667 0.321875 0.033333 0.321875 0.031250 0.323438 0.020833 0.323438 0.045833 0.340625 0.050000 0.340625 0.052083 0.339063
7 0.145833 0.345313 0.145833 0.354688 0.191667 0.385938 0.318750 0.384375 0.318750 0.371875 0.295833 0.351562 0.237500 0.354688 0.227083 0.370313 0.216667 0.368750 0.185417 0.345313
7 0.520833 0.381250 0.516667 0.351562 0.347917 0.354688 0.366667 0.384375
7 0.802083 0.389062 0.793750 0.390625 0.752083 0.440625 0.752083 0.470313 0.747917 0.473437 0.752083 0.601562 0.806250 0.601562 0.810417 0.596875
7 0.535417 0.431250 0.556250 0.434375 0.556250 0.414062 0.572917 0.404687 0.764583 0.404687 0.764583 0.398438 0.535417 0.396875
7 0.562500 0.440625 0.735417 0.439063 0.756250 0.414062 0.756250 0.407813 0.577083 0.409375 0.560417 0.418750
7 0.741667 0.473437 0.589583 0.479688 0.587500 0.567187 0.737500 0.570312
8 0.016667 0.050000 0.018750 0.070312 0.060417 0.071875 0.039583 0.073437 0.056250 0.121875 0.102083 0.121875 0.083333 0.126563 0.083333 0.148438 0.106250 0.179688 0.150000 0.184375 0.143750 0.212500 0.160417 0.232812 0.350000 0.218750 0.300000 0.121875 0.287500 0.118750 0.297917 0.115625 0.256250 0.035937
8 0.935417 0.060938 0.775000 0.050000 0.437500 0.064062 0.435417 0.081250 0.456250 0.085938 0.402083 0.075000 0.427083 0.187500 0.522917 0.192188 0.435417 0.196875 0.454167 0.265625 0.564583 0.279687 0.760417 0.282813 0.766667 0.264062 0.800000 0.257812 0.802083 0.240625 0.764583 0.207813 0.818750 0.239063 0.854167 0.237500 0.854167 0.223438 0.827083 0.215625 0.922917 0.107813
8 0.016667 0.217187 0.020833 0.318750 0.079167 0.315625 0.093750 0.335938 0.110417 0.343750 0.125000 0.342187 0.150000 0.332812 0.156250 0.320312
8 0.354167 0.225000 0.202083 0.231250 0.222917 0.275000 0.225000 0.295312 0.237500 0.315625 0.304167 0.310937 0.291667 0.301562 0.289583 0.292188 0.308333 0.310937 0.341667 0.303125 0.389583 0.306250 0.379167 0.275000 0.335417 0.273438 0.379167 0.270312
8 0.500000 0.300000 0.500000 0.307813 0.497917 0.309375 0.497917 0.315625 0.512500 0.315625 0.514583 0.314063 0.537500 0.314063 0.537500 0.298438 0.504167 0.298438 0.502083 0.300000
8 0.750000 0.470313 0.750000 0.448438 0.660417 0.450000 0.658333 0.451562 0.620833 0.453125 0.616667 0.459375 0.620833 0.459375 0.625000 0.462500 0.643750 0.464063 0.645833 0.465625 0.745833 0.468750
8 0.743750 0.578125 0.741667 0.578125 0.739583 0.579687 0.727083 0.579687 0.727083 0.581250 0.725000 0.582812 0.725000 0.598437 0.727083 0.598437 0.729167 0.600000 0.731250 0.600000 0.733333 0.601562 0.735417 0.601562 0.739583 0.604688 0.743750 0.601562 0.743750 0.585938 0.745833 0.584375 0.745833 0.582812 0.743750 0.581250
8 0.697917 0.609375 0.697917 0.642187 0.741667 0.642187 0.743750 0.643750 0.747917 0.643750 0.747917 0.621875 0.739583 0.615625 0.733333 0.615625 0.731250 0.614062 0.722917 0.614062 0.720833 0.612500 0.714583 0.612500 0.712500 0.610937 0.704167 0.610937 0.702083 0.609375
8 0.697917 0.648438 0.697917 0.675000 0.739583 0.675000 0.741667 0.676562 0.745833 0.676562 0.745833 0.646875 0.700000 0.646875
8 0.702083 0.679688 0.706250 0.706250 0.747917 0.709375 0.672917 0.703125 0.666667 0.718750 0.685417 0.726562 0.639583 0.740625 0.652083 0.775000 0.689583 0.784375 0.647917 0.759375 0.658333 0.735937 0.683333 0.735937 0.672917 0.757812 0.739583 0.807813 0.697917 0.801562 0.652083 0.845312 0.679167 0.867188 0.658333 0.904688 0.679167 0.903125 0.700000 0.960938 0.772917 0.953125 0.775000 0.909375 0.781250 0.935938 0.856250 0.987500 0.854167 0.892187 0.862500 0.985937 0.987500 0.989062 0.987500 0.703125 0.847917 0.704687 0.843750 0.715625 0.762500 0.681250