1 0.404167 0.100000 0.410417 0.085938 0.872917 0.089062 0.902083 0.014062 0.395833 0.015625
1 0.785417 0.307813 0.427083 0.312500 0.445833 0.571875 0.491667 0.551562 0.568750 0.553125 0.595833 0.570312 0.593750 0.604688 0.675000 0.610937 0.691667 0.568750 0.604167 0.554688 0.597917 0.514063 0.712500 0.510938 0.727083 0.467187 0.647917 0.457812 0.643750 0.428125 0.745833 0.414062
1 0.583333 0.731250 0.516667 0.703125 0.460417 0.698438 0.460417 0.809375 0.439583 0.818750 0.016667 0.828125 0.020833 0.970312 0.439583 0.954687 0.445833 0.918750 0.568750 0.906250 0.614583 0.878125 0.562500 0.803125 0.560417 0.765625
1 0.672917 0.895312 0.650000 0.890625 0.633333 0.890625 0.595833 0.917188 0.572917 0.921875 0.529167 0.937500 0.514583 0.937500 0.514583 0.951563 0.679167 0.946875
3 0.989583 0.010937 0.906250 0.014062 0.887500 0.112500 0.445833 0.095312 0.443750 0.143750 0.537500 0.142188 0.441667 0.173438 0.522917 0.181250 0.491667 0.214062 0.522917 0.242188 0.454167 0.254687 0.439583 0.203125 0.435417 0.296875 0.552083 0.296875 0.535417 0.265625 0.620833 0.257812 0.556250 0.296875 0.800000 0.298438 0.760417 0.420312 0.850000 0.423438 0.829167 0.460938 0.743750 0.462500 0.725000 0.514063 0.808333 0.476562 0.910417 0.812500 0.772917 0.912500 0.756250 0.859375 0.725000 0.887500 0.760417 0.846875 0.712500 0.662500 0.689583 0.710938 0.685417 0.659375 0.608333 0.651563 0.620833 0.882812 0.722917 0.885938 0.685417 0.892187 0.689583 0.945312 0.750000 0.964063 0.987500 0.832812
3 0.012500 0.015625 0.018750 0.818750 0.429167 0.814062 0.447917 0.796875 0.366667 0.020312
3 0.987500 0.839063 0.793750 0.957812 0.987500 0.956250
7 0.804167 0.478125 0.787500 0.504687 0.800000 0.556250 0.775000 0.590625 0.750000 0.576563 0.739583 0.595312 0.697917 0.595312 0.681250 0.625000 0.581250 0.615625 0.572917 0.657812 0.602083 0.667188 0.604167 0.646875 0.687500 0.653125 0.675000 0.701563 0.689583 0.709375 0.689583 0.670313 0.727083 0.629687 0.745833 0.635938 0.766667 0.603125 0.747917 0.662500 0.725000 0.664062 0.772917 0.906250 0.900000 0.817187 0.906250 0.796875
8 0.433333 0.153125 0.445833 0.179688 0.520833 0.168750 0.527083 0.157813 0.535417 0.167187 0.566667 0.184375 0.625000 0.153125 0.631250 0.131250 0.541667 0.139062 0.537500 0.143750 0.535417 0.139062 0.487500 0.123438 0.435417 0.148438
8 0.856250 0.132812 0.837500 0.126563 0.827083 0.126563 0.808333 0.131250 0.800000 0.131250 0.797917 0.132812 0.758333 0.139062 0.770833 0.179688 0.777083 0.179688 0.822917 0.167187 0.829167 0.167187 0.854167 0.160938 0.854167 0.134375
8 0.747917 0.128125 0.729167 0.128125 0.727083 0.129688 0.708333 0.129688 0.706250 0.131250 0.687500 0.131250 0.685417 0.132812 0.666667 0.132812 0.662500 0.134375 0.654167 0.146875 0.656250 0.176563 0.666667 0.176563 0.677083 0.173438 0.685417 0.173438 0.706250 0.168750 0.743750 0.164062 0.745833 0.129688
8 0.622917 0.171875 0.610417 0.176563 0.606250 0.176563 0.543750 0.200000 0.543750 0.218750 0.545833 0.220313 0.562500 0.209375 0.581250 0.209375 0.583333 0.207813 0.622917 0.206250
8 0.841667 0.171875 0.762500 0.185937 0.768750 0.220313 0.735417 0.225000 0.750000 0.259375 0.818750 0.243750 0.820833 0.218750 0.781250 0.218750 0.835417 0.206250
8 0.735417 0.175000 0.645833 0.193750 0.652083 0.223438 0.647917 0.226562 0.637500 0.226562 0.650000 0.262500 0.733333 0.242188 0.725000 0.217187 0.675000 0.223438 0.664583 0.221875 0.733333 0.204688
8 0.520833 0.181250 0.435417 0.185937 0.447917 0.225000 0.452083 0.226562 0.445833 0.240625 0.454167 0.253125 0.520833 0.242188 0.520833 0.212500 0.508333 0.214062 0.493750 0.212500 0.520833 0.204688
8 0.620833 0.218750 0.566667 0.220313 0.564583 0.221875 0.560417 0.221875 0.554167 0.226562 0.535417 0.235938 0.531250 0.240625 0.543750 0.259375 0.558333 0.257812 0.572917 0.253125 0.579167 0.253125 0.581250 0.251563 0.593750 0.250000 0.608333 0.245312 0.614583 0.245312 0.614583 0.239063 0.618750 0.231250
8 0.725000 0.250000 0.708333 0.253125 0.702083 0.256250 0.697917 0.256250 0.695833 0.257812 0.679167 0.260938 0.672917 0.264062 0.656250 0.267188 0.650000 0.270312 0.645833 0.270312 0.645833 0.275000 0.647917 0.276563 0.652083 0.289062 0.654167 0.290625 0.727083 0.290625 0.727083 0.287500 0.725000 0.285937
8 0.816667 0.253125 0.808333 0.253125 0.797917 0.256250 0.789583 0.256250 0.779167 0.259375 0.770833 0.259375 0.760417 0.262500 0.743750 0.264062 0.743750 0.290625 0.752083 0.290625 0.762500 0.287500 0.770833 0.287500 0.772917 0.285937 0.791667 0.284375 0.802083 0.281250 0.820833 0.279687 0.818750 0.278125
8 0.520833 0.256250 0.508333 0.257812 0.506250 0.259375 0.502083 0.259375 0.500000 0.260938 0.495833 0.260938 0.493750 0.262500 0.489583 0.262500 0.487500 0.264062 0.483333 0.264062 0.475000 0.267188 0.468750 0.267188 0.466667 0.268750 0.462500 0.268750 0.460417 0.270312 0.443750 0.273438 0.443750 0.275000 0.452083 0.281250 0.452083 0.282813 0.460417 0.289062 0.460417 0.290625 0.462500 0.289062 0.481250 0.289062 0.483333 0.287500 0.518750 0.285937 0.518750 0.259375
8 0.620833 0.279687 0.620833 0.259375 0.608333 0.259375 0.606250 0.260938 0.593750 0.260938 0.591667 0.262500 0.579167 0.262500 0.577083 0.264062 0.564583 0.264062 0.562500 0.265625 0.535417 0.267188 0.554167 0.296875 0.556250 0.295312 0.572917 0.292188 0.579167 0.289062
8 0.847917 0.423438 0.841667 0.420312 0.708333 0.421875 0.697917 0.423438 0.683333 0.432813 0.652083 0.432813 0.652083 0.450000 0.654167 0.453125 0.672917 0.453125 0.697917 0.459375 0.829167 0.459375 0.835417 0.456250 0.843750 0.443750
8 0.797917 0.540625 0.787500 0.515625 0.660417 0.521875 0.625000 0.529688 0.610417 0.521875 0.616667 0.526563 0.616667 0.550000 0.641667 0.548437 0.666667 0.557813 0.693750 0.560938 0.766667 0.559375 0.766667 0.562500 0.750000 0.564062 0.768750 0.590625 0.781250 0.560938 0.772917 0.559375 0.789583 0.557813 0.797917 0.553125
8 0.522917 0.556250 0.466667 0.575000 0.466667 0.676562 0.556250 0.682813 0.581250 0.578125 0.541667 0.560938
8 0.733333 0.629687 0.727083 0.634375 0.727083 0.653125 0.729167 0.654688 0.729167 0.660937 0.731250 0.662500 0.743750 0.662500 0.743750 0.639063 0.739583 0.639063 0.737500 0.637500 0.737500 0.634375 0.735417 0.632812 0.735417 0.631250
8 0.604167 0.671875 0.572917 0.670313 0.568750 0.673437 0.564583 0.687500 0.537500 0.687500 0.522917 0.692187 0.506250 0.690625 0.491667 0.685938 0.491667 0.689062 0.497917 0.693750 0.502083 0.693750 0.516667 0.700000 0.593750 0.721875 0.597917 0.720312 0.597917 0.712500 0.600000 0.710938
8 0.429167 0.842188 0.366667 0.843750 0.364583 0.845312 0.364583 0.878125 0.366667 0.879687 0.366667 0.882812 0.368750 0.881250 0.433333 0.879687 0.431250 0.876562
8 0.106250 0.845312 0.083333 0.959375 0.272917 0.956250 0.289583 0.846875
8 0.633333 0.885938 0.620833 0.887500 0.570833 0.914062 0.520833 0.921875 0.445833 0.920313 0.441667 0.959375 0.512500 0.953125 0.514583 0.929688 0.543750 0.929688 0.616667 0.892187 0.629167 0.890625