1 0.989583 0.014062 0.014583 0.012500 0.022917 0.421875 0.077083 0.382812 0.022917 0.271875 0.097917 0.382812 0.156250 0.393750 0.150000 0.468750 0.383333 0.853125 0.487500 0.850000 0.412500 0.790625 0.575000 0.762500 0.579167 0.729688 0.427083 0.737500 0.358333 0.700000 0.397917 0.671875 0.354167 0.656250 0.347917 0.562500 0.272917 0.543750 0.341667 0.531250 0.343750 0.481250 0.529167 0.470313 0.425000 0.203125 0.460417 0.100000 0.525000 0.106250 0.531250 0.171875 0.589583 0.181250 0.645833 0.126563 0.733333 0.167187 0.735417 0.109375 0.879167 0.104687 0.891667 0.073437 0.989583 0.060938
1 0.016667 0.589063 0.050000 0.634375 0.018750 0.690625 0.016667 0.989062 0.379167 0.984375 0.372917 0.857813 0.210417 0.598437 0.187500 0.615625 0.110417 0.631250 0.066667 0.620313 0.039583 0.587500
2 0.793750 0.773438 0.789583 0.812500 0.758333 0.851562 0.779167 0.921875 0.895833 0.906250 0.875000 0.851562 0.854167 0.843750 0.822917 0.773438
3 0.989583 0.065625 0.889583 0.076563 0.881250 0.109375 0.766667 0.112500 0.741667 0.145313 0.885417 0.325000 0.856250 0.342187 0.837500 0.482812 0.789583 0.481250 0.781250 0.517187 0.758333 0.523438 0.872917 0.617188 0.900000 0.725000 0.885417 0.760938 0.914583 0.817187 0.885417 0.854688 0.897917 0.892187 0.925000 0.870313 0.983333 0.871875 0.985417 0.389062 0.939583 0.331250 0.985417 0.382812
3 0.747917 0.407813 0.639583 0.398438 0.620833 0.425000 0.610417 0.493750 0.493750 0.470313 0.343750 0.482812 0.352083 0.540625 0.402083 0.665625 0.700000 0.640625 0.725000 0.525000 0.625000 0.496875 0.777083 0.514063 0.783333 0.471875
3 0.718750 0.648438 0.693750 0.651563 0.689583 0.645312 0.412500 0.668750 0.410417 0.695312 0.429167 0.734375 0.697917 0.714063 0.720833 0.707812 0.708333 0.700000 0.708333 0.670313 0.716667 0.668750
3 0.454167 0.776563 0.454167 0.803125 0.470833 0.837500 0.695833 0.817187 0.691667 0.803125 0.581250 0.801562 0.575000 0.796875 0.572917 0.764063
3 0.710417 0.837500 0.697917 0.834375 0.681250 0.821875 0.668750 0.821875 0.539583 0.837500 0.541667 0.856250 0.558333 0.856250 0.679167 0.843750
7 0.756250 0.192188 0.735417 0.198437 0.720833 0.360938 0.795833 0.484375 0.810417 0.484375 0.835417 0.475000 0.854167 0.337500 0.877083 0.321875 0.866667 0.309375 0.852083 0.307813 0.766667 0.193750
7 0.287500 0.251563 0.247917 0.254687 0.216667 0.285937 0.216667 0.290625 0.233333 0.318750 0.275000 0.334375 0.314583 0.323438 0.339583 0.296875 0.325000 0.271875 0.306250 0.257812
7 0.058333 0.390625 0.035417 0.423438 0.037500 0.443750 0.056250 0.465625 0.108333 0.481250 0.168750 0.460938 0.177083 0.425000 0.150000 0.390625 0.108333 0.385938 0.089583 0.385938
7 0.016667 0.471875 0.016667 0.575000 0.041667 0.571875 0.052083 0.535937 0.079167 0.518750 0.097917 0.514063 0.058333 0.545313 0.050000 0.565625 0.064583 0.606250 0.118750 0.623438 0.179167 0.614062 0.212500 0.582812 0.204167 0.528125 0.147917 0.512500 0.100000 0.515625 0.075000 0.481250 0.058333 0.475000
7 0.014583 0.596875 0.014583 0.676562 0.016667 0.678125 0.016667 0.681250 0.043750 0.650000 0.041667 0.648438 0.041667 0.621875 0.020833 0.600000
7 0.672917 0.850000 0.668750 0.860937 0.672917 0.864062 0.672917 0.879687 0.677083 0.889063 0.675000 0.903125 0.689583 0.926562 0.691667 0.951563 0.741667 0.951563 0.752083 0.925000 0.756250 0.923437 0.764583 0.929688 0.775000 0.926562 0.747917 0.845312 0.735417 0.846875 0.722917 0.840625 0.714583 0.840625
7 0.377083 0.862500 0.383333 0.985937 0.695833 0.979688 0.656250 0.860937 0.493750 0.865625 0.491667 0.856250
8 0.747917 0.148438 0.731250 0.175000 0.712500 0.173438 0.687500 0.128125 0.643750 0.131250 0.606250 0.162500 0.595833 0.217187 0.591667 0.185937 0.566667 0.184375 0.560417 0.170312 0.533333 0.181250 0.522917 0.204688 0.522917 0.293750 0.552083 0.328125 0.591667 0.317187 0.606250 0.289062 0.704167 0.292188 0.712500 0.303125 0.725000 0.248437 0.685417 0.264062 0.612500 0.270312 0.597917 0.234375 0.618750 0.265625 0.681250 0.260938 0.716667 0.243750 0.727083 0.192188 0.760417 0.187500
8 0.547917 0.329688 0.483333 0.331250 0.481250 0.332812 0.481250 0.335938 0.483333 0.337500 0.483333 0.343750 0.485417 0.345313 0.485417 0.350000 0.487500 0.351562 0.491667 0.368750 0.502083 0.368750 0.504167 0.367188 0.512500 0.367188 0.514583 0.365625 0.520833 0.365625 0.522917 0.364062 0.531250 0.364062 0.533333 0.362500 0.552083 0.360938 0.550000 0.359375
8 0.550000 0.364062 0.545833 0.364062 0.543750 0.365625 0.539583 0.365625 0.537500 0.367188 0.533333 0.367188 0.531250 0.368750 0.527083 0.368750 0.525000 0.370313 0.520833 0.370313 0.518750 0.371875 0.508333 0.373437 0.502083 0.376563 0.491667 0.378125 0.491667 0.381250 0.493750 0.382812 0.493750 0.385938 0.495833 0.387500 0.497917 0.395312 0.516667 0.395312 0.518750 0.393750 0.533333 0.393750 0.535417 0.392188 0.550000 0.392188
8 0.497917 0.435937 0.512500 0.451562 0.543750 0.465625 0.558333 0.476562 0.610417 0.476562 0.614583 0.445312 0.620833 0.423438 0.566667 0.412500 0.539583 0.414062 0.527083 0.418750
8 0.843750 0.584375 0.735417 0.603125 0.722917 0.634375 0.725000 0.671875 0.712500 0.679688 0.714583 0.700000 0.731250 0.704687 0.700000 0.717188 0.697917 0.781250 0.706250 0.814062 0.781250 0.807813 0.785417 0.768750 0.758333 0.756250 0.866667 0.765625 0.887500 0.753125 0.893750 0.703125 0.870833 0.617188
8 0.677083 0.670313 0.675000 0.671875 0.675000 0.704687 0.704167 0.704687 0.704167 0.673437 0.706250 0.671875 0.706250 0.670313
8 0.664583 0.675000 0.650000 0.675000 0.647917 0.676562 0.633333 0.676562 0.631250 0.678125 0.616667 0.678125 0.616667 0.712500 0.620833 0.710938 0.660417 0.710938 0.660417 0.695312 0.662500 0.693750 0.662500 0.676562
8 0.497917 0.689062 0.497917 0.701563 0.500000 0.703125 0.500000 0.715625 0.502083 0.717188 0.508333 0.717188 0.510417 0.718750 0.516667 0.718750 0.518750 0.720312 0.527083 0.720312 0.529167 0.721875 0.527083 0.720312 0.527083 0.709375 0.525000 0.707812 0.525000 0.696875 0.522917 0.695312 0.522917 0.685938 0.516667 0.685938 0.514583 0.687500 0.506250 0.687500 0.504167 0.689062
8 0.472917 0.690625 0.456250 0.690625 0.454167 0.692187 0.435417 0.692187 0.435417 0.696875 0.437500 0.698438 0.437500 0.703125 0.439583 0.704687 0.439583 0.707812 0.441667 0.709375 0.441667 0.714063 0.443750 0.715625 0.443750 0.720312 0.445833 0.721875 0.445833 0.725000 0.447917 0.726562 0.458333 0.726562 0.460417 0.725000 0.466667 0.725000 0.468750 0.723437 0.472917 0.723437 0.475000 0.721875 0.481250 0.721875 0.479167 0.720312 0.479167 0.714063 0.477083 0.712500 0.477083 0.706250 0.475000 0.704687 0.475000 0.696875 0.472917 0.695312
8 0.695833 0.731250 0.685417 0.723437 0.675000 0.723437 0.581250 0.735937 0.581250 0.800000 0.687500 0.796875
8 0.672917 0.948438 0.670833 0.946875 0.662500 0.946875 0.660417 0.945312 0.647917 0.945312 0.645833 0.946875 0.633333 0.946875 0.627083 0.951563 0.627083 0.953125 0.625000 0.954687 0.622917 0.959375 0.633333 0.959375 0.639583 0.964063 0.647917 0.964063 0.645833 0.962500 0.645833 0.959375 0.647917 0.957812 0.652083 0.957812 0.654167 0.956250 0.660417 0.956250 0.662500 0.954687 0.668750 0.954687 0.668750 0.953125 0.672917 0.950000