1 0.014583 0.157813 0.618750 0.170312 0.612500 0.085938 0.637500 0.070312 0.658333 0.029687 0.787500 0.026563 0.797917 0.014062 0.014583 0.014062
1 0.602083 0.350000 0.016667 0.359375 0.016667 0.565625 0.662500 0.542188 0.647917 0.453125 0.568750 0.453125 0.562500 0.420312 0.547917 0.414062 0.552083 0.381250
1 0.812500 0.957812 0.739583 0.898438 0.616667 0.875000 0.635417 0.809375 0.016667 0.829687 0.020833 0.853125 0.204167 0.832812 0.233333 0.845312 0.212500 0.987500 0.620833 0.979688 0.656250 0.960938
5 0.910417 0.046875 0.841667 0.018750 0.808333 0.020312 0.750000 0.103125 0.775000 0.103125 0.825000 0.095312 0.847917 0.095312 0.860417 0.098438 0.872917 0.096875 0.889583 0.068750 0.887500 0.059375 0.904167 0.056250
5 0.689583 0.193750 0.668750 0.193750 0.620833 0.220313 0.635417 0.298438 0.652083 0.318750 0.652083 0.342187 0.662500 0.342187 0.691667 0.309375 0.731250 0.282813 0.754167 0.251563 0.781250 0.245312 0.745833 0.234375 0.720833 0.218750 0.706250 0.215625 0.691667 0.201562
5 0.693750 0.435937 0.664583 0.446875 0.679167 0.703125 0.618750 0.871875 0.731250 0.885938 0.704167 0.867188 0.764583 0.821875 0.887500 0.792188 0.893750 0.700000 0.877083 0.625000 0.731250 0.628125 0.710417 0.620313 0.722917 0.593750 0.718750 0.475000 0.735417 0.475000 0.712500 0.442187
5 0.985417 0.496875 0.916667 0.521875 0.910417 0.550000 0.931250 0.560938 0.933333 0.546875 0.952083 0.545313 0.979167 0.560938 0.970833 0.612500 0.935417 0.600000 0.937500 0.665625 0.962500 0.654688 0.987500 0.764063 0.972917 0.771875 0.945833 0.745313 0.929167 0.760938 0.900000 0.720312 0.902083 0.785937 0.972917 0.834375 0.977083 0.864062 0.860417 0.939062 0.810417 0.943750 0.860417 0.987500 0.989583 0.987500
7 0.012500 0.164062 0.020833 0.348437 0.522917 0.350000 0.510417 0.173438
7 0.633333 0.562500 0.014583 0.573438 0.014583 0.807813 0.647917 0.784375
7 0.231250 0.845312 0.216667 0.834375 0.014583 0.854688 0.020833 0.985937 0.210417 0.989062
8 0.985417 0.068750 0.962500 0.051562 0.941667 0.043750 0.937500 0.045313 0.927083 0.057813 0.889583 0.059375 0.891667 0.070312 0.895833 0.076563 0.891667 0.085938 0.889583 0.101562 0.891667 0.100000 0.947917 0.098438 0.958333 0.093750 0.987500 0.085938 0.985417 0.082813
8 0.685417 0.110937 0.700000 0.209375 0.820833 0.248437 0.758333 0.250000 0.679167 0.346875 0.645833 0.350000 0.618750 0.220313 0.666667 0.179688 0.516667 0.173438 0.529167 0.343750 0.625000 0.351562 0.575000 0.360938 0.550000 0.401563 0.577083 0.448438 0.714583 0.442187 0.737500 0.475000 0.716667 0.618750 0.875000 0.617188 0.877083 0.595312 0.914583 0.729688 0.975000 0.762500 0.962500 0.665625 0.937500 0.689062 0.927083 0.604688 0.964583 0.606250 0.972917 0.556250 0.893750 0.578125 0.887500 0.471875 0.918750 0.507812 0.983333 0.492188 0.985417 0.231250 0.906250 0.242188 0.895833 0.268750 0.875000 0.256250 0.945833 0.109375
8 0.925000 0.801562 0.897917 0.793750 0.868750 0.793750 0.785417 0.812500 0.706250 0.867188 0.752083 0.896875 0.793750 0.939062 0.866667 0.931250 0.887500 0.921875 0.937500 0.881250 0.972917 0.859375 0.968750 0.835938