1 0.018750 0.432813 0.018750 0.545313 0.483333 0.535937 0.466667 0.503125 0.466667 0.431250
1 0.531250 0.585938 0.491667 0.540625 0.022917 0.551562 0.016667 0.557813 0.016667 0.603125
1 0.616667 0.573438 0.612500 0.567187 0.608333 0.567187 0.606250 0.565625 0.600000 0.565625 0.595833 0.562500 0.587500 0.559375 0.583333 0.559375 0.575000 0.565625 0.568750 0.567187 0.564583 0.570312 0.562500 0.570312 0.539583 0.582812 0.577083 0.582812 0.579167 0.581250 0.614583 0.581250 0.614583 0.575000
1 0.016667 0.692187 0.016667 0.989062 0.097917 0.985937 0.129167 0.798437
1 0.043750 0.703125 0.133333 0.792188 0.254167 0.789062 0.231250 0.757812 0.222917 0.756250 0.210417 0.764063 0.197917 0.750000 0.185417 0.750000 0.143750 0.696875
1 0.841667 0.939062 0.833333 0.912500 0.750000 0.910937 0.750000 0.868750 0.818750 0.867188 0.806250 0.832812 0.745833 0.815625 0.731250 0.825000 0.752083 0.942187 0.610417 0.967188 0.583333 0.956250 0.570833 0.973437 0.531250 0.967188 0.522917 0.943750 0.427083 0.953125 0.395833 0.937500 0.404167 0.831250 0.531250 0.790625 0.150000 0.803125 0.108333 0.989062 0.808333 0.970312 0.777083 0.967188 0.775000 0.946875
2 0.854167 0.828125 0.868750 0.845312 0.866667 0.864062 0.883333 0.912500 0.877083 0.920313 0.877083 0.942187 0.956250 0.929688 0.964583 0.935938 0.958333 0.956250 0.987500 0.960938 0.983333 0.795313
3 0.012500 0.014062 0.012500 0.187500 0.135417 0.410937 0.154167 0.420312 0.177083 0.359375 0.164583 0.346875 0.020833 0.017188
3 0.233333 0.014062 0.341667 0.420312 0.356250 0.420312 0.358333 0.353125 0.293750 0.043750 0.281250 0.040625 0.270833 0.014062
3 0.520833 0.015625 0.525000 0.376563 0.545833 0.376563 0.545833 0.021875
3 0.439583 0.742188 0.412500 0.593750 0.077083 0.607813 0.210417 0.751562
3 0.983333 0.628125 0.716667 0.631250 0.660417 0.812500 0.747917 0.810938 0.750000 0.760938 0.812500 0.718750 0.985417 0.698438
3 0.627083 0.776563 0.627083 0.743750 0.568750 0.746875 0.566667 0.739062 0.239583 0.757812 0.262500 0.792188
5 0.983333 0.704687 0.816667 0.720312 0.758333 0.768750 0.754167 0.812500 0.766667 0.818750 0.820833 0.825000 0.985417 0.789062
6 0.970833 0.117188 0.950000 0.118750 0.941667 0.139062 0.925000 0.148438 0.916667 0.207813 0.885417 0.214062 0.870833 0.246875 0.862500 0.245312 0.887500 0.275000 0.827083 0.426562 0.787500 0.364062 0.791667 0.389062 0.779167 0.400000 0.793750 0.435937 0.770833 0.451562 0.781250 0.460938 0.829167 0.465625
6 0.787500 0.131250 0.772917 0.198437 0.779167 0.187500 0.793750 0.187500 0.797917 0.204688 0.829167 0.206250 0.835417 0.210938 0.845833 0.203125 0.835417 0.181250 0.835417 0.171875 0.820833 0.157813 0.804167 0.157813 0.800000 0.154687
7 0.558333 0.215625 0.558333 0.242188 0.560417 0.243750 0.579167 0.243750 0.581250 0.242188 0.597917 0.242188 0.595833 0.240625 0.595833 0.234375 0.593750 0.232812 0.593750 0.228125 0.591667 0.226562 0.591667 0.220313 0.589583 0.218750 0.589583 0.214062 0.560417 0.214062
7 0.477083 0.465625 0.518750 0.434375 0.556250 0.431250 0.618750 0.445312 0.620833 0.429688 0.750000 0.432813 0.781250 0.445312 0.791667 0.435937 0.775000 0.393750 0.750000 0.418750 0.614583 0.420312 0.585417 0.371875 0.483333 0.387500
7 0.391667 0.453125 0.197917 0.457812 0.183333 0.507812 0.185417 0.510938 0.391667 0.507812
8 0.116667 0.014062 0.118750 0.040625 0.127083 0.053125 0.129167 0.051562 0.170833 0.050000 0.183333 0.043750 0.191667 0.035937 0.218750 0.035937 0.227083 0.039062 0.222917 0.026563 0.210417 0.026563 0.204167 0.029687 0.202083 0.028125 0.183333 0.026563 0.152083 0.014062
8 0.975000 0.014062 0.787500 0.015625 0.785417 0.051562 0.795833 0.059375 0.791667 0.085938 0.818750 0.112500 0.850000 0.178125 0.870833 0.175000 0.883333 0.153125 0.895833 0.159375 0.918750 0.142188 0.931250 0.139062
8 0.172917 0.098438 0.179167 0.151562 0.191667 0.162500 0.195833 0.182812 0.150000 0.182812 0.141667 0.189063 0.168750 0.343750 0.295833 0.342187 0.297917 0.307813 0.281250 0.309375 0.275000 0.301562 0.287500 0.295312 0.283333 0.248437 0.260417 0.245312 0.266667 0.235938 0.279167 0.234375 0.254167 0.125000 0.216667 0.100000
8 0.681250 0.192188 0.668750 0.331250 0.775000 0.345313 0.818750 0.410937 0.827083 0.412500 0.877083 0.279687 0.847917 0.226562 0.827083 0.212500
8 0.485417 0.204688 0.483333 0.262500 0.477083 0.265625 0.464583 0.264062 0.454167 0.300000 0.456250 0.328125 0.475000 0.360938 0.475000 0.404687 0.479167 0.384375 0.522917 0.378125 0.514583 0.325000 0.506250 0.307813 0.508333 0.292188 0.504167 0.298438 0.491667 0.285937
8 0.018750 0.229687 0.018750 0.364062 0.033333 0.365625 0.064583 0.392188 0.127083 0.392188 0.035417 0.231250
8 0.983333 0.295312 0.954167 0.314063 0.937500 0.437500 0.916667 0.453125 0.758333 0.475000 0.531250 0.432813 0.481250 0.464063 0.475000 0.504687 0.522917 0.575000 0.547917 0.576563 0.593750 0.539062 0.635417 0.584375 0.510417 0.590625 0.525000 0.621875 0.670833 0.606250 0.735417 0.626562 0.987500 0.623438
8 0.018750 0.606250 0.016667 0.687500 0.035417 0.701563 0.129167 0.693750 0.072917 0.606250
8 0.422917 0.839063 0.418750 0.934375 0.429167 0.948438 0.531250 0.932813 0.575000 0.948438 0.543750 0.950000 0.545833 0.964063 0.575000 0.968750 0.579167 0.948438 0.616667 0.962500 0.743750 0.937500 0.722917 0.818750 0.647917 0.818750 0.631250 0.790625 0.552083 0.790625
8 0.862500 0.867188 0.854167 0.865625 0.847917 0.870313 0.835417 0.873438 0.760417 0.876562 0.758333 0.878125 0.758333 0.898438 0.760417 0.900000 0.758333 0.909375 0.766667 0.914062 0.768750 0.912500 0.810417 0.909375 0.825000 0.906250 0.866667 0.904688
8 0.781250 0.960938 0.783333 0.962500 0.785417 0.960938 0.797917 0.960938 0.800000 0.959375 0.814583 0.959375 0.816667 0.957812 0.839583 0.957812 0.841667 0.956250 0.850000 0.956250 0.862500 0.946875 0.860417 0.945312 0.827083 0.945312 0.825000 0.943750 0.789583 0.943750 0.781250 0.946875