1 0.014583 0.012500 0.014583 0.179688 0.987500 0.189063 0.989583 0.014062
1 0.275000 0.190625 0.372917 0.660937 0.633333 0.662500 0.625000 0.631250 0.618750 0.651563 0.516667 0.648438 0.522917 0.609375 0.614583 0.601562 0.602083 0.570312 0.512500 0.562500 0.510417 0.551562 0.589583 0.537500 0.602083 0.489062 0.545833 0.490625 0.543750 0.446875 0.616667 0.440625 0.612500 0.392188 0.629167 0.385938 0.643750 0.304688 0.483333 0.310937 0.437500 0.251563 0.441667 0.190625
1 0.014583 0.742188 0.014583 0.781250 0.231250 0.779688 0.014583 0.789062 0.014583 0.946875 0.312500 0.940625 0.320833 0.839063 0.595833 0.764063 0.741667 0.834375 0.602083 0.893750 0.718750 0.890625 0.733333 0.923437 0.554167 0.934375 0.952083 0.928125 0.927083 0.895312 0.872917 0.893750 0.829167 0.770312 0.875000 0.760938
2 0.877083 0.760938 0.916667 0.837500 0.937500 0.895312 0.958333 0.925000 0.987500 0.928125 0.985417 0.765625 0.922917 0.765625
3 0.012500 0.184375 0.018750 0.318750 0.179167 0.318750 0.175000 0.306250 0.279167 0.303125 0.283333 0.315625 0.185417 0.318750 0.289583 0.318750 0.268750 0.187500
3 0.979167 0.198437 0.666667 0.184375 0.764583 0.200000 0.739583 0.296875 0.643750 0.309375 0.629167 0.390625 0.718750 0.373437 0.718750 0.439063 0.664583 0.448438 0.697917 0.517187 0.622917 0.425000 0.591667 0.528125 0.627083 0.629687 0.650000 0.529688 0.687500 0.543750 0.656250 0.695312 0.368750 0.667188 0.320833 0.471875 0.018750 0.478125 0.014583 0.582812 0.156250 0.584375 0.014583 0.589063 0.014583 0.665625 0.250000 0.667188 0.016667 0.670313 0.025000 0.737500 0.985417 0.759375 0.987500 0.671875 0.800000 0.676562 0.983333 0.667188 0.985417 0.582812 0.829167 0.573438 0.987500 0.573438 0.989583 0.429688 0.887500 0.429688 0.987500 0.421875
3 0.016667 0.321875 0.016667 0.471875 0.322917 0.468750 0.295833 0.321875
7 0.177083 0.306250 0.177083 0.310937 0.181250 0.318750 0.185417 0.317187 0.281250 0.315625 0.279167 0.314063 0.279167 0.304688 0.187500 0.304688 0.185417 0.306250
7 0.414583 0.312500 0.402083 0.321875 0.387500 0.339063 0.452083 0.373437 0.493750 0.334375 0.445833 0.310937 0.420833 0.310937
7 0.279167 0.342187 0.272917 0.334375 0.189583 0.335938 0.185417 0.337500 0.185417 0.350000 0.279167 0.350000
7 0.370833 0.432813 0.372917 0.493750 0.375000 0.496875 0.414583 0.496875 0.418750 0.490625 0.425000 0.485938 0.422917 0.484375 0.418750 0.462500 0.416667 0.460938 0.408333 0.439063 0.406250 0.437500 0.397917 0.437500 0.387500 0.434375
7 0.914583 0.460938 0.914583 0.464063 0.975000 0.464063 0.977083 0.465625 0.983333 0.465625 0.983333 0.450000 0.981250 0.448438 0.975000 0.448438 0.972917 0.446875 0.927083 0.446875 0.925000 0.448438 0.920833 0.448438 0.918750 0.450000 0.918750 0.453125 0.916667 0.454688 0.916667 0.459375
7 0.377083 0.507812 0.379167 0.535937 0.381250 0.537500 0.450000 0.539062 0.452083 0.540625 0.460417 0.539062 0.458333 0.537500 0.456250 0.512500 0.454167 0.510938 0.441667 0.509375 0.427083 0.504687 0.402083 0.504687 0.400000 0.506250 0.379167 0.506250
7 0.333333 0.567187 0.283333 0.568750 0.281250 0.570312 0.256250 0.570312 0.254167 0.571875 0.256250 0.581250 0.258333 0.582812 0.256250 0.585938 0.258333 0.584375 0.268750 0.584375 0.270833 0.585938 0.270833 0.598437 0.325000 0.598437 0.327083 0.600000 0.333333 0.600000 0.331250 0.598437 0.331250 0.584375 0.335417 0.582812 0.333333 0.581250
7 0.897917 0.657812 0.877083 0.657812 0.875000 0.659375 0.852083 0.659375 0.850000 0.660937 0.804167 0.662500 0.802083 0.664062 0.802083 0.676562 0.804167 0.675000 0.833333 0.675000 0.835417 0.673437 0.895833 0.671875 0.895833 0.659375
7 0.789583 0.684375 0.789583 0.698438 0.827083 0.698438 0.829167 0.700000 0.870833 0.700000 0.872917 0.701563 0.877083 0.701563 0.875000 0.700000 0.875000 0.689062 0.870833 0.687500 0.843750 0.687500 0.841667 0.685938 0.814583 0.685938 0.812500 0.684375
7 0.143750 0.723437 0.143750 0.737500 0.145833 0.739062 0.212500 0.739062 0.214583 0.740625 0.220833 0.740625 0.218750 0.739062 0.218750 0.732813 0.216667 0.731250 0.216667 0.726562 0.212500 0.725000 0.177083 0.725000 0.175000 0.723437
7 0.541667 0.726562 0.533333 0.726562 0.531250 0.728125 0.520833 0.728125 0.518750 0.729688 0.477083 0.729688 0.477083 0.739062 0.541667 0.739062 0.539583 0.737500 0.539583 0.729688 0.541667 0.728125
7 0.989583 0.929688 0.018750 0.946875 0.012500 0.984375 0.989583 0.990625
8 0.443750 0.190625 0.433333 0.232812 0.439583 0.251563 0.458333 0.259375 0.452083 0.270312 0.458333 0.285937 0.483333 0.309375 0.516667 0.312500 0.737500 0.296875 0.762500 0.200000 0.758333 0.190625
8 0.431250 0.259375 0.372917 0.262500 0.370833 0.264062 0.375000 0.310937 0.377083 0.312500 0.379167 0.310937 0.456250 0.309375 0.452083 0.304688 0.447917 0.292188 0.443750 0.287500
8 0.712500 0.360938 0.681250 0.362500 0.662500 0.376563 0.650000 0.393750 0.614583 0.392188 0.614583 0.409375 0.627083 0.429688 0.660417 0.446875 0.622917 0.448438 0.645833 0.495313 0.652083 0.501562 0.695833 0.517187 0.693750 0.464063 0.677083 0.451562 0.662500 0.448438 0.700000 0.446875 0.716667 0.439063 0.720833 0.415625 0.714583 0.407813 0.716667 0.373437
8 0.618750 0.442187 0.602083 0.442187 0.600000 0.443750 0.545833 0.446875 0.545833 0.489062 0.552083 0.487500 0.622917 0.487500 0.620833 0.484375
8 0.652083 0.529688 0.631250 0.570312 0.629167 0.629687 0.622917 0.628125 0.616667 0.604688 0.527083 0.609375 0.518750 0.648438 0.550000 0.653125 0.618750 0.650000 0.625000 0.629687 0.639583 0.673437 0.656250 0.693750 0.664583 0.656250 0.681250 0.625000 0.672917 0.592188 0.687500 0.592188 0.685417 0.543750 0.666667 0.540625 0.658333 0.548437
8 0.618750 0.535937 0.606250 0.535937 0.604167 0.537500 0.591667 0.537500 0.589583 0.539062 0.529167 0.540625 0.512500 0.551562 0.512500 0.560938 0.535417 0.562500 0.537500 0.564062 0.547917 0.564062 0.550000 0.565625 0.562500 0.565625 0.564583 0.567187 0.575000 0.567187 0.577083 0.568750 0.612500 0.568750 0.616667 0.570312 0.616667 0.543750 0.618750 0.542188
8 0.739583 0.834375 0.727083 0.820312 0.685417 0.810938 0.639583 0.770312 0.595833 0.765625 0.483333 0.806250 0.433333 0.810938 0.320833 0.840625 0.318750 0.940625 0.543750 0.939062 0.558333 0.929688 0.606250 0.931250 0.689583 0.918750 0.731250 0.923437 0.731250 0.901563 0.718750 0.892187 0.600000 0.890625