1 0.012500 0.154687 0.014583 0.985937 0.091667 0.981250 0.089583 0.940625 0.064583 0.953125 0.077083 0.212500
1 0.522917 0.203125 0.116667 0.215625 0.116667 0.581250 0.547917 0.575000 0.543750 0.553125 0.520833 0.548437 0.535417 0.525000 0.472917 0.509375 0.462500 0.492188 0.479167 0.460938 0.527083 0.462500 0.550000 0.446875 0.566667 0.407813 0.554167 0.390625 0.560417 0.303125 0.581250 0.264062 0.558333 0.281250 0.533333 0.278125 0.537500 0.214062
1 0.508333 0.576563 0.106250 0.590625 0.110417 0.909375 0.520833 0.887500 0.518750 0.860937 0.462500 0.859375 0.518750 0.850000 0.518750 0.831250 0.458333 0.826563 0.460417 0.815625 0.516667 0.814062 0.514583 0.759375 0.481250 0.756250 0.468750 0.714063 0.512500 0.704687 0.510417 0.625000 0.477083 0.625000 0.481250 0.610937 0.508333 0.610937
2 0.985417 0.746875 0.866667 0.754687 0.870833 0.803125 0.964583 0.809375 0.970833 0.814062 0.962500 0.832812 0.881250 0.828125 0.879167 0.834375 0.985417 0.845312
2 0.839583 0.873438 0.837500 0.882812 0.852083 0.893750 0.841667 0.903125 0.860417 0.903125 0.866667 0.907812 0.864583 0.918750 0.843750 0.918750 0.843750 0.931250 0.860417 0.937500 0.872917 0.967188 0.872917 0.985937 0.987500 0.989062 0.987500 0.868750 0.910417 0.867188 0.895833 0.885938 0.868750 0.887500
5 0.704167 0.012500 0.783333 0.631250 0.812500 0.651563 0.918750 0.646875 0.927083 0.670313 0.981250 0.684375 0.987500 0.545313 0.985417 0.637500 0.941667 0.578125 0.818750 0.520312 0.987500 0.431250 0.989583 0.010937
5 0.691667 0.015625 0.547917 0.029687 0.531250 0.042188 0.522917 0.081250 0.522917 0.129688 0.535417 0.165625 0.545833 0.175000 0.645833 0.182812 0.650000 0.185937 0.643750 0.190625 0.643750 0.201562 0.672917 0.193750 0.718750 0.196875
5 0.616667 0.239063 0.618750 0.310937 0.608333 0.259375 0.587500 0.256250 0.575000 0.304688 0.620833 0.315625 0.629167 0.404687 0.745833 0.406250 0.739583 0.392188 0.650000 0.390625 0.639583 0.339063 0.662500 0.340625 0.668750 0.373437 0.706250 0.373437 0.710417 0.387500 0.716667 0.373437 0.741667 0.373437 0.712500 0.359375 0.712500 0.343750 0.733333 0.340625 0.710417 0.335938 0.710417 0.315625 0.733333 0.312500 0.733333 0.306250 0.710417 0.303125 0.710417 0.282813 0.729167 0.275000 0.706250 0.268750 0.702083 0.259375 0.727083 0.256250 0.725000 0.243750
5 0.583333 0.573438 0.593750 0.673437 0.668750 0.673437 0.670833 0.757812 0.683333 0.762500 0.983333 0.737500 0.985417 0.692187 0.916667 0.678125 0.904167 0.659375 0.816667 0.657812 0.775000 0.631250 0.764583 0.557813 0.656250 0.562500 0.652083 0.576563 0.650000 0.565625
5 0.985417 0.851562 0.854167 0.840625 0.860417 0.817187 0.964583 0.826563 0.964583 0.818750 0.860417 0.807813 0.850000 0.754687 0.789583 0.760938 0.787500 0.801562 0.620833 0.840625 0.645833 0.890625 0.820833 0.854688 0.983333 0.864062
6 0.720833 0.410937 0.708333 0.410937 0.700000 0.437500 0.668750 0.442187 0.664583 0.425000 0.656250 0.425000 0.666667 0.509375 0.662500 0.514063 0.685417 0.512500 0.695833 0.525000 0.697917 0.535937 0.693750 0.548437 0.660417 0.556250 0.739583 0.554688
6 0.725000 0.762500 0.725000 0.764063 0.729167 0.767187 0.731250 0.767187 0.737500 0.771875 0.739583 0.771875 0.745833 0.776563 0.747917 0.776563 0.754167 0.781250 0.756250 0.781250 0.762500 0.785937 0.764583 0.784375 0.764583 0.760938 0.745833 0.760938 0.743750 0.762500
7 0.052083 0.026563 0.366667 0.140625 0.381250 0.135937 0.422917 0.098438 0.468750 0.104687 0.522917 0.037500 0.360417 0.021875
7 0.025000 0.035937 0.127083 0.175000 0.214583 0.156250 0.293750 0.150000 0.366667 0.168750 0.375000 0.164062 0.364583 0.148438 0.150000 0.065625 0.052083 0.040625 0.041667 0.032812
7 0.512500 0.576563 0.516667 0.704687 0.470833 0.709375 0.483333 0.756250 0.518750 0.759375 0.525000 0.890625 0.543750 0.867188 0.581250 0.865625 0.616667 0.848437 0.616667 0.835938 0.641667 0.823438 0.575000 0.806250 0.566667 0.793750 0.581250 0.778125 0.631250 0.781250 0.616667 0.725000 0.656250 0.695312 0.656250 0.676562 0.587500 0.673437 0.579167 0.581250
7 0.629167 0.578125 0.627083 0.578125 0.625000 0.576563 0.593750 0.576563 0.593750 0.604688 0.595833 0.606250 0.595833 0.607813 0.606250 0.607813 0.606250 0.589063 0.610417 0.585938 0.633333 0.585938 0.631250 0.584375 0.631250 0.581250 0.629167 0.579687
7 0.647917 0.592188 0.643750 0.593750 0.643750 0.612500 0.641667 0.614062 0.620833 0.614062 0.616667 0.615625 0.616667 0.626562 0.643750 0.626562 0.645833 0.628125 0.645833 0.642187 0.647917 0.645312 0.660417 0.645312 0.658333 0.643750 0.658333 0.631250 0.656250 0.629687 0.656250 0.617188 0.654167 0.615625 0.652083 0.592188
7 0.372917 0.631250 0.172917 0.640625 0.170833 0.843750 0.377083 0.839063 0.385417 0.820312
8 0.518750 0.056250 0.483333 0.112500 0.420833 0.110937 0.410417 0.120312 0.404167 0.146875 0.427083 0.171875 0.468750 0.165625 0.504167 0.167187 0.558333 0.226562 0.545833 0.232812 0.554167 0.250000 0.537500 0.259375 0.537500 0.271875 0.547917 0.278125 0.602083 0.245312 0.604167 0.221875 0.587500 0.203125 0.583333 0.182812 0.552083 0.182812 0.529167 0.164062 0.518750 0.132812
8 0.668750 0.409375 0.668750 0.421875 0.670833 0.423438 0.670833 0.437500 0.677083 0.437500 0.679167 0.435937 0.685417 0.435937 0.687500 0.434375 0.691667 0.434375 0.693750 0.432813 0.700000 0.432813 0.700000 0.428125 0.702083 0.426562 0.702083 0.423438 0.704167 0.421875 0.704167 0.410937 0.702083 0.409375
8 0.652083 0.420312 0.587500 0.415625 0.585417 0.442187 0.562500 0.440625 0.525000 0.471875 0.481250 0.464063 0.472917 0.473437 0.468750 0.495313 0.477083 0.506250 0.527083 0.517187 0.550000 0.507812 0.550000 0.531250 0.529167 0.543750 0.560417 0.537500 0.554167 0.562500 0.566667 0.576563 0.620833 0.556250 0.622917 0.504687 0.647917 0.506250 0.645833 0.512500 0.627083 0.509375 0.625000 0.556250 0.675000 0.550000 0.672917 0.518750 0.645833 0.512500 0.658333 0.504687
8 0.989583 0.432813 0.895833 0.476562 0.883333 0.489062 0.854167 0.496875 0.820833 0.520312 0.833333 0.529688 0.883333 0.548437 0.920833 0.571875 0.941667 0.576563 0.950000 0.582812 0.950000 0.592188 0.964583 0.615625 0.985417 0.635938
8 0.447917 0.598437 0.443750 0.601562 0.443750 0.614062 0.435417 0.620313 0.435417 0.621875 0.437500 0.623438 0.437500 0.625000 0.439583 0.626562 0.439583 0.628125 0.441667 0.629687 0.443750 0.634375 0.452083 0.634375 0.456250 0.637500 0.460417 0.637500 0.464583 0.634375 0.466667 0.634375 0.466667 0.632812 0.468750 0.631250 0.470833 0.626562 0.475000 0.623438 0.475000 0.612500 0.472917 0.610937 0.472917 0.609375 0.468750 0.606250 0.466667 0.606250 0.456250 0.598437
8 0.481250 0.612500 0.481250 0.617188 0.479167 0.618750 0.479167 0.625000 0.481250 0.623438 0.510417 0.623438 0.508333 0.621875 0.508333 0.612500
8 0.662500 0.701563 0.643750 0.704687 0.618750 0.731250 0.637500 0.781250 0.581250 0.785937 0.575000 0.793750 0.579167 0.803125 0.616667 0.807813 0.647917 0.818750 0.629167 0.832812 0.779167 0.793750 0.764583 0.795313 0.731250 0.779688 0.725000 0.793750 0.712500 0.767187 0.700000 0.768750 0.664583 0.757812
8 0.520833 0.829687 0.518750 0.828125 0.518750 0.815625 0.512500 0.815625 0.510417 0.817187 0.504167 0.817187 0.502083 0.818750 0.495833 0.818750 0.493750 0.820312 0.491667 0.820312 0.489583 0.818750 0.464583 0.818750 0.462500 0.817187 0.460417 0.817187 0.460417 0.826563 0.464583 0.826563 0.470833 0.823438 0.502083 0.823438 0.504167 0.825000 0.508333 0.825000 0.510417 0.826563 0.512500 0.826563 0.514583 0.828125 0.518750 0.828125
8 0.618750 0.843750 0.618750 0.850000 0.608333 0.857813 0.600000 0.867188 0.566667 0.879687 0.560417 0.890625 0.560417 0.898438 0.575000 0.909375 0.579167 0.906250 0.595833 0.900000 0.600000 0.900000 0.604167 0.895312 0.614583 0.896875 0.620833 0.900000 0.627083 0.896875 0.631250 0.896875 0.631250 0.892187 0.639583 0.889063
8 0.520833 0.860937 0.518750 0.859375 0.518750 0.851562 0.508333 0.851562 0.506250 0.853125 0.493750 0.853125 0.489583 0.856250 0.487500 0.854688 0.481250 0.854688 0.479167 0.853125 0.464583 0.853125 0.464583 0.859375 0.466667 0.857813 0.502083 0.857813 0.504167 0.859375 0.518750 0.859375
8 0.543750 0.918750 0.541667 0.917188 0.541667 0.914062 0.535417 0.910937 0.520833 0.910937 0.518750 0.912500 0.508333 0.912500 0.506250 0.914062 0.495833 0.914062 0.489583 0.918750 0.489583 0.920313 0.487500 0.921875 0.485417 0.921875 0.483333 0.923437 0.470833 0.923437 0.470833 0.926562 0.477083 0.926562 0.479167 0.928125 0.487500 0.928125 0.491667 0.931250 0.491667 0.932813 0.539583 0.932813 0.539583 0.931250 0.543750 0.926562
8 0.462500 0.939062 0.462500 0.940625 0.468750 0.940625 0.470833 0.942187 0.479167 0.942187 0.487500 0.946875 0.491667 0.946875 0.493750 0.945312 0.543750 0.945312 0.543750 0.937500 0.541667 0.935938 0.500000 0.935938 0.497917 0.937500 0.493750 0.937500 0.487500 0.934375 0.481250 0.934375 0.477083 0.937500 0.464583 0.937500