1 0.016667 0.140625 0.020833 0.871875 0.456250 0.851562 0.183333 0.839063 0.177083 0.806250 0.122917 0.790625 0.129167 0.725000 0.164583 0.665625 0.406250 0.657812 0.377083 0.248437 0.675000 0.234375 0.685417 0.187500 0.766667 0.167187
1 0.843750 0.875000 0.770833 0.864062 0.483333 0.859375 0.016667 0.882812 0.014583 0.917188 0.197917 0.909375 0.225000 0.890625 0.243750 0.903125
1 0.941667 0.964063 0.904167 0.915625 0.272917 0.959375 0.241667 0.984375 0.743750 0.981250 0.781250 0.964063
1 0.202083 0.940625 0.014583 0.950000 0.012500 0.981250 0.014583 0.985937 0.206250 0.987500 0.200000 0.978125
2 0.985417 0.678125 0.937500 0.842188 0.985417 0.853125
3 0.029167 0.128125 0.085417 0.148438 0.972917 0.162500 0.989583 0.015625 0.583333 0.015625 0.622917 0.018750 0.618750 0.128125 0.472917 0.132812 0.483333 0.015625 0.356250 0.015625 0.368750 0.126563 0.220833 0.140625 0.208333 0.020312 0.329167 0.012500 0.097917 0.014062 0.114583 0.126563
3 0.177083 0.676562 0.237500 0.692187 0.264583 0.837500 0.325000 0.842188 0.295833 0.685938 0.406250 0.692187 0.422917 0.837500 0.329167 0.840625 0.466667 0.842188 0.481250 0.690625 0.583333 0.704687 0.583333 0.848437 0.902083 0.873438 0.956250 0.759375 0.789583 0.762500 0.737500 0.678125
8 0.014583 0.010937 0.014583 0.126563 0.112500 0.126563 0.095833 0.014062
8 0.210417 0.020312 0.220833 0.031250 0.225000 0.050000 0.216667 0.067188 0.220833 0.139062 0.229167 0.128125 0.366667 0.126563 0.354167 0.015625 0.218750 0.014062
8 0.485417 0.012500 0.487500 0.028125 0.472917 0.039062 0.472917 0.068750 0.477083 0.082813 0.487500 0.090625 0.468750 0.131250 0.616667 0.128125 0.610417 0.095312 0.610417 0.051562 0.620833 0.040625 0.620833 0.018750
8 0.735417 0.017188 0.729167 0.023438 0.733333 0.042188 0.714583 0.064062 0.714583 0.081250 0.706250 0.093750 0.700000 0.123438 0.877083 0.128125 0.877083 0.075000 0.891667 0.017188
8 0.989583 0.165625 0.827083 0.167187 0.812500 0.185937 0.831250 0.198437 0.687500 0.206250 0.697917 0.243750 0.822917 0.243750 0.831250 0.218750 0.827083 0.251563 0.802083 0.254687 0.802083 0.343750 0.858333 0.378125 0.850000 0.389062 0.804167 0.353125 0.822917 0.379687 0.789583 0.390625 0.754167 0.554688 0.797917 0.567187 0.825000 0.387500 0.841667 0.407813 0.806250 0.587500 0.833333 0.626562 0.802083 0.760938 0.962500 0.751562
8 0.400000 0.267188 0.422917 0.643750 0.729167 0.648438 0.806250 0.271875
8 0.752083 0.571875 0.735417 0.668750 0.787500 0.757812 0.795833 0.760938 0.822917 0.623438
8 0.181250 0.684375 0.166667 0.709375 0.145833 0.717188 0.131250 0.762500 0.137500 0.765625 0.131250 0.789062 0.160417 0.793750 0.164583 0.796875 0.164583 0.809375 0.172917 0.804688 0.185417 0.804688 0.193750 0.810938 0.197917 0.829687 0.250000 0.829687 0.258333 0.826563 0.239583 0.767187 0.231250 0.693750
8 0.295833 0.687500 0.293750 0.710938 0.306250 0.718750 0.312500 0.793750 0.322917 0.803125 0.322917 0.839063 0.420833 0.837500 0.404167 0.692187
8 0.481250 0.692187 0.475000 0.703125 0.477083 0.771875 0.466667 0.773438 0.472917 0.823438 0.468750 0.845312 0.470833 0.848437 0.581250 0.850000 0.577083 0.795313 0.581250 0.787500 0.581250 0.739062 0.587500 0.721875 0.577083 0.700000
8 0.668750 0.692187 0.650000 0.703125 0.643750 0.720312 0.637500 0.720312 0.633333 0.731250 0.600000 0.732813 0.602083 0.764063 0.589583 0.765625 0.595833 0.832812 0.616667 0.832812 0.618750 0.843750 0.625000 0.846875 0.739583 0.845312 0.758333 0.717188 0.720833 0.693750
8 0.927083 0.756250 0.816667 0.762500 0.814583 0.781250 0.820833 0.796875 0.810417 0.815625 0.795833 0.857813 0.897917 0.856250 0.897917 0.837500 0.906250 0.831250 0.912500 0.809375 0.910417 0.790625
8 0.983333 0.875000 0.960417 0.853125 0.933333 0.851562 0.904167 0.871875 0.902083 0.889063 0.312500 0.937500 0.241667 0.934375 0.225000 0.892187 0.210417 0.901563 0.202083 0.978125 0.241667 0.979688 0.262500 0.954687 0.893750 0.904688 0.912500 0.904688 0.970833 0.940625 0.987500 0.935938