1 0.018750 0.012500 0.012500 0.981250 0.181250 0.982813 0.206250 0.901563 0.447917 0.896875 0.283333 0.901563 0.281250 0.820312 0.306250 0.818750 0.287500 0.782812 0.247917 0.782812 0.210417 0.889063 0.241667 0.782812 0.202083 0.778125 0.095833 0.010937
1 0.102083 0.014062 0.210417 0.775000 0.287500 0.776563 0.302083 0.754687 0.335417 0.778125 0.585417 0.779688 0.543750 0.632812 0.485417 0.615625 0.550000 0.537500 0.191667 0.532812 0.156250 0.214062 0.585417 0.232812 0.627083 0.168750 0.683333 0.164062 0.618750 0.134375 0.672917 0.023438 0.837500 0.043750 0.837500 0.014062 0.456250 0.015625 0.452083 0.056250
1 0.625000 0.796875 0.347917 0.800000 0.320833 0.818750 0.614583 0.815625
2 0.860417 0.015625 0.854167 0.043750 0.895833 0.062500 0.854167 0.184375 0.854167 0.206250 0.881250 0.225000 0.837500 0.226562 0.847917 0.234375 0.933333 0.237500 0.947917 0.231250 0.952083 0.254687 0.922917 0.260938 0.950000 0.279687 0.983333 0.278125 0.989583 0.014062 0.912500 0.014062 0.904167 0.029687 0.887500 0.031250
2 0.954167 0.314063 0.925000 0.421875 0.929167 0.450000 0.920833 0.467187 0.987500 0.475000 0.981250 0.314063
2 0.985417 0.509375 0.866667 0.504687 0.852083 0.543750 0.795833 0.543750 0.770833 0.620313 0.814583 0.628125 0.814583 0.678125 0.785417 0.682813 0.764583 0.657812 0.754167 0.698438 0.766667 0.709375 0.725000 0.776563 0.737500 0.778125 0.756250 0.751562 0.779167 0.779688 0.770833 0.814062 0.752083 0.815625 0.739583 0.795313 0.718750 0.796875 0.741667 0.845312 0.770833 0.815625 0.802083 0.817187 0.845833 0.664062 0.893750 0.662500 0.947917 0.731250 0.985417 0.737500
2 0.962500 0.759375 0.964583 0.760938 0.964583 0.762500 0.966667 0.764063 0.966667 0.765625 0.970833 0.768750 0.970833 0.770312 0.972917 0.771875 0.972917 0.773438 0.977083 0.776563 0.977083 0.778125 0.979167 0.779688 0.979167 0.781250 0.983333 0.784375 0.983333 0.785937 0.985417 0.787500 0.985417 0.789062 0.987500 0.790625 0.987500 0.792188 0.987500 0.760938 0.985417 0.760938 0.983333 0.759375
3 0.712500 0.043750 0.729167 0.096875 0.720833 0.126563 0.689583 0.153125 0.697917 0.165625 0.822917 0.156250 0.835417 0.162500 0.847917 0.181250 0.883333 0.065625 0.850000 0.046875
3 0.593750 0.706250 0.589583 0.737500 0.585417 0.740625 0.589583 0.775000 0.645833 0.773438 0.645833 0.768750 0.656250 0.765625 0.720833 0.765625 0.725000 0.732813 0.677083 0.734375 0.672917 0.731250 0.664583 0.740625 0.622917 0.731250 0.625000 0.715625 0.606250 0.715625
5 0.685417 0.217187 0.672917 0.226562 0.672917 0.278125 0.700000 0.289062 0.685417 0.337500 0.697917 0.365625 0.720833 0.367188 0.735417 0.387500 0.722917 0.339063 0.743750 0.303125 0.785417 0.314063 0.750000 0.421875 0.737500 0.390625 0.760417 0.450000 0.833333 0.500000 0.989583 0.501562 0.983333 0.479688 0.900000 0.473437 0.945833 0.306250 0.985417 0.303125 0.985417 0.287500 0.943750 0.284375 0.908333 0.254687 0.945833 0.250000 0.945833 0.239063 0.868750 0.240625 0.802083 0.223438
5 0.579167 0.367188 0.597917 0.421875 0.572917 0.426562 0.568750 0.454688 0.589583 0.506250 0.543750 0.521875 0.558333 0.532812 0.602083 0.523438 0.606250 0.514063 0.627083 0.503125 0.647917 0.504687 0.658333 0.500000 0.677083 0.503125 0.691667 0.514063 0.789583 0.512500 0.795833 0.484375 0.766667 0.457812 0.754167 0.454688 0.731250 0.415625 0.729167 0.385938 0.720833 0.371875 0.691667 0.371875 0.681250 0.357812 0.670833 0.354688 0.608333 0.354688 0.606250 0.362500
5 0.772917 0.535937 0.766667 0.537500 0.760417 0.546875 0.716667 0.556250 0.714583 0.565625 0.700000 0.567187 0.706250 0.571875 0.725000 0.601562 0.708333 0.609375 0.708333 0.617188 0.718750 0.617188 0.727083 0.625000 0.764583 0.625000 0.781250 0.548437 0.781250 0.539062
5 0.554167 0.631250 0.558333 0.648438 0.575000 0.653125 0.589583 0.693750 0.606250 0.707812 0.631250 0.710938 0.635417 0.728125 0.662500 0.732813 0.670833 0.723437 0.683333 0.726562 0.756250 0.725000 0.762500 0.706250 0.745833 0.700000 0.754167 0.648438 0.693750 0.654688 0.675000 0.664062 0.650000 0.643750 0.643750 0.645312 0.639583 0.660937 0.608333 0.653125 0.589583 0.639063 0.589583 0.631250
5 0.795833 0.825000 0.791667 0.821875 0.768750 0.825000 0.739583 0.856250 0.727083 0.845312 0.710417 0.803125 0.697917 0.793750 0.664583 0.792188 0.664583 0.801562 0.652083 0.806250 0.637500 0.796875 0.620833 0.834375 0.622917 0.875000 0.600000 0.889063 0.612500 0.909375 0.608333 0.917188 0.629167 0.926562 0.670833 0.928125 0.672917 0.921875 0.720833 0.915625 0.720833 0.909375 0.733333 0.909375 0.735417 0.881250 0.747917 0.898438 0.772917 0.896875
6 0.850000 0.675000 0.781250 0.893750 0.816667 0.882812 0.825000 0.870313 0.843750 0.873438 0.850000 0.882812 0.962500 0.884375 0.985417 0.928125 0.987500 0.801562 0.954167 0.757812 0.987500 0.756250 0.987500 0.745313 0.943750 0.740625 0.893750 0.675000
7 0.256250 0.010937 0.260417 0.040625 0.447917 0.050000 0.447917 0.012500
7 0.166667 0.218750 0.197917 0.529688 0.543750 0.532812 0.535417 0.520312 0.583333 0.503125 0.560417 0.454688 0.564583 0.426562 0.589583 0.420312 0.566667 0.362500 0.597917 0.357812 0.602083 0.348437 0.647917 0.348437 0.658333 0.304688 0.604167 0.271875 0.589583 0.239063
7 0.295833 0.798437 0.310417 0.815625 0.345833 0.792188 0.747917 0.790625 0.766667 0.806250 0.772917 0.782812 0.762500 0.765625 0.752083 0.765625 0.750000 0.785937 0.343750 0.790625 0.300000 0.764063
7 0.291667 0.823438 0.293750 0.889063 0.456250 0.889063 0.456250 0.876562 0.479167 0.871875 0.489583 0.854688 0.508333 0.867188 0.520833 0.853125 0.550000 0.856250 0.537500 0.871875 0.554167 0.876562 0.556250 0.884375 0.593750 0.885938 0.618750 0.873438 0.612500 0.821875
7 0.208333 0.982813 0.452083 0.981250 0.460417 0.978125 0.418750 0.970312 0.433333 0.950000 0.431250 0.940625 0.439583 0.920313 0.227083 0.917188
8 0.697917 0.026563 0.685417 0.026563 0.691667 0.034375 0.656250 0.062500 0.656250 0.073437 0.645833 0.084375 0.645833 0.117188 0.654167 0.118750 0.660417 0.140625 0.672917 0.146875 0.677083 0.146875 0.687500 0.140625 0.700000 0.125000 0.706250 0.120312 0.714583 0.118750 0.718750 0.098438 0.708333 0.037500
8 0.831250 0.165625 0.729167 0.165625 0.627083 0.178125 0.625000 0.212500 0.604167 0.229687 0.595833 0.229687 0.595833 0.243750 0.614583 0.270312 0.629167 0.270312 0.652083 0.292188 0.689583 0.300000 0.689583 0.289062 0.670833 0.284375 0.672917 0.221875 0.687500 0.212500 0.858333 0.218750 0.847917 0.207813
8 0.745833 0.303125 0.747917 0.306250 0.725000 0.339063 0.725000 0.365625 0.741667 0.393750 0.741667 0.414062 0.747917 0.421875 0.754167 0.389062 0.783333 0.328125 0.783333 0.314063
8 0.804167 0.353125 0.800000 0.365625 0.795833 0.370313 0.795833 0.373437 0.793750 0.375000 0.793750 0.378125 0.791667 0.379687 0.791667 0.382812 0.789583 0.384375 0.789583 0.387500 0.787500 0.389062 0.787500 0.392188 0.785417 0.393750 0.785417 0.396875 0.781250 0.403125 0.781250 0.425000 0.783333 0.426562 0.785417 0.426562 0.797917 0.407813 0.797917 0.401563 0.800000 0.400000 0.800000 0.393750 0.802083 0.392188 0.802083 0.385938 0.804167 0.384375
8 0.622917 0.434375 0.622917 0.448438 0.627083 0.454688 0.635417 0.460938 0.635417 0.462500 0.641667 0.467187 0.641667 0.468750 0.643750 0.468750 0.666667 0.481250 0.672917 0.481250 0.672917 0.456250 0.652083 0.442187 0.647917 0.440625 0.643750 0.440625 0.637500 0.437500 0.633333 0.437500 0.631250 0.435937 0.627083 0.435937
8 0.497917 0.595312 0.502083 0.621875 0.620833 0.631250 0.633333 0.637500 0.595833 0.635938 0.608333 0.650000 0.637500 0.653125 0.641667 0.637500 0.670833 0.648438 0.677083 0.610937 0.700000 0.618750 0.689583 0.651563 0.764583 0.640625 0.804167 0.678125 0.808333 0.645312 0.797917 0.629687 0.727083 0.628125 0.704167 0.618750 0.702083 0.609375 0.718750 0.600000 0.691667 0.565625 0.768750 0.532812 0.845833 0.534375 0.850000 0.523438 0.841667 0.510938 0.691667 0.520312 0.664583 0.506250 0.622917 0.509375 0.604167 0.525000 0.556250 0.535937 0.539583 0.548437 0.535417 0.581250
8 0.564583 0.659375 0.564583 0.692187 0.560417 0.696875 0.560417 0.729688 0.564583 0.734375 0.572917 0.737500 0.583333 0.737500 0.583333 0.726562 0.585417 0.725000 0.585417 0.714063 0.587500 0.712500 0.587500 0.698438 0.581250 0.690625 0.581250 0.687500 0.575000 0.679688 0.575000 0.676562 0.568750 0.668750 0.568750 0.665625
8 0.860417 0.765625 0.850000 0.773438 0.850000 0.775000 0.847917 0.776563 0.847917 0.798437 0.860417 0.798437 0.866667 0.803125 0.866667 0.806250 0.879167 0.806250 0.883333 0.803125 0.889583 0.801562 0.889583 0.793750 0.893750 0.789062 0.893750 0.778125 0.895833 0.776563 0.893750 0.775000 0.893750 0.771875 0.891667 0.770312 0.891667 0.768750 0.879167 0.768750 0.877083 0.767187 0.870833 0.767187 0.868750 0.765625
8 0.431250 0.965625 0.464583 0.971875 0.470833 0.984375 0.779167 0.976562 0.808333 0.954687 0.800000 0.921875 0.812500 0.901563 0.810417 0.931250 0.822917 0.931250 0.845833 0.978125 0.989583 0.976562 0.987500 0.940625 0.962500 0.889063 0.820833 0.885938 0.781250 0.906250 0.758333 0.900000 0.672917 0.931250 0.625000 0.929688 0.595833 0.893750 0.543750 0.900000 0.543750 0.882812 0.527083 0.881250 0.537500 0.864062 0.500000 0.875000 0.495833 0.860937 0.483333 0.878125 0.462500 0.876562 0.472917 0.898438 0.450000 0.915625