1 0.164583 0.012500 0.202083 0.484375 0.522917 0.489062 0.520833 0.476562 0.460417 0.465625 0.458333 0.418750 0.237500 0.404687 0.216667 0.010937
1 0.012500 0.014062 0.016667 0.854688 0.041667 0.804688 0.612500 0.810938 0.689583 0.789062 0.700000 0.759375 0.529167 0.732813 0.575000 0.625000 0.468750 0.634375 0.475000 0.567187 0.233333 0.560938 0.552083 0.567187 0.541667 0.545313 0.164583 0.540625 0.025000 0.787500 0.191667 0.482812 0.152083 0.014062
1 0.662500 0.268750 0.618750 0.270312 0.597917 0.256250 0.583333 0.256250 0.581250 0.270312 0.545833 0.250000 0.529167 0.415625 0.539583 0.410937 0.541667 0.382812 0.558333 0.351562 0.650000 0.350000
1 0.162500 0.534375 0.537500 0.540625 0.535417 0.507812 0.527083 0.507812 0.522917 0.493750 0.197917 0.489062
2 0.720833 0.021875 0.712500 0.046875 0.770833 0.056250 0.787500 0.095312 0.747917 0.125000 0.691667 0.125000 0.683333 0.159375 0.731250 0.170312 0.762500 0.212500 0.689583 0.214062 0.722917 0.220313 0.733333 0.239063 0.787500 0.242188 0.800000 0.262500 0.785417 0.273438 0.756250 0.254687 0.675000 0.265625 0.656250 0.345313 0.708333 0.364062 0.887500 0.376563 0.889583 0.404687 0.868750 0.406250 0.879167 0.425000 0.972917 0.428125 0.985417 0.442187 0.987500 0.014062
2 0.985417 0.453125 0.977083 0.470313 0.885417 0.473437 0.841667 0.617188 0.904167 0.621875 0.918750 0.651563 0.897917 0.660937 0.762500 0.659375 0.779167 0.698438 0.754167 0.751562 0.764583 0.760938 0.902083 0.760938 0.920833 0.796875 0.910417 0.812500 0.935417 0.848437 0.985417 0.840625
3 0.620833 0.621875 0.612500 0.645312 0.627083 0.665625 0.625000 0.682813 0.610417 0.696875 0.610417 0.703125 0.625000 0.707812 0.622917 0.728125 0.612500 0.734375 0.620833 0.750000 0.720833 0.754687 0.743750 0.751562 0.766667 0.696875 0.750000 0.656250 0.731250 0.643750 0.729167 0.631250 0.654167 0.639063 0.641667 0.623438
5 0.500000 0.012500 0.495833 0.025000 0.500000 0.029687 0.500000 0.040625 0.506250 0.046875 0.518750 0.050000 0.550000 0.050000 0.550000 0.048437 0.533333 0.048437 0.531250 0.046875 0.510417 0.045313 0.502083 0.035937 0.502083 0.025000 0.506250 0.021875 0.514583 0.021875 0.516667 0.025000 0.531250 0.023438 0.541667 0.031250 0.547917 0.031250 0.560417 0.020312 0.560417 0.012500
5 0.633333 0.015625 0.639583 0.048437 0.627083 0.050000 0.629167 0.057813 0.639583 0.057813 0.652083 0.067188 0.677083 0.068750 0.681250 0.071875 0.745833 0.067188 0.752083 0.071875 0.752083 0.076563 0.772917 0.079687 0.770833 0.070312 0.760417 0.070312 0.747917 0.065625 0.708333 0.067188 0.708333 0.062500 0.743750 0.060938 0.739583 0.056250 0.685417 0.054688 0.677083 0.046875 0.677083 0.031250 0.689583 0.017188
5 0.620833 0.103125 0.618750 0.107813 0.631250 0.114063 0.618750 0.128125 0.625000 0.167187 0.612500 0.168750 0.612500 0.176563 0.625000 0.176563 0.643750 0.195312 0.668750 0.196875 0.672917 0.203125 0.729167 0.198437 0.741667 0.209375 0.752083 0.209375 0.754167 0.203125 0.737500 0.195312 0.689583 0.195312 0.670833 0.187500 0.668750 0.179688 0.729167 0.181250 0.722917 0.173438 0.668750 0.171875 0.679167 0.148438 0.672917 0.121875 0.677083 0.114063 0.739583 0.117188 0.739583 0.112500 0.691667 0.106250 0.700000 0.098438 0.760417 0.103125 0.783333 0.092188 0.764583 0.090625 0.747917 0.100000 0.712500 0.089062 0.654167 0.090625 0.635417 0.103125
5 0.506250 0.095312 0.495833 0.103125 0.495833 0.112500 0.491667 0.115625 0.495833 0.123438 0.493750 0.137500 0.487500 0.142188 0.491667 0.148438 0.491667 0.162500 0.504167 0.168750 0.543750 0.171875 0.543750 0.167187 0.508333 0.167187 0.493750 0.160938 0.497917 0.143750 0.520833 0.145313 0.527083 0.150000 0.547917 0.151562 0.550000 0.120312 0.543750 0.117188 0.535417 0.117188 0.525000 0.123438 0.504167 0.120312 0.497917 0.115625 0.497917 0.104687 0.506250 0.098438 0.529167 0.098438 0.541667 0.104687 0.550000 0.098438
5 0.564583 0.359375 0.572917 0.471875 0.639583 0.553125 0.656250 0.628125 0.727083 0.625000 0.733333 0.615625 0.743750 0.646875 0.758333 0.651563 0.908333 0.646875 0.902083 0.632812 0.829167 0.621875 0.877083 0.467187 0.975000 0.459375 0.979167 0.443750 0.872917 0.432813 0.852083 0.406250 0.822917 0.398438 0.875000 0.395312 0.877083 0.381250 0.704167 0.375000 0.693750 0.357812 0.679167 0.357812 0.677083 0.368750
5 0.637500 0.596875 0.631250 0.578125 0.614583 0.565625 0.593750 0.565625 0.593750 0.581250 0.585417 0.585938 0.502083 0.584375 0.495833 0.592188 0.477083 0.592188 0.468750 0.582812 0.464583 0.585938 0.466667 0.603125 0.460417 0.614062 0.475000 0.628125 0.514583 0.626562 0.547917 0.617188 0.577083 0.617188 0.583333 0.621875 0.589583 0.618750 0.637500 0.618750 0.620833 0.610937
5 0.587500 0.568750 0.572917 0.568750 0.560417 0.575000 0.556250 0.573438 0.535417 0.573438 0.533333 0.571875 0.512500 0.571875 0.510417 0.570312 0.485417 0.570312 0.475000 0.573438 0.472917 0.575000 0.472917 0.579687 0.481250 0.578125 0.487500 0.575000 0.564583 0.575000
5 0.902083 0.776563 0.887500 0.768750 0.760417 0.770312 0.739583 0.756250 0.720833 0.759375 0.700000 0.773438 0.697917 0.793750 0.654167 0.793750 0.637500 0.809375 0.622917 0.800000 0.618750 0.815625 0.579167 0.864062 0.552083 0.876562 0.556250 0.887500 0.568750 0.889063 0.670833 0.857813 0.675000 0.846875 0.727083 0.815625 0.720833 0.796875 0.733333 0.784375 0.743750 0.787500 0.760417 0.815625 0.929167 0.850000 0.902083 0.810938 0.912500 0.796875
5 0.843750 0.900000 0.843750 0.907812 0.860417 0.915625 0.850000 0.925000 0.841667 0.973437 0.906250 0.990625 0.987500 0.989062 0.989583 0.948438 0.960417 0.912500 0.931250 0.915625 0.916667 0.909375 0.897917 0.890625 0.858333 0.889063
6 0.568750 0.014062 0.587500 0.039062 0.587500 0.065625 0.575000 0.093750 0.558333 0.095312 0.543750 0.193750 0.550000 0.223438 0.539583 0.234375 0.575000 0.257812 0.577083 0.250000 0.600000 0.250000 0.622917 0.264062 0.747917 0.250000 0.777083 0.267188 0.787500 0.264062 0.779167 0.251563 0.754167 0.246875 0.639583 0.250000 0.631250 0.229687 0.697917 0.228125 0.716667 0.240625 0.727083 0.237500 0.716667 0.226562 0.606250 0.221875 0.629167 0.012500
7 0.229167 0.043750 0.252083 0.400000 0.516667 0.410937 0.535417 0.178125 0.491667 0.173438 0.477083 0.137500 0.487500 0.135937 0.483333 0.106250 0.497917 0.089062 0.552083 0.092188 0.543750 0.067188
7 0.325000 0.500000 0.320833 0.529688 0.325000 0.528125 0.439583 0.526563 0.439583 0.501562 0.429167 0.501562 0.427083 0.500000
7 0.395833 0.610937 0.314583 0.610937 0.320833 0.618750 0.310417 0.625000 0.312500 0.650000 0.272917 0.643750 0.239583 0.657812 0.222917 0.703125 0.383333 0.707812
7 0.014583 0.990625 0.425000 0.987500 0.412500 0.973437 0.414583 0.935938 0.450000 0.912500 0.485417 0.904688 0.529167 0.909375 0.552083 0.895312 0.541667 0.873438 0.570833 0.859375 0.608333 0.815625 0.047917 0.810938 0.014583 0.871875
8 0.566667 0.021875 0.556250 0.029687 0.556250 0.032812 0.554167 0.034375 0.554167 0.050000 0.552083 0.051562 0.552083 0.071875 0.554167 0.073437 0.554167 0.078125 0.556250 0.079687 0.556250 0.084375 0.558333 0.085938 0.558333 0.090625 0.560417 0.092188 0.572917 0.092188 0.572917 0.089062 0.577083 0.084375 0.577083 0.065625 0.581250 0.062500 0.577083 0.059375 0.579167 0.057813 0.579167 0.053125 0.581250 0.051562 0.581250 0.042188
8 0.562500 0.356250 0.550000 0.384375 0.558333 0.459375 0.547917 0.473437 0.543750 0.535937 0.552083 0.546875 0.579167 0.560938 0.618750 0.560938 0.633333 0.573438 0.625000 0.542188 0.608333 0.518750 0.587500 0.504687 0.566667 0.471875 0.572917 0.432813 0.560417 0.359375 0.672917 0.364062 0.672917 0.356250
8 0.714583 0.428125 0.697917 0.428125 0.695833 0.431250 0.677083 0.439063 0.672917 0.445312 0.675000 0.503125 0.670833 0.507812 0.668750 0.528125 0.672917 0.534375 0.683333 0.540625 0.693750 0.540625 0.714583 0.535937 0.716667 0.531250 0.735417 0.517187 0.747917 0.487500 0.741667 0.448438 0.733333 0.435937
8 0.216667 0.570312 0.222917 0.579687 0.222917 0.590625 0.233333 0.585938 0.250000 0.585938 0.272917 0.595312 0.306250 0.612500 0.304167 0.609375 0.304167 0.582812 0.306250 0.581250 0.306250 0.573438 0.291667 0.573438 0.289583 0.575000 0.264583 0.576563 0.262500 0.578125 0.245833 0.573438 0.225000 0.573438
8 0.220833 0.646875 0.235417 0.656250 0.247917 0.651563 0.258333 0.650000 0.312500 0.620313 0.272917 0.603125 0.254167 0.592188 0.229167 0.592188 0.218750 0.600000 0.218750 0.609375 0.222917 0.618750 0.218750 0.626562
8 0.589583 0.621875 0.579167 0.634375 0.579167 0.648438 0.591667 0.659375 0.591667 0.662500 0.577083 0.679688 0.558333 0.689062 0.556250 0.692187 0.577083 0.707812 0.589583 0.709375 0.597917 0.712500 0.597917 0.706250 0.618750 0.678125 0.618750 0.664062 0.604167 0.650000 0.600000 0.634375
8 0.547917 0.707812 0.547917 0.726562 0.550000 0.725000 0.568750 0.725000 0.577083 0.718750 0.606250 0.718750 0.610417 0.721875 0.612500 0.726562 0.614583 0.728125 0.618750 0.728125 0.618750 0.723437 0.620833 0.721875 0.618750 0.720312 0.618750 0.710938 0.616667 0.709375 0.612500 0.709375 0.610417 0.715625 0.606250 0.717188 0.604167 0.715625 0.579167 0.715625 0.575000 0.712500 0.575000 0.710938 0.566667 0.706250 0.550000 0.706250
8 0.735417 0.790625 0.729167 0.795313 0.729167 0.800000 0.766667 0.885938 0.775000 0.884375 0.764583 0.864062 0.764583 0.859375 0.756250 0.843750 0.756250 0.839063 0.745833 0.818750 0.745833 0.814062
8 0.985417 0.848437 0.927083 0.856250 0.760417 0.823438 0.781250 0.884375 0.762500 0.904688 0.750000 0.865625 0.727083 0.876562 0.735417 0.859375 0.752083 0.860937 0.731250 0.820312 0.645833 0.875000 0.556250 0.895312 0.527083 0.917188 0.485417 0.910937 0.422917 0.939062 0.420833 0.971875 0.450000 0.987500 0.893750 0.989062 0.833333 0.975000 0.850000 0.914062 0.820833 0.887500 0.900000 0.884375 0.929167 0.906250 0.979167 0.898438