1 0.018750 0.268750 0.425000 0.287500 0.450000 0.271875 0.477083 0.276563 0.481250 0.240625 0.525000 0.234375 0.470833 0.229687 0.468750 0.204688 0.433333 0.187500 0.431250 0.093750 0.470833 0.085938 0.487500 0.065625 0.750000 0.064062 0.783333 0.017188 0.012500 0.014062
1 0.854167 0.018750 0.858333 0.067188 0.987500 0.110937 0.985417 0.017188
1 0.854167 0.093750 0.850000 0.107813 0.850000 0.235938 0.937500 0.200000 0.985417 0.143750 0.985417 0.137500
1 0.985417 0.189063 0.983333 0.190625 0.983333 0.192188 0.981250 0.193750 0.981250 0.195312 0.977083 0.198437 0.977083 0.200000 0.975000 0.201562 0.975000 0.203125 0.972917 0.204688 0.972917 0.206250 0.968750 0.209375 0.968750 0.210938 0.966667 0.212500 0.966667 0.214062 0.970833 0.217187 0.972917 0.217187 0.975000 0.218750 0.977083 0.218750 0.981250 0.221875 0.983333 0.221875 0.987500 0.225000 0.987500 0.221875 0.985417 0.220313
1 0.975000 0.235938 0.958333 0.228125 0.952083 0.228125 0.941667 0.232812 0.937500 0.232812 0.927083 0.237500 0.912500 0.240625 0.902083 0.245312 0.897917 0.245312 0.887500 0.250000 0.883333 0.250000 0.872917 0.254687 0.850000 0.260938 0.856250 0.265625
1 0.016667 0.275000 0.016667 0.989062 0.131250 0.987500 0.172917 0.907812 0.175000 0.929688 0.514583 0.929688 0.512500 0.906250 0.443750 0.896875 0.435417 0.848437 0.229167 0.842188 0.268750 0.287500 0.220833 0.289062 0.175000 0.875000 0.214583 0.282813
1 0.910417 0.278125 0.906250 0.278125 0.904167 0.279687 0.897917 0.279687 0.895833 0.281250 0.887500 0.281250 0.885417 0.282813 0.879167 0.282813 0.877083 0.284375 0.868750 0.284375 0.866667 0.285937 0.860417 0.285937 0.858333 0.287500 0.850000 0.287500 0.850000 0.312500
1 0.629167 0.679688 0.587500 0.684375 0.564583 0.671875 0.554167 0.671875 0.545833 0.681250 0.533333 0.684375 0.527083 0.675000 0.525000 0.793750 0.531250 0.751562 0.629167 0.746875
1 0.602083 0.979688 0.556250 0.975000 0.520833 0.956250 0.500000 0.934375 0.185417 0.939062 0.172917 0.945312 0.143750 0.987500 0.289583 0.984375 0.302083 0.940625 0.443750 0.942187 0.460417 0.960938 0.462500 0.979688
2 0.952083 0.273438 0.854167 0.339063 0.852083 0.382812 0.804167 0.390625 0.895833 0.451562 0.895833 0.473437 0.741667 0.426562 0.712500 0.440625 0.760417 0.437500 0.775000 0.456250 0.714583 0.471875 0.733333 0.501562 0.643750 0.506250 0.708333 0.550000 0.641667 0.578125 0.641667 0.600000 0.679167 0.595312 0.708333 0.625000 0.702083 0.642187 0.654167 0.643750 0.752083 0.681250 0.641667 0.682813 0.641667 0.740625 0.664583 0.762500 0.843750 0.759375 0.864583 0.790625 0.820833 0.796875 0.929167 0.807813 0.925000 0.834375 0.837500 0.842188 0.829167 0.985937 0.989583 0.985937 0.983333 0.417188 0.927083 0.378125
5 0.522917 0.426562 0.525000 0.428125 0.533333 0.428125 0.539583 0.432813 0.552083 0.432813 0.554167 0.434375 0.558333 0.432813 0.579167 0.432813 0.589583 0.437500 0.593750 0.435937 0.614583 0.435937 0.614583 0.417188 0.612500 0.415625 0.600000 0.414062 0.597917 0.412500 0.593750 0.412500 0.585417 0.409375 0.579167 0.409375 0.577083 0.407813 0.572917 0.407813 0.564583 0.404687 0.558333 0.404687 0.556250 0.403125 0.552083 0.403125 0.550000 0.404687 0.550000 0.407813 0.547917 0.409375 0.545833 0.407813 0.525000 0.423438
5 0.500000 0.434375 0.500000 0.445312 0.518750 0.453125 0.543750 0.453125 0.545833 0.454688 0.554167 0.454688 0.556250 0.453125 0.610417 0.453125 0.606250 0.446875 0.533333 0.446875 0.531250 0.448438 0.510417 0.448438 0.504167 0.443750 0.504167 0.440625
5 0.758333 0.456250 0.754167 0.451562 0.722917 0.451562 0.720833 0.453125 0.687500 0.453125 0.685417 0.454688 0.679167 0.454688 0.670833 0.457812 0.666667 0.462500 0.679167 0.462500 0.681250 0.460938 0.700000 0.460938 0.702083 0.459375 0.758333 0.459375
5 0.620833 0.475000 0.625000 0.489062 0.629167 0.492188 0.666667 0.492188 0.670833 0.493750 0.687500 0.489062 0.706250 0.489062 0.708333 0.495313 0.725000 0.495313 0.720833 0.490625 0.712500 0.489062 0.704167 0.482812 0.685417 0.482812 0.672917 0.487500 0.670833 0.485938 0.654167 0.485938 0.641667 0.482812 0.639583 0.479688 0.643750 0.475000 0.662500 0.460938 0.637500 0.475000
5 0.579167 0.478125 0.585417 0.481250 0.583333 0.487500 0.577083 0.489062 0.577083 0.504687 0.581250 0.506250 0.585417 0.517187 0.577083 0.518750 0.577083 0.525000 0.585417 0.525000 0.602083 0.534375 0.672917 0.531250 0.681250 0.539062 0.695833 0.537500 0.691667 0.531250 0.666667 0.529688 0.662500 0.526563 0.670833 0.523438 0.662500 0.525000 0.656250 0.521875 0.616667 0.517187 0.616667 0.504687 0.625000 0.496875 0.616667 0.493750 0.616667 0.479688 0.608333 0.465625 0.600000 0.465625 0.587500 0.478125
5 0.483333 0.473437 0.477083 0.478125 0.477083 0.485938 0.475000 0.487500 0.475000 0.504687 0.472917 0.506250 0.475000 0.515625 0.493750 0.525000 0.508333 0.525000 0.506250 0.520312 0.483333 0.518750 0.477083 0.512500 0.481250 0.507812 0.491667 0.504687 0.500000 0.504687 0.506250 0.509375 0.506250 0.500000 0.508333 0.498437 0.508333 0.487500 0.491667 0.490625 0.485417 0.490625 0.481250 0.487500 0.481250 0.479688 0.487500 0.475000 0.506250 0.475000 0.508333 0.476562 0.506250 0.471875
5 0.577083 0.559375 0.583333 0.576563 0.575000 0.578125 0.572917 0.592188 0.583333 0.593750 0.587500 0.607813 0.572917 0.609375 0.572917 0.614062 0.585417 0.614062 0.604167 0.629687 0.672917 0.626562 0.687500 0.635938 0.700000 0.635938 0.700000 0.631250 0.683333 0.626562 0.629167 0.621875 0.620833 0.615625 0.668750 0.609375 0.618750 0.610937 0.618750 0.570312 0.670833 0.565625 0.622917 0.564062 0.620833 0.557813 0.683333 0.554688 0.693750 0.546875 0.681250 0.554688 0.647917 0.545313 0.620833 0.550000 0.602083 0.546875 0.589583 0.559375
5 0.481250 0.557813 0.470833 0.571875 0.475000 0.579687 0.475000 0.584375 0.468750 0.590625 0.470833 0.603125 0.485417 0.610937 0.512500 0.612500 0.512500 0.609375 0.489583 0.609375 0.481250 0.606250 0.475000 0.598437 0.485417 0.592188 0.497917 0.592188 0.514583 0.598437 0.512500 0.573438 0.504167 0.571875 0.500000 0.576563 0.485417 0.578125 0.477083 0.570312 0.477083 0.567187 0.483333 0.562500 0.514583 0.560938 0.514583 0.556250
5 0.539583 0.754687 0.558333 0.884375 0.602083 0.926562 0.631250 0.984375 0.650000 0.985937 0.645833 0.978125 0.691667 0.968750 0.697917 0.984375 0.820833 0.987500 0.827083 0.831250 0.912500 0.823438 0.916667 0.812500 0.810417 0.804688 0.802083 0.784375 0.847917 0.782812 0.843750 0.770312 0.666667 0.768750 0.647917 0.750000
5 0.464583 0.842188 0.454167 0.850000 0.456250 0.870313 0.450000 0.876562 0.450000 0.887500 0.454167 0.893750 0.472917 0.900000 0.516667 0.898438 0.520833 0.895312 0.466667 0.893750 0.454167 0.889063 0.456250 0.882812 0.468750 0.878125 0.477083 0.878125 0.481250 0.882812 0.522917 0.882812 0.510417 0.860937 0.489583 0.853125 0.468750 0.859375 0.460417 0.854688 0.462500 0.848437 0.470833 0.842188 0.500000 0.846875 0.500000 0.842188
6 0.845833 0.014062 0.797917 0.014062 0.756250 0.065625 0.760417 0.132812 0.806250 0.145313 0.822917 0.201562 0.795833 0.300000 0.731250 0.346875 0.712500 0.403125 0.660417 0.448438 0.650000 0.428125 0.629167 0.440625 0.618750 0.428125 0.620833 0.473437 0.752083 0.409375 0.887500 0.465625 0.793750 0.412500 0.793750 0.393750 0.837500 0.373437 0.841667 0.335938 0.877083 0.314063 0.843750 0.321875 0.845833 0.282813 0.985417 0.256250 0.981250 0.239063 0.843750 0.259375 0.954167 0.220313 0.985417 0.235938 0.956250 0.212500 0.987500 0.157813 0.937500 0.212500 0.845833 0.248437 0.847917 0.092188 0.989583 0.129688 0.985417 0.112500 0.850000 0.075000
6 0.516667 0.434375 0.516667 0.440625 0.522917 0.445312 0.525000 0.445312 0.527083 0.443750 0.545833 0.443750 0.547917 0.442187 0.566667 0.442187 0.566667 0.437500 0.564583 0.437500 0.562500 0.435937 0.541667 0.435937 0.539583 0.434375
6 0.516667 0.459375 0.512500 0.656250 0.537500 0.676562 0.570833 0.670313 0.600000 0.679688 0.704167 0.665625 0.714583 0.676562 0.741667 0.676562 0.733333 0.665625 0.702083 0.662500 0.597917 0.668750 0.595833 0.660937 0.639583 0.656250 0.668750 0.660937 0.679167 0.654688 0.579167 0.653125 0.568750 0.645312 0.572917 0.457812
7 0.281250 0.289062 0.245833 0.837500 0.500000 0.840625 0.518750 0.671875 0.508333 0.617188 0.462500 0.603125 0.475000 0.556250 0.510417 0.551562 0.510417 0.531250 0.466667 0.507812 0.468750 0.478125 0.500000 0.457812 0.487500 0.432813 0.460417 0.440625 0.429167 0.421875 0.410417 0.387500 0.425000 0.331250 0.439583 0.326562 0.422917 0.293750
7 0.302083 0.976562 0.400000 0.976562 0.406250 0.975000 0.406250 0.971875 0.416667 0.964063 0.427083 0.960938 0.427083 0.946875 0.429167 0.945312 0.310417 0.945312
8 0.487500 0.073437 0.485417 0.096875 0.447917 0.104687 0.443750 0.128125 0.481250 0.137500 0.481250 0.157813 0.441667 0.167187 0.445833 0.185937 0.470833 0.189063 0.443750 0.170312 0.472917 0.168750 0.479167 0.218750 0.562500 0.223438 0.539583 0.237500 0.550000 0.259375 0.604167 0.257812 0.614583 0.284375 0.670833 0.326562 0.716667 0.342187 0.745833 0.339063 0.789583 0.303125 0.820833 0.207813 0.806250 0.151562 0.760417 0.139062 0.631250 0.206250 0.614583 0.204688 0.756250 0.134375 0.752083 0.068750
8 0.502083 0.245312 0.491667 0.254687 0.508333 0.271875 0.506250 0.281250 0.466667 0.295312 0.445833 0.284375 0.433333 0.304688 0.445833 0.301562 0.460417 0.328125 0.479167 0.331250 0.470833 0.345313 0.439583 0.360938 0.485417 0.357812 0.472917 0.367188 0.427083 0.376563 0.429167 0.412500 0.464583 0.429688 0.514583 0.423438 0.529167 0.393750 0.547917 0.407813 0.547917 0.392188 0.560417 0.392188 0.566667 0.373437 0.612500 0.379687 0.608333 0.357812 0.589583 0.360938 0.570833 0.343750 0.554167 0.339063 0.556250 0.329688 0.545833 0.328125 0.547917 0.310937 0.560417 0.307813 0.547917 0.298438 0.531250 0.301562 0.520833 0.268750 0.510417 0.264062
8 0.533333 0.776563 0.522917 0.935938 0.543750 0.954687 0.575000 0.970312 0.612500 0.970312 0.597917 0.932813 0.562500 0.898438 0.543750 0.867188 0.545833 0.812500
8 0.668750 0.812500 0.652083 0.823438 0.654167 0.826563 0.635417 0.842188 0.633333 0.854688 0.635417 0.862500 0.645833 0.876562 0.643750 0.914062 0.664583 0.921875 0.677083 0.931250 0.683333 0.931250 0.718750 0.896875 0.718750 0.868750 0.693750 0.820312 0.683333 0.812500