1 0.456250 0.015625 0.114583 0.014062 0.160417 0.662500 0.022917 0.678125 0.016667 0.773438 0.158333 0.767187 0.170833 0.728125 0.495833 0.715625 0.464583 0.684375 0.470833 0.623438 0.425000 0.625000 0.408333 0.589063
1 0.018750 0.781250 0.016667 0.989062 0.116667 0.989062 0.447917 0.946875 0.470833 0.987500 0.793750 0.987500 0.750000 0.906250 0.722917 0.904688 0.706250 0.879687 0.712500 0.828125 0.554167 0.839063 0.529167 0.795313 0.395833 0.800000 0.395833 0.779688 0.172917 0.810938 0.164583 0.775000
2 0.793750 0.854688 0.793750 0.870313 0.820833 0.887500 0.831250 0.900000 0.829167 0.918750 0.847917 0.923437 0.866667 0.940625 0.870833 0.962500 0.868750 0.973437 0.881250 0.985937 0.906250 0.987500
3 0.522917 0.625000 0.537500 0.656250 0.520833 0.714063 0.552083 0.737500 0.552083 0.750000 0.566667 0.754687 0.568750 0.764063 0.558333 0.790625 0.533333 0.787500 0.562500 0.831250 0.568750 0.825000 0.597917 0.828125 0.672917 0.821875 0.675000 0.817187 0.683333 0.821875 0.768750 0.817187 0.641667 0.660937
4 0.822917 0.021875 0.816667 0.045313 0.768750 0.050000 0.712500 0.229687 0.764583 0.268750 0.735417 0.293750 0.752083 0.337500 0.714583 0.353125 0.741667 0.450000 0.702083 0.470313 0.687500 0.551562 0.658333 0.551562 0.639583 0.657812 0.912500 0.987500 0.987500 0.985937 0.985417 0.031250
7 0.095833 0.012500 0.014583 0.010937 0.016667 0.670313 0.147917 0.657812
7 0.556250 0.764063 0.545833 0.750000 0.406250 0.760938 0.425000 0.750000 0.456250 0.750000 0.460417 0.735937 0.483333 0.725000 0.516667 0.734375 0.520833 0.745313 0.541667 0.740625 0.539583 0.731250 0.477083 0.720312 0.458333 0.726562 0.450000 0.742188 0.435417 0.721875 0.177083 0.732813 0.166667 0.781250 0.175000 0.806250 0.395833 0.773438 0.408333 0.778125 0.408333 0.793750 0.520833 0.789062 0.522917 0.779688 0.550000 0.785937
7 0.462500 0.985937 0.452083 0.953125 0.127083 0.989062
8 0.464583 0.017188 0.443750 0.328125 0.497917 0.339063 0.441667 0.337500 0.425000 0.607813 0.522917 0.615625 0.639583 0.654688 0.652083 0.550000 0.608333 0.550000 0.606250 0.537500 0.681250 0.548437 0.697917 0.528125 0.695833 0.464063 0.729167 0.457812 0.706250 0.354688 0.750000 0.337500 0.727083 0.298438 0.760417 0.268750 0.745833 0.253125 0.564583 0.235938 0.702083 0.251563 0.764583 0.045313
8 0.489583 0.623438 0.483333 0.637500 0.483333 0.642187 0.481250 0.643750 0.479167 0.681250 0.491667 0.692187 0.500000 0.703125 0.516667 0.701563 0.518750 0.698438 0.518750 0.681250 0.520833 0.679688 0.520833 0.662500 0.522917 0.660937 0.522917 0.643750 0.525000 0.642187 0.510417 0.623438
8 0.752083 0.828125 0.725000 0.839063 0.714583 0.884375 0.725000 0.900000 0.737500 0.901563 0.743750 0.893750 0.758333 0.895312 0.754167 0.900000 0.772917 0.928125 0.793750 0.931250 0.793750 0.942187 0.783333 0.945312 0.783333 0.950000 0.802083 0.968750 0.804167 0.984375 0.833333 0.984375 0.860417 0.964063 0.856250 0.939062 0.845833 0.932813 0.841667 0.923437 0.820833 0.920313 0.822917 0.904688 0.818750 0.895312 0.804167 0.881250 0.779167 0.871875 0.785417 0.870313 0.787500 0.854688 0.775000 0.835938 0.766667 0.829687