1 0.014583 0.043750 0.016667 0.429688 0.072917 0.276563
1 0.081250 0.257812 0.018750 0.456250 0.014583 0.984375 0.154167 0.990625 0.258333 0.271875
1 0.527083 0.935938 0.531250 0.984375 0.693750 0.985937 0.695833 0.973437 0.685417 0.973437 0.681250 0.970312 0.666667 0.931250 0.622917 0.931250 0.608333 0.925000 0.595833 0.925000
2 0.868750 0.228125 0.850000 0.248437 0.822917 0.300000 0.900000 0.281250 0.910417 0.285937 0.914583 0.298438 0.908333 0.303125 0.933333 0.306250 0.910417 0.359375 0.914583 0.370313 0.910417 0.382812 0.922917 0.387500 0.925000 0.373437 0.952083 0.351562 0.987500 0.351562 0.987500 0.231250 0.941667 0.228125 0.912500 0.256250 0.895833 0.257812 0.883333 0.243750 0.883333 0.232812
2 0.700000 0.670313 0.708333 0.706250 0.731250 0.721875 0.843750 0.720312 0.887500 0.679688 0.910417 0.684375 0.947917 0.675000 0.964583 0.703125 0.981250 0.707812 0.983333 0.560938 0.818750 0.556250 0.789583 0.598437 0.758333 0.596875 0.739583 0.621875 0.850000 0.606250 0.850000 0.625000 0.764583 0.634375 0.814583 0.639063 0.829167 0.628125 0.866667 0.634375 0.806250 0.689062 0.779167 0.689062 0.772917 0.676562
3 0.343750 0.017188 0.341667 0.073437 0.462500 0.089062 0.447917 0.020312
3 0.379167 0.228125 0.377083 0.275000 0.362500 0.310937 0.514583 0.329688 0.518750 0.295312 0.493750 0.284375 0.481250 0.284375 0.468750 0.278125 0.468750 0.264062 0.460417 0.248437 0.452083 0.245312 0.437500 0.246875 0.427083 0.239063
3 0.477083 0.442187 0.510417 0.923437 0.616667 0.918750 0.610417 0.848437 0.620833 0.832812 0.660417 0.832812 0.641667 0.759375 0.695833 0.714063 0.677083 0.670313 0.602083 0.681250 0.572917 0.653125 0.558333 0.596875 0.579167 0.582812 0.579167 0.550000 0.635417 0.485938 0.618750 0.453125
5 0.700000 0.012500 0.704167 0.045313 0.712500 0.064062 0.814583 0.068750 0.810417 0.060938 0.810417 0.051562 0.825000 0.023438 0.804167 0.021875 0.791667 0.037500 0.772917 0.032812 0.747917 0.014062
5 0.783333 0.154687 0.783333 0.157813 0.822917 0.215625 0.881250 0.217187 0.877083 0.203125 0.845833 0.143750
5 0.550000 0.148438 0.516667 0.148438 0.500000 0.151562 0.502083 0.160938 0.487500 0.170312 0.443750 0.176563 0.439583 0.179688 0.425000 0.207813 0.422917 0.231250 0.437500 0.245312 0.533333 0.240625 0.543750 0.237500 0.552083 0.223438 0.554167 0.185937 0.562500 0.176563 0.562500 0.170312
5 0.570833 0.181250 0.570833 0.184375 0.568750 0.185937 0.568750 0.189063 0.566667 0.190625 0.566667 0.193750 0.564583 0.195312 0.564583 0.198437 0.562500 0.200000 0.562500 0.204688 0.572917 0.212500 0.572917 0.214062 0.583333 0.221875 0.583333 0.218750 0.581250 0.217187 0.581250 0.212500 0.579167 0.210938 0.579167 0.206250 0.577083 0.204688 0.577083 0.200000 0.575000 0.198437 0.575000 0.193750 0.572917 0.192188 0.572917 0.185937 0.570833 0.184375
5 0.860417 0.221875 0.737500 0.260938 0.714583 0.246875 0.710417 0.256250 0.725000 0.281250 0.727083 0.301562 0.716667 0.323438 0.764583 0.326562 0.904167 0.292188 0.897917 0.287500 0.766667 0.323438 0.743750 0.318750 0.747917 0.289062 0.739583 0.262500
5 0.610417 0.325000 0.593750 0.335938 0.587500 0.337500 0.587500 0.342187 0.589583 0.343750 0.589583 0.346875 0.591667 0.348437 0.591667 0.351562 0.595833 0.357812 0.595833 0.362500 0.597917 0.364062 0.602083 0.376563 0.604167 0.378125 0.606250 0.376563 0.639583 0.376563 0.631250 0.364062 0.629167 0.356250 0.620833 0.343750 0.620833 0.340625 0.614583 0.331250 0.614583 0.328125 0.612500 0.325000
5 0.641667 0.384375 0.610417 0.434375 0.610417 0.437500 0.670833 0.459375 0.679167 0.435937 0.700000 0.392188 0.700000 0.387500 0.691667 0.387500 0.670833 0.382812
5 0.831250 0.428125 0.833333 0.434375 0.839583 0.437500 0.887500 0.446875 0.970833 0.467187 0.970833 0.462500
5 0.643750 0.642187 0.695833 0.640625 0.691667 0.635938 0.695833 0.631250 0.718750 0.640625 0.845833 0.617188 0.845833 0.614062 0.710417 0.634375 0.702083 0.626562 0.706250 0.607813 0.695833 0.573438 0.716667 0.579687 0.693750 0.564062 0.691667 0.553125 0.704167 0.550000 0.683333 0.550000 0.681250 0.542188 0.670833 0.562500 0.677083 0.625000
5 0.579167 0.593750 0.568750 0.601562 0.568750 0.610937 0.570833 0.612500 0.570833 0.623438 0.572917 0.625000 0.572917 0.634375 0.575000 0.635938 0.575000 0.646875 0.577083 0.648438 0.581250 0.648438 0.589583 0.651563 0.595833 0.651563 0.597917 0.653125 0.595833 0.651563 0.593750 0.637500 0.591667 0.635938 0.591667 0.631250 0.589583 0.629687 0.589583 0.623438 0.587500 0.621875 0.587500 0.615625 0.585417 0.614062 0.583333 0.600000 0.581250 0.598437 0.581250 0.593750
5 0.785417 0.787500 0.775000 0.790625 0.768750 0.795313 0.764583 0.795313 0.762500 0.792188 0.754167 0.792188 0.758333 0.825000 0.760417 0.826563 0.760417 0.835938 0.762500 0.837500 0.762500 0.848437 0.779167 0.846875 0.775000 0.839063 0.775000 0.832812 0.772917 0.831250 0.768750 0.812500 0.770833 0.810938 0.779167 0.810938 0.781250 0.812500 0.793750 0.812500 0.795833 0.814062 0.793750 0.810938 0.775000 0.807813 0.768750 0.804688 0.768750 0.801562 0.777083 0.795313 0.787500 0.790625
5 0.612500 0.848437 0.612500 0.860937 0.614583 0.862500 0.618750 0.896875 0.620833 0.898438 0.625000 0.923437 0.633333 0.925000 0.670833 0.925000 0.666667 0.915625 0.666667 0.907812 0.664583 0.906250 0.664583 0.898438 0.660417 0.889063 0.660417 0.881250 0.656250 0.871875 0.650000 0.839063
5 0.758333 0.859375 0.787500 0.984375 0.852083 0.982813 0.795833 0.848437
6 0.493750 0.042188 0.481250 0.164062 0.500000 0.135937 0.577083 0.145313 0.572917 0.178125 0.595833 0.246875 0.602083 0.234375 0.625000 0.232812 0.641667 0.189063 0.772917 0.204688 0.766667 0.234375 0.785417 0.235938 0.797917 0.207813 0.785417 0.184375 0.783333 0.192188 0.643750 0.179688 0.652083 0.123438 0.675000 0.134375 0.716667 0.129688 0.650000 0.120312 0.622917 0.081250 0.597917 0.079687 0.581250 0.137500 0.531250 0.128125 0.547917 0.071875 0.572917 0.109375 0.593750 0.042188 0.610417 0.032812 0.591667 0.012500 0.568750 0.012500 0.554167 0.048437
6 0.760417 0.012500 0.775000 0.025000 0.775000 0.026563 0.781250 0.031250 0.781250 0.032812 0.783333 0.032812 0.785417 0.028125 0.793750 0.021875 0.795833 0.021875 0.797917 0.020312 0.802083 0.020312 0.804167 0.018750 0.827083 0.018750 0.827083 0.017188 0.829167 0.015625 0.829167 0.014062 0.825000 0.014062 0.822917 0.012500
6 0.983333 0.015625 0.835417 0.014062 0.820833 0.060938 0.893750 0.243750 0.987500 0.140625
6 0.762500 0.123438 0.756250 0.128125 0.754167 0.128125 0.750000 0.131250 0.747917 0.131250 0.735417 0.139062 0.739583 0.139062 0.741667 0.140625 0.741667 0.143750 0.737500 0.148438 0.737500 0.151562 0.735417 0.153125 0.735417 0.156250 0.733333 0.157813 0.733333 0.162500 0.731250 0.164062 0.729167 0.171875 0.752083 0.164062 0.752083 0.157813 0.754167 0.156250 0.754167 0.151562 0.756250 0.150000 0.756250 0.143750 0.758333 0.142188 0.758333 0.137500 0.760417 0.135937 0.760417 0.129688 0.762500 0.128125
6 0.645833 0.195312 0.614583 0.289062 0.627083 0.351562 0.641667 0.376563 0.633333 0.378125 0.679167 0.381250 0.689583 0.368750 0.710417 0.368750 0.712500 0.343750 0.725000 0.334375 0.766667 0.334375 0.779167 0.350000 0.866667 0.351562 0.856250 0.378125 0.875000 0.371875 0.895833 0.354688 0.920833 0.310937 0.891667 0.310937 0.879167 0.342187 0.712500 0.329688 0.718750 0.293750 0.677083 0.193750
6 0.841667 0.235938 0.785417 0.254687 0.808333 0.256250 0.810417 0.260938 0.783333 0.307813 0.783333 0.312500 0.785417 0.310937 0.810417 0.309375
6 0.725000 0.239063 0.727083 0.240625 0.727083 0.243750 0.731250 0.248437 0.735417 0.248437 0.737500 0.250000 0.739583 0.250000 0.745833 0.253125 0.752083 0.253125 0.754167 0.251563 0.758333 0.251563 0.760417 0.250000 0.766667 0.250000 0.772917 0.246875 0.777083 0.246875 0.779167 0.245312 0.785417 0.243750 0.775000 0.243750 0.772917 0.242188 0.756250 0.242188 0.754167 0.240625 0.737500 0.240625 0.735417 0.239063
6 0.470833 0.251563 0.470833 0.278125 0.472917 0.279687 0.481250 0.282813 0.522917 0.282813 0.522917 0.276563 0.525000 0.275000 0.525000 0.270312 0.527083 0.268750 0.527083 0.262500 0.529167 0.260938 0.529167 0.256250 0.531250 0.254687 0.531250 0.248437 0.479167 0.248437
6 0.537500 0.264062 0.535417 0.275000 0.531250 0.281250 0.525000 0.304688 0.516667 0.323438 0.516667 0.332812 0.522917 0.345313 0.529167 0.367188 0.570833 0.303125 0.570833 0.298438
6 0.562500 0.332812 0.541667 0.381250 0.541667 0.390625 0.550000 0.410937 0.560417 0.450000 0.593750 0.385938
6 0.722917 0.340625 0.675000 0.467187 0.733333 0.612500 0.747917 0.590625 0.789583 0.584375 0.814583 0.548437 0.987500 0.550000 0.989583 0.525000 0.843750 0.520312 0.852083 0.492188 0.802083 0.404687 0.922917 0.409375 0.906250 0.443750 0.931250 0.450000 0.981250 0.359375 0.954167 0.357812 0.927083 0.390625 0.787500 0.378125 0.764583 0.337500
6 0.895833 0.456250 0.895833 0.459375 0.893750 0.460938 0.893750 0.464063 0.891667 0.465625 0.891667 0.468750 0.889583 0.470313 0.889583 0.473437 0.912500 0.473437 0.914583 0.475000 0.916667 0.475000 0.916667 0.473437 0.918750 0.471875 0.918750 0.470313 0.920833 0.468750 0.920833 0.467187 0.922917 0.465625 0.922917 0.462500 0.918750 0.462500 0.916667 0.460938 0.914583 0.460938 0.912500 0.459375 0.908333 0.459375 0.906250 0.457812 0.902083 0.457812 0.900000 0.456250
6 0.612500 0.507812 0.583333 0.546875 0.606250 0.679688 0.625000 0.676562 0.633333 0.662500 0.804167 0.662500 0.783333 0.679688 0.800000 0.684375 0.858333 0.640625 0.835417 0.634375 0.816667 0.646875 0.641667 0.645312 0.641667 0.635938 0.668750 0.625000 0.664583 0.571875 0.639583 0.576563 0.633333 0.570312 0.631250 0.548437 0.639583 0.539062 0.650000 0.539062 0.637500 0.506250
6 0.654167 0.517187 0.654167 0.528125 0.689583 0.528125 0.691667 0.529688 0.695833 0.529688 0.693750 0.528125 0.693750 0.526563 0.691667 0.525000 0.691667 0.521875 0.689583 0.520312 0.689583 0.518750 0.687500 0.518750 0.685417 0.517187
6 0.891667 0.690625 0.785417 0.776563 0.856250 0.984375 0.985417 0.984375 0.983333 0.934375 0.958333 0.817187
6 0.833333 0.728125 0.727083 0.734375 0.720833 0.721875 0.706250 0.721875 0.645833 0.762500 0.683333 0.968750 0.714583 0.957812 0.775000 0.954687 0.750000 0.868750 0.764583 0.854688 0.737500 0.745313 0.820833 0.737500
7 0.018750 0.014062 0.050000 0.132812 0.439583 0.157813 0.447917 0.090625 0.337500 0.075000 0.335417 0.017188
7 0.458333 0.093750 0.458333 0.103125 0.456250 0.104687 0.456250 0.112500 0.458333 0.112500 0.460417 0.114063 0.462500 0.114063 0.464583 0.115625 0.466667 0.115625 0.468750 0.117188 0.472917 0.117188 0.475000 0.118750 0.477083 0.118750 0.479167 0.120312 0.479167 0.115625 0.481250 0.114063 0.481250 0.107813 0.483333 0.106250 0.483333 0.100000 0.481250 0.100000 0.479167 0.098438 0.475000 0.098438 0.472917 0.096875 0.468750 0.096875 0.466667 0.095312 0.464583 0.095312 0.462500 0.093750
7 0.445833 0.135937 0.445833 0.164062 0.452083 0.164062 0.454167 0.165625 0.462500 0.165625 0.464583 0.167187 0.472917 0.167187 0.475000 0.168750 0.475000 0.139062 0.477083 0.137500 0.477083 0.135937
7 0.058333 0.142188 0.081250 0.253125 0.279167 0.262500 0.329167 0.210938 0.345833 0.210938 0.364583 0.223438 0.404167 0.221875 0.408333 0.189063 0.439583 0.165625 0.433333 0.160938
7 0.268750 0.295312 0.241667 0.507812 0.470833 0.521875 0.464583 0.470313 0.427083 0.460938 0.445833 0.395312 0.447917 0.329688
7 0.116667 0.387500 0.027083 0.703125 0.037500 0.929688 0.164583 0.396875
7 0.239583 0.526563 0.202083 0.728125 0.487500 0.723437 0.470833 0.534375
7 0.204167 0.739062 0.158333 0.985937 0.504167 0.985937 0.483333 0.740625
8 0.312500 0.234375 0.312500 0.239063 0.314583 0.240625 0.314583 0.245312 0.316667 0.246875 0.316667 0.250000 0.318750 0.251563 0.356250 0.251563 0.356250 0.248437 0.358333 0.246875 0.358333 0.243750 0.360417 0.242188 0.360417 0.240625 0.362500 0.239063 0.362500 0.235938 0.364583 0.234375 0.362500 0.232812 0.362500 0.231250 0.360417 0.229687 0.356250 0.221875 0.331250 0.221875 0.320833 0.229687 0.318750 0.229687
8 0.310417 0.264062 0.310417 0.287500 0.312500 0.289062 0.312500 0.290625 0.333333 0.290625 0.335417 0.292188 0.358333 0.292188 0.360417 0.293750 0.362500 0.293750 0.362500 0.290625 0.364583 0.289062 0.364583 0.285937 0.366667 0.284375 0.366667 0.281250 0.368750 0.279687 0.368750 0.273438 0.360417 0.265625 0.356250 0.265625 0.354167 0.264062
8 0.500000 0.454688 0.500000 0.459375 0.502083 0.460938 0.502083 0.465625 0.504167 0.467187 0.504167 0.473437 0.506250 0.475000 0.506250 0.479688 0.522917 0.479688 0.525000 0.478125 0.537500 0.478125 0.539583 0.476562 0.552083 0.476562 0.550000 0.475000 0.550000 0.470313 0.547917 0.468750 0.547917 0.464063 0.545833 0.462500 0.545833 0.457812 0.543750 0.457812 0.541667 0.456250 0.516667 0.456250 0.514583 0.454688
8 0.495833 0.482812 0.495833 0.514063 0.516667 0.515625 0.518750 0.517187 0.529167 0.517187 0.531250 0.518750 0.543750 0.518750 0.545833 0.520312 0.556250 0.520312 0.558333 0.521875 0.556250 0.520312 0.556250 0.509375 0.554167 0.507812 0.552083 0.485938 0.518750 0.485938 0.514583 0.487500 0.512500 0.485938