1 0.016667 0.020312 0.018750 0.284375 0.129167 0.448438 0.018750 0.464063 0.018750 0.528125 0.175000 0.529688 0.177083 0.498437 0.210417 0.459375 0.195833 0.417188 0.175000 0.410937 0.135417 0.298438 0.075000 0.295312 0.016667 0.167187 0.079167 0.164062
1 0.883333 0.253125 0.806250 0.217187 0.670833 0.396875 0.562500 0.395312 0.547917 0.429688 0.654167 0.442187 0.666667 0.434375 0.725000 0.439063 0.889583 0.285937
1 0.562500 0.834375 0.545833 0.831250 0.529167 0.831250 0.462500 0.848437 0.466667 0.893750 0.481250 0.896875 0.485417 0.895312 0.562500 0.893750 0.562500 0.860937 0.564583 0.856250 0.568750 0.854688
2 0.891667 0.293750 0.733333 0.440625 0.733333 0.454688 0.727083 0.457812 0.727083 0.490625 0.718750 0.495313 0.720833 0.498437 0.739583 0.501562 0.743750 0.506250 0.752083 0.501562 0.743750 0.453125 0.887500 0.326562
2 0.889583 0.331250 0.752083 0.454688 0.758333 0.498437 0.793750 0.500000 0.762500 0.512500 0.762500 0.546875 0.837500 0.567187 0.764583 0.562500 0.770833 0.618750 0.760417 0.576563 0.695833 0.600000 0.804167 0.639063 0.781250 0.657812 0.808333 0.779688 0.785417 0.778125 0.772917 0.640625 0.670833 0.625000 0.652083 0.587500 0.639583 0.643750 0.662500 0.651563 0.645833 0.665625 0.687500 0.718750 0.695833 0.789062 0.658333 0.832812 0.662500 0.882812 0.733333 0.857813 0.739583 0.907812 0.785417 0.887500 0.802083 0.906250 0.893750 0.909375 0.875000 0.932813 0.985417 0.923437 0.985417 0.765625 0.843750 0.775000 0.987500 0.760938 0.985417 0.370313 0.910417 0.390625
2 0.752083 0.515625 0.750000 0.515625 0.747917 0.517187 0.745833 0.517187 0.743750 0.518750 0.741667 0.518750 0.739583 0.520312 0.737500 0.520312 0.735417 0.521875 0.733333 0.521875 0.731250 0.523438 0.729167 0.523438 0.727083 0.525000 0.725000 0.525000 0.722917 0.526563 0.720833 0.526563 0.718750 0.528125 0.712500 0.529688 0.710417 0.531250 0.710417 0.537500 0.729167 0.537500 0.731250 0.539062 0.737500 0.539062 0.739583 0.540625 0.747917 0.540625 0.750000 0.542188 0.756250 0.542188 0.758333 0.543750 0.756250 0.542188 0.756250 0.534375 0.754167 0.532812 0.754167 0.523438 0.752083 0.521875
2 0.702083 0.576563 0.704167 0.576563 0.714583 0.571875 0.718750 0.571875 0.720833 0.570312 0.722917 0.570312 0.733333 0.565625 0.737500 0.565625 0.739583 0.564062 0.741667 0.564062 0.743750 0.562500 0.745833 0.562500 0.747917 0.560938 0.754167 0.559375 0.747917 0.559375 0.745833 0.557813 0.741667 0.557813 0.739583 0.556250 0.733333 0.556250 0.727083 0.553125 0.722917 0.553125 0.716667 0.550000 0.712500 0.550000 0.710417 0.551562 0.710417 0.560938 0.712500 0.562500 0.710417 0.564062 0.710417 0.565625 0.708333 0.567187 0.708333 0.568750
3 0.214583 0.462500 0.216667 0.545313 0.247917 0.596875 0.625000 0.596875 0.568750 0.554688 0.570833 0.531250 0.481250 0.535937 0.420833 0.509375 0.458333 0.468750
3 0.266667 0.604688 0.272917 0.604688 0.275000 0.606250 0.283333 0.606250 0.285417 0.607813 0.291667 0.607813 0.293750 0.609375 0.302083 0.609375 0.304167 0.610937 0.310417 0.610937 0.312500 0.612500 0.320833 0.612500 0.322917 0.614062 0.329167 0.614062 0.331250 0.615625 0.339583 0.615625 0.341667 0.617188 0.341667 0.614062 0.343750 0.612500 0.343750 0.609375 0.345833 0.607813 0.345833 0.604688
3 0.350000 0.651563 0.652083 0.632812 0.639583 0.606250 0.360417 0.606250
3 0.552083 0.896875 0.483333 0.901563 0.495833 0.985937 0.558333 0.985937
5 0.787500 0.106250 0.733333 0.175000 0.889583 0.242188 0.895833 0.367188 0.908333 0.381250 0.927083 0.387500 0.989583 0.364062 0.989583 0.115625
5 0.833333 0.568750 0.725000 0.540625 0.704167 0.542188 0.710417 0.526563 0.785417 0.496875 0.697917 0.529688 0.685417 0.514063 0.593750 0.510938 0.570833 0.554688 0.656250 0.576563 0.677083 0.621875 0.689583 0.614062 0.797917 0.642187 0.689583 0.607813 0.695833 0.587500 0.762500 0.571875 0.756250 0.564062 0.700000 0.582812 0.702083 0.548437
6 0.581250 0.851562 0.568750 0.856250 0.566667 0.862500 0.564583 0.954687 0.583333 0.982813 0.608333 0.987500 0.625000 0.982813 0.618750 0.929688 0.618750 0.907812 0.627083 0.903125 0.620833 0.900000 0.622917 0.879687 0.612500 0.868750 0.602083 0.864062 0.591667 0.854688
6 0.627083 0.890625 0.629167 0.892187 0.629167 0.896875 0.631250 0.898438 0.631250 0.900000 0.645833 0.893750 0.675000 0.893750 0.689583 0.887500 0.700000 0.885938 0.635417 0.885938 0.633333 0.887500 0.627083 0.887500
6 0.629167 0.906250 0.633333 0.985937 0.733333 0.987500 0.729167 0.939062 0.704167 0.918750 0.704167 0.910937 0.683333 0.909375 0.660417 0.901563 0.650000 0.901563
6 0.733333 0.923437 0.741667 0.987500 0.927083 0.987500 0.922917 0.985937 0.910417 0.950000 0.902083 0.943750 0.864583 0.937500 0.864583 0.921875 0.875000 0.912500 0.833333 0.910937 0.816667 0.921875 0.800000 0.918750 0.806250 0.909375 0.770833 0.904688
6 0.962500 0.946875 0.962500 0.962500 0.964583 0.964063 0.964583 0.982813 0.966667 0.984375 0.966667 0.985937 0.983333 0.985937 0.985417 0.987500 0.987500 0.987500 0.987500 0.946875
7 0.977083 0.010937 0.660417 0.015625 0.662500 0.053125 0.722917 0.070312 0.566667 0.390625 0.668750 0.395312 0.802083 0.214062 0.731250 0.175000 0.783333 0.107813 0.977083 0.106250
7 0.020833 0.014062 0.185417 0.407813 0.537500 0.423438 0.706250 0.073437 0.654167 0.059375 0.645833 0.015625
7 0.018750 0.164062 0.081250 0.292188 0.127083 0.293750 0.081250 0.168750
7 0.018750 0.289062 0.016667 0.445312 0.120833 0.445312
7 0.214583 0.451562 0.475000 0.459375 0.495833 0.425000 0.214583 0.420312
7 0.037500 0.562500 0.014583 0.642187 0.014583 0.823438 0.385417 0.815625 0.387500 0.653125 0.347917 0.651563 0.347917 0.618750 0.227083 0.617188 0.208333 0.603125 0.214583 0.570312 0.204167 0.564062
7 0.416667 0.662500 0.412500 0.665625 0.402083 0.754687 0.404167 0.771875 0.431250 0.770312 0.475000 0.776563 0.554167 0.778125 0.570833 0.667188 0.456250 0.660937
7 0.456250 0.825000 0.397917 0.821875 0.385417 0.835938 0.379167 0.823438 0.022917 0.831250 0.016667 0.989062 0.391667 0.982813 0.414583 0.968750 0.416667 0.953125 0.437500 0.943750 0.435417 0.914062 0.445833 0.910937
8 0.510417 0.440625 0.510417 0.509375 0.562500 0.521875 0.593750 0.509375 0.706250 0.498437 0.702083 0.462500 0.539583 0.439063
8 0.397917 0.659375 0.397917 0.818750 0.677083 0.832812 0.693750 0.789062 0.672917 0.718750 0.641667 0.659375
8 0.470833 0.906250 0.470833 0.907812 0.468750 0.909375 0.468750 0.910937 0.466667 0.912500 0.466667 0.914062 0.464583 0.915625 0.464583 0.917188 0.462500 0.918750 0.462500 0.920313 0.447917 0.940625 0.447917 0.943750 0.441667 0.951563 0.458333 0.951563 0.460417 0.950000 0.477083 0.950000 0.475000 0.948438 0.475000 0.934375 0.472917 0.932813 0.472917 0.918750 0.470833 0.917188
8 0.489583 0.910937 0.493750 0.914062 0.493750 0.960938 0.495833 0.962500 0.495833 0.967188 0.497917 0.968750 0.506250 0.968750 0.518750 0.964063 0.529167 0.962500 0.527083 0.959375 0.525000 0.917188 0.510417 0.910937