1 0.014583 0.014062 0.039583 0.126563 0.120833 0.173438 0.108333 0.257812 0.072917 0.270312 0.016667 0.237500 0.014583 0.182812 0.016667 0.762500 0.322917 0.760938 0.331250 0.695312 0.402083 0.698438 0.383333 0.615625 0.408333 0.578125 0.368750 0.531250 0.443750 0.503125 0.433333 0.462500 0.520833 0.457812 0.395833 0.381250 0.456250 0.329688 0.400000 0.315625 0.410417 0.245312 0.397917 0.317187 0.210417 0.150000 0.156250 0.182812 0.152083 0.115625 0.260417 0.014062
1 0.314583 0.014062 0.295833 0.090625 0.345833 0.117188 0.368750 0.151562 0.302083 0.142188 0.337500 0.217187 0.368750 0.232812 0.497917 0.243750 0.493750 0.195312 0.479167 0.190625 0.485417 0.148438 0.427083 0.112500 0.408333 0.051562 0.450000 0.085938 0.464583 0.081250 0.445833 0.053125 0.504167 0.050000 0.502083 0.075000 0.547917 0.054688 0.518750 0.073437 0.566667 0.075000 0.497917 0.148438 0.622917 0.142188 0.620833 0.114063 0.700000 0.137500 0.731250 0.015625
2 0.741667 0.012500 0.716667 0.139062 0.741667 0.164062 0.864583 0.145313 0.891667 0.151562 0.829167 0.181250 0.829167 0.190625 0.839583 0.198437 0.897917 0.181250 0.935417 0.179688 0.977083 0.215625 0.935417 0.231250 0.916667 0.273438 0.985417 0.257812 0.989583 0.014062
2 0.802083 0.200000 0.800000 0.198437 0.800000 0.184375 0.793750 0.184375 0.791667 0.185937 0.787500 0.185937 0.785417 0.187500 0.779167 0.187500 0.777083 0.189063 0.772917 0.189063 0.770833 0.190625 0.764583 0.190625 0.762500 0.192188 0.758333 0.192188 0.758333 0.193750 0.777083 0.207813 0.779167 0.206250 0.781250 0.206250 0.783333 0.204688 0.787500 0.204688 0.789583 0.203125 0.791667 0.203125 0.797917 0.200000
2 0.875000 0.245312 0.872917 0.245312 0.858333 0.251563 0.854167 0.251563 0.852083 0.253125 0.841667 0.256250 0.841667 0.260938 0.843750 0.262500 0.843750 0.267188 0.845833 0.268750 0.845833 0.271875 0.847917 0.273438 0.847917 0.278125 0.850000 0.279687 0.850000 0.284375 0.852083 0.285937 0.852083 0.289062 0.852083 0.287500 0.856250 0.282813 0.856250 0.279687 0.860417 0.275000 0.860417 0.271875 0.864583 0.267188 0.864583 0.264062 0.868750 0.259375 0.868750 0.256250 0.872917 0.251563 0.872917 0.248437 0.875000 0.246875
2 0.668750 0.509375 0.666667 0.517187 0.704167 0.515625 0.714583 0.525000 0.652083 0.548437 0.652083 0.557813 0.710417 0.565625 0.741667 0.590625 0.745833 0.626562 0.708333 0.614062 0.727083 0.634375 0.693750 0.639063 0.745833 0.653125 0.822917 0.653125 0.843750 0.621875 0.733333 0.517187 0.714583 0.510938
2 0.687500 0.664062 0.658333 0.679688 0.681250 0.709375 0.687500 0.732813 0.683333 0.743750 0.618750 0.720312 0.600000 0.731250 0.683333 0.762500 0.681250 0.775000 0.625000 0.768750 0.650000 0.800000 0.693750 0.807813 0.712500 0.790625 0.735417 0.810938 0.745833 0.810938 0.745833 0.795313 0.700000 0.775000 0.704167 0.715625 0.718750 0.676562
2 0.652083 0.923437 0.635417 0.914062 0.631250 0.920313 0.631250 0.925000 0.629167 0.926562 0.627083 0.925000 0.620833 0.925000 0.618750 0.923437 0.612500 0.923437 0.604167 0.920313 0.597917 0.920313 0.595833 0.918750 0.583333 0.917188 0.583333 0.939062 0.585417 0.942187 0.625000 0.942187 0.627083 0.943750 0.631250 0.943750 0.631250 0.942187 0.643750 0.932813 0.643750 0.931250 0.652083 0.925000
3 0.458333 0.457812 0.483333 0.509375 0.464583 0.554688 0.516667 0.554688 0.518750 0.578125 0.525000 0.589063 0.535417 0.582812 0.527083 0.573438 0.525000 0.557813 0.541667 0.518750 0.510417 0.504687 0.516667 0.459375
3 0.481250 0.635938 0.447917 0.634375 0.433333 0.645312 0.437500 0.692187 0.420833 0.701563 0.412500 0.757812 0.416667 0.796875 0.435417 0.804688 0.441667 0.784375 0.468750 0.782812 0.475000 0.742188 0.458333 0.731250 0.460417 0.707812 0.475000 0.695312 0.495833 0.695312 0.506250 0.651563
3 0.366667 0.817187 0.364583 0.856250 0.368750 0.906250 0.466667 0.907812 0.452083 0.846875 0.452083 0.825000 0.427083 0.814062
3 0.364583 0.915625 0.362500 0.985937 0.452083 0.987500 0.433333 0.942187 0.468750 0.917188
5 0.625000 0.118750 0.645833 0.157813 0.710417 0.196875 0.666667 0.196875 0.720833 0.260938 0.777083 0.262500 0.843750 0.289062 0.825000 0.250000 0.964583 0.210938 0.937500 0.192188 0.910417 0.192188 0.800000 0.220313 0.772917 0.218750 0.758333 0.190625 0.883333 0.157813 0.883333 0.151562 0.864583 0.148438 0.743750 0.173438 0.700000 0.139062
5 0.722917 0.265625 0.718750 0.271875 0.775000 0.310937 0.860417 0.345313 0.916667 0.381250 0.947917 0.382812 0.952083 0.371875 0.920833 0.337500 0.947917 0.326562 0.977083 0.346875 0.956250 0.390625 0.987500 0.414062 0.985417 0.309375 0.914583 0.282813 0.900000 0.287500 0.904167 0.298438 0.937500 0.321875 0.916667 0.318750 0.895833 0.326562 0.862500 0.309375 0.900000 0.300000 0.893750 0.290625 0.854167 0.298438 0.770833 0.270312
5 0.550000 0.318750 0.545833 0.335938 0.541667 0.342187 0.541667 0.346875 0.535417 0.360938 0.535417 0.368750 0.543750 0.385938 0.566667 0.393750 0.566667 0.389062 0.570833 0.382812 0.570833 0.378125 0.583333 0.350000 0.585417 0.339063 0.589583 0.332812 0.591667 0.321875
5 0.647917 0.384375 0.645833 0.385938 0.645833 0.395312 0.643750 0.396875 0.643750 0.404687 0.641667 0.406250 0.641667 0.414062 0.639583 0.415625 0.639583 0.423438 0.637500 0.425000 0.645833 0.426562 0.685417 0.442187 0.664583 0.412500 0.664583 0.409375
5 0.637500 0.457812 0.610417 0.554688 0.616667 0.584375 0.647917 0.579687 0.735417 0.607813 0.739583 0.590625 0.652083 0.562500 0.650000 0.542188 0.702083 0.528125 0.695833 0.518750 0.656250 0.529688 0.656250 0.504687 0.737500 0.510938 0.712500 0.492188 0.658333 0.481250
5 0.522917 0.459375 0.522917 0.465625 0.520833 0.467187 0.520833 0.473437 0.518750 0.475000 0.518750 0.482812 0.516667 0.484375 0.516667 0.490625 0.514583 0.492188 0.512500 0.504687 0.541667 0.517187 0.543750 0.507812 0.545833 0.506250 0.545833 0.501562 0.547917 0.500000 0.547917 0.495313 0.550000 0.493750 0.550000 0.489062 0.552083 0.487500 0.552083 0.482812 0.554167 0.481250 0.554167 0.476562 0.556250 0.475000 0.556250 0.470313 0.558333 0.468750 0.558333 0.462500 0.547917 0.462500 0.545833 0.460938
5 0.454167 0.557813 0.447917 0.589063 0.450000 0.625000 0.458333 0.632812 0.481250 0.632812 0.483333 0.621875 0.487500 0.634375 0.508333 0.648438 0.522917 0.598437 0.506250 0.598437 0.489583 0.609375 0.485417 0.607813 0.497917 0.596875 0.518750 0.595312 0.516667 0.556250
5 0.587500 0.645312 0.570833 0.684375 0.600000 0.723437 0.614583 0.710938 0.687500 0.740625 0.679167 0.709375 0.656250 0.679688 0.614583 0.696875 0.620833 0.678125 0.683333 0.660937 0.647917 0.654688 0.616667 0.667188 0.608333 0.646875 0.643750 0.646875 0.735417 0.667188 0.735417 0.654688 0.647917 0.637500
5 0.816667 0.660937 0.750000 0.659375 0.727083 0.678125 0.710417 0.714063 0.704167 0.773438 0.764583 0.790625 0.818750 0.665625
5 0.472917 0.698438 0.464583 0.704687 0.464583 0.706250 0.462500 0.707812 0.462500 0.718750 0.460417 0.720312 0.460417 0.731250 0.477083 0.742188 0.477083 0.746875 0.477083 0.742188 0.479167 0.740625 0.479167 0.737500 0.481250 0.735937 0.481250 0.731250 0.483333 0.729688 0.483333 0.725000 0.485417 0.723437 0.485417 0.720312 0.487500 0.718750 0.487500 0.714063 0.489583 0.712500 0.489583 0.707812 0.491667 0.706250 0.491667 0.701563 0.487500 0.701563 0.485417 0.700000 0.481250 0.700000 0.479167 0.698438
5 0.560417 0.734375 0.535417 0.756250 0.537500 0.795313 0.550000 0.807813 0.568750 0.800000 0.625000 0.817187 0.606250 0.884375 0.656250 0.914062 0.697917 0.815625 0.643750 0.810938 0.622917 0.767187 0.604167 0.785937 0.568750 0.793750 0.568750 0.768750 0.610417 0.753125 0.681250 0.773438 0.681250 0.762500 0.587500 0.734375
5 0.472917 0.789062 0.450000 0.789062 0.447917 0.790625 0.445833 0.795313 0.441667 0.798437 0.441667 0.800000 0.437500 0.803125 0.437500 0.804688 0.435417 0.806250 0.435417 0.814062 0.437500 0.815625 0.439583 0.815625 0.443750 0.818750 0.445833 0.818750 0.447917 0.820312 0.454167 0.821875 0.458333 0.825000 0.458333 0.821875 0.462500 0.817187 0.462500 0.814062 0.466667 0.809375 0.466667 0.806250 0.468750 0.804688 0.468750 0.801562 0.470833 0.800000 0.470833 0.798437 0.472917 0.796875 0.472917 0.793750 0.475000 0.792188 0.475000 0.790625
5 0.520833 0.806250 0.510417 0.845312 0.539583 0.865625 0.604167 0.893750 0.547917 0.854688 0.589583 0.840625 0.612500 0.840625 0.612500 0.834375 0.550000 0.820312
5 0.545833 0.875000 0.531250 0.896875 0.510417 0.914062 0.522917 0.965625 0.518750 0.981250 0.608333 0.987500 0.627083 0.950000 0.581250 0.948438 0.566667 0.967188 0.560417 0.968750 0.575000 0.948438 0.572917 0.909375 0.583333 0.907812 0.633333 0.915625 0.633333 0.906250 0.572917 0.895312 0.568750 0.884375
5 0.481250 0.926562 0.477083 0.926562 0.466667 0.931250 0.462500 0.931250 0.456250 0.934375 0.452083 0.934375 0.443750 0.937500 0.445833 0.953125 0.447917 0.954687 0.447917 0.960938 0.450000 0.962500 0.450000 0.968750 0.452083 0.970312 0.452083 0.976562 0.454167 0.978125 0.454167 0.984375 0.456250 0.985937 0.458333 0.984375 0.483333 0.984375 0.483333 0.979688 0.481250 0.978125
6 0.620833 0.146875 0.529167 0.146875 0.550000 0.160938 0.539583 0.195312 0.552083 0.251563 0.520833 0.275000 0.500000 0.320312 0.516667 0.335938 0.514583 0.362500 0.493750 0.365625 0.502083 0.410937 0.485417 0.429688 0.493750 0.440625 0.556250 0.439063 0.570833 0.464063 0.606250 0.420312 0.608333 0.356250 0.633333 0.353125 0.602083 0.321875 0.570833 0.401563 0.522917 0.364062 0.558333 0.251563 0.589583 0.254687 0.602083 0.218750 0.587500 0.285937 0.622917 0.337500 0.668750 0.209375 0.620833 0.171875 0.670833 0.175000
6 0.800000 0.209375 0.804167 0.209375 0.806250 0.207813 0.812500 0.207813 0.814583 0.206250 0.818750 0.206250 0.820833 0.204688 0.825000 0.204688 0.827083 0.203125 0.833333 0.203125 0.833333 0.200000 0.835417 0.198437 0.835417 0.193750 0.833333 0.193750 0.827083 0.190625 0.822917 0.190625 0.820833 0.189063 0.818750 0.189063 0.812500 0.185937 0.808333 0.185937 0.808333 0.189063 0.806250 0.190625 0.806250 0.195312 0.804167 0.196875 0.804167 0.200000 0.802083 0.201562 0.802083 0.204688 0.800000 0.206250
6 0.675000 0.212500 0.637500 0.325000 0.670833 0.356250 0.658333 0.382812 0.679167 0.417188 0.720833 0.326562 0.691667 0.407813 0.733333 0.448438 0.729167 0.487500 0.764583 0.539062 0.775000 0.500000 0.793750 0.490625 0.837500 0.365625 0.731250 0.293750 0.714583 0.256250
6 0.920833 0.232812 0.912500 0.235938 0.902083 0.237500 0.895833 0.240625 0.891667 0.240625 0.885417 0.243750 0.860417 0.292188 0.875000 0.289062 0.891667 0.282813 0.902083 0.281250 0.908333 0.278125 0.912500 0.278125 0.912500 0.270312 0.914583 0.268750 0.914583 0.260938 0.916667 0.259375 0.916667 0.251563 0.918750 0.250000
6 0.860417 0.348437 0.806250 0.492188 0.881250 0.534375 0.847917 0.610937 0.962500 0.753125 0.987500 0.735937 0.987500 0.417188
6 0.560417 0.485938 0.527083 0.557813 0.527083 0.562500 0.543750 0.582812 0.535417 0.590625 0.543750 0.603125 0.566667 0.560938 0.566667 0.557813 0.554167 0.548437 0.556250 0.537500 0.570833 0.504687 0.570833 0.498437
6 0.695833 0.625000 0.558333 0.626562 0.529167 0.603125 0.497917 0.687500 0.510417 0.735937 0.522917 0.709375 0.550000 0.714063 0.520833 0.690625 0.537500 0.650000 0.577083 0.660937 0.583333 0.643750
6 0.845833 0.634375 0.822917 0.662500 0.772917 0.793750 0.762500 0.795313 0.760417 0.807813 0.770833 0.812500 0.750000 0.831250 0.816667 0.964063 0.802083 0.971875 0.810417 0.985937 0.885417 0.932813 0.931250 0.978125 0.962500 0.945312 0.922917 0.932813 0.877083 0.885938 0.954167 0.778125 0.985417 0.796875 0.985417 0.784375
6 0.491667 0.725000 0.487500 0.740625 0.475000 0.768750 0.475000 0.778125 0.477083 0.779688 0.483333 0.803125 0.491667 0.795313 0.512500 0.795313 0.491667 0.782812 0.504167 0.754687 0.508333 0.750000
6 0.716667 0.793750 0.631250 0.984375 0.745833 0.985937 0.764583 0.939062 0.770833 0.940625 0.789583 0.975000 0.804167 0.965625 0.737500 0.839063 0.756250 0.814062 0.735417 0.814062
6 0.470833 0.804688 0.460417 0.821875 0.460417 0.825000 0.454167 0.831250 0.454167 0.839063 0.456250 0.840625 0.460417 0.857813 0.464583 0.864062 0.472917 0.892187 0.483333 0.868750 0.483333 0.864062 0.491667 0.848437 0.483333 0.829687 0.485417 0.814062 0.487500 0.812500
6 0.506250 0.859375 0.489583 0.867188 0.470833 0.906250 0.472917 0.910937 0.489583 0.918750 0.489583 0.985937 0.508333 0.985937 0.518750 0.970312 0.516667 0.948438 0.508333 0.921875 0.508333 0.914062 0.516667 0.906250 0.516667 0.893750
7 0.256250 0.015625 0.225000 0.040625 0.214583 0.078125 0.179167 0.092188 0.154167 0.115625 0.145833 0.168750 0.156250 0.181250 0.185417 0.151562 0.210417 0.148438 0.272917 0.220313 0.337500 0.248437 0.375000 0.304688 0.397917 0.315625 0.410417 0.239063 0.368750 0.234375 0.335417 0.217187 0.300000 0.142188 0.304167 0.137500 0.368750 0.153125 0.343750 0.117188 0.293750 0.090625 0.312500 0.014062
7 0.406250 0.051562 0.429167 0.112500 0.450000 0.132812 0.493750 0.151562 0.504167 0.134375 0.533333 0.120312 0.539583 0.092188 0.564583 0.075000 0.516667 0.073437 0.545833 0.054688 0.518750 0.059375 0.502083 0.076563 0.504167 0.051562 0.445833 0.054688 0.466667 0.081250 0.450000 0.087500 0.433333 0.081250
7 0.014583 0.085938 0.016667 0.231250 0.020833 0.239063 0.058333 0.253125 0.068750 0.268750 0.106250 0.257812 0.097917 0.242188 0.116667 0.209375 0.118750 0.173438 0.100000 0.154687 0.066667 0.132812 0.037500 0.126563 0.037500 0.103125 0.047917 0.085938
7 0.206250 0.290625 0.189583 0.290625 0.175000 0.301562 0.147917 0.304688 0.120833 0.323438 0.118750 0.367188 0.129167 0.373437 0.145833 0.373437 0.137500 0.395312 0.177083 0.393750 0.200000 0.398438 0.185417 0.382812 0.200000 0.373437 0.206250 0.364062 0.200000 0.354688 0.212500 0.353125 0.231250 0.356250 0.231250 0.351562 0.210417 0.325000
7 0.345833 0.303125 0.337500 0.296875 0.314583 0.296875 0.308333 0.304688 0.291667 0.304688 0.247917 0.318750 0.266667 0.334375 0.266667 0.348437 0.272917 0.360938 0.260417 0.365625 0.245833 0.353125 0.225000 0.382812 0.264583 0.375000 0.316667 0.373437 0.329167 0.368750 0.329167 0.350000 0.339583 0.331250 0.339583 0.315625
7 0.637500 0.326562 0.627083 0.335938 0.627083 0.339063 0.647917 0.364062 0.645833 0.365625 0.616667 0.357812 0.604167 0.409375 0.604167 0.417188 0.635417 0.432813 0.647917 0.368750 0.662500 0.356250 0.662500 0.353125
7 0.468750 0.328125 0.464583 0.328125 0.452083 0.340625 0.427083 0.346875 0.412500 0.357812 0.400000 0.376563 0.404167 0.384375 0.429167 0.407813 0.454167 0.421875 0.462500 0.387500 0.462500 0.367188 0.468750 0.360938 0.475000 0.359375 0.479167 0.346875 0.479167 0.332812
7 0.695833 0.417188 0.687500 0.425000 0.687500 0.428125 0.720833 0.478125 0.720833 0.453125 0.722917 0.451562 0.716667 0.442187 0.712500 0.439063 0.710417 0.434375 0.706250 0.431250 0.704167 0.426562 0.700000 0.423438
7 0.600000 0.428125 0.597917 0.434375 0.587500 0.450000 0.587500 0.453125 0.583333 0.457812 0.583333 0.460938 0.572917 0.476562 0.572917 0.479688 0.581250 0.482812 0.585417 0.485938 0.600000 0.490625 0.604167 0.493750 0.604167 0.490625 0.610417 0.479688 0.610417 0.475000 0.612500 0.473437 0.612500 0.470313 0.614583 0.468750 0.614583 0.465625 0.616667 0.464063 0.616667 0.460938 0.618750 0.459375 0.618750 0.456250 0.625000 0.445312 0.625000 0.440625 0.614583 0.434375
7 0.118750 0.439063 0.095833 0.439063 0.077083 0.451562 0.047917 0.456250 0.018750 0.492188 0.037500 0.493750 0.050000 0.487500 0.050000 0.510938 0.035417 0.529688 0.047917 0.556250 0.047917 0.542188 0.056250 0.535937 0.058333 0.553125 0.072917 0.548437 0.079167 0.517187 0.085417 0.512500 0.091667 0.515625 0.100000 0.532812 0.118750 0.526563 0.122917 0.506250 0.110417 0.500000 0.131250 0.498437 0.131250 0.485938 0.137500 0.482812 0.141667 0.471875
7 0.162500 0.479688 0.162500 0.501562 0.200000 0.501562 0.222917 0.521875 0.222917 0.493750 0.256250 0.493750 0.281250 0.484375 0.306250 0.484375 0.310417 0.487500 0.300000 0.500000 0.318750 0.500000 0.331250 0.487500 0.310417 0.470313 0.281250 0.462500 0.260417 0.440625 0.231250 0.440625 0.239583 0.459375 0.177083 0.462500
7 0.579167 0.501562 0.579167 0.506250 0.575000 0.512500 0.575000 0.517187 0.572917 0.518750 0.570833 0.529688 0.566667 0.535937 0.564583 0.546875 0.589583 0.562500 0.589583 0.559375 0.591667 0.557813 0.591667 0.554688 0.593750 0.553125 0.593750 0.550000 0.595833 0.548437 0.595833 0.545313 0.597917 0.543750 0.597917 0.540625 0.600000 0.539062 0.600000 0.535937 0.602083 0.534375 0.602083 0.531250 0.604167 0.529688 0.604167 0.526563 0.606250 0.525000 0.606250 0.521875 0.610417 0.515625 0.610417 0.510938 0.602083 0.507812 0.597917 0.507812 0.583333 0.501562
7 0.781250 0.503125 0.772917 0.556250 0.835417 0.612500 0.862500 0.537500 0.810417 0.503125
7 0.237500 0.557813 0.225000 0.575000 0.222917 0.607813 0.237500 0.617188 0.297917 0.615625 0.312500 0.626562 0.297917 0.642187 0.272917 0.642187 0.239583 0.662500 0.245833 0.673437 0.260417 0.673437 0.275000 0.659375 0.333333 0.648438 0.320833 0.626562 0.335417 0.614062 0.325000 0.598437 0.287500 0.592188 0.270833 0.600000 0.252083 0.600000 0.250000 0.596875 0.260417 0.587500 0.258333 0.568750
7 0.568750 0.564062 0.564583 0.570312 0.564583 0.573438 0.558333 0.581250 0.558333 0.584375 0.552083 0.592188 0.552083 0.595312 0.545833 0.603125 0.545833 0.607813 0.562500 0.620313 0.562500 0.621875 0.587500 0.621875 0.589583 0.578125 0.591667 0.576563 0.585417 0.571875 0.583333 0.571875 0.570833 0.564062
7 0.208333 0.576563 0.179167 0.573438 0.147917 0.589063 0.118750 0.578125 0.083333 0.578125 0.070833 0.587500 0.058333 0.610937 0.070833 0.614062 0.072917 0.643750 0.068750 0.654688 0.058333 0.660937 0.062500 0.673437 0.093750 0.660937 0.116667 0.670313 0.122917 0.659375 0.087500 0.645312 0.100000 0.642187 0.097917 0.625000 0.114583 0.626562 0.127083 0.656250 0.131250 0.687500 0.139583 0.668750 0.156250 0.676562 0.175000 0.673437 0.179167 0.660937 0.193750 0.650000 0.191667 0.632812 0.170833 0.595312
7 0.543750 0.653125 0.541667 0.656250 0.541667 0.659375 0.539583 0.660937 0.539583 0.664062 0.535417 0.668750 0.533333 0.676562 0.529167 0.681250 0.529167 0.684375 0.527083 0.685938 0.527083 0.690625 0.541667 0.701563 0.541667 0.703125 0.556250 0.703125 0.558333 0.704687 0.558333 0.698438 0.560417 0.696875 0.560417 0.692187 0.562500 0.690625 0.562500 0.684375 0.564583 0.682813 0.564583 0.678125 0.566667 0.676562 0.568750 0.662500
7 0.172917 0.706250 0.168750 0.704687 0.131250 0.704687 0.129167 0.706250 0.120833 0.706250 0.106250 0.712500 0.104167 0.718750 0.100000 0.723437 0.100000 0.726562 0.085417 0.735937 0.093750 0.739062 0.104167 0.740625 0.110417 0.743750 0.133333 0.743750 0.137500 0.745313 0.137500 0.732813 0.139583 0.731250 0.160417 0.731250 0.172917 0.717188
7 0.264583 0.703125 0.245833 0.703125 0.243750 0.704687 0.235417 0.704687 0.233333 0.706250 0.227083 0.706250 0.222917 0.707812 0.208333 0.718750 0.208333 0.740625 0.210417 0.743750 0.222917 0.743750 0.225000 0.745313 0.239583 0.745313 0.241667 0.746875 0.241667 0.740625 0.254167 0.732813 0.262500 0.729688 0.262500 0.718750 0.264583 0.717188
7 0.527083 0.710938 0.522917 0.710938 0.522917 0.723437 0.518750 0.732813 0.516667 0.748438 0.510417 0.750000 0.510417 0.754687 0.502083 0.773438 0.502083 0.779688 0.520833 0.795313 0.520833 0.790625 0.522917 0.789062 0.522917 0.784375 0.525000 0.782812 0.525000 0.778125 0.533333 0.757812 0.533333 0.751562 0.537500 0.750000 0.537500 0.746875 0.552083 0.721875 0.552083 0.718750 0.533333 0.714063
7 0.358333 0.770312 0.275000 0.765625 0.018750 0.773438 0.014583 0.987500 0.314583 0.985937 0.302083 0.962500 0.308333 0.925000 0.322917 0.912500 0.356250 0.914062 0.366667 0.906250 0.358333 0.814062 0.381250 0.807813 0.358333 0.793750
7 0.956250 0.778125 0.885417 0.884375 0.925000 0.928125 0.989583 0.954687 0.987500 0.803125
7 0.491667 0.796875 0.491667 0.804688 0.489583 0.806250 0.489583 0.812500 0.487500 0.814062 0.487500 0.821875 0.485417 0.823438 0.485417 0.829687 0.504167 0.840625 0.504167 0.837500 0.506250 0.835938 0.506250 0.832812 0.508333 0.831250 0.508333 0.826563 0.510417 0.825000 0.510417 0.821875 0.512500 0.820312 0.512500 0.817187 0.514583 0.815625 0.514583 0.812500 0.516667 0.810938 0.516667 0.807813 0.518750 0.806250 0.518750 0.801562 0.514583 0.801562 0.512500 0.800000 0.506250 0.800000 0.504167 0.798437 0.500000 0.798437 0.497917 0.796875
7 0.822917 0.985937 0.952083 0.987500 0.939583 0.987500 0.922917 0.984375 0.885417 0.934375
7 0.768750 0.940625 0.768750 0.943750 0.766667 0.945312 0.766667 0.948438 0.764583 0.950000 0.764583 0.953125 0.762500 0.954687 0.762500 0.957812 0.760417 0.959375 0.760417 0.962500 0.756250 0.968750 0.756250 0.973437 0.754167 0.975000 0.750000 0.987500 0.752083 0.985937 0.770833 0.985937 0.772917 0.984375 0.791667 0.984375 0.793750 0.982813 0.808333 0.982813 0.797917 0.982813 0.795833 0.981250 0.789583 0.981250 0.785417 0.978125
8 0.487500 0.154687 0.487500 0.185937 0.506250 0.185937 0.508333 0.187500 0.531250 0.187500 0.535417 0.189063 0.535417 0.181250 0.537500 0.179688 0.537500 0.170312 0.539583 0.168750 0.539583 0.157813 0.531250 0.154687
8 0.500000 0.192188 0.493750 0.200000 0.493750 0.206250 0.495833 0.207813 0.495833 0.212500 0.504167 0.229687 0.504167 0.234375 0.508333 0.240625 0.508333 0.245312 0.514583 0.257812 0.514583 0.262500 0.516667 0.264062 0.516667 0.267188 0.518750 0.267188 0.518750 0.265625 0.541667 0.248437 0.539583 0.246875 0.539583 0.234375 0.537500 0.232812 0.537500 0.218750 0.535417 0.217187 0.533333 0.192188
8 0.412500 0.243750 0.402083 0.315625 0.481250 0.323438 0.493750 0.250000
8 0.485417 0.348437 0.477083 0.354688 0.477083 0.359375 0.466667 0.364062 0.466667 0.417188 0.475000 0.418750 0.477083 0.420312 0.481250 0.420312 0.483333 0.421875 0.483333 0.420312 0.495833 0.410937 0.493750 0.409375 0.493750 0.401563 0.491667 0.400000 0.491667 0.367188 0.489583 0.365625
8 0.277083 0.407813 0.275000 0.439063 0.293750 0.442187 0.306250 0.457812 0.356250 0.457812 0.385417 0.464063 0.395833 0.417188 0.385417 0.403125 0.318750 0.398438 0.310417 0.404687 0.281250 0.404687
8 0.458333 0.462500 0.433333 0.487500 0.445833 0.504687 0.431250 0.515625 0.397917 0.518750 0.385417 0.528125 0.393750 0.537500 0.404167 0.539062 0.406250 0.532812 0.418750 0.532812 0.429167 0.546875 0.395833 0.546875 0.393750 0.570312 0.400000 0.571875 0.433333 0.564062 0.439583 0.551562 0.433333 0.548437 0.456250 0.542188 0.472917 0.506250
8 0.439583 0.612500 0.422917 0.612500 0.420833 0.621875 0.393750 0.621875 0.391667 0.650000 0.404167 0.651563 0.397917 0.653125 0.393750 0.689062 0.420833 0.690625 0.422917 0.692187 0.425000 0.654688 0.427083 0.653125 0.406250 0.653125 0.404167 0.651563 0.422917 0.643750 0.439583 0.631250
8 0.335417 0.700000 0.329167 0.760938 0.358333 0.762500 0.366667 0.753125 0.368750 0.793750 0.402083 0.800000 0.408333 0.775000 0.408333 0.748438 0.379167 0.748438 0.412500 0.739062 0.416667 0.703125 0.377083 0.703125 0.372917 0.704687 0.370833 0.715625 0.362500 0.703125
8 0.318750 0.920313 0.318750 0.931250 0.316667 0.932813 0.314583 0.954687 0.312500 0.956250 0.312500 0.968750 0.314583 0.970312 0.318750 0.982813 0.322917 0.987500 0.358333 0.987500 0.356250 0.984375 0.356250 0.964063 0.354167 0.962500 0.352083 0.920313