1 0.077083 0.015625 0.014583 0.015625 0.014583 0.785937 0.037500 0.753125
1 0.489583 0.753125 0.041667 0.762500 0.018750 0.792188 0.016667 0.868750 0.102083 0.865625 0.110417 0.854688 0.081250 0.842188 0.227083 0.806250 0.256250 0.765625 0.489583 0.762500
1 0.604167 0.821875 0.741667 0.962500 0.837500 0.985937 0.985417 0.989062 0.987500 0.956250 0.958333 0.954687 0.956250 0.939062 0.860417 0.964063 0.768750 0.907812 0.756250 0.890625 0.756250 0.818750 0.718750 0.796875 0.629167 0.800000 0.643750 0.818750
2 0.910417 0.043750 0.806250 0.059375 0.808333 0.095312 0.866667 0.095312 0.872917 0.110937 0.975000 0.151562 0.981250 0.179688 0.879167 0.145313 0.889583 0.245312 0.787500 0.214062 0.793750 0.260938 0.677083 0.276563 0.691667 0.348437 0.787500 0.334375 0.800000 0.351562 0.841667 0.354688 0.852083 0.492188 0.781250 0.464063 0.781250 0.485938 0.816667 0.485938 0.833333 0.510938 0.918750 0.478125 0.987500 0.493750 0.987500 0.114063 0.960417 0.114063 0.943750 0.056250
2 0.679167 0.476562 0.660417 0.490625 0.641667 0.493750 0.645833 0.629687 0.650000 0.635938 0.677083 0.637500 0.695833 0.648438 0.712500 0.643750 0.720833 0.625000 0.739583 0.625000 0.743750 0.653125 0.758333 0.654688 0.743750 0.539062 0.764583 0.535937 0.756250 0.529688 0.752083 0.503125
3 0.375000 0.018750 0.372917 0.100000 0.383333 0.154687 0.497917 0.159375 0.504167 0.135937 0.545833 0.137500 0.537500 0.120312 0.516667 0.112500 0.510417 0.095312 0.512500 0.062500 0.531250 0.054688 0.529167 0.037500 0.537500 0.018750
3 0.487500 0.464063 0.495833 0.679688 0.562500 0.681250 0.502083 0.673437 0.502083 0.625000 0.570833 0.623438 0.566667 0.571875 0.622917 0.570312 0.631250 0.635938 0.643750 0.640625 0.631250 0.492188 0.616667 0.515625 0.560417 0.514063 0.562500 0.562500 0.566667 0.523438 0.618750 0.521875 0.612500 0.564062 0.502083 0.565625 0.497917 0.528125 0.554167 0.517187 0.502083 0.515625 0.495833 0.481250 0.552083 0.475000 0.560417 0.509375 0.556250 0.471875 0.570833 0.470313
3 0.497917 0.704687 0.493750 0.706250 0.489583 0.720312 0.493750 0.720312 0.520833 0.737500 0.531250 0.759375 0.529167 0.798437 0.547917 0.807813 0.550000 0.787500 0.554167 0.784375 0.618750 0.765625 0.616667 0.743750 0.608333 0.740625 0.600000 0.745313 0.558333 0.714063 0.556250 0.703125
5 0.972917 0.167187 0.825000 0.103125 0.795833 0.103125 0.789583 0.068750 0.804167 0.051562 0.893750 0.034375 0.822917 0.040625 0.783333 0.062500 0.768750 0.037500 0.731250 0.095312 0.725000 0.134375 0.637500 0.156250 0.618750 0.203125 0.725000 0.207813 0.752083 0.190625 0.883333 0.234375 0.752083 0.184375 0.789583 0.131250 0.841667 0.117188
5 0.781250 0.248437 0.647917 0.257812 0.627083 0.279687 0.631250 0.348437 0.662500 0.350000 0.650000 0.342187 0.656250 0.340625 0.658333 0.264062 0.727083 0.268750 0.666667 0.262500 0.666667 0.259375
5 0.556250 0.281250 0.554167 0.282813 0.541667 0.284375 0.531250 0.292188 0.531250 0.295312 0.529167 0.296875 0.529167 0.334375 0.531250 0.335938 0.533333 0.342187 0.537500 0.342187 0.539583 0.343750 0.550000 0.343750 0.552083 0.345313 0.562500 0.345313 0.564583 0.346875 0.562500 0.343750 0.560417 0.281250
5 0.841667 0.476562 0.820833 0.459375 0.718750 0.425000 0.768750 0.398438 0.702083 0.425000 0.695833 0.401563 0.654167 0.400000 0.652083 0.453125 0.577083 0.484375 0.566667 0.503125 0.658333 0.484375 0.679167 0.468750 0.779167 0.498437 0.685417 0.460938 0.700000 0.453125 0.706250 0.432813
5 0.702083 0.654688 0.704167 0.654688 0.708333 0.657812 0.708333 0.664062 0.706250 0.665625 0.706250 0.695312 0.710417 0.693750 0.745833 0.693750 0.747917 0.692187 0.747917 0.685938 0.750000 0.684375 0.752083 0.673437 0.760417 0.667188 0.760417 0.660937 0.754167 0.660937 0.752083 0.662500 0.739583 0.664062 0.737500 0.665625 0.729167 0.657812 0.718750 0.657812 0.716667 0.656250 0.708333 0.656250 0.706250 0.654688
5 0.714583 0.720312 0.714583 0.787500 0.756250 0.781250 0.764583 0.771875 0.768750 0.754687 0.785417 0.754687 0.872917 0.781250 0.804167 0.754687 0.772917 0.751562 0.766667 0.746875 0.758333 0.728125 0.758333 0.718750
5 0.597917 0.779688 0.597917 0.790625 0.600000 0.792188 0.600000 0.798437 0.602083 0.800000 0.606250 0.800000 0.608333 0.801562 0.610417 0.800000 0.618750 0.800000 0.620833 0.798437 0.631250 0.798437 0.633333 0.796875 0.641667 0.796875 0.643750 0.795313 0.654167 0.795313 0.656250 0.793750 0.662500 0.793750 0.635417 0.773438 0.633333 0.773438 0.631250 0.771875 0.622917 0.771875 0.620833 0.773438 0.614583 0.773438 0.612500 0.775000 0.604167 0.775000
5 0.985417 0.773438 0.962500 0.776563 0.910417 0.773438 0.850000 0.792188 0.800000 0.812500 0.814583 0.829687 0.831250 0.825000 0.866667 0.801562 0.985417 0.781250
5 0.593750 0.776563 0.591667 0.778125 0.587500 0.778125 0.585417 0.779688 0.583333 0.779688 0.572917 0.784375 0.568750 0.784375 0.566667 0.785937 0.564583 0.785937 0.562500 0.787500 0.556250 0.789062 0.552083 0.793750 0.552083 0.803125 0.554167 0.804688 0.560417 0.804688 0.562500 0.806250 0.566667 0.806250 0.566667 0.804688 0.570833 0.801562 0.595833 0.801562 0.595833 0.800000 0.593750 0.798437
6 0.683333 0.014062 0.647917 0.012500 0.616667 0.096875 0.625000 0.168750 0.631250 0.153125 0.704167 0.139062 0.731250 0.093750 0.725000 0.059375 0.714583 0.060938 0.706250 0.079687 0.693750 0.076563
6 0.595833 0.015625 0.543750 0.015625 0.541667 0.070312 0.550000 0.135937 0.554167 0.135937 0.572917 0.075000 0.608333 0.073437
6 0.577083 0.079687 0.556250 0.168750 0.562500 0.250000 0.589583 0.218750 0.566667 0.256250 0.568750 0.382812 0.589583 0.370313 0.566667 0.420312 0.562500 0.350000 0.522917 0.331250 0.506250 0.418750 0.570833 0.421875 0.579167 0.481250 0.645833 0.453125 0.645833 0.396875 0.816667 0.395312 0.822917 0.454688 0.845833 0.462500 0.831250 0.359375 0.814583 0.359375 0.816667 0.382812 0.645833 0.385938 0.639583 0.360938 0.600000 0.345313 0.595833 0.278125 0.629167 0.276563 0.629167 0.262500 0.591667 0.254687 0.589583 0.212500 0.610417 0.209375 0.612500 0.193750 0.585417 0.187500 0.585417 0.140625 0.614583 0.128125 0.581250 0.120312
6 0.841667 0.120312 0.841667 0.143750 0.785417 0.145313 0.779167 0.148438 0.772917 0.159375 0.843750 0.157813 0.854167 0.214062 0.879167 0.223438 0.864583 0.128125
6 0.543750 0.139062 0.504167 0.140625 0.502083 0.153125 0.506250 0.214062 0.512500 0.212500 0.522917 0.326562 0.525000 0.289062 0.535417 0.279687 0.562500 0.276563 0.554167 0.231250 0.531250 0.231250 0.525000 0.223438 0.527083 0.176563 0.552083 0.170312 0.552083 0.148438
6 0.781250 0.223438 0.766667 0.223438 0.750000 0.235938 0.739583 0.235938 0.737500 0.234375 0.631250 0.234375 0.637500 0.239063 0.733333 0.243750 0.735417 0.245312 0.762500 0.243750 0.781250 0.228125
6 0.662500 0.271875 0.662500 0.342187 0.677083 0.346875 0.675000 0.343750 0.675000 0.320312 0.672917 0.318750 0.672917 0.293750 0.670833 0.292188 0.670833 0.271875
6 0.787500 0.354688 0.777083 0.354688 0.775000 0.356250 0.772917 0.356250 0.764583 0.362500 0.762500 0.362500 0.754167 0.368750 0.752083 0.368750 0.743750 0.375000 0.741667 0.375000 0.737500 0.378125 0.743750 0.378125 0.745833 0.376563 0.754167 0.376563 0.756250 0.375000 0.758333 0.375000 0.760417 0.373437 0.762500 0.373437 0.764583 0.371875 0.766667 0.371875 0.768750 0.370313 0.770833 0.370313 0.772917 0.368750 0.775000 0.368750 0.777083 0.367188 0.779167 0.367188 0.779167 0.365625 0.781250 0.364062 0.781250 0.362500 0.783333 0.360938 0.783333 0.359375
6 0.750000 0.415625 0.750000 0.431250 0.752083 0.432813 0.754167 0.432813 0.756250 0.434375 0.758333 0.434375 0.760417 0.435937 0.764583 0.435937 0.766667 0.437500 0.768750 0.437500 0.770833 0.439063 0.768750 0.437500 0.768750 0.432813 0.766667 0.431250 0.766667 0.426562 0.764583 0.425000 0.764583 0.420312 0.762500 0.418750 0.762500 0.415625
6 0.710417 0.439063 0.706250 0.445312 0.743750 0.445312 0.752083 0.448438 0.754167 0.464063 0.756250 0.465625 0.756250 0.473437 0.758333 0.475000 0.758333 0.482812 0.775000 0.493750 0.772917 0.492188 0.772917 0.479688 0.770833 0.478125 0.768750 0.453125 0.727083 0.437500
6 0.918750 0.484375 0.756250 0.548437 0.775000 0.746875 0.968750 0.771875 0.987500 0.764063 0.987500 0.515625 0.975000 0.509375 0.937500 0.509375 0.935417 0.490625
6 0.564583 0.625000 0.566667 0.710938 0.570833 0.717188 0.600000 0.737500 0.604167 0.737500 0.606250 0.728125 0.612500 0.726562 0.608333 0.640625 0.612500 0.637500 0.629167 0.637500 0.614583 0.629687 0.600000 0.626562
6 0.727083 0.631250 0.725000 0.632812 0.725000 0.650000 0.722917 0.651563 0.718750 0.651563 0.716667 0.653125 0.712500 0.653125 0.729167 0.653125 0.731250 0.654688 0.733333 0.654688 0.737500 0.657812 0.737500 0.659375 0.737500 0.657812 0.735417 0.656250 0.735417 0.631250
6 0.614583 0.642187 0.620833 0.757812 0.675000 0.796875 0.681250 0.795313 0.683333 0.782812 0.708333 0.782812 0.710417 0.717188 0.714583 0.714063 0.766667 0.712500 0.762500 0.698438 0.706250 0.700000 0.704167 0.662500 0.697917 0.657812 0.681250 0.657812 0.679167 0.648438 0.668750 0.643750
7 0.085417 0.014062 0.085417 0.200000 0.381250 0.204688 0.372917 0.150000 0.331250 0.135937 0.320833 0.118750 0.343750 0.104687 0.327083 0.057813 0.364583 0.064062 0.364583 0.018750
7 0.081250 0.206250 0.068750 0.450000 0.468750 0.451562 0.454167 0.220313
7 0.056250 0.462500 0.045833 0.748438 0.485417 0.746875 0.477083 0.468750
7 0.737500 0.962500 0.602083 0.834375 0.535417 0.801562 0.502083 0.800000 0.481250 0.764063 0.266667 0.768750 0.222917 0.815625 0.166667 0.818750 0.093750 0.843750 0.116667 0.854688 0.106250 0.867188 0.014583 0.870313 0.016667 0.901563 0.052083 0.903125 0.043750 0.928125 0.093750 0.934375 0.043750 0.984375 0.681250 0.987500 0.710417 0.965625
8 0.331250 0.060938 0.331250 0.068750 0.333333 0.070312 0.341667 0.100000 0.350000 0.109375 0.339583 0.112500 0.339583 0.117188 0.337500 0.118750 0.331250 0.118750 0.331250 0.129688 0.335417 0.134375 0.347917 0.134375 0.354167 0.139062 0.379167 0.139062 0.377083 0.137500 0.372917 0.107813 0.362500 0.090625 0.362500 0.082813 0.358333 0.082813 0.352083 0.076563 0.354167 0.071875 0.343750 0.062500
8 0.406250 0.217187 0.470833 0.217187 0.472917 0.192188 0.477083 0.189063 0.495833 0.187500 0.495833 0.184375 0.487500 0.184375 0.479167 0.179688 0.429167 0.179688 0.427083 0.181250 0.404167 0.181250 0.404167 0.212500
8 0.506250 0.220313 0.506250 0.234375 0.497917 0.250000 0.497917 0.259375 0.502083 0.267188 0.502083 0.326562 0.516667 0.339063 0.516667 0.314063 0.514583 0.312500
8 0.502083 0.337500 0.502083 0.339063 0.495833 0.346875 0.495833 0.381250 0.497917 0.382812 0.497917 0.385938 0.510417 0.385938 0.512500 0.387500 0.512500 0.381250 0.514583 0.379687 0.514583 0.373437 0.516667 0.371875 0.516667 0.365625 0.518750 0.364062 0.518750 0.345313 0.508333 0.339063
8 0.525000 0.478125 0.522917 0.479688 0.522917 0.482812 0.520833 0.484375 0.520833 0.504687 0.522917 0.504687 0.525000 0.506250 0.531250 0.506250 0.533333 0.507812 0.537500 0.507812 0.539583 0.509375 0.543750 0.509375 0.545833 0.510938 0.552083 0.506250 0.554167 0.506250 0.554167 0.478125
8 0.764583 0.796875 0.766667 0.895312 0.858333 0.956250 0.958333 0.929688 0.964583 0.931250 0.966667 0.948438 0.989583 0.948438 0.981250 0.793750 0.891667 0.801562 0.841667 0.835938 0.808333 0.832812 0.787500 0.807813 0.818750 0.792188 0.795833 0.784375