1 0.662500 0.012500 0.014583 0.014062 0.018750 0.729688 0.068750 0.906250 0.325000 0.878125 0.339583 0.840625 0.400000 0.829687 0.397917 0.770312 0.475000 0.750000 0.472917 0.690625 0.214583 0.690625 0.164583 0.234375 0.320833 0.235938 0.325000 0.320312 0.268750 0.323438 0.268750 0.353125 0.547917 0.362500 0.491667 0.285937 0.487500 0.167187 0.604167 0.195312 0.637500 0.143750 0.418750 0.121875 0.414583 0.062500 0.658333 0.051562
1 0.016667 0.748438 0.014583 0.982813 0.022917 0.985937 0.060417 0.923437
2 0.672917 0.018750 0.672917 0.050000 0.691667 0.070312 0.654167 0.079687 0.652083 0.123438 0.672917 0.121875 0.683333 0.135937 0.679167 0.145313 0.652083 0.148438 0.643750 0.181250 0.689583 0.176563 0.693750 0.189063 0.722917 0.179688 0.752083 0.228125 0.789583 0.225000 0.829167 0.240625 0.825000 0.259375 0.962500 0.226562 0.968750 0.251563 0.927083 0.287500 0.914583 0.320312 0.981250 0.306250 0.987500 0.015625
2 0.627083 0.576563 0.627083 0.628125 0.677083 0.612500 0.700000 0.617188 0.720833 0.632812 0.729167 0.648438 0.745833 0.659375 0.750000 0.667188 0.739583 0.685938 0.795833 0.668750 0.843750 0.670313 0.750000 0.573438 0.691667 0.576563 0.637500 0.570312
2 0.843750 0.723437 0.843750 0.726562 0.864583 0.739062 0.866667 0.737500 0.875000 0.737500 0.889583 0.726562 0.891667 0.726562 0.902083 0.734375 0.904167 0.732813 0.914583 0.732813 0.916667 0.731250 0.925000 0.731250 0.897917 0.712500 0.856250 0.712500 0.854167 0.714063 0.850000 0.714063
2 0.881250 0.765625 0.877083 0.800000 0.933333 0.789062 0.943750 0.795313 0.943750 0.804688 0.879167 0.831250 0.875000 0.850000 0.889583 0.848437 0.902083 0.826563 0.922917 0.823438 0.935417 0.826563 0.987500 0.868750 0.975000 0.789062 0.943750 0.764063 0.908333 0.764063 0.897917 0.759375
3 0.627083 0.481250 0.602083 0.446875 0.483333 0.453125 0.487500 0.504687 0.493750 0.512500 0.522917 0.520312 0.560417 0.517187 0.604167 0.517187 0.622917 0.520312
3 0.333333 0.850000 0.347917 0.879687 0.345833 0.982813 0.500000 0.984375 0.497917 0.937500 0.514583 0.892187 0.487500 0.887500 0.404167 0.900000 0.397917 0.887500 0.393750 0.837500
5 0.679167 0.064062 0.566667 0.057813 0.502083 0.059375 0.462500 0.068750 0.427083 0.067188 0.427083 0.110937 0.431250 0.115625 0.479167 0.117188 0.518750 0.131250 0.677083 0.140625 0.672917 0.132812 0.597917 0.131250 0.595833 0.118750 0.610417 0.070312 0.679167 0.070312
5 0.506250 0.185937 0.570833 0.214062 0.570833 0.223438 0.583333 0.223438 0.608333 0.232812 0.720833 0.193750 0.710417 0.193750 0.620833 0.226562 0.610417 0.226562 0.606250 0.223438 0.608333 0.210938 0.683333 0.185937 0.604167 0.207813 0.545833 0.190625
5 0.527083 0.215625 0.535417 0.228125 0.570833 0.232812 0.614583 0.253125 0.641667 0.251563 0.683333 0.285937 0.756250 0.301562 0.754167 0.318750 0.800000 0.337500 0.922917 0.340625 0.985417 0.323438 0.985417 0.317187 0.935417 0.335938 0.870833 0.335938 0.862500 0.310937 0.831250 0.296875 0.833333 0.287500 0.964583 0.242188 0.962500 0.235938 0.820833 0.282813 0.766667 0.262500 0.641667 0.242188 0.622917 0.246875 0.616667 0.237500
5 0.737500 0.331250 0.739583 0.335938 0.785417 0.350000 0.820833 0.381250 0.879167 0.392188 0.910417 0.406250 0.925000 0.379687 0.964583 0.381250 0.960417 0.362500 0.985417 0.351562 0.985417 0.346875 0.945833 0.354688 0.920833 0.345313 0.793750 0.342187 0.758333 0.325000
5 0.583333 0.557813 0.579167 0.634375 0.622917 0.656250 0.733333 0.662500 0.729167 0.657812 0.627083 0.651563 0.627083 0.640625 0.689583 0.625000 0.616667 0.639063 0.618750 0.571875 0.627083 0.564062 0.727083 0.565625 0.727083 0.560938 0.627083 0.557813 0.614583 0.564062 0.614583 0.557813 0.637500 0.545313 0.695833 0.540625 0.647917 0.542188
5 0.500000 0.562500 0.500000 0.618750 0.510417 0.623438 0.512500 0.621875 0.516667 0.621875 0.516667 0.567187 0.518750 0.565625 0.518750 0.562500
5 0.781250 0.710938 0.772917 0.742188 0.785417 0.775000 0.695833 0.831250 0.691667 0.926562 0.850000 0.915625 0.858333 0.884375 0.870833 0.895312 0.987500 0.918750 0.983333 0.907812 0.881250 0.893750 0.858333 0.882812 0.866667 0.823438 0.937500 0.800000 0.864583 0.814062 0.872917 0.756250 0.889583 0.746875 0.943750 0.748438 0.887500 0.739062 0.862500 0.750000 0.825000 0.726562 0.839583 0.707812 0.812500 0.720312 0.797917 0.707812
5 0.710417 0.971875 0.716667 0.984375 0.902083 0.987500 0.889583 0.971875 0.818750 0.978125 0.789583 0.935938 0.754167 0.937500 0.733333 0.942187 0.720833 0.954687
6 0.506250 0.193750 0.504167 0.196875 0.502083 0.279687 0.520833 0.303125 0.520833 0.234375 0.522917 0.232812 0.522917 0.225000 0.527083 0.223438 0.527083 0.220313 0.514583 0.212500 0.518750 0.209375 0.525000 0.209375
6 0.527083 0.228125 0.525000 0.331250 0.552083 0.359375 0.558333 0.360938 0.568750 0.256250 0.550000 0.239063
6 0.577083 0.256250 0.562500 0.373437 0.616667 0.428125 0.625000 0.300000 0.616667 0.421875 0.708333 0.503125 0.706250 0.515625 0.693750 0.507812 0.712500 0.526563 0.529167 0.526563 0.539583 0.681250 0.595833 0.650000 0.575000 0.640625 0.579167 0.537500 0.718750 0.535937 0.864583 0.667188 0.850000 0.643750 0.912500 0.407813 0.833333 0.390625 0.731250 0.331250 0.750000 0.318750 0.647917 0.262500 0.625000 0.281250
6 0.929167 0.382812 0.856250 0.650000 0.987500 0.785937 0.987500 0.396875 0.968750 0.387500
6 0.722917 0.653125 0.718750 0.650000 0.712500 0.640625 0.697917 0.629687 0.695833 0.629687 0.695833 0.637500 0.697917 0.639063 0.695833 0.640625 0.633333 0.640625 0.629167 0.645312 0.629167 0.646875 0.633333 0.646875 0.635417 0.645312 0.700000 0.645312 0.708333 0.651563 0.708333 0.653125
6 0.877083 0.687500 0.718750 0.690625 0.681250 0.682813 0.656250 0.662500 0.639583 0.842188 0.700000 0.968750 0.729167 0.939062 0.752083 0.931250 0.689583 0.931250 0.693750 0.821875 0.747917 0.800000 0.781250 0.773438 0.775000 0.746875 0.752083 0.726562 0.756250 0.707812 0.889583 0.700000
6 0.866667 0.862500 0.872917 0.871875 0.866667 0.876562 0.941667 0.871875 0.970833 0.901563 0.987500 0.903125 0.985417 0.885938 0.929167 0.832812 0.908333 0.832812 0.904167 0.842188 0.922917 0.854688 0.920833 0.856250
6 0.633333 0.853125 0.614583 0.987500 0.714583 0.984375 0.708333 0.973437 0.700000 0.975000 0.693750 0.968750
6 0.518750 0.873438 0.514583 0.925000 0.533333 0.985937 0.550000 0.985937 0.560417 0.957812 0.558333 0.987500 0.606250 0.987500 0.608333 0.962500 0.595833 0.953125 0.562500 0.951563 0.591667 0.948438 0.558333 0.881250 0.533333 0.882812
7 0.304167 0.237500 0.175000 0.240625 0.187500 0.351562 0.252083 0.356250 0.237500 0.323438 0.239583 0.317187 0.314583 0.312500
7 0.189583 0.360938 0.222917 0.687500 0.447917 0.684375 0.458333 0.515625 0.445833 0.487500 0.462500 0.443750 0.464583 0.364062
7 0.341667 0.896875 0.081250 0.925000 0.047917 0.987500 0.285417 0.985937 0.291667 0.979688 0.291667 0.959375 0.306250 0.954687 0.337500 0.954687