1 0.012500 0.018750 0.041667 0.434375 0.152083 0.429688 0.143750 0.398438 0.264583 0.404687 0.260417 0.390625 0.158333 0.387500 0.150000 0.368750 0.116667 0.370313 0.104167 0.334375 0.135417 0.334375 0.154167 0.364062 0.139583 0.312500 0.208333 0.310937 0.210417 0.296875 0.406250 0.325000 0.431250 0.298438 0.418750 0.271875 0.412500 0.287500 0.335417 0.293750 0.310417 0.282813 0.314583 0.250000 0.064583 0.234375 0.100000 0.076563 0.291667 0.089062 0.291667 0.067188 0.258333 0.056250 0.256250 0.035937
1 0.402083 0.640625 0.014583 0.650000 0.025000 0.707812 0.062500 0.710938 0.070833 0.695312 0.160417 0.698438 0.166667 0.656250 0.260417 0.653125 0.262500 0.703125 0.345833 0.703125 0.347917 0.789062 0.262500 0.798437 0.260417 0.817187 0.352083 0.817187 0.350000 0.915625 0.260417 0.917188 0.252083 0.959375 0.156250 0.964063 0.164583 0.795313 0.056250 0.795313 0.147917 0.814062 0.145833 0.906250 0.012500 0.912500 0.018750 0.987500 0.416667 0.982813 0.427083 0.942187 0.554167 0.923437 0.550000 0.840625 0.408333 0.829687
2 0.752083 0.021875 0.741667 0.040625 0.656250 0.042188 0.729167 0.082813 0.720833 0.095312 0.625000 0.085938 0.627083 0.101562 0.668750 0.103125 0.610417 0.117188 0.612500 0.129688 0.687500 0.170312 0.641667 0.179688 0.622917 0.160938 0.558333 0.143750 0.554167 0.171875 0.581250 0.201562 0.568750 0.243750 0.595833 0.237500 0.633333 0.179688 0.654167 0.184375 0.660417 0.245312 0.697917 0.250000 0.716667 0.273438 0.797917 0.243750
2 0.820833 0.328125 0.816667 0.318750 0.816667 0.310937 0.810417 0.293750 0.804167 0.262500 0.731250 0.285937 0.725000 0.300000 0.739583 0.300000 0.756250 0.306250 0.775000 0.303125 0.783333 0.309375 0.777083 0.310937
2 0.987500 0.273438 0.887500 0.343750 0.925000 0.482812 0.877083 0.475000 0.781250 0.528125 0.935417 0.601562 0.929167 0.617188 0.787500 0.559375 0.789583 0.584375 0.843750 0.615625 0.768750 0.612500 0.818750 0.637500 0.722917 0.603125 0.747917 0.632812 0.687500 0.612500 0.562500 0.645312 0.577083 0.809375 0.612500 0.825000 0.558333 0.834375 0.556250 0.926562 0.718750 0.979688 0.989583 0.984375
2 0.854167 0.410937 0.814583 0.403125 0.802083 0.403125 0.800000 0.415625 0.783333 0.414062 0.758333 0.432813 0.768750 0.439063 0.766667 0.440625 0.750000 0.440625 0.714583 0.465625 0.714583 0.478125 0.756250 0.478125 0.768750 0.501562 0.862500 0.457812
3 0.470833 0.421875 0.377083 0.423438 0.370833 0.428125 0.383333 0.639063 0.406250 0.637500 0.406250 0.584375 0.418750 0.570312 0.483333 0.560938
3 0.418750 0.979688 0.479167 0.985937 0.714583 0.985937 0.558333 0.931250 0.427083 0.943750
5 0.558333 0.015625 0.552083 0.043750 0.620833 0.045313 0.716667 0.082813 0.641667 0.040625 0.697917 0.031250 0.643750 0.032812 0.641667 0.018750 0.645833 0.015625 0.695833 0.012500
5 0.510417 0.135937 0.587500 0.140625 0.595833 0.129688 0.606250 0.134375 0.597917 0.129688 0.612500 0.075000 0.710417 0.092188 0.622917 0.065625 0.618750 0.056250 0.587500 0.056250 0.577083 0.081250 0.518750 0.093750
5 0.595833 0.242188 0.583333 0.242188 0.581250 0.243750 0.581250 0.245312 0.577083 0.248437 0.577083 0.250000 0.572917 0.253125 0.570833 0.257812 0.566667 0.260938 0.566667 0.287500 0.566667 0.285937 0.568750 0.284375 0.568750 0.282813 0.570833 0.281250 0.570833 0.279687 0.572917 0.278125 0.572917 0.276563 0.575000 0.275000 0.575000 0.273438 0.577083 0.271875 0.577083 0.270312 0.579167 0.268750 0.579167 0.267188 0.581250 0.265625 0.581250 0.264062 0.583333 0.262500 0.583333 0.260938 0.585417 0.259375 0.585417 0.257812 0.587500 0.256250 0.587500 0.254687 0.589583 0.253125 0.589583 0.251563 0.591667 0.250000 0.591667 0.248437 0.593750 0.246875
5 0.802083 0.248437 0.718750 0.275000 0.710417 0.271875 0.697917 0.254687 0.660417 0.251563 0.672917 0.335938 0.716667 0.335938 0.722917 0.325000 0.750000 0.314063 0.818750 0.340625 0.812500 0.331250 0.743750 0.303125 0.718750 0.304688 0.718750 0.292188 0.727083 0.281250 0.802083 0.256250
5 0.866667 0.465625 0.768750 0.515625 0.756250 0.479688 0.714583 0.489062 0.691667 0.531250 0.700000 0.576563 0.658333 0.589063 0.687500 0.576563 0.687500 0.542188 0.666667 0.543750 0.633333 0.568750 0.633333 0.593750 0.550000 0.628125 0.552083 0.640625 0.591667 0.626562 0.668750 0.621875 0.683333 0.609375 0.606250 0.610937 0.745833 0.585938 0.820833 0.612500 0.758333 0.584375 0.770833 0.546875 0.922917 0.609375 0.772917 0.540625 0.770833 0.521875 0.868750 0.475000
6 0.989583 0.014062 0.754167 0.015625 0.827083 0.337500 0.858333 0.353125 0.987500 0.265625
6 0.550000 0.015625 0.487500 0.015625 0.472917 0.059375 0.493750 0.192188 0.514583 0.139062 0.508333 0.135937 0.516667 0.093750 0.529167 0.089062
6 0.427083 0.039062 0.412500 0.095312 0.414583 0.260938 0.450000 0.201562 0.510417 0.206250 0.450000 0.195312 0.435417 0.057813 0.462500 0.054688
6 0.647917 0.187500 0.508333 0.414062 0.522917 0.628125 0.422917 0.631250 0.404167 0.648438 0.412500 0.832812 0.602083 0.832812 0.568750 0.810938 0.556250 0.648438 0.537500 0.628125 0.702083 0.512500 0.704167 0.462500 0.783333 0.404687 0.862500 0.403125 0.891667 0.482812 0.918750 0.482812 0.879167 0.345313 0.854167 0.364062 0.816667 0.342187 0.666667 0.337500
7 0.097917 0.079687 0.072917 0.239063 0.304167 0.257812 0.306250 0.096875
7 0.312500 0.229687 0.316667 0.240625 0.329167 0.254687 0.322917 0.267188 0.312500 0.278125 0.316667 0.282813 0.335417 0.292188 0.350000 0.281250 0.402083 0.281250 0.406250 0.282813 0.404167 0.270312 0.381250 0.267188 0.381250 0.260938 0.387500 0.256250 0.404167 0.251563 0.402083 0.242188 0.372917 0.237500 0.333333 0.223438 0.327083 0.223438
7 0.041667 0.445312 0.025000 0.637500 0.360417 0.626562 0.352083 0.453125 0.327083 0.453125 0.322917 0.460938 0.275000 0.460938 0.260417 0.442187
7 0.260417 0.656250 0.177083 0.660937 0.172917 0.665625 0.156250 0.962500 0.252083 0.957812
7 0.070833 0.696875 0.060417 0.795313 0.156250 0.795313 0.158333 0.701563
7 0.268750 0.707812 0.266667 0.709375 0.262500 0.795313 0.343750 0.796875 0.343750 0.714063
7 0.060417 0.810938 0.050000 0.914062 0.141667 0.906250 0.143750 0.812500
7 0.268750 0.818750 0.258333 0.914062 0.345833 0.914062 0.347917 0.817187
8 0.512500 0.173438 0.512500 0.217187 0.531250 0.217187 0.533333 0.218750 0.554167 0.218750 0.558333 0.220313 0.558333 0.204688 0.556250 0.203125 0.556250 0.181250 0.554167 0.179688 0.547917 0.179688 0.545833 0.178125 0.537500 0.178125 0.535417 0.176563 0.529167 0.176563 0.527083 0.175000 0.518750 0.175000 0.516667 0.173438
8 0.452083 0.220313 0.431250 0.262500 0.437500 0.296875 0.439583 0.298438 0.483333 0.300000 0.487500 0.301562 0.512500 0.267188 0.512500 0.225000 0.510417 0.223438
8 0.520833 0.225000 0.520833 0.264062 0.495833 0.304688 0.550000 0.309375 0.552083 0.310937 0.562500 0.271875 0.562500 0.226562 0.556250 0.225000
8 0.410417 0.315625 0.408333 0.373437 0.520833 0.379687 0.541667 0.328125 0.539583 0.323438
8 0.418750 0.576563 0.414583 0.623438 0.447917 0.617188 0.518750 0.617188 0.516667 0.612500 0.516667 0.576563 0.508333 0.576563 0.506250 0.575000 0.420833 0.575000