1 0.016667 0.168750 0.139583 0.204688 0.152083 0.381250 0.022917 0.384375 0.014583 0.451562 0.143750 0.457812 0.143750 0.614062 0.164583 0.465625 0.320833 0.467187 0.318750 0.628125 0.020833 0.657812 0.227083 0.660937 0.247917 0.817187 0.250000 0.662500 0.327083 0.646875 0.316667 0.823438 0.016667 0.843750 0.020833 0.865625 0.314583 0.831250 0.320833 0.871875 0.393750 0.860937 0.327083 0.739062 0.375000 0.679688 0.347917 0.496875 0.522917 0.467187 0.372917 0.457812 0.364583 0.298438 0.314583 0.289062 0.310417 0.382812 0.156250 0.375000 0.156250 0.220313 0.279167 0.223438 0.281250 0.195312
2 0.981250 0.014062 0.820833 0.017188 0.868750 0.037500 0.804167 0.039062 0.866667 0.081250 0.850000 0.104687 0.779167 0.079687 0.768750 0.151562 0.941667 0.179688 0.693750 0.196875 0.687500 0.281250 0.887500 0.260938 0.889583 0.303125 0.733333 0.342187 0.654167 0.318750 0.583333 0.367188 0.585417 0.467187 0.539583 0.489062 0.595833 0.523438 0.695833 0.521875 0.675000 0.575000 0.858333 0.567187 0.952083 0.614062 0.779167 0.645312 0.775000 0.709375 0.843750 0.703125 0.831250 0.740625 0.958333 0.771875 0.912500 0.801562 0.779167 0.800000 0.777083 0.848437 0.856250 0.862500 0.804167 0.898438 0.962500 0.914062 0.956250 0.940625 0.868750 0.931250 0.872917 0.984375 0.989583 0.984375
2 0.854167 0.984375 0.822917 0.962500 0.777083 0.942187 0.664583 0.954687 0.664583 0.987500
3 0.291667 0.059375 0.287500 0.275000 0.318750 0.290625 0.487500 0.285937 0.493750 0.057813
3 0.391667 0.490625 0.412500 0.504687 0.410417 0.615625 0.385417 0.631250 0.385417 0.689062 0.404167 0.695312 0.400000 0.779688 0.381250 0.785937 0.381250 0.821875 0.410417 0.862500 0.495833 0.862500 0.497917 0.631250 0.472917 0.607813 0.468750 0.582812 0.475000 0.564062 0.504167 0.542188 0.506250 0.512500 0.587500 0.520312 0.587500 0.503125
3 0.504167 0.875000 0.410417 0.871875 0.245833 0.884375 0.229167 0.900000 0.235417 0.981250 0.418750 0.982813 0.422917 0.968750 0.414583 0.942187 0.429167 0.937500 0.441667 0.951563 0.468750 0.951563 0.470833 0.900000 0.477083 0.895312 0.497917 0.895312
5 0.633333 0.014062 0.625000 0.110937 0.643750 0.123438 0.683333 0.132812 0.687500 0.150000 0.718750 0.148438 0.729167 0.164062 0.816667 0.181250 0.825000 0.173438 0.937500 0.173438 0.933333 0.167187 0.758333 0.151562 0.752083 0.128125 0.772917 0.045313 0.841667 0.081250 0.775000 0.032812 0.800000 0.010937
5 0.493750 0.551562 0.470833 0.582812 0.470833 0.595312 0.487500 0.615625 0.491667 0.615625 0.508333 0.621875 0.506250 0.620313 0.506250 0.610937 0.504167 0.609375 0.504167 0.601562 0.502083 0.600000 0.502083 0.590625 0.500000 0.589063 0.500000 0.581250 0.497917 0.579687 0.497917 0.570312 0.495833 0.568750
5 0.954167 0.620313 0.758333 0.625000 0.750000 0.610937 0.841667 0.601562 0.689583 0.614062 0.689583 0.639063 0.637500 0.660937 0.641667 0.751562 0.714583 0.759375 0.639583 0.845312 0.643750 0.939062 0.772917 0.917188 0.958333 0.940625 0.762500 0.896875 0.841667 0.864062 0.760417 0.878125 0.762500 0.793750 0.900000 0.785937 0.735417 0.782812 0.783333 0.753125 0.947917 0.773438 0.945833 0.759375 0.800000 0.748438 0.825000 0.735937 0.770833 0.746875 0.762500 0.729688 0.835417 0.721875 0.758333 0.725000 0.758333 0.639063 0.783333 0.621875
6 0.508333 0.012500 0.506250 0.376563 0.633333 0.342187 0.647917 0.315625 0.700000 0.315625 0.704167 0.335938 0.725000 0.337500 0.879167 0.303125 0.866667 0.281250 0.833333 0.281250 0.772917 0.301562 0.675000 0.289062 0.677083 0.139062 0.620833 0.109375 0.625000 0.015625
6 0.512500 0.521875 0.508333 0.918750 0.558333 0.987500 0.656250 0.987500 0.658333 0.950000 0.747917 0.937500 0.645833 0.942187 0.631250 0.931250 0.635417 0.845312 0.656250 0.825000 0.629167 0.664062 0.654167 0.646875 0.654167 0.592188 0.691667 0.590625 0.702083 0.610937 0.745833 0.603125 0.747917 0.590625 0.891667 0.601562 0.887500 0.585938 0.733333 0.570312 0.662500 0.582812 0.654167 0.537500
6 0.766667 0.918750 0.760417 0.934375 0.781250 0.932813 0.860417 0.987500 0.885417 0.979688 0.845833 0.929688 0.800000 0.921875
7 0.012500 0.014062 0.014583 0.167187 0.225000 0.184375 0.216667 0.010937
7 0.241667 0.010937 0.241667 0.189063 0.285417 0.192188 0.283333 0.054688 0.287500 0.051562 0.314583 0.051562 0.310417 0.010937
7 0.012500 0.193750 0.016667 0.375000 0.072917 0.381250 0.131250 0.381250 0.129167 0.207813
7 0.158333 0.220313 0.158333 0.375000 0.310417 0.381250 0.312500 0.289062 0.283333 0.281250 0.283333 0.226562
7 0.187500 0.389062 0.027083 0.392188 0.029167 0.443750 0.156250 0.440625
7 0.302083 0.389062 0.202083 0.392188 0.156250 0.450000 0.266667 0.453125 0.266667 0.434375
7 0.316667 0.390625 0.275000 0.437500 0.275000 0.456250 0.350000 0.457812 0.354167 0.459375 0.352083 0.454688 0.350000 0.392188 0.345833 0.390625
7 0.016667 0.460938 0.016667 0.640625 0.135417 0.631250 0.131250 0.460938
7 0.164583 0.475000 0.166667 0.623438 0.310417 0.620313 0.304167 0.473437
7 0.320833 0.656250 0.279167 0.656250 0.252083 0.662500 0.250000 0.825000 0.316667 0.820312
7 0.227083 0.662500 0.014583 0.665625 0.016667 0.840625 0.231250 0.828125
7 0.322917 0.842188 0.289583 0.843750 0.287500 0.845312 0.268750 0.845312 0.266667 0.846875 0.247917 0.846875 0.247917 0.876562 0.250000 0.878125 0.250000 0.881250 0.270833 0.881250 0.272917 0.879687 0.293750 0.879687 0.295833 0.878125 0.316667 0.878125 0.318750 0.876562 0.325000 0.876562 0.325000 0.873438 0.320833 0.873438 0.318750 0.871875 0.318750 0.860937 0.320833 0.859375 0.320833 0.846875 0.322917 0.845312
7 0.231250 0.853125 0.018750 0.867188 0.014583 0.987500 0.168750 0.989062 0.172917 0.964063 0.212500 0.962500 0.214583 0.907812 0.229167 0.889063
7 0.254167 0.982813 0.254167 0.989062 0.258333 0.989062 0.260417 0.987500 0.318750 0.987500 0.318750 0.982813
8 0.383333 0.359375 0.381250 0.460938 0.572917 0.465625 0.566667 0.379687 0.497917 0.381250 0.489583 0.357812
8 0.337500 0.695312 0.337500 0.703125 0.335417 0.704687 0.335417 0.712500 0.333333 0.714063 0.333333 0.720312 0.331250 0.721875 0.329167 0.739062 0.364583 0.740625 0.366667 0.742188 0.385417 0.742188 0.387500 0.743750 0.387500 0.700000 0.385417 0.698438 0.370833 0.698438 0.368750 0.696875
8 0.343750 0.748438 0.343750 0.782812 0.345833 0.784375 0.345833 0.787500 0.358333 0.787500 0.360417 0.789062 0.377083 0.789062 0.379167 0.790625 0.379167 0.782812 0.383333 0.779688 0.397917 0.779688 0.395833 0.778125 0.393750 0.746875 0.347917 0.746875