1 0.014583 0.014062 0.012500 0.087500 0.295833 0.098438 0.291667 0.187500 0.112500 0.179688 0.100000 0.090625 0.020833 0.231250 0.016667 0.465625 0.070833 0.489062 0.016667 0.600000 0.068750 0.659375 0.014583 0.984375 0.068750 0.987500 0.106250 0.504687 0.379167 0.517187 0.370833 0.960938 0.533333 0.953125 0.512500 0.517187 0.781250 0.493750 0.779167 0.420312 0.081250 0.404687 0.095833 0.185937 0.533333 0.215625 0.487500 0.079687 0.687500 0.076563 0.718750 0.015625
1 0.168750 0.200000 0.160417 0.396875 0.552083 0.404687 0.533333 0.385938 0.545833 0.359375 0.541667 0.287500 0.210417 0.273438 0.206250 0.201562
1 0.545833 0.203125 0.545833 0.225000 0.741667 0.228125 0.739583 0.209375 0.735417 0.207813 0.579167 0.201562
2 0.912500 0.140625 0.856250 0.159375 0.775000 0.246875 0.562500 0.226562 0.556250 0.403125 0.791667 0.414062 0.779167 0.514063 0.841667 0.985937 0.987500 0.989062 0.987500 0.196875
3 0.772917 0.495313 0.520833 0.514063 0.543750 0.954687 0.370833 0.962500 0.360417 0.510938 0.108333 0.507812 0.077083 0.984375 0.175000 0.984375 0.147917 0.929688 0.170833 0.895312 0.291667 0.898438 0.289583 0.971875 0.204167 0.984375 0.829167 0.982813
5 0.727083 0.057813 0.720833 0.062500 0.718750 0.068750 0.716667 0.070312 0.716667 0.075000 0.714583 0.076563 0.714583 0.098438 0.716667 0.100000 0.716667 0.107813 0.718750 0.109375 0.718750 0.117188 0.720833 0.118750 0.720833 0.125000 0.722917 0.126563 0.722917 0.129688 0.731250 0.131250 0.733333 0.132812 0.733333 0.115625 0.731250 0.114063 0.731250 0.095312 0.729167 0.093750
5 0.956250 0.065625 0.870833 0.146875 0.900000 0.145313 0.914583 0.126563 0.985417 0.176563 0.987500 0.159375 0.935417 0.131250 0.925000 0.115625 0.927083 0.109375 0.945833 0.095312 0.958333 0.106250 0.970833 0.107813 0.989583 0.101562 0.989583 0.095312 0.960417 0.096875 0.947917 0.087500 0.947917 0.081250 0.956250 0.075000
6 0.989583 0.014062 0.729167 0.015625 0.741667 0.145313 0.752083 0.181250 0.750000 0.220313 0.772917 0.242188 0.962500 0.056250 0.987500 0.071875
7 0.112500 0.089062 0.108333 0.167187 0.291667 0.185937 0.293750 0.100000 0.129167 0.087500
7 0.016667 0.095312 0.014583 0.226562 0.056250 0.231250 0.072917 0.101562
7 0.212500 0.268750 0.547917 0.278125 0.545833 0.229687 0.214583 0.210938
7 0.016667 0.259375 0.014583 0.404687 0.033333 0.404687 0.039583 0.260938
7 0.016667 0.478125 0.016667 0.593750 0.045833 0.593750 0.060417 0.479688
7 0.222917 0.514063 0.200000 0.581250 0.214583 0.590625 0.222917 0.610937 0.293750 0.612500 0.297917 0.526563
7 0.277083 0.629687 0.177083 0.635938 0.181250 0.668750 0.152083 0.684375 0.177083 0.717188 0.179167 0.745313 0.202083 0.745313 0.220833 0.737500 0.272917 0.737500
7 0.062500 0.660937 0.016667 0.660937 0.014583 0.842188 0.039583 0.842188
7 0.454167 0.718750 0.454167 0.720312 0.456250 0.721875 0.456250 0.725000 0.458333 0.726562 0.458333 0.728125 0.460417 0.729688 0.460417 0.732813 0.462500 0.734375 0.462500 0.735937 0.464583 0.737500 0.489583 0.737500 0.489583 0.720312 0.487500 0.720312 0.485417 0.718750
7 0.302083 0.756250 0.204167 0.764063 0.175000 0.823438 0.195833 0.825000 0.200000 0.828125 0.202083 0.853125 0.300000 0.853125
7 0.170833 0.896875 0.170833 0.917188 0.152083 0.925000 0.150000 0.929688 0.179167 0.987500 0.202083 0.987500 0.202083 0.975000 0.212500 0.971875 0.287500 0.971875 0.289583 0.898438
8 0.510417 0.078125 0.516667 0.084375 0.535417 0.087500 0.535417 0.151562 0.529167 0.167187 0.535417 0.190625 0.554167 0.196875 0.602083 0.192188 0.745833 0.201562 0.750000 0.181250 0.737500 0.135937 0.710417 0.125000 0.700000 0.079687 0.593750 0.071875 0.581250 0.062500 0.537500 0.059375 0.533333 0.076563
8 0.339583 0.126563 0.339583 0.146875 0.364583 0.146875 0.364583 0.137500 0.366667 0.135937 0.366667 0.126563
8 0.337500 0.159375 0.337500 0.171875 0.335417 0.173438 0.335417 0.184375 0.370833 0.184375 0.370833 0.160938 0.372917 0.159375