1 0.016667 0.010937 0.016667 0.207813 0.068750 0.267188 0.033333 0.415625 0.016667 0.301562 0.016667 0.985937 0.341667 0.945312 0.420833 0.984375 0.425000 0.904688 0.560417 0.884375 0.539583 0.796875 0.468750 0.776563 0.475000 0.895312 0.156250 0.931250 0.170833 0.700000 0.235417 0.682813 0.160417 0.675000 0.222917 0.612500 0.154167 0.595312 0.208333 0.585938 0.183333 0.517187 0.191667 0.553125 0.383333 0.557813 0.379167 0.510938 0.433333 0.504687 0.470833 0.771875 0.489583 0.629687 0.566667 0.607813 0.483333 0.631250 0.445833 0.581250 0.470833 0.471875 0.181250 0.495313 0.193750 0.351562 0.408333 0.359375 0.431250 0.409375 0.431250 0.329688 0.327083 0.309375 0.389583 0.248437 0.320833 0.218750 0.435417 0.148438 0.093750 0.120312 0.064583 0.015625
1 0.410417 0.628125 0.337500 0.654688 0.347917 0.692187 0.360417 0.692187 0.362500 0.690625 0.385417 0.689062 0.397917 0.685938 0.420833 0.684375 0.418750 0.682813 0.418750 0.673437 0.416667 0.671875 0.416667 0.660937 0.414583 0.659375
1 0.412500 0.695312 0.343750 0.696875 0.341667 0.698438 0.341667 0.737500 0.416667 0.737500 0.414583 0.734375
2 0.989583 0.014062 0.822917 0.017188 0.806250 0.076563 0.779167 0.126563 0.887500 0.131250 0.920833 0.164062 0.854167 0.256250 0.864583 0.304688 0.987500 0.295312
2 0.750000 0.034375 0.727083 0.034375 0.716667 0.039062 0.712500 0.039062 0.708333 0.040625 0.708333 0.043750 0.720833 0.060938 0.720833 0.064062 0.722917 0.065625 0.725000 0.073437 0.729167 0.078125 0.729167 0.084375 0.729167 0.081250 0.733333 0.076563 0.735417 0.068750 0.739583 0.064062 0.739583 0.057813 0.741667 0.056250 0.741667 0.051562 0.752083 0.037500
2 0.660417 0.065625 0.668750 0.076563 0.668750 0.082813 0.675000 0.092188 0.689583 0.103125 0.700000 0.107813 0.708333 0.114063 0.710417 0.114063 0.720833 0.107813 0.720833 0.104687 0.716667 0.098438 0.716667 0.089062 0.714583 0.087500 0.714583 0.081250 0.710417 0.076563 0.710417 0.070312 0.706250 0.065625 0.700000 0.067188 0.700000 0.070312 0.693750 0.075000 0.679167 0.073437 0.670833 0.067188
2 0.608333 0.085938 0.608333 0.104687 0.616667 0.125000 0.637500 0.125000 0.643750 0.132812 0.639583 0.143750 0.629167 0.151562 0.629167 0.156250 0.637500 0.156250 0.641667 0.159375 0.641667 0.164062 0.637500 0.165625 0.639583 0.176563 0.643750 0.176563 0.658333 0.165625 0.666667 0.164062 0.672917 0.157813 0.729167 0.145313 0.720833 0.129688 0.693750 0.121875 0.672917 0.107813 0.647917 0.073437 0.629167 0.073437 0.618750 0.082813
2 0.735417 0.189063 0.708333 0.200000 0.691667 0.203125 0.666667 0.212500 0.670833 0.225000 0.675000 0.229687 0.700000 0.282813 0.704167 0.278125 0.704167 0.268750 0.725000 0.206250 0.735417 0.192188
2 0.775000 0.189063 0.770833 0.196875 0.760417 0.200000 0.758333 0.215625 0.739583 0.239063 0.727083 0.281250 0.725000 0.307813 0.716667 0.312500 0.700000 0.306250 0.695833 0.326562 0.712500 0.343750 0.752083 0.331250 0.764583 0.282813 0.781250 0.253125 0.800000 0.237500 0.804167 0.229687 0.783333 0.192188
2 0.977083 0.321875 0.858333 0.332812 0.822917 0.340625 0.810417 0.350000 0.785417 0.403125 0.764583 0.406250 0.741667 0.403125 0.766667 0.462500 0.816667 0.423438 0.862500 0.406250 0.893750 0.379687 0.908333 0.378125 0.922917 0.392188 0.937500 0.362500
2 0.985417 0.873438 0.950000 0.875000 0.968750 0.912500 0.966667 0.928125 0.943750 0.942187 0.918750 0.950000 0.870833 0.937500 0.872917 0.954687 0.829167 0.964063 0.779167 0.953125 0.768750 0.942187 0.735417 0.967188 0.695833 0.967188 0.706250 0.984375 0.987500 0.984375
3 0.370833 0.015625 0.364583 0.137500 0.433333 0.139062 0.416667 0.117188 0.427083 0.057813 0.433333 0.053125 0.456250 0.050000 0.456250 0.020312 0.460417 0.015625
3 0.677083 0.985937 0.670833 0.973437 0.589583 0.982813 0.585417 0.976562 0.587500 0.953125 0.662500 0.932813 0.647917 0.910937 0.606250 0.912500 0.585417 0.932813 0.566667 0.904688 0.566667 0.890625 0.422917 0.907812 0.429167 0.987500
5 0.481250 0.050000 0.481250 0.060938 0.479167 0.062500 0.479167 0.075000 0.477083 0.076563 0.477083 0.090625 0.483333 0.093750 0.493750 0.093750 0.495833 0.095312 0.495833 0.089062 0.497917 0.087500 0.497917 0.081250 0.500000 0.079687 0.500000 0.075000 0.502083 0.073437 0.502083 0.065625
5 0.514583 0.201562 0.508333 0.214062 0.502083 0.246875 0.493750 0.248437 0.481250 0.281250 0.510417 0.282813 0.495833 0.289062 0.495833 0.310937 0.512500 0.335938 0.529167 0.342187 0.545833 0.321875 0.550000 0.310937 0.533333 0.275000 0.516667 0.281250 0.514583 0.279687 0.518750 0.231250 0.527083 0.223438
5 0.433333 0.237500 0.433333 0.239063 0.431250 0.240625 0.431250 0.242188 0.429167 0.243750 0.429167 0.245312 0.422917 0.253125 0.422917 0.278125 0.435417 0.287500 0.437500 0.287500 0.437500 0.273438 0.439583 0.271875 0.439583 0.257812 0.441667 0.256250 0.441667 0.248437 0.439583 0.246875 0.439583 0.245312
5 0.802083 0.337500 0.791667 0.342187 0.772917 0.378125 0.752083 0.387500 0.750000 0.385938 0.731250 0.384375 0.714583 0.371875 0.706250 0.370313 0.714583 0.378125 0.737500 0.390625 0.756250 0.390625 0.764583 0.393750 0.772917 0.393750 0.775000 0.392188 0.775000 0.385938 0.781250 0.381250 0.789583 0.356250
5 0.760417 0.470313 0.727083 0.435937 0.697917 0.371875 0.658333 0.389062 0.656250 0.400000 0.635417 0.410937 0.614583 0.437500 0.595833 0.426562 0.587500 0.387500 0.539583 0.385938 0.525000 0.403125 0.525000 0.446875 0.535417 0.445312 0.535417 0.421875 0.552083 0.429688 0.547917 0.446875 0.527083 0.453125 0.556250 0.470313 0.670833 0.456250 0.683333 0.446875 0.725000 0.443750 0.756250 0.473437
5 0.429167 0.418750 0.429167 0.428125 0.422917 0.451562 0.425000 0.453125 0.425000 0.462500 0.431250 0.471875 0.472917 0.468750 0.475000 0.459375 0.483333 0.456250 0.525000 0.456250 0.510417 0.432813 0.489583 0.432813 0.472917 0.451562 0.454167 0.446875
5 0.531250 0.509375 0.525000 0.512500 0.525000 0.556250 0.512500 0.587500 0.545833 0.579687 0.581250 0.596875 0.581250 0.593750 0.558333 0.578125 0.560417 0.573438 0.547917 0.573438 0.543750 0.570312 0.537500 0.528125 0.545833 0.520312 0.595833 0.523438 0.593750 0.520312 0.568750 0.520312
5 0.456250 0.528125 0.450000 0.534375 0.450000 0.535937 0.445833 0.539062 0.445833 0.540625 0.441667 0.543750 0.441667 0.560938 0.443750 0.562500 0.443750 0.565625 0.447917 0.570312 0.447917 0.581250 0.456250 0.587500 0.464583 0.587500 0.460417 0.582812 0.458333 0.575000 0.456250 0.573438 0.456250 0.571875 0.454167 0.570312 0.454167 0.567187 0.452083 0.565625 0.452083 0.546875 0.454167 0.545313 0.454167 0.529688
5 0.764583 0.679688 0.729167 0.693750 0.704167 0.696875 0.666667 0.760938 0.795833 0.745313 0.777083 0.715625 0.772917 0.696875
5 0.491667 0.726562 0.489583 0.726562 0.487500 0.728125 0.483333 0.728125 0.481250 0.729688 0.470833 0.732813 0.470833 0.753125 0.472917 0.754687 0.472917 0.775000 0.475000 0.776563 0.477083 0.776563 0.495833 0.768750 0.500000 0.768750 0.502083 0.767187 0.508333 0.767187 0.508333 0.764063 0.506250 0.762500 0.506250 0.759375 0.504167 0.757812 0.504167 0.754687 0.502083 0.753125 0.502083 0.750000 0.500000 0.748438 0.500000 0.745313 0.497917 0.743750 0.497917 0.740625 0.495833 0.739062 0.495833 0.735937 0.493750 0.734375 0.493750 0.729688 0.491667 0.728125
5 0.831250 0.754687 0.837500 0.812500 0.877083 0.864062 0.929167 0.870313 0.979167 0.864062 0.983333 0.790625 0.935417 0.782812 0.908333 0.767187 0.852083 0.743750
5 0.950000 0.903125 0.927083 0.873438 0.939583 0.909375 0.918750 0.926562 0.885417 0.920313 0.847917 0.896875 0.806250 0.790625 0.829167 0.890625 0.754167 0.831250 0.727083 0.823438 0.706250 0.798437 0.693750 0.798437 0.668750 0.821875 0.668750 0.839063 0.712500 0.934375 0.645833 0.940625 0.593750 0.968750 0.600000 0.978125 0.645833 0.960938 0.729167 0.956250 0.766667 0.923437 0.812500 0.950000 0.856250 0.946875 0.856250 0.914062 0.918750 0.937500 0.943750 0.921875
6 0.539583 0.015625 0.489583 0.015625 0.481250 0.026563 0.472917 0.020312 0.458333 0.029687 0.458333 0.050000 0.439583 0.054688 0.475000 0.062500 0.462500 0.123438 0.427083 0.098438 0.443750 0.170312 0.435417 0.182812 0.441667 0.239063 0.462500 0.246875 0.456250 0.289062 0.481250 0.276563 0.491667 0.248437 0.500000 0.246875 0.500000 0.204688 0.520833 0.195312 0.508333 0.173438 0.462500 0.148438 0.479167 0.150000 0.510417 0.126563 0.495833 0.100000 0.475000 0.090625 0.479167 0.031250 0.510417 0.059375 0.518750 0.020312
6 0.541667 0.020312 0.558333 0.018750 0.585417 0.053125 0.545833 0.137500 0.589583 0.160938 0.618750 0.151562 0.627083 0.162500 0.602083 0.160938 0.583333 0.182812 0.631250 0.215625 0.620833 0.289062 0.660417 0.318750 0.610417 0.426562 0.677083 0.373437 0.875000 0.315625 0.983333 0.315625 0.956250 0.303125 0.854167 0.306250 0.837500 0.253125 0.906250 0.165625 0.875000 0.157813 0.900000 0.150000 0.887500 0.132812 0.775000 0.135937 0.812500 0.017188 0.664583 0.023438 0.602083 0.056250 0.556250 0.015625
6 0.579167 0.178125 0.558333 0.178125 0.556250 0.176563 0.522917 0.175000 0.522917 0.178125 0.527083 0.184375 0.527083 0.189063 0.531250 0.195312 0.531250 0.200000 0.535417 0.206250 0.535417 0.210938 0.541667 0.221875 0.543750 0.231250 0.570833 0.190625 0.570833 0.187500 0.575000 0.181250
6 0.489583 0.295312 0.462500 0.301562 0.445833 0.314063 0.456250 0.328125 0.462500 0.329688 0.470833 0.360938 0.452083 0.403125 0.450000 0.398438 0.443750 0.407813 0.460417 0.446875 0.466667 0.446875 0.489583 0.431250 0.510417 0.428125 0.522917 0.381250 0.506250 0.368750 0.506250 0.340625 0.487500 0.320312
6 0.985417 0.335938 0.929167 0.404687 0.858333 0.417188 0.758333 0.481250 0.783333 0.507812 0.772917 0.526563 0.752083 0.525000 0.775000 0.657812 0.777083 0.581250 0.806250 0.575000 0.812500 0.542188 0.845833 0.512500 0.956250 0.518750 0.960417 0.734375 0.895833 0.712500 0.777083 0.706250 0.793750 0.737500 0.910417 0.759375 0.987500 0.748438 0.987500 0.403125 0.945833 0.401563 0.987500 0.354688
6 0.593750 0.467187 0.525000 0.489062 0.539583 0.473437 0.545833 0.475000 0.527083 0.470313 0.535417 0.468750 0.527083 0.462500 0.508333 0.457812 0.477083 0.460938 0.456250 0.510938 0.491667 0.543750 0.479167 0.621875 0.489583 0.621875 0.520833 0.595312 0.585417 0.601562 0.595833 0.556250 0.558333 0.560938 0.556250 0.529688 0.612500 0.532812 0.614583 0.518750 0.593750 0.495313
6 0.743750 0.528125 0.718750 0.537500 0.622917 0.525000 0.597917 0.601562 0.625000 0.582812 0.633333 0.604688 0.702083 0.595312 0.720833 0.610937 0.718750 0.642187 0.664583 0.659375 0.664583 0.709375 0.622917 0.742188 0.606250 0.720312 0.583333 0.723437 0.610417 0.717188 0.600000 0.653125 0.529167 0.640625 0.520833 0.703125 0.500000 0.706250 0.508333 0.760938 0.550000 0.764063 0.556250 0.753125 0.583333 0.789062 0.545833 0.803125 0.568750 0.904688 0.589583 0.915625 0.683333 0.906250 0.656250 0.823438 0.685417 0.789062 0.775000 0.754687 0.643750 0.771875 0.702083 0.696875 0.760417 0.675000
7 0.068750 0.014062 0.093750 0.115625 0.362500 0.135937 0.358333 0.109375 0.316667 0.092188 0.316667 0.064062 0.366667 0.059375 0.368750 0.012500
7 0.022917 0.181250 0.016667 0.209375 0.020833 0.404687 0.033333 0.414062 0.066667 0.267188
7 0.191667 0.354688 0.183333 0.495313 0.427083 0.490625 0.412500 0.362500
7 0.433333 0.506250 0.381250 0.510938 0.418750 0.512500 0.420833 0.551562 0.362500 0.557813 0.362500 0.537500 0.191667 0.554688 0.181250 0.520312 0.177083 0.582812 0.197917 0.578125 0.222917 0.595312 0.210417 0.635938 0.245833 0.668750 0.227083 0.693750 0.172917 0.700000 0.156250 0.929688 0.475000 0.893750 0.450000 0.604688 0.429167 0.570312
7 0.352083 0.946875 0.189583 0.965625 0.185417 0.987500 0.272917 0.984375 0.347917 0.985937
8 0.520833 0.025000 0.502083 0.103125 0.529167 0.131250 0.495833 0.137500 0.483333 0.146875 0.483333 0.157813 0.520833 0.170312 0.585417 0.170312 0.587500 0.156250 0.575000 0.146875 0.531250 0.132812 0.556250 0.131250 0.581250 0.053125 0.558333 0.020312
8 0.433333 0.054688 0.431250 0.056250 0.429167 0.101562 0.431250 0.101562 0.460417 0.123438 0.460417 0.115625 0.462500 0.114063 0.464583 0.098438 0.466667 0.096875 0.466667 0.090625 0.468750 0.089062 0.468750 0.081250 0.470833 0.079687 0.470833 0.073437 0.472917 0.071875 0.472917 0.062500
8 0.583333 0.185937 0.545833 0.245312 0.545833 0.279687 0.558333 0.304688 0.547917 0.326562 0.552083 0.331250 0.593750 0.335938 0.579167 0.360938 0.612500 0.414062 0.635417 0.346875 0.606250 0.337500 0.645833 0.339063 0.656250 0.326562 0.656250 0.310937 0.568750 0.309375 0.612500 0.292188 0.625000 0.221875 0.593750 0.185937
8 0.395833 0.193750 0.377083 0.215625 0.331250 0.215625 0.327083 0.217187 0.333333 0.239063 0.335417 0.240625 0.335417 0.245312 0.337500 0.246875 0.393750 0.246875 0.408333 0.225000 0.404167 0.218750 0.404167 0.214062 0.400000 0.207813 0.400000 0.203125
8 0.445833 0.243750 0.445833 0.245312 0.443750 0.246875 0.443750 0.289062 0.454167 0.298438 0.454167 0.300000 0.454167 0.289062 0.456250 0.287500 0.456250 0.275000 0.458333 0.273438 0.458333 0.262500 0.460417 0.260938 0.460417 0.246875 0.456250 0.246875 0.454167 0.245312 0.450000 0.245312 0.447917 0.243750
8 0.445833 0.326562 0.435417 0.304688 0.420833 0.307813 0.412500 0.306250 0.418750 0.292188 0.408333 0.270312 0.397917 0.292188 0.387500 0.275000 0.333333 0.273438 0.335417 0.315625 0.410417 0.310937 0.412500 0.312500 0.402083 0.335938 0.422917 0.326562
8 0.460417 0.329688 0.437500 0.331250 0.435417 0.334375 0.435417 0.360938 0.441667 0.371875 0.441667 0.376563 0.447917 0.387500 0.447917 0.392188 0.450000 0.393750 0.452083 0.401563 0.452083 0.398438 0.458333 0.387500 0.458333 0.382812 0.464583 0.371875 0.464583 0.367188 0.468750 0.360938 0.466667 0.359375 0.466667 0.353125 0.464583 0.351562 0.464583 0.345313 0.462500 0.343750
8 0.597917 0.490625 0.625000 0.523438 0.631250 0.525000 0.770833 0.523438 0.775000 0.514063 0.775000 0.498437 0.762500 0.489062 0.689583 0.487500 0.647917 0.493750 0.639583 0.490625 0.627083 0.490625 0.618750 0.493750 0.612500 0.490625
8 0.850000 0.510938 0.814583 0.542188 0.808333 0.575000 0.779167 0.581250 0.777083 0.704687 0.889583 0.717188 0.895833 0.710938 0.958333 0.734375 0.954167 0.518750
8 0.464583 0.517187 0.464583 0.525000 0.462500 0.526563 0.462500 0.534375 0.460417 0.535937 0.460417 0.543750 0.458333 0.545313 0.458333 0.553125 0.456250 0.554688 0.456250 0.564062 0.479167 0.598437 0.479167 0.590625 0.481250 0.589063 0.481250 0.582812 0.483333 0.581250 0.485417 0.564062 0.487500 0.562500 0.487500 0.556250 0.489583 0.554688 0.489583 0.543750
8 0.162500 0.590625 0.156250 0.595312 0.156250 0.615625 0.172917 0.628125 0.202083 0.628125 0.206250 0.629687 0.206250 0.628125 0.220833 0.617188 0.220833 0.612500 0.222917 0.610937 0.222917 0.600000 0.220833 0.598437 0.220833 0.595312 0.210417 0.587500 0.193750 0.581250 0.187500 0.581250 0.179167 0.584375 0.175000 0.587500 0.170833 0.587500
8 0.702083 0.596875 0.641667 0.610937 0.608333 0.603125 0.560417 0.610937 0.552083 0.629687 0.552083 0.645312 0.583333 0.648438 0.602083 0.643750 0.608333 0.648438 0.618750 0.714063 0.625000 0.718750 0.631250 0.718750 0.656250 0.698438 0.647917 0.654688 0.631250 0.645312 0.677083 0.650000 0.716667 0.642187 0.718750 0.610937
8 0.500000 0.625000 0.500000 0.635938 0.497917 0.637500 0.497917 0.648438 0.495833 0.650000 0.495833 0.660937 0.493750 0.662500 0.493750 0.673437 0.491667 0.675000 0.491667 0.687500 0.512500 0.703125 0.512500 0.704687 0.514583 0.660937 0.516667 0.659375 0.516667 0.637500 0.518750 0.635938 0.510417 0.629687
8 0.208333 0.635938 0.195833 0.635938 0.202083 0.635938 0.204167 0.637500 0.202083 0.639063 0.195833 0.639063 0.183333 0.643750 0.179167 0.643750 0.177083 0.640625 0.160417 0.653125 0.160417 0.671875 0.162500 0.675000 0.193750 0.695312 0.195833 0.693750 0.220833 0.692187 0.235417 0.681250 0.239583 0.675000 0.239583 0.657812 0.218750 0.640625
8 0.470833 0.784375 0.470833 0.790625 0.481250 0.800000 0.483333 0.798437 0.495833 0.798437 0.497917 0.796875 0.539583 0.793750 0.541667 0.792188 0.552083 0.792188 0.554167 0.790625 0.581250 0.789062 0.575000 0.775000 0.556250 0.771875 0.554167 0.770312 0.529167 0.770312 0.527083 0.768750 0.502083 0.768750 0.475000 0.778125
8 0.587500 0.785937 0.585417 0.787500 0.579167 0.884375 0.631250 0.904688 0.627083 0.798437
8 0.252083 0.793750 0.170833 0.798437 0.168750 0.800000 0.168750 0.851562 0.179167 0.851562 0.191667 0.848437 0.202083 0.848437 0.214583 0.845312 0.258333 0.840625 0.256250 0.839063
8 0.454167 0.795313 0.447917 0.800000 0.447917 0.806250 0.450000 0.807813 0.450000 0.854688 0.454167 0.856250 0.458333 0.856250 0.460417 0.857813 0.464583 0.857813 0.466667 0.859375 0.466667 0.810938 0.468750 0.809375 0.468750 0.806250 0.466667 0.803125 0.456250 0.795313
8 0.268750 0.846875 0.268750 0.903125 0.275000 0.901563 0.341667 0.901563 0.339583 0.898438 0.337500 0.845312 0.275000 0.845312
8 0.416667 0.910937 0.412500 0.910937 0.406250 0.914062 0.395833 0.915625 0.389583 0.918750 0.385417 0.918750 0.379167 0.921875 0.375000 0.921875 0.372917 0.923437 0.368750 0.923437 0.366667 0.925000 0.364583 0.925000 0.364583 0.935938 0.379167 0.935938 0.381250 0.937500 0.397917 0.937500 0.400000 0.939062 0.412500 0.939062 0.414583 0.940625 0.414583 0.914062 0.416667 0.912500