1 0.983333 0.014062 0.906250 0.014062 0.937500 0.017188 0.918750 0.037500 0.743750 0.015625 0.658333 0.151562 0.143750 0.092188 0.141667 0.167187 0.020833 0.159375 0.016667 0.637500 0.033333 0.440625 0.035417 0.512500 0.452083 0.518750 0.445833 0.440625 0.339583 0.403125 0.037500 0.390625 0.320833 0.393750 0.325000 0.346875 0.160417 0.339063 0.135417 0.256250 0.256250 0.262500 0.250000 0.209375 0.589583 0.198437 0.641667 0.225000 0.602083 0.253125 0.662500 0.251563 0.802083 0.068750 0.989583 0.120312
1 0.587500 0.282813 0.587500 0.296875 0.625000 0.301562 0.629167 0.304688 0.631250 0.321875 0.622917 0.325000 0.587500 0.317187 0.577083 0.337500 0.566667 0.342187 0.562500 0.348437 0.608333 0.345313 0.614583 0.351562 0.645833 0.357812 0.647917 0.362500 0.670833 0.365625 0.666667 0.312500 0.660417 0.307813 0.660417 0.284375
2 0.937500 0.387500 0.916667 0.426562 0.916667 0.434375 0.910417 0.439063 0.895833 0.470313 0.987500 0.467187 0.989583 0.479688 0.989583 0.387500
2 0.987500 0.493750 0.985417 0.504687 0.864583 0.496875 0.833333 0.526563 0.858333 0.551562 0.850000 0.582812 0.885417 0.626562 0.835417 0.723437 0.789583 0.729688 0.810417 0.768750 0.764583 0.853125 0.643750 0.854688 0.652083 0.984375 0.987500 0.984375
3 0.500000 0.564062 0.472917 0.568750 0.454167 0.650000 0.454167 0.657812 0.475000 0.670313 0.477083 0.692187 0.510417 0.690625 0.533333 0.612500 0.533333 0.587500
3 0.427083 0.659375 0.425000 0.832812 0.614583 0.823438 0.608333 0.812500 0.495833 0.815625 0.495833 0.800000 0.468750 0.776563 0.468750 0.671875
3 0.622917 0.832812 0.427083 0.840625 0.429167 0.984375 0.641667 0.984375 0.635417 0.859375
6 0.860417 0.085938 0.837500 0.206250 0.768750 0.232812 0.789583 0.250000 0.866667 0.187500 0.885417 0.293750 0.829167 0.329688 0.837500 0.342187 0.895833 0.314063 0.914583 0.410937 0.933333 0.375000 0.987500 0.362500 0.935417 0.360938 0.939583 0.350000 0.987500 0.356250 0.987500 0.345313 0.945833 0.343750 0.943750 0.325000 0.985417 0.331250 0.947917 0.320312 0.947917 0.143750 0.989583 0.135937 0.989583 0.126563 0.925000 0.120312 0.885417 0.089062
6 0.747917 0.135937 0.720833 0.179688 0.720833 0.182812 0.716667 0.187500 0.714583 0.195312 0.710417 0.200000 0.702083 0.218750 0.737500 0.218750 0.741667 0.217187 0.745833 0.210938 0.745833 0.142188 0.747917 0.140625
6 0.716667 0.375000 0.685417 0.400000 0.681250 0.390625 0.679167 0.375000 0.679167 0.412500 0.681250 0.414062 0.683333 0.439063 0.714583 0.406250 0.714583 0.396875 0.716667 0.395312
6 0.750000 0.406250 0.772917 0.492188 0.770833 0.473437 0.768750 0.471875 0.768750 0.460938 0.766667 0.459375 0.766667 0.448438 0.764583 0.446875 0.764583 0.437500 0.762500 0.435937 0.762500 0.425000 0.760417 0.423438 0.760417 0.414062
6 0.527083 0.435937 0.525000 0.448438 0.539583 0.465625 0.529167 0.550000 0.518750 0.551562 0.525000 0.578125 0.539583 0.571875 0.550000 0.576563 0.545833 0.617188 0.568750 0.568750 0.843750 0.582812 0.845833 0.562500 0.816667 0.534375 0.772917 0.540625 0.718750 0.535937 0.708333 0.528125 0.704167 0.500000 0.685417 0.475000 0.675000 0.435937
6 0.983333 0.484375 0.877083 0.479688 0.875000 0.476562 0.897917 0.445312 0.847917 0.459375 0.845833 0.489062 0.785417 0.517187 0.775000 0.503125 0.745833 0.526563 0.775000 0.534375 0.822917 0.525000 0.868750 0.490625 0.983333 0.489062
6 0.408333 0.526563 0.404167 0.528125 0.406250 0.548437 0.402083 0.553125 0.402083 0.560938 0.406250 0.570312 0.404167 0.582812 0.410417 0.584375 0.410417 0.626562 0.404167 0.629687 0.402083 0.659375 0.410417 0.664062 0.425000 0.662500 0.427083 0.657812 0.435417 0.660937 0.452083 0.660937 0.443750 0.642187 0.447917 0.640625 0.456250 0.617188 0.439583 0.614062 0.439583 0.587500 0.427083 0.573438 0.433333 0.528125
6 0.531250 0.659375 0.522917 0.692187 0.522917 0.739062 0.510417 0.756250 0.510417 0.770312 0.502083 0.779688 0.495833 0.778125 0.497917 0.812500 0.625000 0.807813 0.612500 0.771875 0.631250 0.731250 0.595833 0.737500 0.583333 0.743750 0.554167 0.739062 0.537500 0.707812 0.541667 0.671875
7 0.050000 0.075000 0.656250 0.145313 0.731250 0.018750 0.052083 0.010937
7 0.856250 0.014062 0.856250 0.015625 0.868750 0.020312 0.872917 0.020312 0.879167 0.023438 0.883333 0.023438 0.893750 0.028125 0.897917 0.028125 0.918750 0.035937 0.918750 0.034375 0.925000 0.029687 0.925000 0.028125 0.935417 0.018750 0.935417 0.017188 0.920833 0.017188 0.918750 0.015625 0.906250 0.015625 0.904167 0.014062 0.891667 0.014062 0.889583 0.012500 0.875000 0.012500 0.872917 0.010937 0.860417 0.010937
7 0.839583 0.037500 0.839583 0.042188 0.825000 0.064062 0.837500 0.065625 0.839583 0.067188 0.845833 0.067188 0.847917 0.068750 0.854167 0.068750 0.856250 0.070312 0.862500 0.070312 0.864583 0.071875 0.870833 0.071875 0.872917 0.073437 0.879167 0.073437 0.881250 0.075000 0.887500 0.075000 0.889583 0.076563 0.893750 0.065625 0.904167 0.050000 0.906250 0.042188 0.889583 0.042188 0.887500 0.040625 0.872917 0.040625 0.870833 0.039062
7 0.018750 0.084375 0.016667 0.153125 0.133333 0.159375 0.129167 0.090625
7 0.254167 0.220313 0.252083 0.223438 0.252083 0.257812 0.289583 0.267188 0.295833 0.270312 0.312500 0.273438 0.325000 0.278125 0.325000 0.267188 0.327083 0.265625 0.327083 0.254687 0.329167 0.253125 0.329167 0.242188 0.331250 0.240625 0.331250 0.228125 0.318750 0.228125 0.316667 0.226562 0.306250 0.226562 0.304167 0.225000 0.291667 0.225000 0.289583 0.223438
7 0.150000 0.268750 0.166667 0.329688 0.312500 0.340625 0.316667 0.279687
7 0.189583 0.423438 0.189583 0.470313 0.191667 0.476562 0.285417 0.482812 0.287500 0.484375 0.285417 0.478125 0.285417 0.425000 0.275000 0.423438
7 0.337500 0.462500 0.337500 0.498437 0.339583 0.503125 0.345833 0.501562 0.418750 0.501562 0.418750 0.482812 0.420833 0.481250 0.420833 0.462500 0.422917 0.460938 0.345833 0.460938 0.343750 0.462500
7 0.043750 0.532812 0.014583 0.740625 0.012500 0.960938 0.414583 0.932813 0.410417 0.840625 0.379167 0.784375 0.410417 0.764063 0.389583 0.753125 0.410417 0.673437 0.393750 0.628125 0.354167 0.637500 0.318750 0.629687 0.322917 0.584375 0.389583 0.589063 0.375000 0.582812 0.377083 0.560938 0.343750 0.548437 0.343750 0.534375
8 0.833333 0.073437 0.762500 0.112500 0.752083 0.121875 0.752083 0.209375 0.745833 0.217187 0.750000 0.223438 0.766667 0.225000 0.827083 0.203125 0.825000 0.181250 0.839583 0.173438 0.843750 0.164062 0.854167 0.087500
8 0.866667 0.195312 0.791667 0.250000 0.791667 0.345313 0.781250 0.317187 0.747917 0.340625 0.710417 0.334375 0.714583 0.362500 0.691667 0.326562 0.747917 0.335938 0.781250 0.314063 0.772917 0.240625 0.697917 0.223438 0.675000 0.268750 0.691667 0.318750 0.681250 0.325000 0.677083 0.309375 0.689583 0.390625 0.716667 0.362500 0.733333 0.393750 0.687500 0.442187 0.731250 0.529688 0.772917 0.495313 0.737500 0.390625 0.747917 0.401563 0.831250 0.356250 0.831250 0.339063 0.806250 0.340625 0.877083 0.298438
8 0.635417 0.232812 0.589583 0.229687 0.587500 0.200000 0.391667 0.220313 0.379167 0.267188 0.397917 0.275000 0.354167 0.270312 0.372917 0.268750 0.381250 0.226562 0.335417 0.231250 0.352083 0.235938 0.350000 0.262500 0.327083 0.273438 0.350000 0.271875 0.347917 0.295312 0.325000 0.304688 0.345833 0.303125 0.329167 0.332812 0.341667 0.332812 0.331250 0.357812 0.343750 0.368750 0.320833 0.384375 0.347917 0.406250 0.443750 0.434375 0.527083 0.432813 0.512500 0.412500 0.393750 0.400000 0.354167 0.371875 0.358333 0.345313 0.429167 0.371875 0.481250 0.371875 0.493750 0.357812 0.452083 0.351562 0.493750 0.353125 0.525000 0.375000 0.583333 0.312500 0.622917 0.303125 0.506250 0.296875 0.650000 0.273438 0.654167 0.264062 0.587500 0.256250 0.591667 0.237500
8 0.893750 0.321875 0.835417 0.351562 0.845833 0.453125 0.914583 0.434375
8 0.808333 0.371875 0.764583 0.409375 0.785417 0.507812 0.843750 0.479688
8 0.516667 0.443750 0.510417 0.467187 0.460417 0.473437 0.458333 0.476562 0.454167 0.559375 0.525000 0.546875 0.533333 0.467187
8 0.568750 0.581250 0.543750 0.645312 0.541667 0.695312 0.558333 0.732813 0.583333 0.737500 0.647917 0.718750 0.839583 0.707812 0.879167 0.628125 0.858333 0.593750 0.639583 0.587500 0.625000 0.579687
8 0.475000 0.695312 0.472917 0.698438 0.470833 0.776563 0.489583 0.790625 0.493750 0.753125 0.495833 0.751562 0.495833 0.740625 0.497917 0.739062 0.497917 0.728125 0.500000 0.726562 0.500000 0.715625 0.502083 0.714063 0.502083 0.700000
8 0.412500 0.712500 0.410417 0.712500 0.406250 0.715625 0.400000 0.717188 0.395833 0.720312 0.393750 0.720312 0.391667 0.721875 0.391667 0.753125 0.393750 0.754687 0.393750 0.756250 0.404167 0.756250 0.406250 0.754687 0.414583 0.754687 0.414583 0.751562 0.412500 0.750000
8 0.768750 0.718750 0.652083 0.725000 0.645833 0.728125 0.622917 0.770312 0.622917 0.782812 0.650000 0.851562 0.658333 0.850000 0.658333 0.843750 0.766667 0.828125 0.802083 0.767187
8 0.412500 0.773438 0.387500 0.775000 0.383333 0.778125 0.383333 0.784375 0.385417 0.785937 0.387500 0.795313 0.389583 0.796875 0.395833 0.796875 0.406250 0.800000 0.404167 0.801562 0.397917 0.801562 0.400000 0.828125 0.402083 0.829687 0.406250 0.842188 0.418750 0.832812 0.418750 0.829687 0.416667 0.828125 0.416667 0.792188 0.414583 0.790625