1 0.014583 0.014062 0.083333 0.446875 0.339583 0.453125 0.385417 0.370313 0.522917 0.379687 0.520833 0.364062 0.400000 0.356250 0.339583 0.332812 0.335417 0.320312 0.377083 0.320312 0.381250 0.307813 0.358333 0.278125 0.381250 0.240625 0.356250 0.226562 0.368750 0.209375 0.145833 0.189063 0.143750 0.010937
1 0.516667 0.017188 0.483333 0.203125 0.493750 0.204688 0.491667 0.179688 0.527083 0.151562 0.539583 0.125000 0.537500 0.096875 0.543750 0.090625 0.552083 0.090625 0.558333 0.079687 0.554167 0.045313 0.560417 0.032812 0.556250 0.031250 0.556250 0.018750
1 0.014583 0.059375 0.018750 0.525000 0.045833 0.531250 0.077083 0.450000
1 0.056250 0.528125 0.147917 0.531250 0.158333 0.495313 0.266667 0.487500 0.285417 0.465625 0.329167 0.459375 0.085417 0.451562
1 0.014583 0.628125 0.547917 0.620313 0.566667 0.557813 0.504167 0.553125 0.491667 0.540625 0.018750 0.537500
1 0.335417 0.670313 0.275000 0.670313 0.218750 0.637500 0.020833 0.639063 0.018750 0.729688 0.081250 0.729688 0.022917 0.984375 0.087500 0.987500 0.122917 0.790625 0.306250 0.781250 0.300000 0.718750
2 0.641667 0.279687 0.641667 0.282813 0.639583 0.284375 0.639583 0.287500 0.637500 0.289062 0.637500 0.292188 0.635417 0.293750 0.635417 0.296875 0.633333 0.298438 0.633333 0.303125 0.631250 0.304688 0.629167 0.312500 0.631250 0.312500 0.633333 0.314063 0.637500 0.314063 0.643750 0.317187 0.654167 0.318750 0.660417 0.321875 0.660417 0.315625 0.662500 0.314063 0.662500 0.307813 0.664583 0.306250 0.664583 0.300000 0.666667 0.298438 0.666667 0.293750 0.668750 0.292188 0.668750 0.285937 0.670833 0.284375 0.670833 0.278125 0.664583 0.278125 0.658333 0.281250 0.652083 0.281250 0.650000 0.279687
2 0.695833 0.281250 0.695833 0.284375 0.693750 0.285937 0.693750 0.290625 0.691667 0.292188 0.691667 0.296875 0.689583 0.298438 0.689583 0.301562 0.687500 0.303125 0.687500 0.307813 0.685417 0.309375 0.685417 0.314063 0.681250 0.320312 0.681250 0.325000 0.689583 0.328125 0.700000 0.328125 0.702083 0.329688 0.710417 0.329688 0.712500 0.331250 0.720833 0.331250 0.722917 0.332812 0.722917 0.331250 0.727083 0.328125 0.727083 0.323438 0.729167 0.321875 0.729167 0.315625 0.714583 0.304688 0.710417 0.303125 0.706250 0.295312 0.708333 0.293750 0.712500 0.293750
2 0.985417 0.303125 0.908333 0.450000 0.935417 0.440625 0.937500 0.445312 0.922917 0.475000 0.937500 0.484375 0.987500 0.503125
2 0.618750 0.354688 0.620833 0.353125 0.622917 0.353125 0.629167 0.348437 0.643750 0.348437 0.645833 0.346875 0.652083 0.346875 0.654167 0.345313 0.675000 0.345313 0.677083 0.343750 0.687500 0.340625 0.681250 0.340625 0.679167 0.339063 0.670833 0.339063 0.668750 0.337500 0.662500 0.337500 0.660417 0.335938 0.652083 0.335938 0.650000 0.334375 0.643750 0.334375 0.641667 0.332812 0.633333 0.332812 0.631250 0.331250 0.625000 0.331250 0.625000 0.335938 0.622917 0.337500 0.622917 0.342187 0.620833 0.343750 0.620833 0.350000 0.618750 0.351562
2 0.685417 0.359375 0.687500 0.360938 0.687500 0.362500 0.689583 0.364062 0.689583 0.365625 0.691667 0.367188 0.691667 0.368750 0.693750 0.370313 0.693750 0.371875 0.697917 0.375000 0.697917 0.376563 0.700000 0.378125 0.700000 0.379687 0.702083 0.381250 0.702083 0.382812 0.704167 0.384375 0.704167 0.385938 0.704167 0.370313 0.706250 0.368750 0.706250 0.367188 0.708333 0.365625 0.708333 0.362500 0.710417 0.360938 0.710417 0.359375
2 0.591667 0.390625 0.602083 0.410937 0.622917 0.409375 0.666667 0.439063 0.672917 0.450000 0.702083 0.439063 0.662500 0.368750 0.647917 0.370313
2 0.881250 0.523438 0.881250 0.526563 0.904167 0.559375 0.906250 0.557813 0.985417 0.554688 0.985417 0.528125 0.987500 0.526563 0.985417 0.525000 0.906250 0.503125 0.902083 0.503125
2 0.981250 0.578125 0.889583 0.587500 0.816667 0.604688 0.860417 0.657812 0.887500 0.664062 0.904167 0.660937
2 0.981250 0.625000 0.925000 0.681250 0.912500 0.685938 0.843750 0.668750 0.795833 0.637500 0.770833 0.637500 0.720833 0.654688 0.689583 0.656250 0.708333 0.715625 0.731250 0.743750 0.981250 0.729688 0.983333 0.676562 0.956250 0.704687 0.935417 0.700000
2 0.929167 0.754687 0.931250 0.757812 0.931250 0.760938 0.933333 0.762500 0.933333 0.765625 0.935417 0.767187 0.935417 0.770312 0.937500 0.771875 0.937500 0.775000 0.939583 0.776563 0.939583 0.779688 0.943750 0.784375 0.958333 0.784375 0.960417 0.785937 0.979167 0.785937 0.983333 0.787500 0.983333 0.751562 0.958333 0.751562 0.956250 0.753125 0.931250 0.753125
2 0.893750 0.759375 0.745833 0.760938 0.737500 0.762500 0.743750 0.790625 0.756250 0.792188 0.768750 0.801562 0.781250 0.818750 0.781250 0.823438 0.787500 0.818750 0.793750 0.801562 0.831250 0.809375 0.831250 0.806250 0.845833 0.795313 0.893750 0.781250 0.906250 0.781250
2 0.914583 0.800000 0.875000 0.806250 0.862500 0.815625 0.858333 0.832812 0.879167 0.960938 0.904167 0.950000 0.947917 0.948438 0.945833 0.895312 0.925000 0.807813
2 0.950000 0.806250 0.960417 0.840625 0.966667 0.893750 0.981250 0.921875 0.981250 0.968750 0.989583 0.970312 0.985417 0.810938
3 0.412500 0.210938 0.416667 0.231250 0.404167 0.240625 0.410417 0.246875 0.404167 0.301562 0.410417 0.331250 0.402083 0.342187 0.404167 0.351562 0.525000 0.359375 0.533333 0.348437 0.545833 0.346875 0.562500 0.356250 0.614583 0.357812 0.612500 0.326562 0.552083 0.321875 0.543750 0.332812 0.529167 0.331250 0.512500 0.289062 0.514583 0.254687 0.500000 0.246875 0.491667 0.231250 0.493750 0.214062
3 0.410417 0.384375 0.410417 0.393750 0.425000 0.414062 0.420833 0.432813 0.422917 0.453125 0.416667 0.470313 0.425000 0.532812 0.489583 0.532812 0.497917 0.510938 0.514583 0.489062 0.518750 0.464063 0.506250 0.450000 0.508333 0.425000 0.514583 0.414062 0.462500 0.401563 0.452083 0.393750 0.450000 0.382812
3 0.283333 0.475000 0.281250 0.514063 0.285417 0.534375 0.418750 0.534375 0.406250 0.478125
3 0.447917 0.635938 0.456250 0.734375 0.477083 0.767187 0.491667 0.851562 0.472917 0.901563 0.481250 0.981250 0.512500 0.971875 0.514583 0.987500 0.622917 0.985937 0.589583 0.923437 0.589583 0.892187 0.570833 0.878125 0.622917 0.815625 0.622917 0.779688 0.575000 0.782812 0.547917 0.735937 0.654167 0.732813 0.697917 0.712500 0.681250 0.662500 0.635417 0.700000 0.618750 0.684375 0.545833 0.687500 0.506250 0.676562 0.502083 0.656250 0.568750 0.637500 0.560417 0.629687
3 0.443750 0.687500 0.439583 0.687500 0.439583 0.692187 0.410417 0.692187 0.375000 0.698438 0.383333 0.754687 0.370833 0.796875 0.439583 0.792188 0.439583 0.764063 0.447917 0.742188
5 0.814583 0.093750 0.747917 0.078125 0.714583 0.090625 0.697917 0.103125 0.672917 0.151562 0.664583 0.151562 0.658333 0.176563 0.662500 0.220313 0.689583 0.250000 0.741667 0.245312 0.772917 0.148438 0.777083 0.146875 0.802083 0.157813
5 0.531250 0.164062 0.516667 0.167187 0.512500 0.170312 0.506250 0.178125 0.506250 0.182812 0.502083 0.190625 0.502083 0.200000 0.506250 0.201562 0.500000 0.204688 0.500000 0.231250 0.512500 0.250000 0.520833 0.250000 0.520833 0.237500 0.522917 0.235938 0.522917 0.223438 0.525000 0.221875 0.525000 0.207813 0.527083 0.206250 0.527083 0.193750 0.529167 0.192188 0.529167 0.179688 0.531250 0.178125
5 0.608333 0.178125 0.593750 0.243750 0.606250 0.248437 0.608333 0.278125 0.627083 0.278125 0.643750 0.271875 0.679167 0.270312 0.679167 0.267188 0.658333 0.267188 0.629167 0.276563 0.625000 0.275000 0.637500 0.245312 0.637500 0.189063 0.629167 0.181250
5 0.927083 0.453125 0.925000 0.451562 0.920833 0.451562 0.914583 0.456250 0.914583 0.457812 0.906250 0.464063 0.906250 0.465625 0.897917 0.471875 0.897917 0.473437 0.902083 0.473437 0.904167 0.475000 0.910417 0.475000 0.912500 0.476562 0.912500 0.475000 0.914583 0.473437 0.914583 0.471875 0.916667 0.470313 0.916667 0.468750 0.918750 0.467187 0.918750 0.465625 0.922917 0.462500 0.922917 0.460938 0.925000 0.459375 0.925000 0.454688
5 0.514583 0.498437 0.500000 0.518750 0.500000 0.532812 0.506250 0.540625 0.506250 0.543750 0.514583 0.550000 0.525000 0.550000 0.527083 0.548437 0.533333 0.548437 0.531250 0.546875 0.529167 0.542188 0.510417 0.532812 0.510417 0.515625 0.516667 0.510938 0.514583 0.509375
5 0.710417 0.512500 0.731250 0.551562 0.727083 0.587500 0.739583 0.606250 0.797917 0.587500 0.791667 0.579687 0.791667 0.557813 0.841667 0.568750 0.854167 0.560938 0.866667 0.539062 0.858333 0.528125 0.837500 0.554688 0.825000 0.562500 0.802083 0.551562 0.795833 0.551562 0.791667 0.556250 0.791667 0.542188 0.760417 0.526563 0.760417 0.514063
5 0.581250 0.568750 0.568750 0.582812 0.568750 0.590625 0.566667 0.592188 0.564583 0.615625 0.566667 0.617188 0.568750 0.628125 0.579167 0.643750 0.583333 0.642187 0.612500 0.642187 0.610417 0.640625 0.606250 0.623438 0.604167 0.621875 0.604167 0.618750 0.600000 0.615625
5 0.987500 0.585938 0.902083 0.670313 0.852083 0.660937 0.806250 0.607813 0.806250 0.626562 0.775000 0.623438 0.777083 0.617188 0.702083 0.637500 0.687500 0.648438 0.714583 0.646875 0.768750 0.628125 0.808333 0.631250 0.845833 0.664062 0.908333 0.679688 0.925000 0.671875 0.985417 0.603125
5 0.912500 0.787500 0.875000 0.793750 0.850000 0.803125 0.837500 0.815625 0.802083 0.810938 0.787500 0.829687 0.777083 0.831250 0.787500 0.946875 0.810417 0.987500 0.870833 0.987500 0.904167 0.965625 0.950000 0.970312 0.950000 0.956250 0.875000 0.968750 0.847917 0.846875 0.847917 0.823438 0.858333 0.809375 0.887500 0.796875 0.916667 0.793750
5 0.941667 0.790625 0.941667 0.792188 0.943750 0.793750 0.943750 0.795313 0.950000 0.798437 0.956250 0.798437 0.958333 0.800000 0.962500 0.800000 0.964583 0.801562 0.968750 0.801562 0.970833 0.803125 0.977083 0.803125 0.979167 0.804688 0.983333 0.804688 0.985417 0.806250 0.985417 0.795313 0.975000 0.795313 0.972917 0.793750 0.962500 0.793750 0.960417 0.792188 0.952083 0.792188 0.950000 0.790625
5 0.629167 0.821875 0.610417 0.835938 0.610417 0.837500 0.608333 0.839063 0.608333 0.842188 0.606250 0.843750 0.606250 0.846875 0.604167 0.848437 0.604167 0.857813 0.602083 0.859375 0.602083 0.862500 0.600000 0.864062 0.600000 0.870313 0.604167 0.870313 0.606250 0.871875 0.606250 0.870313 0.610417 0.867188 0.610417 0.859375 0.612500 0.857813 0.612500 0.856250 0.625000 0.846875 0.627083 0.846875 0.629167 0.845312 0.635417 0.845312 0.633333 0.843750 0.633333 0.837500 0.631250 0.835938 0.631250 0.828125 0.629167 0.826563
5 0.604167 0.903125 0.604167 0.923437 0.606250 0.925000 0.606250 0.935938 0.608333 0.937500 0.608333 0.940625 0.616667 0.951563 0.616667 0.954687 0.618750 0.956250 0.620833 0.960938 0.620833 0.957812 0.618750 0.956250 0.618750 0.951563 0.616667 0.950000 0.616667 0.945312 0.614583 0.943750 0.614583 0.939062 0.616667 0.937500 0.616667 0.932813 0.618750 0.931250 0.618750 0.926562 0.614583 0.926562 0.610417 0.923437 0.610417 0.920313 0.608333 0.918750 0.608333 0.915625 0.606250 0.914062 0.606250 0.909375 0.604167 0.907812
6 0.564583 0.015625 0.564583 0.023438 0.591667 0.070312 0.602083 0.062500 0.604167 0.051562 0.618750 0.046875 0.741667 0.068750 0.754167 0.067188 0.764583 0.071875 0.743750 0.057813 0.772917 0.012500 0.764583 0.018750 0.739583 0.064062 0.610417 0.040625 0.618750 0.012500
6 0.987500 0.090625 0.850000 0.075000 0.822917 0.096875 0.806250 0.154687 0.952083 0.212500 0.893750 0.368750 0.831250 0.387500 0.825000 0.379687 0.779167 0.467187 0.806250 0.501562 0.797917 0.515625 0.768750 0.515625 0.787500 0.531250 0.866667 0.481250 0.987500 0.520312 0.987500 0.507812 0.872917 0.471875 0.985417 0.285937
6 0.577083 0.120312 0.579167 0.170312 0.547917 0.215625 0.539583 0.162500 0.520833 0.268750 0.535417 0.332812 0.554167 0.317187 0.718750 0.345313 0.668750 0.328125 0.695833 0.251563 0.662500 0.328125 0.554167 0.309375 0.554167 0.296875 0.579167 0.289062 0.602083 0.181250 0.579167 0.148438 0.585417 0.140625 0.662500 0.146875 0.583333 0.139062
6 0.531250 0.357812 0.564583 0.418750 0.545833 0.550000 0.614583 0.437500 0.647917 0.503125 0.604167 0.584375 0.589583 0.576563 0.616667 0.639063 0.658333 0.646875 0.637500 0.695312 0.704167 0.632812 0.987500 0.570312 0.900000 0.565625 0.852083 0.498437 0.887500 0.571875 0.739583 0.614062 0.700000 0.509375 0.666667 0.509375 0.643750 0.462500 0.677083 0.470313 0.729167 0.443750 0.668750 0.457812 0.610417 0.414062 0.587500 0.473437 0.583333 0.390625 0.654167 0.359375 0.716667 0.435937 0.672917 0.357812 0.714583 0.350000 0.572917 0.389062
6 0.716667 0.396875 0.714583 0.398438 0.714583 0.403125 0.716667 0.404687 0.718750 0.412500 0.722917 0.417188 0.725000 0.425000 0.729167 0.429688 0.731250 0.437500 0.735417 0.442187 0.735417 0.445312 0.737500 0.446875 0.739583 0.454688 0.743750 0.459375 0.745833 0.467187 0.747917 0.470313 0.762500 0.467187 0.739583 0.434375 0.739583 0.431250
6 0.541667 0.409375 0.522917 0.409375 0.522917 0.415625 0.520833 0.417188 0.520833 0.421875 0.518750 0.423438 0.518750 0.429688 0.516667 0.431250 0.516667 0.446875 0.518750 0.448438 0.518750 0.459375 0.522917 0.465625 0.537500 0.453125 0.535417 0.451562 0.535417 0.448438 0.531250 0.442187 0.531250 0.435937 0.533333 0.434375 0.533333 0.429688 0.535417 0.428125 0.535417 0.425000 0.539583 0.418750 0.539583 0.414062 0.541667 0.412500
6 0.737500 0.464063 0.735417 0.462500 0.735417 0.459375 0.729167 0.459375 0.727083 0.460938 0.722917 0.460938 0.720833 0.459375 0.720833 0.457812 0.718750 0.456250 0.716667 0.456250 0.712500 0.460938 0.708333 0.460938 0.706250 0.462500 0.702083 0.462500 0.700000 0.464063 0.695833 0.464063 0.689583 0.467187 0.685417 0.467187 0.685417 0.471875 0.693750 0.471875 0.695833 0.470313 0.702083 0.470313 0.704167 0.468750 0.710417 0.468750 0.712500 0.467187 0.720833 0.467187 0.722917 0.465625 0.729167 0.465625 0.731250 0.464063
6 0.664583 0.732813 0.712500 0.745313 0.712500 0.776563 0.631250 0.778125 0.639583 0.846875 0.652083 0.839063 0.708333 0.859375 0.714583 0.971875 0.689583 0.976562 0.658333 0.956250 0.662500 0.984375 0.787500 0.987500 0.766667 0.818750 0.735417 0.792188 0.731250 0.759375 0.902083 0.751562 0.935417 0.817187 0.972917 0.989062 0.968750 0.910937 0.918750 0.750000 0.985417 0.737500 0.725000 0.750000 0.704167 0.721875
7 0.154167 0.010937 0.160417 0.185937 0.475000 0.209375 0.510417 0.014062
7 0.200000 0.217187 0.200000 0.293750 0.350000 0.301562 0.347917 0.229687
7 0.277083 0.495313 0.164583 0.501562 0.160417 0.503125 0.154167 0.534375 0.277083 0.535937 0.285417 0.537500
7 0.054167 0.746875 0.014583 0.748438 0.012500 0.937500
7 0.395833 0.798437 0.354167 0.809375 0.337500 0.806250 0.339583 0.787500 0.129167 0.798437 0.100000 0.989062 0.404167 0.987500 0.404167 0.978125 0.389583 0.967188 0.402083 0.959375
8 0.568750 0.115625 0.545833 0.151562 0.545833 0.212500 0.550000 0.203125 0.575000 0.167187 0.572917 0.165625 0.572917 0.148438 0.570833 0.146875
8 0.777083 0.153125 0.729167 0.304688 0.833333 0.382812 0.845833 0.370313 0.887500 0.368750 0.947917 0.210938
8 0.414583 0.228125 0.412500 0.226562 0.412500 0.218750 0.410417 0.217187 0.410417 0.210938 0.406250 0.214062 0.406250 0.215625 0.402083 0.218750 0.387500 0.218750 0.381250 0.223438 0.377083 0.223438 0.379167 0.225000 0.385417 0.225000 0.387500 0.226562 0.387500 0.228125 0.400000 0.228125 0.404167 0.231250 0.408333 0.231250 0.410417 0.229687 0.412500 0.229687
8 0.429167 0.234375 0.425000 0.271875 0.450000 0.273438 0.443750 0.276563 0.441667 0.287500 0.445833 0.317187 0.462500 0.318750 0.472917 0.317187 0.479167 0.321875 0.481250 0.282813 0.450000 0.275000 0.452083 0.273438 0.479167 0.275000 0.483333 0.271875 0.487500 0.242188
8 0.389583 0.242188 0.389583 0.245312 0.387500 0.246875 0.387500 0.250000 0.385417 0.251563 0.385417 0.256250 0.383333 0.257812 0.383333 0.268750 0.385417 0.270312 0.385417 0.278125 0.387500 0.279687 0.385417 0.281250 0.385417 0.293750 0.393750 0.293750 0.395833 0.295312 0.404167 0.295312 0.406250 0.296875 0.406250 0.243750 0.404167 0.242188
8 0.741667 0.318750 0.710417 0.381250 0.768750 0.468750 0.818750 0.393750 0.818750 0.389062
8 0.464583 0.387500 0.464583 0.393750 0.472917 0.400000 0.481250 0.400000 0.483333 0.401563 0.489583 0.401563 0.491667 0.403125 0.541667 0.403125 0.545833 0.404687 0.545833 0.387500 0.541667 0.387500 0.539583 0.385938 0.514583 0.385938 0.512500 0.384375 0.468750 0.384375
8 0.552083 0.398438 0.537500 0.434375 0.537500 0.443750 0.543750 0.453125 0.535417 0.456250 0.518750 0.482812 0.525000 0.531250 0.537500 0.548437 0.562500 0.509375 0.556250 0.451562 0.547917 0.451562 0.558333 0.420312
8 0.614583 0.440625 0.579167 0.512500 0.585417 0.564062 0.600000 0.579687 0.641667 0.501562
8 0.645833 0.467187 0.645833 0.476562 0.656250 0.484375 0.670833 0.506250 0.706250 0.506250 0.737500 0.510938 0.739583 0.509375 0.793750 0.509375 0.800000 0.503125 0.802083 0.489062 0.791667 0.473437 0.712500 0.475000 0.681250 0.478125 0.656250 0.467187
8 0.233333 0.634375 0.256250 0.653125 0.285417 0.656250 0.300000 0.667188 0.300000 0.657812 0.308333 0.651563 0.325000 0.656250 0.331250 0.664062 0.347917 0.664062 0.360417 0.646875 0.370833 0.690625 0.439583 0.690625 0.435417 0.642187 0.360417 0.645312 0.368750 0.635938 0.425000 0.632812
8 0.510417 0.659375 0.512500 0.675000 0.514583 0.676562 0.529167 0.676562 0.535417 0.679688 0.547917 0.679688 0.568750 0.675000 0.583333 0.675000 0.597917 0.678125 0.645833 0.678125 0.652083 0.659375 0.652083 0.650000 0.643750 0.645312 0.537500 0.645312 0.525000 0.646875 0.520833 0.657812
8 0.708333 0.773438 0.704167 0.762500 0.704167 0.743750 0.695833 0.739062 0.560417 0.743750 0.577083 0.775000 0.589583 0.773438
8 0.647917 0.845312 0.616667 0.860937 0.612500 0.878125 0.604167 0.875000 0.587500 0.876562 0.608333 0.895312 0.616667 0.917188 0.625000 0.921875 0.631250 0.932813 0.641667 0.940625 0.658333 0.945312 0.691667 0.970312 0.706250 0.970312 0.712500 0.965625 0.702083 0.859375
8 0.406250 0.965625 0.406250 0.968750 0.416667 0.981250 0.441667 0.978125 0.443750 0.979688 0.443750 0.985937 0.464583 0.985937 0.468750 0.987500 0.472917 0.981250 0.479167 0.976562 0.477083 0.975000 0.477083 0.968750 0.475000 0.967188 0.475000 0.960938 0.472917 0.959375 0.470833 0.946875 0.447917 0.946875 0.443750 0.948438 0.443750 0.951563 0.435417 0.964063 0.433333 0.962500 0.414583 0.962500