1 0.168750 0.012500 0.012500 0.010937 0.012500 0.093750 0.018750 0.017188 0.095833 0.157813 0.081250 0.268750 0.012500 0.165625 0.014583 0.557813 0.016667 0.476562 0.066667 0.504687 0.056250 0.623438 0.014583 0.628125 0.016667 0.851562 0.118750 0.782812
1 0.179167 0.010937 0.179167 0.045313 0.297917 0.059375 0.295833 0.056250 0.293750 0.014062 0.287500 0.012500
1 0.139583 0.560938 0.381250 0.556250 0.395833 0.542188 0.408333 0.542188 0.418750 0.554688 0.431250 0.554688 0.445833 0.539062 0.458333 0.539062 0.454167 0.517187 0.145833 0.512500
1 0.420833 0.723437 0.131250 0.728125 0.125000 0.781250 0.364583 0.773438 0.375000 0.760938 0.391667 0.753125 0.393750 0.742188 0.414583 0.742188
1 0.020833 0.859375 0.014583 0.984375 0.702083 0.985937 0.637500 0.928125 0.610417 0.967188 0.547917 0.943750 0.535417 0.859375 0.362500 0.851562 0.337500 0.829687 0.341667 0.781250 0.120833 0.787500
2 0.800000 0.196875 0.802083 0.237500 0.875000 0.273438 0.885417 0.273438 0.885417 0.265625 0.929167 0.240625 0.987500 0.237500 0.985417 0.178125 0.875000 0.167187 0.958333 0.206250 0.964583 0.203125 0.979167 0.223438 0.962500 0.231250 0.952083 0.228125 0.939583 0.215625 0.868750 0.185937 0.868750 0.253125 0.860417 0.260938 0.839583 0.248437 0.831250 0.171875 0.812500 0.179688
2 0.729167 0.273438 0.729167 0.309375 0.764583 0.290625 0.785417 0.296875 0.772917 0.345313 0.745833 0.368750 0.710417 0.359375 0.702083 0.332812 0.675000 0.318750 0.593750 0.328125 0.695833 0.331250 0.697917 0.370313 0.725000 0.382812 0.727083 0.406250 0.704167 0.428125 0.729167 0.445312 0.716667 0.562500 0.822917 0.584375 0.887500 0.551562 0.916667 0.557813 0.902083 0.579687 0.845833 0.600000 0.850000 0.615625 0.910417 0.592188 0.947917 0.496875 0.987500 0.495313 0.985417 0.398438 0.908333 0.425000 0.870833 0.384375 0.870833 0.287500 0.806250 0.264062 0.795833 0.298438
2 0.875000 0.628125 0.881250 0.632812 0.883333 0.646875 0.958333 0.646875 0.956250 0.643750 0.920833 0.617188 0.916667 0.617188 0.914583 0.618750 0.910417 0.618750 0.908333 0.620313 0.891667 0.623438 0.885417 0.626562
2 0.881250 0.667188 0.883333 0.670313 0.889583 0.671875 0.904167 0.679688 0.914583 0.682813 0.918750 0.685938 0.929167 0.689062 0.933333 0.692187 0.935417 0.690625 0.958333 0.685938 0.975000 0.679688 0.985417 0.679688 0.981250 0.673437 0.970833 0.664062 0.885417 0.664062
2 0.929167 0.731250 0.925000 0.735937 0.927083 0.740625 0.918750 0.745313 0.927083 0.821875 0.972917 0.806250 0.977083 0.806250 0.985417 0.812500 0.985417 0.742188 0.987500 0.734375
3 0.383333 0.079687 0.372917 0.310937 0.429167 0.310937 0.427083 0.370313 0.447917 0.345313 0.470833 0.334375 0.508333 0.329688 0.485417 0.312500 0.497917 0.237500 0.545833 0.201562 0.562500 0.162500 0.587500 0.145313 0.589583 0.131250 0.533333 0.125000 0.522917 0.114063 0.529167 0.100000 0.518750 0.092188
3 0.491667 0.387500 0.587500 0.387500 0.600000 0.378125 0.614583 0.375000 0.689583 0.376563 0.691667 0.339063 0.679167 0.335938 0.504167 0.334375 0.497917 0.345313 0.497917 0.376563
5 0.991667 0.010937 0.866667 0.035937 0.783333 0.123438 0.762500 0.096875 0.725000 0.153125 0.727083 0.187500 0.654167 0.196875 0.625000 0.246875 0.702083 0.246875 0.797917 0.290625 0.708333 0.248437 0.750000 0.228125 0.864583 0.284375 0.756250 0.223438 0.822917 0.164062 0.970833 0.225000 0.964583 0.210938 0.797917 0.148438 0.987500 0.173438
5 0.625000 0.039062 0.618750 0.037500 0.610417 0.039062 0.610417 0.053125 0.608333 0.054688 0.545833 0.060938 0.533333 0.095312 0.610417 0.101562 0.612500 0.092188 0.618750 0.084375 0.608333 0.082813 0.616667 0.081250 0.616667 0.065625 0.620833 0.062500
5 0.662500 0.251563 0.631250 0.251563 0.627083 0.270312 0.575000 0.275000 0.566667 0.278125 0.554167 0.296875 0.547917 0.310937 0.547917 0.318750 0.635417 0.318750 0.656250 0.284375 0.652083 0.259375
5 0.916667 0.604688 0.837500 0.623438 0.831250 0.598437 0.902083 0.567187 0.902083 0.557813 0.825000 0.593750 0.660417 0.564062 0.633333 0.582812 0.620833 0.564062 0.627083 0.607813 0.577083 0.607813 0.568750 0.587500 0.539583 0.568750 0.525000 0.614062 0.516667 0.596875 0.502083 0.595312 0.464583 0.618750 0.487500 0.617188 0.489583 0.642187 0.510417 0.646875 0.520833 0.618750 0.539583 0.646875 0.560417 0.639063 0.575000 0.612500 0.620833 0.617188 0.620833 0.635938 0.641667 0.634375 0.639583 0.603125 0.656250 0.570312 0.750000 0.589063 0.777083 0.614062 0.783333 0.645312 0.831250 0.648438 0.837500 0.632812
5 0.789583 0.664062 0.789583 0.668750 0.791667 0.670313 0.791667 0.676562 0.800000 0.676562 0.802083 0.675000 0.806250 0.675000 0.808333 0.673437 0.814583 0.673437 0.816667 0.671875 0.822917 0.671875 0.825000 0.670313 0.831250 0.670313 0.831250 0.665625 0.827083 0.665625 0.825000 0.664062
5 0.858333 0.670313 0.860417 0.671875 0.866667 0.673437 0.870833 0.676562 0.872917 0.676562 0.877083 0.679688 0.879167 0.679688 0.889583 0.685938 0.895833 0.687500 0.900000 0.690625 0.902083 0.690625 0.912500 0.696875 0.914583 0.695312 0.922917 0.695312 0.920833 0.693750 0.914583 0.692187 0.910417 0.689062 0.900000 0.685938 0.895833 0.682813 0.889583 0.681250 0.885417 0.678125 0.875000 0.675000 0.870833 0.671875 0.868750 0.671875 0.866667 0.670313
5 0.831250 0.675000 0.833333 0.676562 0.835417 0.676562 0.837500 0.678125 0.839583 0.678125 0.841667 0.679688 0.843750 0.679688 0.845833 0.681250 0.847917 0.681250 0.850000 0.682813 0.852083 0.682813 0.854167 0.684375 0.856250 0.684375 0.858333 0.685938 0.860417 0.685938 0.862500 0.687500 0.881250 0.693750 0.885417 0.696875 0.887500 0.696875 0.897917 0.701563 0.900000 0.700000 0.900000 0.698438 0.897917 0.696875 0.891667 0.695312 0.887500 0.692187 0.881250 0.690625 0.870833 0.684375 0.864583 0.682813 0.860417 0.679688 0.854167 0.678125 0.845833 0.673437 0.837500 0.673437 0.835417 0.675000
5 0.825000 0.678125 0.820833 0.678125 0.818750 0.679688 0.816667 0.679688 0.814583 0.681250 0.810417 0.681250 0.808333 0.682813 0.804167 0.682813 0.802083 0.684375 0.800000 0.684375 0.800000 0.692187 0.802083 0.693750 0.802083 0.696875 0.804167 0.698438 0.804167 0.700000 0.806250 0.701563 0.820833 0.701563 0.820833 0.700000 0.822917 0.698438 0.822917 0.695312 0.825000 0.693750
5 0.629167 0.685938 0.622917 0.685938 0.614583 0.689062 0.608333 0.689062 0.600000 0.692187 0.572917 0.696875 0.572917 0.717188 0.575000 0.718750 0.577083 0.735937 0.579167 0.737500 0.581250 0.753125 0.583333 0.754687 0.631250 0.756250 0.635417 0.757812 0.635417 0.743750 0.627083 0.740625 0.627083 0.690625
5 0.979167 0.689062 0.883333 0.709375 0.877083 0.717188 0.835417 0.709375 0.825000 0.748438 0.779167 0.768750 0.783333 0.870313 0.885417 0.871875 0.904167 0.857813 0.927083 0.871875 0.987500 0.876562 0.987500 0.868750 0.933333 0.864062 0.916667 0.851562 0.918750 0.843750 0.977083 0.828125 0.972917 0.815625 0.918750 0.832812 0.908333 0.754687 0.922917 0.725000 0.987500 0.725000 0.987500 0.717188 0.918750 0.714063 0.910417 0.725000 0.887500 0.717188 0.975000 0.698438
6 0.916667 0.010937 0.745833 0.012500 0.747917 0.034375 0.716667 0.012500 0.739583 0.034375 0.725000 0.045313 0.708333 0.035937 0.710417 0.012500 0.660417 0.012500 0.650000 0.092188 0.675000 0.054688 0.689583 0.131250 0.652083 0.189063 0.641667 0.139062 0.631250 0.142188 0.633333 0.215625 0.654167 0.192188 0.683333 0.192188 0.725000 0.142188 0.727083 0.056250 0.754167 0.043750 0.770833 0.115625 0.781250 0.120312 0.812500 0.071875 0.831250 0.070312 0.847917 0.035937 0.906250 0.026563
6 0.600000 0.015625 0.547917 0.015625 0.545833 0.018750 0.547917 0.017188 0.554167 0.017188 0.568750 0.020312 0.575000 0.025000 0.570833 0.035937 0.566667 0.040625 0.537500 0.039062 0.537500 0.064062 0.537500 0.060938 0.541667 0.057813 0.583333 0.054688 0.604167 0.037500 0.604167 0.028125 0.606250 0.026563
6 0.843750 0.175000 0.845833 0.243750 0.847917 0.245312 0.847917 0.248437 0.852083 0.248437 0.860417 0.251563 0.860417 0.248437 0.862500 0.246875 0.862500 0.240625 0.860417 0.239063 0.860417 0.179688 0.858333 0.178125
6 0.518750 0.390625 0.520833 0.425000 0.512500 0.439063 0.518750 0.440625 0.525000 0.537500 0.516667 0.537500 0.514583 0.545313 0.497917 0.537500 0.489583 0.543750 0.493750 0.550000 0.570833 0.546875 0.579167 0.531250 0.668750 0.534375 0.583333 0.523438 0.581250 0.435937 0.589583 0.429688 0.689583 0.437500 0.689583 0.429688 0.620833 0.429688 0.587500 0.412500 0.589583 0.392188
6 0.702083 0.581250 0.683333 0.581250 0.664583 0.596875 0.639583 0.654688 0.639583 0.678125 0.670833 0.678125 0.672917 0.756250 0.681250 0.745313 0.697917 0.751562 0.695833 0.735937 0.716667 0.720312 0.722917 0.729688 0.712500 0.598437 0.731250 0.595312 0.733333 0.620313 0.758333 0.617188 0.727083 0.587500
6 0.785417 0.650000 0.785417 0.660937 0.966667 0.656250 0.962500 0.653125 0.952083 0.651563
6 0.787500 0.673437 0.791667 0.729688 0.793750 0.732813 0.791667 0.734375 0.772917 0.732813 0.781250 0.745313 0.789583 0.745313 0.791667 0.746875 0.791667 0.754687 0.797917 0.754687 0.800000 0.753125 0.812500 0.751562 0.810417 0.750000 0.802083 0.712500 0.800000 0.710938 0.800000 0.706250 0.797917 0.704687 0.797917 0.700000
6 0.764583 0.943750 0.808333 0.895312 0.922917 0.892187 0.985417 0.885938 0.810417 0.885938 0.808333 0.873438 0.797917 0.882812 0.775000 0.882812 0.762500 0.887500
7 0.064583 0.014062 0.062500 0.050000 0.060417 0.051562 0.060417 0.084375 0.093750 0.142188 0.100000 0.056250 0.075000 0.014062
7 0.302083 0.014062 0.306250 0.059375 0.475000 0.073437 0.481250 0.071875 0.477083 0.042188 0.470833 0.042188 0.458333 0.031250 0.458333 0.015625
7 0.016667 0.017188 0.012500 0.164062 0.081250 0.267188 0.093750 0.157813
7 0.179167 0.092188 0.143750 0.504687 0.418750 0.510938 0.414583 0.456250 0.381250 0.429688 0.381250 0.381250 0.356250 0.378125 0.354167 0.342187 0.337500 0.340625 0.327083 0.190625 0.339583 0.170312 0.339583 0.115625
7 0.035417 0.354688 0.025000 0.468750 0.064583 0.498437 0.077083 0.390625 0.043750 0.359375
7 0.593750 0.434375 0.593750 0.525000 0.718750 0.531250 0.718750 0.446875 0.712500 0.442187
7 0.018750 0.476562 0.014583 0.626562 0.054167 0.623438 0.064583 0.504687
7 0.435417 0.482812 0.435417 0.484375 0.437500 0.484375 0.439583 0.485938 0.441667 0.485938 0.447917 0.489062 0.452083 0.489062 0.454167 0.490625 0.456250 0.490625 0.462500 0.493750 0.466667 0.493750 0.468750 0.495313 0.470833 0.495313 0.477083 0.498437 0.479167 0.496875 0.481250 0.496875 0.479167 0.495313 0.479167 0.493750 0.475000 0.490625 0.472917 0.490625 0.464583 0.484375 0.462500 0.484375 0.460417 0.482812 0.458333 0.482812 0.452083 0.478125 0.452083 0.476562 0.450000 0.475000 0.443750 0.475000 0.439583 0.478125 0.439583 0.479688
7 0.579167 0.554688 0.581250 0.556250 0.706250 0.556250 0.710417 0.553125 0.712500 0.543750 0.706250 0.539062 0.693750 0.539062 0.691667 0.537500 0.581250 0.537500 0.579167 0.540625
7 0.143750 0.564062 0.137500 0.721875 0.418750 0.717188 0.416667 0.707812 0.366667 0.695312 0.368750 0.675000 0.416667 0.679688 0.412500 0.667188 0.383333 0.660937 0.385417 0.600000 0.400000 0.585938 0.389583 0.559375
8 0.506250 0.020312 0.506250 0.029687 0.508333 0.031250 0.508333 0.032812 0.512500 0.029687 0.514583 0.029687 0.516667 0.031250 0.516667 0.034375 0.535417 0.034375 0.537500 0.035937 0.539583 0.035937 0.541667 0.034375 0.550000 0.034375 0.552083 0.035937 0.568750 0.035937 0.568750 0.031250 0.570833 0.029687 0.570833 0.023438 0.568750 0.023438 0.566667 0.021875 0.562500 0.021875 0.560417 0.020312 0.550000 0.020312 0.547917 0.021875 0.545833 0.020312 0.539583 0.020312 0.537500 0.018750 0.531250 0.018750 0.529167 0.017188 0.522917 0.017188 0.520833 0.015625 0.516667 0.015625 0.516667 0.018750 0.514583 0.020312 0.510417 0.017188
8 0.652083 0.028125 0.633333 0.032812 0.627083 0.042188 0.627083 0.065625 0.618750 0.098438 0.614583 0.101562 0.618750 0.107813 0.537500 0.104687 0.533333 0.110937 0.537500 0.121875 0.614583 0.126563 0.618750 0.114063 0.622917 0.118750 0.627083 0.092188 0.652083 0.035937
8 0.670833 0.059375 0.645833 0.106250 0.650000 0.182812 0.652083 0.182812 0.681250 0.134375 0.679167 0.132812
8 0.360417 0.078125 0.360417 0.106250 0.381250 0.106250 0.379167 0.104687 0.379167 0.092188 0.377083 0.090625 0.377083 0.079687 0.375000 0.078125
8 0.343750 0.110937 0.343750 0.126563 0.345833 0.128125 0.345833 0.129688 0.375000 0.129688 0.375000 0.110937 0.377083 0.109375 0.345833 0.109375
8 0.345833 0.140625 0.345833 0.153125 0.352083 0.153125 0.354167 0.154687 0.362500 0.154687 0.364583 0.156250 0.370833 0.156250 0.372917 0.157813 0.381250 0.157813 0.383333 0.159375 0.383333 0.145313 0.381250 0.143750 0.381250 0.139062 0.347917 0.139062
8 0.379167 0.165625 0.364583 0.165625 0.362500 0.167187 0.347917 0.167187 0.347917 0.185937 0.372917 0.185937 0.375000 0.187500 0.377083 0.187500 0.377083 0.167187
8 0.339583 0.196875 0.339583 0.200000 0.341667 0.201562 0.341667 0.206250 0.343750 0.207813 0.343750 0.210938 0.345833 0.212500 0.372917 0.212500 0.372917 0.195312 0.341667 0.195312
8 0.570833 0.200000 0.556250 0.206250 0.545833 0.214062 0.545833 0.268750 0.547917 0.270312 0.547917 0.275000 0.550000 0.273438 0.562500 0.271875 0.566667 0.260938 0.568750 0.259375 0.568750 0.256250 0.575000 0.246875 0.572917 0.243750
8 0.375000 0.218750 0.366667 0.218750 0.364583 0.220313 0.354167 0.220313 0.352083 0.221875 0.343750 0.221875 0.343750 0.229687 0.345833 0.231250 0.345833 0.237500 0.347917 0.239063 0.375000 0.239063 0.377083 0.240625 0.379167 0.240625 0.377083 0.239063 0.377083 0.228125 0.375000 0.226562
8 0.339583 0.242188 0.339583 0.245312 0.341667 0.246875 0.341667 0.253125 0.343750 0.254687 0.343750 0.259375 0.345833 0.260938 0.345833 0.265625 0.347917 0.267188 0.347917 0.271875 0.350000 0.273438 0.350000 0.278125 0.358333 0.278125 0.360417 0.276563 0.364583 0.276563 0.366667 0.275000 0.372917 0.275000 0.372917 0.248437 0.375000 0.246875 0.372917 0.245312 0.362500 0.245312 0.360417 0.243750 0.350000 0.243750 0.347917 0.242188
8 0.981250 0.243750 0.933333 0.245312 0.906250 0.259375 0.893750 0.270312 0.893750 0.282813 0.875000 0.300000 0.875000 0.310937 0.885417 0.320312 0.883333 0.346875 0.887500 0.371875 0.883333 0.384375 0.900000 0.410937 0.906250 0.409375 0.910417 0.415625 0.956250 0.410937 0.962500 0.398438 0.985417 0.381250 0.987500 0.248437
8 0.350000 0.289062 0.347917 0.290625 0.347917 0.314063 0.370833 0.314063 0.370833 0.292188 0.368750 0.290625 0.358333 0.290625 0.356250 0.289062
8 0.775000 0.298438 0.768750 0.298438 0.762500 0.304688 0.739583 0.309375 0.727083 0.318750 0.716667 0.318750 0.708333 0.335938 0.708333 0.346875 0.712500 0.353125 0.735417 0.362500 0.741667 0.362500 0.743750 0.364062 0.764583 0.340625 0.760417 0.334375 0.760417 0.329688 0.766667 0.328125 0.766667 0.318750 0.770833 0.315625 0.777083 0.315625 0.775000 0.312500
8 0.487500 0.339063 0.479167 0.339063 0.477083 0.340625 0.466667 0.340625 0.464583 0.342187 0.464583 0.356250 0.462500 0.357812 0.462500 0.370313 0.460417 0.371875 0.460417 0.384375 0.458333 0.385938 0.458333 0.396875 0.466667 0.395312 0.468750 0.393750 0.472917 0.393750 0.479167 0.390625 0.489583 0.389062 0.489583 0.384375 0.487500 0.382812
8 0.389583 0.389062 0.391667 0.387500 0.425000 0.387500 0.422917 0.385938 0.422917 0.381250 0.420833 0.379687 0.420833 0.375000 0.418750 0.373437 0.402083 0.373437 0.400000 0.375000 0.400000 0.376563 0.395833 0.379687 0.395833 0.381250 0.393750 0.382812 0.393750 0.384375 0.389583 0.387500
8 0.593750 0.392188 0.593750 0.407813 0.608333 0.420312 0.616667 0.420312 0.620833 0.423438 0.629167 0.423438 0.631250 0.420312 0.712500 0.420312 0.716667 0.414062 0.714583 0.379687 0.704167 0.378125 0.618750 0.378125 0.606250 0.381250
8 0.391667 0.396875 0.391667 0.403125 0.393750 0.404687 0.393750 0.412500 0.395833 0.414062 0.397917 0.414062 0.400000 0.415625 0.406250 0.415625 0.408333 0.417188 0.412500 0.417188 0.414583 0.418750 0.414583 0.398438 0.416667 0.396875
8 0.512500 0.465625 0.500000 0.475000 0.495833 0.481250 0.487500 0.485938 0.487500 0.490625 0.485417 0.492188 0.485417 0.531250 0.491667 0.535937 0.502083 0.532812 0.506250 0.535937 0.510417 0.543750 0.510417 0.540625 0.514583 0.535937 0.522917 0.535937 0.522917 0.528125 0.516667 0.525000 0.516667 0.487500 0.514583 0.485938 0.514583 0.476562 0.516667 0.475000 0.514583 0.473437
8 0.956250 0.501562 0.947917 0.512500 0.950000 0.518750 0.941667 0.529688 0.914583 0.596875 0.989583 0.673437 0.991667 0.503125
8 0.437500 0.604688 0.437500 0.632812 0.443750 0.645312 0.468750 0.662500 0.477083 0.665625 0.556250 0.670313 0.581250 0.664062 0.568750 0.654688 0.491667 0.651563 0.481250 0.645312 0.483333 0.625000 0.466667 0.626562 0.460417 0.621875 0.460417 0.609375 0.464583 0.606250 0.481250 0.609375 0.491667 0.593750 0.518750 0.587500 0.475000 0.587500 0.447917 0.595312
8 0.725000 0.596875 0.722917 0.662500 0.727083 0.718750 0.731250 0.723437 0.727083 0.717188 0.731250 0.706250 0.750000 0.700000 0.764583 0.718750 0.747917 0.726562 0.789583 0.729688 0.775000 0.620313 0.754167 0.620313 0.729167 0.626562
8 0.377083 0.679688 0.381250 0.700000 0.383333 0.701563 0.408333 0.701563 0.410417 0.703125 0.427083 0.704687 0.429167 0.706250 0.429167 0.714063 0.452083 0.710938 0.452083 0.670313 0.422917 0.670313 0.422917 0.682813 0.420833 0.684375 0.418750 0.682813 0.404167 0.682813 0.402083 0.681250
8 0.635417 0.681250 0.633333 0.682813 0.633333 0.735937 0.635417 0.737500 0.635417 0.742188 0.652083 0.748438 0.656250 0.748438 0.666667 0.753125 0.666667 0.746875 0.664583 0.745313 0.664583 0.681250
8 0.714583 0.726562 0.702083 0.735937 0.702083 0.745313 0.704167 0.746875 0.704167 0.757812 0.706250 0.759375 0.706250 0.768750 0.708333 0.770312 0.716667 0.770312 0.718750 0.771875 0.718750 0.768750 0.722917 0.765625 0.722917 0.764063 0.725000 0.762500 0.722917 0.760938 0.722917 0.754687 0.720833 0.753125 0.720833 0.748438 0.718750 0.746875 0.718750 0.740625 0.716667 0.739062 0.716667 0.732813 0.714583 0.731250
8 0.477083 0.781250 0.470833 0.776563 0.458333 0.771875 0.452083 0.771875 0.375000 0.790625 0.372917 0.796875 0.364583 0.804688 0.364583 0.812500 0.362500 0.814062 0.362500 0.823438 0.366667 0.829687 0.372917 0.831250 0.387500 0.825000 0.402083 0.806250 0.416667 0.798437 0.439583 0.798437 0.450000 0.795313 0.481250 0.793750
8 0.622917 0.787500 0.618750 0.806250 0.618750 0.823438 0.625000 0.842188 0.629167 0.842188 0.635417 0.846875 0.677083 0.845312 0.681250 0.842188 0.681250 0.839063 0.664583 0.839063 0.643750 0.835938 0.645833 0.834375 0.681250 0.834375 0.685417 0.835938 0.693750 0.826563 0.693750 0.806250 0.677083 0.806250 0.672917 0.795313 0.660417 0.784375 0.641667 0.784375 0.631250 0.787500
8 0.535417 0.817187 0.522917 0.812500 0.512500 0.804688 0.516667 0.800000 0.502083 0.793750 0.491667 0.793750 0.487500 0.798437 0.452083 0.798437 0.437500 0.804688 0.422917 0.803125 0.416667 0.806250 0.391667 0.829687 0.375000 0.835938 0.368750 0.842188 0.379167 0.842188 0.393750 0.837500 0.404167 0.837500 0.410417 0.840625 0.464583 0.840625 0.475000 0.839063 0.497917 0.826563
8 0.570833 0.817187 0.547917 0.851562 0.566667 0.854688 0.564583 0.867188 0.558333 0.870313 0.560417 0.895312 0.575000 0.903125 0.554167 0.912500 0.552083 0.920313 0.556250 0.925000 0.568750 0.918750 0.575000 0.926562 0.566667 0.940625 0.552083 0.942187 0.562500 0.948438 0.579167 0.943750 0.606250 0.960938 0.614583 0.960938 0.602083 0.942187 0.612500 0.945312 0.633333 0.915625 0.635417 0.893750 0.639583 0.893750 0.639583 0.914062 0.660417 0.909375 0.662500 0.859375 0.650000 0.853125 0.629167 0.851562 0.635417 0.860937 0.631250 0.873438 0.612500 0.839063 0.583333 0.817187
8 0.664583 0.871875 0.664583 0.909375 0.666667 0.879687 0.670833 0.876562 0.708333 0.900000 0.708333 0.962500 0.695833 0.957812 0.683333 0.957812 0.712500 0.979688 0.718750 0.978125 0.725000 0.970312 0.756250 0.965625 0.764583 0.960938 0.754167 0.893750 0.741667 0.889063 0.737500 0.892187 0.712500 0.895312 0.681250 0.871875
8 0.933333 0.896875 0.929167 0.898438 0.929167 0.976562 0.931250 0.985937 0.937500 0.990625 0.943750 0.989062 0.989583 0.989062 0.987500 0.979688 0.987500 0.896875