1 0.012500 0.015625 0.014583 0.590625 0.089583 0.596875 0.093750 0.929688 0.037500 0.989062 0.093750 0.956250 0.212500 0.951563 0.247917 0.889063 0.291667 0.890625 0.262500 0.948438 0.393750 0.943750 0.395833 0.987500 0.447917 0.987500 0.420833 0.939062 0.318750 0.931250 0.327083 0.906250 0.539583 0.871875 0.477083 0.867188 0.454167 0.812500 0.218750 0.842188 0.252083 0.787500 0.222917 0.787500 0.208333 0.106250 0.370833 0.089062 0.272917 0.085938 0.254167 0.014062 0.047917 0.014062 0.037500 0.053125
1 0.218750 0.110937 0.233333 0.779688 0.414583 0.773438 0.431250 0.723437 0.504167 0.715625 0.452083 0.687500 0.456250 0.634375 0.491667 0.617188 0.462500 0.598437 0.466667 0.532812 0.433333 0.529688 0.422917 0.548437 0.375000 0.512500 0.383333 0.495313 0.425000 0.493750 0.435417 0.454688 0.487500 0.446875 0.522917 0.357812 0.510417 0.317187 0.397917 0.323438 0.389583 0.285937 0.264583 0.285937 0.258333 0.140625 0.387500 0.139062 0.385417 0.115625
1 0.616667 0.870313 0.610417 0.892187 0.616667 0.896875 0.631250 0.893750 0.645833 0.882812 0.670833 0.875000 0.689583 0.875000 0.712500 0.884375 0.741667 0.907812 0.745833 0.931250 0.739583 0.942187 0.750000 0.943750 0.781250 0.926562 0.793750 0.923437 0.804167 0.926562 0.812500 0.918750 0.827083 0.915625 0.756250 0.867188
2 0.683333 0.554688 0.687500 0.596875 0.631250 0.598437 0.666667 0.621875 0.643750 0.640625 0.666667 0.681250 0.627083 0.698438 0.627083 0.720312 0.679167 0.698438 0.679167 0.718750 0.727083 0.707812 0.689583 0.751562 0.758333 0.731250 0.745833 0.750000 0.768750 0.750000 0.768750 0.768750 0.700000 0.778125 0.764583 0.818750 0.758333 0.850000 0.781250 0.856250 0.762500 0.862500 0.945833 0.987500 0.989583 0.987500 0.985417 0.595312 0.952083 0.623438 0.950000 0.756250 0.912500 0.760938 0.843750 0.718750 0.764583 0.715625 0.727083 0.553125
3 0.518750 0.478125 0.514583 0.523438 0.527083 0.523438 0.525000 0.595312 0.537500 0.592188 0.675000 0.590625 0.670833 0.557813 0.606250 0.557813 0.564583 0.567187 0.552083 0.564062 0.550000 0.542188 0.533333 0.539062 0.525000 0.493750 0.537500 0.482812 0.547917 0.482812 0.543750 0.476562
3 0.477083 0.729688 0.475000 0.731250 0.502083 0.764063 0.502083 0.792188 0.504167 0.796875 0.506250 0.795313 0.535417 0.795313 0.545833 0.807813 0.547917 0.804688 0.539583 0.795313 0.539583 0.787500 0.543750 0.776563 0.543750 0.765625 0.539583 0.754687 0.539583 0.728125 0.541667 0.726562
5 0.547917 0.021875 0.547917 0.071875 0.585417 0.084375 0.627083 0.110937 0.643750 0.128125 0.656250 0.100000 0.650000 0.089062 0.652083 0.068750 0.647917 0.062500 0.622917 0.053125 0.614583 0.045313 0.616667 0.026563 0.612500 0.015625 0.581250 0.023438
5 0.635417 0.282813 0.579167 0.287500 0.577083 0.292188 0.577083 0.325000 0.585417 0.348437 0.585417 0.357812 0.643750 0.360938 0.620833 0.318750 0.620833 0.312500 0.631250 0.295312
5 0.591667 0.439063 0.589583 0.476562 0.600000 0.504687 0.685417 0.504687 0.697917 0.514063 0.691667 0.517187 0.693750 0.528125 0.731250 0.525000 0.729167 0.520312 0.712500 0.520312 0.700000 0.512500 0.695833 0.504687 0.687500 0.504687 0.677083 0.496875 0.675000 0.435937 0.639583 0.434375
5 0.539583 0.485938 0.531250 0.493750 0.531250 0.510938 0.533333 0.512500 0.533333 0.525000 0.535417 0.526563 0.535417 0.531250 0.537500 0.532812 0.537500 0.535937 0.539583 0.537500 0.552083 0.537500 0.550000 0.535937 0.550000 0.518750 0.547917 0.517187 0.547917 0.501562 0.545833 0.500000 0.545833 0.485938
5 0.466667 0.642187 0.468750 0.687500 0.475000 0.698438 0.518750 0.696875 0.522917 0.704687 0.531250 0.696875 0.552083 0.698438 0.579167 0.673437 0.585417 0.656250 0.602083 0.659375 0.608333 0.675000 0.627083 0.689062 0.639583 0.690625 0.629167 0.682813 0.635417 0.676562 0.647917 0.681250 0.652083 0.678125 0.637500 0.676562 0.618750 0.654688 0.629167 0.637500 0.650000 0.625000 0.635417 0.623438 0.618750 0.635938 0.620833 0.614062 0.629167 0.612500 0.625000 0.610937 0.616667 0.612500 0.600000 0.650000 0.577083 0.645312 0.575000 0.623438 0.562500 0.610937 0.552083 0.617188 0.537500 0.607813 0.518750 0.612500 0.510417 0.629687 0.472917 0.635938
5 0.716667 0.714063 0.647917 0.742188 0.631250 0.731250 0.554167 0.728125 0.566667 0.745313 0.610417 0.746875 0.627083 0.751562 0.631250 0.754687 0.631250 0.760938 0.662500 0.762500 0.662500 0.756250 0.656250 0.746875
5 0.535417 0.718750 0.541667 0.723437 0.568750 0.723437 0.570833 0.725000 0.597917 0.725000 0.600000 0.726562 0.620833 0.726562 0.614583 0.721875 0.610417 0.721875 0.608333 0.720312 0.581250 0.720312 0.579167 0.718750
5 0.635417 0.771875 0.633333 0.796875 0.654167 0.815625 0.662500 0.814062 0.662500 0.809375 0.668750 0.806250 0.764583 0.832812 0.760417 0.828125 0.666667 0.803125 0.666667 0.785937 0.697917 0.792188 0.662500 0.779688 0.683333 0.768750 0.650000 0.768750
6 0.735417 0.015625 0.745833 0.017188 0.752083 0.025000 0.747917 0.067188 0.754167 0.103125 0.768750 0.112500 0.768750 0.129688 0.779167 0.129688 0.789583 0.137500 0.866667 0.054688 0.885417 0.059375 0.889583 0.082813 0.918750 0.050000 0.918750 0.014062
6 0.875000 0.060938 0.791667 0.140625 0.806250 0.159375 0.770833 0.260938 0.752083 0.264062 0.768750 0.300000 0.760417 0.348437 0.779167 0.351562 0.785417 0.457812 0.987500 0.450000 0.987500 0.434375 0.883333 0.434375 0.920833 0.404687 0.958333 0.403125 0.975000 0.381250 0.964583 0.335938 0.904167 0.326562 0.875000 0.306250 0.860417 0.150000 0.872917 0.137500 0.939583 0.139062 0.939583 0.104687 0.885417 0.101562
6 0.581250 0.250000 0.562500 0.281250 0.560417 0.346875 0.572917 0.371875 0.570833 0.404687 0.587500 0.406250 0.577083 0.412500 0.568750 0.475000 0.583333 0.556250 0.725000 0.542188 0.629167 0.545313 0.627083 0.509375 0.593750 0.504687 0.587500 0.437500 0.614583 0.432813 0.614583 0.414062 0.652083 0.415625 0.606250 0.401563 0.650000 0.395312 0.614583 0.396875 0.606250 0.364062 0.579167 0.359375 0.572917 0.287500 0.625000 0.276563 0.616667 0.267188 0.589583 0.267188
6 0.743750 0.359375 0.731250 0.370313 0.712500 0.400000 0.683333 0.396875 0.685417 0.493750 0.689583 0.503125 0.739583 0.490625 0.729167 0.385938 0.741667 0.376563 0.750000 0.376563
6 0.547917 0.451562 0.554167 0.557813 0.556250 0.560938 0.564583 0.564062 0.562500 0.557813 0.564583 0.481250 0.558333 0.485938 0.554167 0.482812 0.554167 0.451562
6 0.800000 0.467187 0.743750 0.507812 0.733333 0.531250 0.768750 0.710938 0.847917 0.710938 0.937500 0.751562 0.937500 0.521875 0.981250 0.562500 0.943750 0.598437 0.943750 0.617188 0.987500 0.581250 0.987500 0.556250 0.952083 0.520312 0.989583 0.510938 0.941667 0.514063 0.939583 0.507812 0.989583 0.485938 0.929167 0.503125 0.887500 0.468750 0.843750 0.460938
6 0.545833 0.728125 0.547917 0.768750 0.562500 0.775000 0.564583 0.751562 0.579167 0.770312 0.593750 0.773438 0.595833 0.793750 0.581250 0.815625 0.570833 0.806250 0.591667 0.842188 0.602083 0.885938 0.612500 0.862500 0.775000 0.857813 0.604167 0.860937 0.604167 0.768750 0.764583 0.756250 0.602083 0.767187 0.597917 0.756250 0.562500 0.750000
7 0.016667 0.010937 0.016667 0.012500 0.018750 0.014062 0.018750 0.015625 0.020833 0.017188 0.020833 0.018750 0.022917 0.020312 0.022917 0.021875 0.025000 0.023438 0.025000 0.025000 0.029167 0.029687 0.029167 0.032812 0.031250 0.034375 0.031250 0.035937 0.033333 0.037500 0.033333 0.039062 0.035417 0.040625 0.035417 0.042188 0.037500 0.043750 0.039583 0.048437 0.039583 0.032812 0.041667 0.031250 0.041667 0.015625 0.043750 0.014062 0.041667 0.012500 0.029167 0.012500 0.027083 0.010937
7 0.264583 0.010937 0.279167 0.081250 0.416667 0.084375 0.416667 0.081250 0.397917 0.082813 0.393750 0.079687 0.393750 0.023438 0.397917 0.020312 0.410417 0.020312 0.412500 0.015625
7 0.152083 0.075000 0.152083 0.235938 0.179167 0.271875 0.181250 0.120312 0.158333 0.075000
7 0.100000 0.276563 0.100000 0.357812 0.116667 0.379687 0.127083 0.379687 0.127083 0.306250
7 0.387500 0.520312 0.402083 0.528125 0.408333 0.529688 0.418750 0.535937 0.418750 0.531250 0.420833 0.529688 0.420833 0.525000 0.422917 0.523438 0.422917 0.518750 0.425000 0.517187 0.447917 0.517187 0.452083 0.518750 0.456250 0.515625 0.427083 0.515625 0.425000 0.514063 0.425000 0.510938 0.427083 0.509375 0.429167 0.501562 0.395833 0.501562 0.391667 0.503125 0.391667 0.507812 0.389583 0.509375
7 0.162500 0.517187 0.164583 0.698438 0.168750 0.706250 0.200000 0.695312 0.191667 0.528125
7 0.472917 0.525000 0.470833 0.526563 0.470833 0.539062 0.479167 0.539062 0.481250 0.540625 0.491667 0.540625 0.493750 0.542188 0.493750 0.532812 0.487500 0.528125 0.487500 0.525000
7 0.466667 0.542188 0.466667 0.546875 0.464583 0.548437 0.464583 0.554688 0.466667 0.554688 0.468750 0.556250 0.475000 0.556250 0.477083 0.557813 0.481250 0.557813 0.483333 0.559375 0.487500 0.559375 0.487500 0.557813 0.489583 0.556250 0.489583 0.554688 0.491667 0.553125 0.491667 0.551562 0.493750 0.550000 0.493750 0.546875 0.489583 0.546875 0.487500 0.545313 0.481250 0.545313 0.479167 0.543750 0.475000 0.543750 0.472917 0.542188
7 0.564583 0.759375 0.564583 0.785937 0.566667 0.787500 0.566667 0.789062 0.568750 0.790625 0.568750 0.792188 0.570833 0.793750 0.570833 0.795313 0.572917 0.796875 0.572917 0.798437 0.575000 0.800000 0.575000 0.801562 0.577083 0.803125 0.581250 0.810938 0.581250 0.804688 0.583333 0.803125 0.583333 0.795313 0.585417 0.793750 0.581250 0.789062 0.581250 0.779688 0.579167 0.778125 0.575000 0.770312 0.570833 0.767187 0.566667 0.759375
7 0.547917 0.773438 0.547917 0.782812 0.545833 0.784375 0.545833 0.795313 0.547917 0.796875 0.547917 0.798437 0.550000 0.800000 0.550000 0.801562 0.552083 0.803125 0.552083 0.804688 0.554167 0.806250 0.554167 0.807813 0.558333 0.807813 0.562500 0.804688 0.562500 0.793750 0.564583 0.792188 0.562500 0.790625 0.562500 0.789062 0.560417 0.787500 0.560417 0.778125 0.558333 0.776563 0.556250 0.776563 0.554167 0.775000 0.552083 0.775000 0.550000 0.773438
7 0.420833 0.778125 0.262500 0.781250 0.235417 0.837500 0.427083 0.821875
7 0.389583 0.946875 0.258333 0.953125 0.283333 0.892187 0.254167 0.892187 0.220833 0.951563 0.256250 0.954687 0.097917 0.962500 0.064583 0.989062 0.389583 0.989062
7 0.454167 0.904688 0.429167 0.904688 0.418750 0.907812 0.391667 0.907812 0.389583 0.909375 0.329167 0.910937 0.325000 0.912500 0.322917 0.939062 0.435417 0.929688 0.441667 0.912500
8 0.618750 0.032812 0.618750 0.039062 0.625000 0.037500 0.629167 0.039062 0.629167 0.046875 0.631250 0.048437 0.650000 0.046875 0.656250 0.053125 0.722917 0.057813 0.725000 0.059375 0.729167 0.054688 0.729167 0.048437 0.733333 0.039062 0.731250 0.023438 0.727083 0.021875 0.708333 0.021875 0.706250 0.020312 0.685417 0.020312 0.683333 0.018750 0.662500 0.018750 0.654167 0.026563 0.652083 0.025000 0.633333 0.025000 0.633333 0.029687 0.629167 0.032812
8 0.408333 0.095312 0.408333 0.132812 0.429167 0.132812 0.431250 0.134375 0.433333 0.134375 0.433333 0.131250 0.431250 0.129688 0.431250 0.095312
8 0.704167 0.101562 0.672917 0.128125 0.672917 0.151562 0.708333 0.160938 0.708333 0.206250 0.693750 0.212500 0.716667 0.210938 0.712500 0.229687 0.731250 0.256250 0.766667 0.257812 0.797917 0.154687 0.775000 0.134375 0.735417 0.132812 0.766667 0.129688 0.752083 0.106250 0.716667 0.106250
8 0.268750 0.146875 0.275000 0.278125 0.389583 0.278125 0.383333 0.146875
8 0.429167 0.173438 0.429167 0.179688 0.433333 0.185937 0.437500 0.189063 0.437500 0.190625 0.443750 0.192188 0.447917 0.195312 0.464583 0.195312 0.468750 0.196875 0.477083 0.190625 0.479167 0.190625 0.483333 0.182812 0.487500 0.179688 0.497917 0.179688 0.502083 0.182812 0.502083 0.179688 0.497917 0.176563 0.495833 0.179688 0.485417 0.175000 0.483333 0.162500 0.470833 0.154687 0.447917 0.154687 0.439583 0.157813 0.435417 0.160938 0.435417 0.164062
8 0.675000 0.221875 0.662500 0.234375 0.631250 0.312500 0.631250 0.321875 0.656250 0.387500 0.710417 0.395312 0.722917 0.368750 0.758333 0.340625 0.754167 0.303125 0.760417 0.304688 0.764583 0.289062 0.756250 0.278125 0.743750 0.276563 0.737500 0.262500 0.727083 0.262500 0.720833 0.257812 0.708333 0.237500 0.681250 0.221875
8 0.404167 0.250000 0.404167 0.257812 0.402083 0.259375 0.402083 0.304688 0.404167 0.306250 0.404167 0.309375 0.406250 0.307813 0.439583 0.307813 0.443750 0.301562 0.450000 0.296875 0.447917 0.293750 0.445833 0.251563 0.441667 0.251563 0.439583 0.250000
8 0.770833 0.350000 0.758333 0.357812 0.758333 0.389062 0.760417 0.390625 0.760417 0.425000 0.762500 0.426562 0.762500 0.460938 0.764583 0.465625 0.775000 0.462500 0.781250 0.457812 0.779167 0.453125 0.779167 0.409375 0.777083 0.407813 0.777083 0.360938
8 0.562500 0.357812 0.550000 0.357812 0.550000 0.362500 0.547917 0.364062 0.547917 0.365625 0.545833 0.367188 0.545833 0.370313 0.543750 0.371875 0.539583 0.368750 0.539583 0.362500 0.537500 0.360938 0.531250 0.360938 0.529167 0.362500 0.529167 0.364062 0.527083 0.365625 0.527083 0.373437 0.522917 0.376563 0.522917 0.379687 0.535417 0.389062 0.545833 0.384375 0.560417 0.384375 0.562500 0.385938 0.564583 0.378125 0.568750 0.373437 0.566667 0.371875 0.566667 0.368750 0.564583 0.367188 0.564583 0.362500 0.562500 0.360938
8 0.570833 0.442187 0.566667 0.445312 0.566667 0.446875 0.564583 0.448438 0.562500 0.448438 0.560417 0.450000 0.558333 0.450000 0.558333 0.476562 0.560417 0.478125 0.562500 0.476562 0.564583 0.476562 0.564583 0.467187 0.568750 0.464063 0.568750 0.462500 0.572917 0.459375 0.572917 0.457812 0.570833 0.456250
8 0.439583 0.467187 0.439583 0.503125 0.441667 0.504687 0.441667 0.506250 0.456250 0.506250 0.458333 0.504687 0.460417 0.504687 0.460417 0.501562 0.458333 0.500000 0.458333 0.467187
8 0.570833 0.507812 0.568750 0.509375 0.564583 0.509375 0.564583 0.525000 0.566667 0.526563 0.566667 0.542188 0.568750 0.543750 0.568750 0.559375 0.575000 0.559375 0.577083 0.557813 0.581250 0.557813 0.579167 0.556250 0.579167 0.540625 0.577083 0.539062 0.577083 0.523438 0.575000 0.521875 0.575000 0.507812
8 0.516667 0.526563 0.514583 0.526563 0.512500 0.529688 0.512500 0.540625 0.504167 0.548437 0.504167 0.596875 0.506250 0.598437 0.506250 0.601562 0.516667 0.596875 0.516667 0.578125 0.522917 0.573438 0.520833 0.570312 0.520833 0.531250
8 0.485417 0.560938 0.479167 0.565625 0.479167 0.582812 0.481250 0.584375 0.481250 0.596875 0.483333 0.598437 0.485417 0.598437 0.487500 0.600000 0.491667 0.600000 0.493750 0.601562 0.495833 0.596875 0.500000 0.593750 0.497917 0.592188 0.497917 0.582812 0.495833 0.581250 0.495833 0.570312 0.493750 0.568750 0.493750 0.560938
8 0.433333 0.735937 0.427083 0.781250 0.437500 0.801562 0.479167 0.801562 0.464583 0.803125 0.470833 0.828125 0.539583 0.823438 0.477083 0.831250 0.485417 0.860937 0.516667 0.856250 0.543750 0.860937 0.568750 0.853125 0.585417 0.857813 0.587500 0.843750 0.579167 0.831250 0.568750 0.834375 0.570833 0.842188 0.562500 0.845312 0.550000 0.825000 0.564583 0.825000 0.564583 0.814062 0.558333 0.825000 0.533333 0.796875 0.500000 0.798437 0.497917 0.768750 0.475000 0.735937
8 0.672917 0.796875 0.672917 0.803125 0.677083 0.803125 0.679167 0.804688 0.683333 0.804688 0.685417 0.806250 0.689583 0.806250 0.691667 0.807813 0.697917 0.807813 0.700000 0.809375 0.704167 0.809375 0.706250 0.810938 0.710417 0.810938 0.712500 0.812500 0.718750 0.812500 0.720833 0.814062 0.725000 0.814062 0.727083 0.815625 0.731250 0.815625 0.733333 0.817187 0.739583 0.817187 0.741667 0.818750 0.745833 0.818750 0.747917 0.820312 0.745833 0.818750 0.745833 0.814062 0.720833 0.800000 0.716667 0.800000 0.714583 0.798437 0.693750 0.798437 0.691667 0.796875
8 0.631250 0.806250 0.633333 0.832812 0.647917 0.854688 0.652083 0.853125 0.747917 0.851562 0.750000 0.848437 0.743750 0.829687 0.672917 0.810938 0.668750 0.810938 0.652083 0.820312
8 0.593750 0.860937 0.575000 0.860937 0.566667 0.867188 0.564583 0.865625 0.562500 0.865625 0.558333 0.868750 0.550000 0.868750 0.550000 0.870313 0.552083 0.871875 0.552083 0.873438 0.552083 0.870313 0.554167 0.868750 0.560417 0.873438 0.562500 0.871875 0.572917 0.871875 0.577083 0.875000 0.591667 0.875000 0.591667 0.873438 0.595833 0.870313 0.593750 0.868750
8 0.435417 0.939062 0.445833 0.948438 0.525000 0.943750 0.556250 0.923437 0.583333 0.917188 0.535417 0.942187 0.506250 0.982813 0.610417 0.985937 0.600000 0.981250 0.600000 0.962500 0.618750 0.934375 0.700000 0.914062 0.731250 0.935938 0.737500 0.932813 0.710417 0.895312 0.664583 0.889063 0.631250 0.912500 0.597917 0.915625 0.579167 0.885938 0.556250 0.879687 0.518750 0.884375 0.450000 0.914062
8 0.614583 0.953125 0.614583 0.987500 0.720833 0.987500 0.729167 0.982813 0.762500 0.987500 0.914583 0.987500 0.889583 0.968750 0.902083 0.960938 0.897917 0.956250 0.895833 0.960938 0.854167 0.959375 0.816667 0.965625 0.787500 0.984375 0.806250 0.964063 0.845833 0.954687 0.829167 0.940625 0.827083 0.931250 0.835417 0.926562 0.820833 0.926562 0.812500 0.935938 0.797917 0.931250 0.747917 0.950000 0.750000 0.965625 0.708333 0.923437 0.652083 0.929688 0.629167 0.939062