1 0.020833 0.167187 0.018750 0.295312 0.066667 0.298438 0.060417 0.218750 0.050000 0.201562 0.047917 0.190625 0.029167 0.185937 0.020833 0.175000
1 0.068750 0.328125 0.016667 0.335938 0.029167 0.395312 0.016667 0.735937 0.060417 0.732813 0.079167 0.706250 0.250000 0.684375 0.258333 0.639063 0.222917 0.609375 0.210417 0.676562 0.050000 0.678125 0.041667 0.509375 0.129167 0.515625 0.133333 0.493750 0.297917 0.490625 0.287500 0.468750 0.127083 0.464063 0.114583 0.492188 0.070833 0.493750
2 0.729167 0.017188 0.689583 0.157813 0.637500 0.160938 0.625000 0.262500 0.656250 0.279687 0.635417 0.307813 0.731250 0.281250 0.710417 0.354688 0.808333 0.328125 0.800000 0.421875 0.904167 0.493750 0.900000 0.531250 0.772917 0.503125 0.756250 0.531250 0.785417 0.506250 0.829167 0.545313 0.987500 0.564062 0.989583 0.010937
2 0.727083 0.629687 0.708333 0.629687 0.693750 0.639063 0.675000 0.635938 0.666667 0.625000 0.650000 0.628125 0.643750 0.654688 0.622917 0.673437 0.575000 0.682813 0.595833 0.696875 0.570833 0.764063 0.635417 0.764063 0.637500 0.773438 0.577083 0.795313 0.560417 0.807813 0.591667 0.820312 0.612500 0.785937 0.633333 0.782812 0.641667 0.809375 0.633333 0.831250 0.662500 0.854688 0.677083 0.803125 0.656250 0.768750
3 0.187500 0.692187 0.189583 0.742188 0.175000 0.784375 0.285417 0.776563 0.289583 0.748438 0.283333 0.771875 0.283333 0.746875 0.252083 0.745313 0.281250 0.743750 0.260417 0.692187
5 0.904167 0.514063 0.739583 0.482812 0.710417 0.492188 0.689583 0.473437 0.718750 0.454688 0.689583 0.467187 0.664583 0.460938 0.647917 0.500000 0.633333 0.510938 0.568750 0.523438 0.547917 0.598437 0.670833 0.596875 0.679167 0.607813 0.733333 0.621875 0.729167 0.612500 0.683333 0.604688 0.685417 0.576563 0.697917 0.565625 0.760417 0.548437 0.691667 0.559375 0.729167 0.498437 0.754167 0.493750
5 0.375000 0.648438 0.385417 0.681250 0.416667 0.682813 0.441667 0.692187 0.450000 0.714063 0.479167 0.714063 0.487500 0.707812 0.504167 0.707812 0.572917 0.682813 0.566667 0.681250 0.483333 0.704687 0.472917 0.696875 0.472917 0.685938 0.506250 0.693750 0.508333 0.689062 0.466667 0.679688 0.454167 0.665625 0.439583 0.664062 0.427083 0.668750 0.406250 0.662500 0.391667 0.648438
5 0.631250 0.768750 0.612500 0.767187 0.520833 0.790625 0.516667 0.770312 0.572917 0.773438 0.502083 0.765625 0.495833 0.734375 0.587500 0.701563 0.495833 0.729688 0.485417 0.718750 0.400000 0.725000 0.404167 0.762500 0.472917 0.771875 0.497917 0.828125 0.506250 0.817187 0.520833 0.820312 0.508333 0.807813 0.510417 0.795313 0.527083 0.796875
5 0.985417 0.814062 0.889583 0.845312 0.868750 0.856250 0.845833 0.914062 0.827083 0.935938 0.804167 0.948438 0.806250 0.956250 0.843750 0.953125 0.958333 0.926562 0.962500 0.917188 0.983333 0.907812
6 0.439583 0.271875 0.422917 0.373437 0.462500 0.423438 0.481250 0.293750
6 0.487500 0.304688 0.470833 0.428125 0.506250 0.478125 0.420833 0.387500 0.406250 0.471875 0.439583 0.531250 0.454167 0.462500 0.445833 0.540625 0.493750 0.626562 0.512500 0.490625 0.554167 0.407813 0.504167 0.578125 0.545833 0.671875 0.600000 0.618750 0.647917 0.620313 0.539583 0.603125 0.564583 0.517187 0.635417 0.503125 0.629167 0.446875 0.795833 0.451562 0.868750 0.495313 0.891667 0.487500 0.783333 0.421875 0.804167 0.360938 0.783333 0.359375 0.764583 0.418750 0.785417 0.439063 0.604167 0.428125 0.579167 0.409375 0.583333 0.357812
6 0.770833 0.459375 0.750000 0.459375 0.750000 0.465625 0.747917 0.467187 0.747917 0.471875 0.745833 0.473437 0.745833 0.479688 0.747917 0.479688 0.750000 0.481250 0.754167 0.481250 0.756250 0.482812 0.758333 0.482812 0.760417 0.484375 0.760417 0.481250 0.762500 0.479688 0.762500 0.476562 0.764583 0.475000 0.764583 0.471875 0.766667 0.470313 0.766667 0.467187 0.768750 0.465625 0.768750 0.464063 0.770833 0.462500
6 0.787500 0.518750 0.666667 0.768750 0.793750 0.981250 0.812500 0.964063 0.795833 0.951563 0.843750 0.904688 0.864583 0.848437 0.981250 0.807813 0.987500 0.670313 0.945833 0.618750 0.954167 0.606250 0.987500 0.607813 0.987500 0.571875 0.891667 0.570312 0.872917 0.554688 0.833333 0.554688
6 0.320833 0.607813 0.297917 0.618750 0.316667 0.728125 0.302083 0.818750 0.350000 0.820312 0.343750 0.789062 0.362500 0.773438 0.375000 0.842188 0.389583 0.809375 0.402083 0.956250 0.427083 0.889063 0.420833 0.985937 0.508333 0.984375 0.487500 0.887500 0.633333 0.871875 0.645833 0.890625 0.650000 0.867188 0.616667 0.834375 0.631250 0.793750 0.597917 0.840625 0.481250 0.848437 0.464583 0.776563 0.393750 0.770312 0.389583 0.728125 0.427083 0.714063 0.414583 0.692187 0.383333 0.684375 0.372917 0.662500 0.381250 0.745313 0.350000 0.685938 0.312500 0.696875 0.320833 0.667188 0.341667 0.665625 0.333333 0.648438 0.375000 0.632812 0.383333 0.610937
7 0.016667 0.010937 0.027083 0.140625 0.122917 0.150000 0.031250 0.139062 0.027083 0.026563 0.212500 0.037500 0.220833 0.154687 0.229167 0.162500 0.241667 0.012500
7 0.072917 0.215625 0.079167 0.457812 0.304167 0.464063 0.318750 0.350000 0.252083 0.357812 0.227083 0.323438 0.243750 0.312500 0.266667 0.312500 0.320833 0.273438 0.331250 0.246875
7 0.058333 0.671875 0.208333 0.668750 0.208333 0.607813 0.316667 0.607813 0.318750 0.593750 0.352083 0.593750 0.343750 0.562500 0.383333 0.559375 0.383333 0.548437 0.345833 0.525000 0.345833 0.515625 0.400000 0.504687 0.141667 0.500000 0.135417 0.592188 0.147917 0.607813 0.122917 0.589063 0.131250 0.518750 0.043750 0.518750
7 0.112500 0.801562 0.093750 0.801562 0.091667 0.803125 0.068750 0.803125 0.066667 0.804688 0.045833 0.804688 0.041667 0.806250 0.041667 0.812500 0.039583 0.814062 0.037500 0.829687 0.039583 0.828125 0.062500 0.828125 0.064583 0.826563 0.110417 0.825000
7 0.189583 0.807813 0.179167 0.807813 0.177083 0.809375 0.166667 0.809375 0.164583 0.810938 0.156250 0.810938 0.154167 0.812500 0.143750 0.812500 0.141667 0.814062 0.118750 0.815625 0.120833 0.840625 0.139583 0.840625 0.141667 0.839063 0.158333 0.839063 0.160417 0.837500 0.193750 0.835938 0.191667 0.834375
7 0.112500 0.832812 0.075000 0.834375 0.072917 0.835938 0.056250 0.835938 0.054167 0.837500 0.035417 0.837500 0.033333 0.839063 0.033333 0.846875 0.031250 0.848437 0.031250 0.854688 0.029167 0.856250 0.029167 0.864062 0.031250 0.862500 0.058333 0.862500 0.060417 0.860937 0.112500 0.859375
7 0.191667 0.843750 0.145833 0.845312 0.143750 0.846875 0.120833 0.846875 0.118750 0.848437 0.120833 0.875000 0.122917 0.876562 0.125000 0.875000 0.195833 0.873438 0.193750 0.871875
7 0.110417 0.867188 0.087500 0.867188 0.085417 0.868750 0.062500 0.868750 0.060417 0.870313 0.037500 0.870313 0.033333 0.871875 0.033333 0.878125 0.031250 0.879687 0.027083 0.901563 0.031250 0.900000 0.108333 0.898438 0.108333 0.870313
7 0.195833 0.876562 0.143750 0.878125 0.141667 0.879687 0.116667 0.879687 0.114583 0.881250 0.116667 0.914062 0.129167 0.914062 0.131250 0.912500 0.141667 0.912500 0.143750 0.910937 0.152083 0.910937 0.154167 0.909375 0.164583 0.909375 0.166667 0.907812 0.177083 0.907812 0.179167 0.906250 0.187500 0.906250 0.189583 0.904688 0.200000 0.904688 0.197917 0.903125
7 0.108333 0.903125 0.022917 0.907812 0.018750 0.910937 0.016667 0.943750 0.018750 0.942187 0.039583 0.942187 0.041667 0.940625 0.106250 0.937500 0.106250 0.906250
8 0.027083 0.028125 0.033333 0.139062 0.220833 0.160938 0.216667 0.040625
8 0.289583 0.031250 0.287500 0.034375 0.285417 0.096875 0.345833 0.109375 0.350000 0.085938 0.352083 0.084375 0.368750 0.084375 0.370833 0.068750 0.352083 0.057813 0.352083 0.043750 0.350000 0.042188
8 0.316667 0.167187 0.314583 0.168750 0.312500 0.221875 0.339583 0.223438 0.341667 0.225000 0.356250 0.225000 0.360417 0.228125 0.362500 0.232812 0.364583 0.215625 0.366667 0.214062 0.366667 0.206250 0.368750 0.204688 0.368750 0.195312 0.370833 0.193750 0.370833 0.185937 0.372917 0.184375 0.372917 0.173438 0.368750 0.170312 0.362500 0.168750
8 0.060417 0.181250 0.060417 0.190625 0.062500 0.192188 0.062500 0.204688 0.064583 0.206250 0.087500 0.206250 0.089583 0.207813 0.114583 0.207813 0.116667 0.209375 0.118750 0.209375 0.118750 0.207813 0.116667 0.206250 0.116667 0.184375 0.114583 0.184375 0.112500 0.182812 0.085417 0.182812 0.083333 0.181250
8 0.620833 0.206250 0.587500 0.193750 0.572917 0.193750 0.439583 0.221875 0.414583 0.231250 0.420833 0.262500 0.485417 0.267188 0.504167 0.278125 0.531250 0.284375 0.602083 0.290625 0.612500 0.278125
8 0.379167 0.259375 0.335417 0.267188 0.308333 0.281250 0.266667 0.317187 0.241667 0.317187 0.237500 0.326562 0.247917 0.348437 0.314583 0.346875 0.343750 0.353125 0.347917 0.356250 0.345833 0.392188 0.362500 0.384375 0.375000 0.365625 0.420833 0.360938 0.422917 0.323438 0.404167 0.325000 0.400000 0.321875 0.395833 0.279687
8 0.343750 0.423438 0.343750 0.428125 0.345833 0.429688 0.347917 0.439063 0.356250 0.445312 0.381250 0.448438 0.400000 0.462500 0.400000 0.457812 0.402083 0.456250 0.402083 0.451562 0.404167 0.450000 0.404167 0.445312 0.406250 0.443750 0.406250 0.439063 0.408333 0.437500 0.410417 0.426562 0.402083 0.428125 0.400000 0.429688 0.395833 0.429688 0.393750 0.431250 0.379167 0.420312 0.370833 0.420312 0.368750 0.418750 0.356250 0.418750
8 0.077083 0.468750 0.077083 0.487500 0.114583 0.487500 0.114583 0.482812 0.116667 0.481250 0.116667 0.476562 0.118750 0.475000 0.118750 0.468750 0.102083 0.468750 0.100000 0.467187 0.079167 0.467187
8 0.343750 0.565625 0.343750 0.570312 0.356250 0.590625 0.377083 0.592188 0.393750 0.600000 0.408333 0.603125 0.429167 0.610937 0.439583 0.607813 0.456250 0.606250 0.422917 0.564062 0.387500 0.564062 0.385417 0.565625 0.352083 0.559375
8 0.431250 0.632812 0.460417 0.642187 0.464583 0.640625 0.489583 0.640625 0.539583 0.662500 0.504167 0.607813 0.491667 0.634375 0.475000 0.620313 0.452083 0.614062 0.445833 0.615625