1 0.095833 0.014062 0.012500 0.014062 0.116667 0.623438 0.060417 0.762500 0.106250 0.621875 0.014583 0.210938 0.014583 0.904688 0.052083 0.789062 0.239583 0.784375 0.062500 0.793750 0.045833 0.837500 0.293750 0.818750 0.266667 0.781250 0.308333 0.775000 0.322917 0.717188 0.281250 0.706250 0.318750 0.695312 0.212500 0.696875 0.222917 0.618750 0.114583 0.621875 0.402083 0.582812 0.333333 0.487500 0.437500 0.453125 0.154167 0.423438
1 0.435417 0.867188 0.314583 0.876562 0.310417 0.850000 0.297917 0.848437 0.293750 0.834375 0.043750 0.850000 0.016667 0.907812 0.016667 0.989062 0.431250 0.989062 0.429167 0.979688 0.452083 0.968750
2 0.950000 0.014062 0.927083 0.014062 0.900000 0.026563 0.879167 0.014062 0.708333 0.015625 0.725000 0.040625 0.754167 0.134375 0.754167 0.228125 0.793750 0.142188 0.858333 0.118750 0.820833 0.104687 0.816667 0.087500 0.825000 0.070312 0.852083 0.051562 0.881250 0.043750 0.931250 0.046875
2 0.689583 0.015625 0.643750 0.015625 0.625000 0.028125 0.595833 0.090625 0.597917 0.121875 0.579167 0.118750 0.566667 0.156250 0.550000 0.365625 0.575000 0.479688 0.614583 0.518750 0.654167 0.507812 0.685417 0.475000 0.720833 0.385938 0.687500 0.362500 0.687500 0.298438 0.702083 0.287500 0.741667 0.282813 0.739583 0.109375 0.712500 0.032812
2 0.541667 0.376563 0.537500 0.434375 0.560417 0.471875 0.556250 0.500000 0.566667 0.529688 0.587500 0.529688 0.631250 0.546875 0.702083 0.517187 0.702083 0.462500 0.683333 0.493750 0.664583 0.514063 0.650000 0.520312 0.612500 0.525000 0.581250 0.506250 0.566667 0.479688
2 0.677083 0.662500 0.679167 0.675000 0.681250 0.676562 0.681250 0.689062 0.708333 0.692187 0.710417 0.693750 0.737500 0.696875 0.739583 0.698438 0.747917 0.698438 0.750000 0.700000 0.766667 0.700000 0.764583 0.696875 0.764583 0.670313 0.739583 0.660937 0.735417 0.660937 0.725000 0.656250 0.718750 0.656250 0.716667 0.657812 0.716667 0.664062 0.714583 0.665625 0.712500 0.664062
2 0.756250 0.750000 0.760417 0.803125 0.764583 0.803125 0.791667 0.785937 0.800000 0.785937 0.816667 0.801562 0.810417 0.810938 0.806250 0.812500 0.816667 0.812500 0.831250 0.826563 0.868750 0.829687 0.860417 0.823438 0.860417 0.812500 0.843750 0.807813 0.812500 0.775000 0.802083 0.757812 0.789583 0.745313
2 0.735417 0.856250 0.745833 0.871875 0.779167 0.871875 0.775000 0.889063 0.856250 0.917188 0.843750 0.932813 0.731250 0.890625 0.806250 0.928125 0.791667 0.937500 0.725000 0.914062 0.706250 0.918750 0.741667 0.985937 0.989583 0.985937 0.983333 0.853125 0.939583 0.859375 0.750000 0.846875
3 0.452083 0.137500 0.441667 0.298438 0.497917 0.304688 0.443750 0.304688 0.425000 0.426562 0.525000 0.434375 0.564583 0.145313
3 0.406250 0.584375 0.225000 0.590625 0.231250 0.667188 0.220833 0.693750 0.314583 0.685938 0.337500 0.651563 0.358333 0.646875 0.422917 0.645312
3 0.400000 0.671875 0.350000 0.673437 0.345833 0.676562 0.339583 0.750000 0.341667 0.748438 0.360417 0.748438 0.362500 0.746875 0.404167 0.745313 0.402083 0.740625
3 0.318750 0.768750 0.318750 0.870313 0.433333 0.862500 0.443750 0.840625 0.454167 0.968750 0.466667 0.987500 0.727083 0.984375 0.693750 0.923437 0.602083 0.926562 0.577083 0.901563 0.560417 0.854688 0.495833 0.837500 0.550000 0.843750 0.535417 0.753125 0.520833 0.735937 0.443750 0.737500 0.420833 0.814062 0.462500 0.834375 0.410417 0.815625 0.422917 0.762500
5 0.931250 0.053125 0.910417 0.051562 0.897917 0.048437 0.885417 0.048437 0.860417 0.056250 0.831250 0.079687 0.827083 0.098438 0.875000 0.114063 0.897917 0.095312 0.927083 0.060938
5 0.747917 0.285937 0.704167 0.290625 0.691667 0.300000 0.693750 0.368750 0.700000 0.371875 0.733333 0.378125 0.737500 0.356250 0.743750 0.340625 0.743750 0.315625 0.750000 0.293750
5 0.572917 0.542188 0.568750 0.542188 0.566667 0.543750 0.556250 0.543750 0.554167 0.545313 0.545833 0.545313 0.543750 0.546875 0.543750 0.548437 0.539583 0.551562 0.539583 0.553125 0.537500 0.554688 0.537500 0.556250 0.535417 0.557813 0.535417 0.559375 0.533333 0.560938 0.531250 0.565625 0.533333 0.567187 0.535417 0.567187 0.537500 0.568750 0.539583 0.568750 0.541667 0.570312 0.543750 0.570312 0.550000 0.573438 0.560417 0.567187 0.566667 0.565625 0.566667 0.559375 0.568750 0.557813 0.568750 0.551562 0.570833 0.550000 0.570833 0.545313 0.572917 0.543750
5 0.593750 0.557813 0.608333 0.585938 0.650000 0.592188 0.658333 0.598437 0.658333 0.621875 0.681250 0.654688 0.697917 0.631250 0.704167 0.640625 0.768750 0.660937 0.762500 0.654688 0.710417 0.634375 0.702083 0.626562 0.708333 0.614062 0.716667 0.612500 0.706250 0.592188 0.693750 0.584375 0.685417 0.570312 0.718750 0.548437 0.714583 0.543750 0.689583 0.560938 0.675000 0.560938 0.664583 0.551562 0.616667 0.551562
5 0.710417 0.573438 0.712500 0.590625 0.722917 0.614062 0.722917 0.618750 0.735417 0.640625 0.750000 0.640625 0.752083 0.642187 0.762500 0.642187 0.764583 0.643750 0.762500 0.642187 0.758333 0.618750 0.752083 0.606250 0.745833 0.582812 0.739583 0.575000 0.735417 0.564062
5 0.647917 0.765625 0.654167 0.831250 0.933333 0.846875 0.987500 0.842188 0.987500 0.829687 0.968750 0.817187 0.900000 0.795313 0.866667 0.812500 0.887500 0.837500 0.783333 0.834375 0.818750 0.818750 0.768750 0.828125 0.802083 0.801562 0.797917 0.796875 0.758333 0.831250 0.743750 0.745313 0.789583 0.735937 0.783333 0.731250 0.731250 0.731250 0.727083 0.742188 0.700000 0.743750
5 0.610417 0.926562 0.662500 0.923437 0.718750 0.903125 0.795833 0.929688 0.791667 0.923437 0.718750 0.896875 0.720833 0.884375 0.741667 0.885938 0.845833 0.923437 0.847917 0.920313 0.718750 0.878125 0.708333 0.856250 0.729167 0.846875 0.720833 0.843750 0.704167 0.850000 0.689583 0.840625 0.689583 0.889063 0.660417 0.917188 0.637500 0.917188
6 0.962500 0.010937 0.900000 0.095312 0.808333 0.143750 0.779167 0.187500 0.712500 0.493750 0.779167 0.707812 0.856250 0.801562 0.906250 0.792188 0.987500 0.823438 0.989583 0.725000 0.943750 0.656250 0.883333 0.628125 0.825000 0.565625 0.781250 0.621875 0.731250 0.534375 0.768750 0.443750 0.747917 0.439063 0.766667 0.373437 0.822917 0.378125 0.885417 0.271875 0.941667 0.301562 0.987500 0.235938 0.991667 0.010937
6 0.414583 0.464063 0.443750 0.598437 0.431250 0.671875 0.520833 0.671875 0.541667 0.659375 0.547917 0.681250 0.554167 0.657812 0.581250 0.650000 0.622917 0.767187 0.579167 0.806250 0.570833 0.857813 0.602083 0.921875 0.620833 0.903125 0.652083 0.915625 0.677083 0.851562 0.645833 0.829687 0.643750 0.759375 0.668750 0.753125 0.675000 0.715625 0.768750 0.706250 0.672917 0.706250 0.654167 0.626562 0.600000 0.582812 0.589583 0.537500 0.543750 0.600000 0.541667 0.657812 0.537500 0.593750 0.452083 0.587500 0.437500 0.564062 0.450000 0.528125 0.560417 0.531250 0.554167 0.506250 0.502083 0.500000 0.491667 0.462500
7 0.108333 0.014062 0.158333 0.421875 0.195833 0.421875 0.160417 0.014062
7 0.170833 0.014062 0.179167 0.071875 0.300000 0.081250 0.293750 0.071875 0.475000 0.098438 0.481250 0.107813 0.589583 0.117188 0.562500 0.109375 0.583333 0.015625 0.558333 0.112500 0.493750 0.095312 0.508333 0.012500 0.275000 0.014062 0.272917 0.059375 0.266667 0.014062
7 0.187500 0.104687 0.202083 0.434375 0.395833 0.435937 0.429167 0.120312
7 0.166667 0.490625 0.166667 0.500000 0.168750 0.501562 0.168750 0.512500 0.170833 0.514063 0.170833 0.525000 0.172917 0.526563 0.208333 0.526563 0.208333 0.523438 0.206250 0.521875 0.206250 0.489062 0.170833 0.489062 0.168750 0.490625
7 0.018750 0.600000 0.016667 0.601562 0.016667 0.682813 0.016667 0.678125 0.018750 0.676562 0.018750 0.671875 0.020833 0.670313 0.020833 0.665625 0.022917 0.664062 0.022917 0.659375 0.025000 0.657812 0.025000 0.653125 0.027083 0.651563 0.027083 0.646875 0.029167 0.645312 0.027083 0.643750 0.025000 0.626562 0.022917 0.625000 0.022917 0.618750 0.020833 0.617188
8 0.793750 0.212500 0.779167 0.275000 0.760417 0.304688 0.760417 0.325000 0.806250 0.359375 0.831250 0.312500 0.847917 0.237500
8 0.639583 0.251563 0.639583 0.253125 0.637500 0.254687 0.637500 0.257812 0.633333 0.262500 0.633333 0.290625 0.635417 0.292188 0.635417 0.295312 0.637500 0.295312 0.639583 0.296875 0.639583 0.293750 0.641667 0.292188 0.641667 0.290625 0.643750 0.289062 0.643750 0.285937 0.647917 0.281250 0.645833 0.279687 0.645833 0.267188 0.643750 0.265625 0.643750 0.254687
8 0.629167 0.292188 0.620833 0.292188 0.616667 0.295312 0.614583 0.300000 0.610417 0.303125 0.610417 0.304688 0.608333 0.306250 0.608333 0.315625 0.610417 0.317187 0.610417 0.323438 0.612500 0.325000 0.612500 0.332812 0.614583 0.334375 0.627083 0.334375 0.627083 0.331250 0.629167 0.329688 0.629167 0.328125 0.635417 0.320312 0.635417 0.318750 0.633333 0.317187 0.633333 0.300000 0.629167 0.296875
8 0.606250 0.320312 0.602083 0.320312 0.595833 0.323438 0.595833 0.326562 0.593750 0.328125 0.593750 0.331250 0.589583 0.337500 0.589583 0.350000 0.591667 0.351562 0.591667 0.360938 0.593750 0.362500 0.593750 0.370313 0.595833 0.371875 0.595833 0.381250 0.606250 0.381250 0.606250 0.378125 0.610417 0.375000 0.620833 0.375000 0.622917 0.367188 0.629167 0.357812 0.627083 0.356250 0.627083 0.353125 0.625000 0.351562 0.625000 0.348437 0.622917 0.346875 0.620833 0.340625 0.612500 0.337500 0.608333 0.334375
8 0.875000 0.385938 0.862500 0.395312 0.862500 0.398438 0.866667 0.404687 0.870833 0.407813 0.872917 0.412500 0.877083 0.415625 0.879167 0.420312 0.883333 0.423438 0.885417 0.428125 0.889583 0.431250 0.893750 0.439063 0.895833 0.437500 0.902083 0.437500 0.904167 0.435937 0.914583 0.434375 0.912500 0.429688 0.904167 0.421875 0.902083 0.417188 0.893750 0.409375 0.891667 0.404687 0.887500 0.401563 0.887500 0.400000 0.883333 0.396875 0.881250 0.392188
8 0.500000 0.445312 0.497917 0.446875 0.497917 0.457812 0.495833 0.459375 0.495833 0.473437 0.500000 0.479688 0.500000 0.484375 0.504167 0.490625 0.506250 0.500000 0.508333 0.501562 0.543750 0.501562 0.545833 0.503125 0.550000 0.503125 0.550000 0.493750 0.552083 0.492188 0.552083 0.482812 0.554167 0.481250 0.554167 0.471875 0.556250 0.470313 0.552083 0.465625 0.552083 0.462500 0.547917 0.457812 0.547917 0.454688 0.539583 0.439063
8 0.839583 0.479688 0.831250 0.485938 0.808333 0.520312 0.804167 0.534375 0.827083 0.539062 0.829167 0.535937 0.843750 0.546875 0.889583 0.545313 0.910417 0.515625 0.908333 0.510938 0.918750 0.506250 0.927083 0.498437 0.910417 0.492188 0.906250 0.489062 0.906250 0.481250 0.900000 0.479688
8 0.752083 0.500000 0.737500 0.528125 0.737500 0.534375 0.764583 0.584375 0.775000 0.609375 0.779167 0.612500 0.802083 0.582812 0.816667 0.559375 0.816667 0.554688 0.804167 0.542188 0.793750 0.542188 0.787500 0.535937 0.772917 0.531250
8 0.447917 0.535937 0.443750 0.573438 0.452083 0.584375 0.502083 0.587500 0.539583 0.585938 0.550000 0.582812 0.550000 0.576563 0.529167 0.571875 0.527083 0.564062 0.537500 0.553125 0.539583 0.542188 0.545833 0.537500 0.562500 0.532812 0.477083 0.531250 0.460417 0.535937
8 0.375000 0.534375 0.375000 0.542188 0.377083 0.543750 0.377083 0.554688 0.379167 0.556250 0.383333 0.556250 0.385417 0.557813 0.389583 0.557813 0.391667 0.559375 0.397917 0.559375 0.400000 0.560938 0.404167 0.560938 0.406250 0.562500 0.406250 0.553125 0.402083 0.553125 0.400000 0.551562 0.397917 0.551562 0.393750 0.548437 0.393750 0.539062 0.391667 0.537500 0.387500 0.537500 0.385417 0.535937 0.379167 0.535937 0.377083 0.534375
8 0.570833 0.582812 0.564583 0.587500 0.564583 0.589063 0.558333 0.593750 0.558333 0.595312 0.550000 0.601562 0.550000 0.612500 0.552083 0.614062 0.552083 0.625000 0.554167 0.626562 0.554167 0.635938 0.556250 0.637500 0.556250 0.648438 0.558333 0.648438 0.575000 0.635938 0.579167 0.634375 0.577083 0.632812 0.577083 0.620313 0.575000 0.618750 0.575000 0.607813 0.572917 0.606250 0.572917 0.593750 0.570833 0.592188
8 0.987500 0.614062 0.945833 0.650000 0.945833 0.654688 0.987500 0.720312
8 0.556250 0.778125 0.554167 0.779688 0.554167 0.785937 0.556250 0.787500 0.556250 0.793750 0.558333 0.795313 0.558333 0.801562 0.560417 0.803125 0.560417 0.809375 0.562500 0.810938 0.562500 0.817187 0.564583 0.818750 0.564583 0.825000 0.566667 0.826563 0.568750 0.840625 0.572917 0.834375 0.572917 0.831250 0.577083 0.826563 0.577083 0.823438 0.581250 0.818750 0.570833 0.803125 0.570833 0.787500 0.572917 0.785937 0.568750 0.785937 0.568750 0.787500 0.562500 0.790625 0.558333 0.785937 0.558333 0.778125
8 0.627083 0.795313 0.622917 0.795313 0.606250 0.823438 0.606250 0.831250 0.612500 0.845312 0.612500 0.851562 0.618750 0.865625 0.618750 0.871875 0.620833 0.873438 0.622917 0.884375 0.645833 0.853125 0.643750 0.851562 0.643750 0.846875 0.637500 0.832812 0.637500 0.826563 0.635417 0.825000
8 0.518750 0.914062 0.483333 0.940625 0.483333 0.964063 0.485417 0.965625 0.487500 0.965625 0.497917 0.960938 0.502083 0.960938 0.516667 0.954687 0.520833 0.954687 0.522917 0.953125 0.525000 0.953125 0.522917 0.951563 0.522917 0.939062 0.520833 0.937500 0.520833 0.925000 0.518750 0.923437
8 0.589583 0.921875 0.585417 0.920313 0.583333 0.921875 0.579167 0.921875 0.577083 0.923437 0.572917 0.923437 0.570833 0.925000 0.560417 0.926562 0.554167 0.929688 0.550000 0.929688 0.550000 0.962500 0.583333 0.962500 0.585417 0.960938 0.604167 0.959375 0.602083 0.956250 0.602083 0.935938 0.597917 0.929688