1 0.283333 0.504687 0.156250 0.501562 0.145833 0.526563 0.122917 0.525000 0.116667 0.450000 0.085417 0.460938 0.062500 0.456250 0.035417 0.464063 0.018750 0.457812 0.016667 0.607813 0.135417 0.606250 0.147917 0.559375 0.258333 0.551562 0.229167 0.546875 0.227083 0.510938
1 0.185417 0.657812 0.179167 0.648438 0.168750 0.640625 0.137500 0.639063 0.135417 0.614062 0.020833 0.618750 0.014583 0.659375
1 0.014583 0.735937 0.270833 0.728125 0.275000 0.700000 0.285417 0.690625 0.252083 0.696875 0.202083 0.695312 0.197917 0.690625 0.202083 0.667188 0.014583 0.667188
1 0.270833 0.734375 0.014583 0.739062 0.014583 0.748438 0.270833 0.742188
2 0.877083 0.015625 0.977083 0.051562 0.972917 0.078125 0.847917 0.107813 0.910417 0.171875 0.885417 0.204688 0.797917 0.143750 0.900000 0.276563 0.970833 0.281250 0.981250 0.250000 0.981250 0.015625
2 0.672917 0.139062 0.585417 0.343750 0.639583 0.351562 0.670833 0.389062 0.756250 0.395312 0.770833 0.404687 0.800000 0.367188 0.768750 0.335938 0.772917 0.323438 0.802083 0.309375 0.827083 0.306250 0.843750 0.282813 0.881250 0.276563 0.781250 0.145313
2 0.779167 0.451562 0.697917 0.459375 0.672917 0.479688 0.672917 0.492188 0.656250 0.487500 0.581250 0.487500 0.564583 0.479688 0.575000 0.543750 0.556250 0.560938 0.579167 0.656250 0.581250 0.626562 0.633333 0.573438 0.620833 0.550000 0.647917 0.548437 0.725000 0.560938 0.770833 0.503125 0.764583 0.478125
2 0.860417 0.540625 0.816667 0.557813 0.760417 0.584375 0.772917 0.592188 0.789583 0.615625 0.793750 0.617188 0.802083 0.615625 0.891667 0.585938
2 0.870833 0.845312 0.854167 0.854688 0.852083 0.853125 0.837500 0.853125 0.818750 0.864062 0.829167 0.870313 0.829167 0.875000 0.825000 0.884375 0.818750 0.890625 0.800000 0.890625 0.795833 0.895312 0.795833 0.921875 0.812500 0.928125 0.885417 0.881250
3 0.579167 0.012500 0.497917 0.017188 0.418750 0.342187 0.489583 0.339063 0.522917 0.357812 0.545833 0.348437 0.645833 0.142188 0.597917 0.125000
5 0.637500 0.089062 0.639583 0.110937 0.656250 0.134375 0.772917 0.135937 0.791667 0.125000 0.875000 0.185937 0.877083 0.179688 0.802083 0.117188 0.806250 0.085938 0.839583 0.112500 0.822917 0.090625 0.841667 0.093750 0.962500 0.064062 0.833333 0.084375 0.818750 0.073437 0.835417 0.043750 0.831250 0.037500 0.779167 0.026563 0.718750 0.068750
5 0.441667 0.481250 0.437500 0.551562 0.447917 0.553125 0.452083 0.548437 0.481250 0.546875 0.481250 0.553125 0.485417 0.553125 0.493750 0.545313 0.533333 0.545313 0.531250 0.542188 0.489583 0.537500 0.487500 0.510938 0.506250 0.507812 0.487500 0.504687 0.487500 0.490625 0.487500 0.539062 0.462500 0.537500 0.458333 0.509375 0.460417 0.487500 0.529167 0.484375
5 0.345833 0.504687 0.345833 0.551562 0.347917 0.553125 0.347917 0.557813 0.350000 0.556250 0.393750 0.554688 0.389583 0.548437 0.391667 0.512500 0.400000 0.504687
5 0.622917 0.551562 0.656250 0.584375 0.712500 0.600000 0.737500 0.651563 0.731250 0.684375 0.760417 0.768750 0.789583 0.779688 0.816667 0.835938 0.837500 0.835938 0.850000 0.825000 0.822917 0.818750 0.816667 0.781250 0.835417 0.778125 0.845833 0.759375 0.831250 0.725000 0.843750 0.664062 0.750000 0.667188 0.804167 0.656250 0.783333 0.640625 0.785417 0.625000 0.816667 0.629687 0.897917 0.590625 0.785417 0.623438 0.745833 0.581250 0.860417 0.532812 0.737500 0.576563
5 0.454167 0.729688 0.470833 0.768750 0.512500 0.776563 0.510417 0.793750 0.520833 0.814062 0.531250 0.806250 0.556250 0.810938 0.539583 0.796875 0.516667 0.793750 0.522917 0.743750 0.525000 0.792188 0.541667 0.792188 0.543750 0.767187 0.558333 0.750000 0.556250 0.721875 0.525000 0.734375 0.525000 0.726562 0.516667 0.725000
6 0.727083 0.060938 0.735417 0.050000 0.754167 0.043750 0.779167 0.025000 0.827083 0.032812 0.841667 0.045313 0.941667 0.064062 0.960417 0.060938 0.964583 0.064062 0.960417 0.067188 0.966667 0.068750 0.977083 0.053125 0.860417 0.021875 0.837500 0.012500 0.812500 0.010937 0.735417 0.017188
6 0.983333 0.479688 0.975000 0.482812 0.972917 0.489062 0.964583 0.495313 0.943750 0.495313 0.939583 0.492188 0.935417 0.496875 0.931250 0.496875 0.943750 0.518750 0.900000 0.560938 0.893750 0.556250 0.885417 0.557813 0.904167 0.589063 0.937500 0.564062 0.987500 0.564062
6 0.602083 0.617188 0.577083 0.657812 0.568750 0.735937 0.581250 0.729688 0.577083 0.675000 0.606250 0.673437 0.614583 0.725000 0.633333 0.725000 0.668750 0.762500 0.745833 0.768750 0.762500 0.784375 0.764583 0.887500 0.731250 0.885938 0.760417 0.929688 0.737500 0.985937 0.762500 0.989062 0.779167 0.960938 0.929167 0.959375 0.925000 0.950000 0.779167 0.948438 0.781250 0.787500 0.754167 0.771875 0.727083 0.692187 0.675000 0.700000 0.664583 0.689062 0.710417 0.650000 0.722917 0.671875 0.733333 0.665625 0.725000 0.635938 0.687500 0.596875 0.658333 0.590625 0.675000 0.632812 0.656250 0.679688 0.641667 0.676562 0.627083 0.695312
6 0.918750 0.620313 0.975000 0.734375 0.979167 0.739062 0.985417 0.739062 0.987500 0.643750 0.935417 0.635938
6 0.343750 0.695312 0.341667 0.712500 0.345833 0.753125 0.354167 0.793750 0.422917 0.787500 0.433333 0.773438 0.360417 0.767187 0.360417 0.710938 0.366667 0.693750
6 0.656250 0.839063 0.614583 0.846875 0.595833 0.846875 0.581250 0.851562 0.581250 0.873438 0.589583 0.906250 0.616667 0.971875 0.656250 0.970312 0.656250 0.945312 0.645833 0.928125 0.635417 0.920313 0.631250 0.890625
7 0.016667 0.014062 0.018750 0.142188 0.064583 0.346875 0.102083 0.346875 0.062500 0.015625
7 0.079167 0.014062 0.091667 0.170312 0.362500 0.209375 0.375000 0.200000 0.393750 0.118750 0.368750 0.106250 0.385417 0.034375 0.445833 0.040625 0.450000 0.015625
7 0.402083 0.040625 0.385417 0.092188 0.385417 0.109375 0.470833 0.132812 0.475000 0.084375 0.479167 0.067188
7 0.100000 0.206250 0.114583 0.351562 0.158333 0.335938 0.375000 0.351562 0.387500 0.314063 0.347917 0.309375 0.347917 0.273438 0.352083 0.267188 0.364583 0.267188 0.377083 0.253125 0.354167 0.235938
7 0.218750 0.560938 0.212500 0.679688 0.485417 0.684375 0.433333 0.679688 0.437500 0.571875 0.445833 0.565625 0.497917 0.565625 0.497917 0.560938
7 0.635417 0.745313 0.633333 0.746875 0.633333 0.756250 0.631250 0.757812 0.631250 0.762500 0.645833 0.773438 0.650000 0.773438 0.652083 0.775000 0.654167 0.775000 0.660417 0.778125 0.660417 0.776563 0.666667 0.771875 0.666667 0.768750 0.668750 0.767187 0.668750 0.764063 0.645833 0.746875 0.643750 0.746875 0.641667 0.745313
7 0.237500 0.770312 0.093750 0.776563 0.066667 0.979688 0.214583 0.973437 0.214583 0.964063 0.181250 0.962500 0.181250 0.926562 0.189583 0.920313 0.220833 0.920313 0.220833 0.915625 0.179167 0.918750 0.177083 0.889063 0.225000 0.881250 0.200000 0.879687 0.202083 0.846875 0.231250 0.839063 0.189583 0.840625 0.187500 0.814062 0.233333 0.807813
8 0.602083 0.017188 0.595833 0.081250 0.606250 0.089062 0.620833 0.082813 0.652083 0.081250 0.714583 0.068750 0.725000 0.017188
8 0.627083 0.153125 0.612500 0.153125 0.610417 0.154687 0.600000 0.157813 0.595833 0.160938 0.595833 0.167187 0.593750 0.168750 0.593750 0.175000 0.591667 0.176563 0.591667 0.182812 0.589583 0.184375 0.587500 0.198437 0.589583 0.200000 0.595833 0.201562 0.600000 0.204688 0.600000 0.201562 0.602083 0.200000 0.602083 0.198437 0.604167 0.196875 0.604167 0.193750 0.610417 0.185937 0.610417 0.182812 0.614583 0.178125 0.614583 0.175000 0.618750 0.170312 0.618750 0.167187 0.625000 0.159375 0.625000 0.156250 0.627083 0.154687
8 0.529167 0.187500 0.510417 0.187500 0.506250 0.223438 0.497917 0.225000 0.489583 0.217187 0.477083 0.248437 0.477083 0.257812 0.485417 0.282813 0.504167 0.289062 0.520833 0.237500 0.518750 0.226562 0.506250 0.223438 0.525000 0.221875 0.531250 0.196875
8 0.372917 0.201562 0.358333 0.215625 0.358333 0.220313 0.372917 0.242188 0.389583 0.254687 0.418750 0.254687 0.422917 0.256250 0.427083 0.260938 0.439583 0.260938 0.439583 0.215625 0.408333 0.200000
8 0.604167 0.214062 0.595833 0.214062 0.593750 0.212500 0.587500 0.212500 0.585417 0.210938 0.566667 0.209375 0.566667 0.215625 0.564583 0.217187 0.564583 0.221875 0.562500 0.223438 0.562500 0.229687 0.560417 0.231250 0.560417 0.235938 0.558333 0.237500 0.558333 0.243750 0.556250 0.245312 0.556250 0.251563 0.554167 0.253125 0.552083 0.264062 0.562500 0.264062 0.564583 0.262500 0.572917 0.262500 0.575000 0.260938 0.585417 0.260938 0.585417 0.257812 0.587500 0.256250 0.587500 0.253125 0.589583 0.251563 0.589583 0.248437 0.591667 0.246875 0.591667 0.243750 0.593750 0.242188 0.593750 0.239063 0.595833 0.237500 0.595833 0.234375 0.597917 0.232812 0.597917 0.229687 0.604167 0.218750
8 0.779167 0.320312 0.772917 0.335938 0.822917 0.365625 0.797917 0.370313 0.770833 0.406250 0.810417 0.493750 0.964583 0.493750 0.981250 0.456250 0.845833 0.418750 0.922917 0.428125 0.964583 0.445312 0.989583 0.437500 0.981250 0.360938 0.956250 0.360938 0.927083 0.373437 0.895833 0.362500 0.958333 0.357812 0.979167 0.342187 0.981250 0.301562 0.835417 0.295312 0.827083 0.317187 0.802083 0.310937
8 0.781250 0.443750 0.760417 0.403125 0.668750 0.398438 0.652083 0.390625 0.650000 0.368750 0.614583 0.357812 0.164583 0.353125 0.112500 0.375000 0.083333 0.360938 0.033333 0.360938 0.014583 0.381250 0.025000 0.451562 0.122917 0.440625 0.145833 0.465625 0.200000 0.475000 0.304167 0.475000 0.333333 0.451562 0.370833 0.464063 0.510417 0.462500 0.652083 0.481250 0.689583 0.448438
8 0.516667 0.559375 0.514583 0.560938 0.514583 0.576563 0.512500 0.578125 0.512500 0.593750 0.510417 0.595312 0.510417 0.609375 0.522917 0.609375 0.525000 0.607813 0.552083 0.606250 0.552083 0.603125 0.550000 0.601562 0.550000 0.567187 0.541667 0.564062 0.535417 0.564062 0.533333 0.562500
8 0.152083 0.567187 0.152083 0.631250 0.177083 0.631250 0.179167 0.632812 0.179167 0.645312 0.185417 0.648438 0.191667 0.648438 0.206250 0.653125 0.204167 0.648438 0.202083 0.570312 0.197917 0.568750
8 0.943750 0.565625 0.935417 0.571875 0.929167 0.573438 0.918750 0.581250 0.918750 0.585938 0.908333 0.592188 0.906250 0.595312 0.908333 0.609375 0.912500 0.612500 0.920833 0.614062 0.925000 0.620313 0.939583 0.632812 0.964583 0.639063 0.989583 0.639063 0.989583 0.632812 0.987500 0.631250 0.987500 0.567187 0.981250 0.565625
8 0.639583 0.571875 0.608333 0.618750 0.627083 0.687500 0.658333 0.650000 0.660417 0.653125 0.654167 0.660937 0.652083 0.671875 0.670833 0.637500 0.652083 0.587500
8 0.510417 0.612500 0.504167 0.620313 0.506250 0.620313 0.518750 0.631250 0.518750 0.656250 0.520833 0.657812 0.512500 0.671875 0.508333 0.675000 0.508333 0.678125 0.510417 0.679688 0.514583 0.679688 0.522917 0.675000 0.550000 0.665625 0.550000 0.642187 0.545833 0.637500 0.541667 0.626562 0.537500 0.623438
8 0.858333 0.645312 0.835417 0.732813 0.845833 0.753125 0.887500 0.759375 0.847917 0.764063 0.843750 0.779688 0.820833 0.781250 0.822917 0.804688 0.835417 0.804688 0.860417 0.828125 0.889583 0.823438 0.929167 0.837500 0.981250 0.835938 0.983333 0.743750 0.916667 0.748438 0.889583 0.756250 0.900000 0.740625 0.962500 0.740625 0.925000 0.645312
8 0.708333 0.657812 0.702083 0.662500 0.702083 0.664062 0.700000 0.665625 0.700000 0.670313 0.697917 0.671875 0.697917 0.673437 0.683333 0.684375 0.681250 0.684375 0.675000 0.689062 0.675000 0.690625 0.679167 0.693750 0.691667 0.693750 0.693750 0.692187 0.697917 0.692187 0.700000 0.690625 0.706250 0.690625 0.712500 0.695312 0.716667 0.692187 0.718750 0.692187 0.718750 0.690625 0.720833 0.689062 0.720833 0.679688 0.718750 0.678125 0.718750 0.675000 0.716667 0.675000 0.714583 0.673437 0.714583 0.670313 0.716667 0.668750 0.714583 0.667188 0.714583 0.662500
8 0.383333 0.689062 0.377083 0.695312 0.375000 0.706250 0.366667 0.717188 0.364583 0.764063 0.414583 0.768750 0.437500 0.768750 0.452083 0.756250 0.454167 0.751562 0.450000 0.740625 0.429167 0.726562 0.422917 0.717188 0.422917 0.710938 0.414583 0.706250 0.414583 0.696875 0.420833 0.693750 0.422917 0.687500
8 0.295833 0.698438 0.277083 0.787500 0.314583 0.798437 0.354167 0.795313 0.327083 0.695312
8 0.583333 0.732813 0.572917 0.743750 0.572917 0.745313 0.579167 0.746875 0.579167 0.753125 0.568750 0.760938 0.568750 0.764063 0.591667 0.781250 0.643750 0.781250 0.643750 0.776563 0.625000 0.762500 0.625000 0.757812 0.631250 0.748438 0.631250 0.745313 0.637500 0.743750 0.631250 0.729688
8 0.670833 0.765625 0.677083 0.825000 0.722917 0.882812 0.731250 0.881250 0.752083 0.887500 0.756250 0.884375 0.754167 0.781250 0.747917 0.775000
8 0.616667 0.790625 0.616667 0.801562 0.620833 0.804688 0.620833 0.809375 0.618750 0.810938 0.618750 0.820312 0.616667 0.821875 0.616667 0.834375 0.614583 0.835938 0.614583 0.842188 0.620833 0.842188 0.629167 0.839063 0.635417 0.839063 0.637500 0.837500 0.643750 0.837500 0.652083 0.834375 0.658333 0.834375 0.658333 0.832812 0.662500 0.829687 0.662500 0.823438 0.664583 0.821875 0.664583 0.815625 0.666667 0.814062 0.666667 0.807813 0.668750 0.806250 0.666667 0.804688 0.662500 0.793750 0.658333 0.792188
8 0.237500 0.809375 0.218750 0.809375 0.216667 0.810938 0.193750 0.810938 0.189583 0.814062 0.189583 0.839063 0.191667 0.839063 0.193750 0.837500 0.231250 0.837500 0.231250 0.831250 0.233333 0.829687 0.233333 0.823438 0.235417 0.821875 0.235417 0.817187 0.237500 0.815625
8 0.204167 0.846875 0.204167 0.856250 0.202083 0.857813 0.202083 0.867188 0.200000 0.868750 0.200000 0.878125 0.229167 0.878125 0.229167 0.864062 0.231250 0.862500 0.231250 0.846875 0.233333 0.845312 0.208333 0.845312 0.206250 0.846875
8 0.945833 0.846875 0.922917 0.876562 0.916667 0.890625 0.956250 0.981250 0.987500 0.984375 0.985417 0.854688 0.960417 0.853125
8 0.302083 0.876562 0.308333 0.906250 0.358333 0.903125 0.381250 0.912500 0.372917 0.920313 0.379167 0.954687 0.391667 0.968750 0.420833 0.968750 0.439583 0.989062 0.512500 0.985937 0.514583 0.971875 0.541667 0.975000 0.558333 0.984375 0.568750 0.984375 0.579167 0.968750 0.602083 0.971875 0.604167 0.951563 0.577083 0.881250 0.510417 0.893750 0.487500 0.909375 0.447917 0.909375 0.433333 0.895312 0.425000 0.901563 0.385417 0.903125 0.391667 0.890625 0.433333 0.889063 0.433333 0.859375 0.414583 0.854688 0.366667 0.854688 0.360417 0.862500 0.310417 0.867188
8 0.162500 0.882812 0.160417 0.882812 0.154167 0.885938 0.150000 0.885938 0.147917 0.887500 0.116667 0.898438 0.116667 0.901563 0.120833 0.906250 0.120833 0.909375 0.125000 0.914062 0.125000 0.917188 0.127083 0.918750 0.127083 0.920313 0.131250 0.920313 0.133333 0.918750 0.135417 0.918750 0.137500 0.917188 0.141667 0.917188 0.152083 0.912500 0.156250 0.912500 0.170833 0.906250 0.175000 0.906250 0.170833 0.901563 0.170833 0.898438 0.168750 0.896875 0.168750 0.893750 0.164583 0.889063 0.164583 0.885938 0.162500 0.884375
8 0.227083 0.882812 0.218750 0.882812 0.216667 0.884375 0.208333 0.884375 0.206250 0.885938 0.200000 0.885938 0.197917 0.887500 0.189583 0.887500 0.187500 0.889063 0.179167 0.889063 0.179167 0.917188 0.181250 0.915625 0.204167 0.915625 0.206250 0.914062 0.229167 0.914062 0.229167 0.912500 0.227083 0.910937
8 0.185417 0.923437 0.183333 0.926562 0.183333 0.962500 0.220833 0.962500 0.222917 0.964063 0.227083 0.964063 0.227083 0.925000 0.229167 0.921875 0.189583 0.921875
8 0.175000 0.929688 0.162500 0.929688 0.160417 0.931250 0.147917 0.931250 0.145833 0.932813 0.118750 0.934375 0.116667 0.935938 0.116667 0.942187 0.114583 0.943750 0.112500 0.956250 0.110417 0.957812 0.110417 0.962500 0.108333 0.964063 0.108333 0.970312 0.110417 0.968750 0.129167 0.968750 0.131250 0.967188 0.172917 0.965625 0.172917 0.932813