1 0.014583 0.014062 0.014583 0.987500 0.164583 0.987500 0.166667 0.898438 0.256250 0.859375 0.252083 0.815625 0.179167 0.818750 0.147917 0.850000 0.139583 0.776563 0.100000 0.765625 0.018750 0.109375 0.089583 0.114063 0.129167 0.301562 0.383333 0.318750 0.391667 0.259375 0.450000 0.237500 0.431250 0.215625 0.468750 0.151562 0.445833 0.120312 0.181250 0.092188 0.162500 0.014062
1 0.458333 0.089062 0.456250 0.089062 0.456250 0.092188 0.454167 0.093750 0.454167 0.106250 0.452083 0.107813 0.452083 0.120312 0.456250 0.120312 0.458333 0.118750 0.464583 0.118750 0.466667 0.117188 0.468750 0.117188 0.470833 0.115625 0.472917 0.115625 0.475000 0.114063 0.477083 0.114063 0.477083 0.104687 0.475000 0.103125 0.475000 0.101562
1 0.135417 0.531250 0.137500 0.534375 0.354167 0.531250 0.360417 0.518750 0.241667 0.510938 0.135417 0.510938
2 0.989583 0.010937 0.735417 0.017188 0.704167 0.103125 0.800000 0.104687 0.797917 0.164062 0.950000 0.176563 0.870833 0.218750 0.985417 0.229687 0.987500 0.256250 0.891667 0.243750 0.843750 0.315625 0.950000 0.362500 0.939583 0.382812 0.737500 0.348437 0.747917 0.393750 0.854167 0.373437 0.847917 0.401563 0.745833 0.434375 0.814583 0.464063 0.793750 0.482812 0.725000 0.445312 0.618750 0.468750 0.543750 0.754687 0.610417 0.742188 0.635417 0.696875 0.656250 0.803125 0.768750 0.781250 0.727083 0.781250 0.706250 0.634375 0.662500 0.607813 0.745833 0.562500 0.837500 0.571875 0.772917 0.495313 0.825000 0.542188 0.845833 0.517187 0.989583 0.518750
3 0.541667 0.018750 0.516667 0.115625 0.543750 0.114063 0.552083 0.120312 0.570833 0.120312 0.600000 0.142188 0.656250 0.157813 0.668750 0.131250 0.639583 0.126563 0.645833 0.085938 0.693750 0.085938 0.675000 0.123438 0.702083 0.112500 0.704167 0.076563 0.731250 0.018750
3 0.508333 0.209375 0.416667 0.760938 0.397917 0.789062 0.531250 0.767187 0.543750 0.756250 0.616667 0.468750 0.629167 0.465625 0.600000 0.454688 0.577083 0.423438 0.550000 0.420312 0.537500 0.310937 0.550000 0.237500
3 0.985417 0.518750 0.845833 0.528125 0.833333 0.557813 0.860417 0.575000 0.891667 0.571875 0.904167 0.607813 0.900000 0.620313 0.950000 0.623438 0.968750 0.632812 0.972917 0.667188 0.950000 0.685938 0.891667 0.690625 0.860417 0.735937 0.841667 0.735937 0.858333 0.762500 0.833333 0.781250 0.854167 0.782812 0.881250 0.767187 0.983333 0.759375
5 0.950000 0.181250 0.885417 0.185937 0.850000 0.210938 0.833333 0.195312 0.812500 0.200000 0.783333 0.245312 0.745833 0.254687 0.700000 0.334375 0.793750 0.348437 0.812500 0.340625 0.939583 0.381250 0.950000 0.364062 0.839583 0.332812 0.833333 0.315625 0.868750 0.250000 0.889583 0.237500 0.927083 0.239063 0.987500 0.257812 0.981250 0.234375 0.912500 0.223438 0.879167 0.226562 0.866667 0.217187 0.875000 0.203125 0.954167 0.193750
5 0.583333 0.417188 0.583333 0.431250 0.604167 0.456250 0.704167 0.451562 0.714583 0.443750 0.731250 0.443750 0.793750 0.481250 0.806250 0.467187 0.739583 0.431250 0.764583 0.423438 0.764583 0.414062 0.731250 0.417188 0.756250 0.407813 0.847917 0.395312 0.847917 0.375000 0.785417 0.385938 0.752083 0.400000 0.733333 0.400000 0.725000 0.373437 0.675000 0.367188 0.652083 0.395312
6 0.916667 0.175000 0.779167 0.171875 0.795833 0.157813 0.783333 0.106250 0.716667 0.109375 0.675000 0.125000 0.627083 0.239063 0.641667 0.246875 0.658333 0.176563 0.685417 0.148438 0.708333 0.145313 0.714583 0.134375 0.745833 0.175000 0.712500 0.285937 0.739583 0.271875 0.787500 0.190625 0.856250 0.187500
6 0.558333 0.125000 0.558333 0.129688 0.556250 0.131250 0.556250 0.139062 0.562500 0.145313 0.562500 0.159375 0.564583 0.160938 0.564583 0.165625 0.566667 0.167187 0.566667 0.170312 0.568750 0.173438 0.575000 0.173438 0.577083 0.175000 0.583333 0.175000 0.585417 0.176563 0.589583 0.176563 0.593750 0.178125 0.593750 0.168750 0.595833 0.167187 0.595833 0.153125 0.597917 0.151562 0.591667 0.142188 0.587500 0.139062 0.585417 0.134375 0.581250 0.131250 0.577083 0.129688 0.572917 0.129688 0.562500 0.125000
6 0.654167 0.832812 0.681250 0.856250 0.700000 0.907812 0.687500 0.957812 0.670833 0.978125 0.618750 0.915625 0.608333 0.926562 0.610417 0.987500 0.629167 0.985937 0.620833 0.960938 0.650000 0.960938 0.664583 0.985937 0.789583 0.984375 0.791667 0.959375 0.827083 0.959375 0.812500 0.926562 0.768750 0.928125 0.747917 0.903125 0.716667 0.884375 0.752083 0.876562 0.804167 0.882812 0.800000 0.864062 0.714583 0.839063
7 0.175000 0.014062 0.181250 0.090625 0.447917 0.120312 0.462500 0.015625
7 0.025000 0.107813 0.102083 0.760938 0.164583 0.790625 0.158333 0.845312 0.181250 0.814062 0.322917 0.809375 0.304167 0.712500 0.379167 0.714063 0.402083 0.609375 0.354167 0.607813 0.381250 0.562500 0.352083 0.540625 0.133333 0.540625 0.129167 0.504687 0.404167 0.503125 0.397917 0.448438 0.462500 0.464063 0.462500 0.395312 0.410417 0.387500 0.404167 0.350000 0.464583 0.329688 0.479167 0.271875 0.400000 0.264062 0.400000 0.356250 0.331250 0.425000 0.381250 0.431250 0.345833 0.440625 0.322917 0.426562 0.385417 0.326562 0.122917 0.306250 0.118750 0.342187 0.087500 0.114063
7 0.193750 0.131250 0.193750 0.231250 0.356250 0.243750 0.354167 0.145313
8 0.539583 0.017188 0.493750 0.017188 0.489583 0.025000 0.464583 0.021875 0.464583 0.037500 0.489583 0.059375 0.458333 0.085938 0.479167 0.104687 0.481250 0.114063 0.456250 0.121875 0.456250 0.137500 0.475000 0.150000 0.468750 0.168750 0.452083 0.168750 0.466667 0.203125 0.450000 0.204688 0.437500 0.214062 0.454167 0.234375 0.431250 0.260938 0.487500 0.264062 0.508333 0.203125 0.500000 0.192188 0.506250 0.181250 0.500000 0.134375 0.514583 0.120312
8 0.647917 0.085938 0.647917 0.095312 0.645833 0.096875 0.645833 0.106250 0.643750 0.107813 0.643750 0.115625 0.641667 0.117188 0.641667 0.126563 0.647917 0.126563 0.650000 0.128125 0.658333 0.128125 0.660417 0.129688 0.668750 0.129688 0.670833 0.131250 0.672917 0.123438 0.677083 0.118750 0.677083 0.115625 0.679167 0.114063 0.681250 0.106250 0.685417 0.101562 0.687500 0.093750 0.691667 0.089062 0.691667 0.085938
8 0.520833 0.131250 0.512500 0.192188 0.556250 0.229687 0.539583 0.273438 0.554167 0.418750 0.604167 0.410937 0.639583 0.389062 0.633333 0.354688 0.645833 0.367188 0.708333 0.357812 0.687500 0.332812 0.693750 0.307813 0.660417 0.292188 0.689583 0.289062 0.706250 0.190625 0.675000 0.189063 0.650000 0.203125 0.647917 0.292188 0.662500 0.293750 0.604167 0.301562 0.597917 0.295312 0.625000 0.292188 0.641667 0.270312 0.641667 0.250000 0.606250 0.228125 0.631250 0.204688 0.629167 0.175000 0.602083 0.189063 0.591667 0.292188 0.577083 0.293750 0.597917 0.179688 0.568750 0.175000
8 0.433333 0.332812 0.433333 0.334375 0.431250 0.335938 0.431250 0.359375 0.429167 0.360938 0.427083 0.368750 0.475000 0.368750 0.475000 0.353125 0.472917 0.351562 0.472917 0.335938 0.470833 0.334375 0.466667 0.334375 0.464583 0.332812 0.460417 0.332812 0.458333 0.331250 0.437500 0.331250 0.435417 0.332812
8 0.518750 0.457812 0.495833 0.457812 0.491667 0.460938 0.491667 0.481250 0.489583 0.482812 0.489583 0.529688 0.491667 0.532812 0.483333 0.576563 0.500000 0.578125
8 0.420833 0.460938 0.420833 0.468750 0.418750 0.470313 0.418750 0.478125 0.416667 0.479688 0.416667 0.485938 0.414583 0.487500 0.412500 0.504687 0.447917 0.518750 0.447917 0.507812 0.450000 0.506250 0.450000 0.495313 0.452083 0.493750 0.452083 0.482812 0.454167 0.481250 0.454167 0.467187 0.441667 0.465625 0.439583 0.464063 0.435417 0.464063 0.427083 0.460938
8 0.600000 0.459375 0.560417 0.459375 0.556250 0.498437 0.541667 0.528125 0.539583 0.578125 0.566667 0.584375
8 0.383333 0.512500 0.370833 0.526563 0.366667 0.540625 0.377083 0.554688 0.395833 0.559375 0.383333 0.560938 0.360417 0.578125 0.360417 0.603125 0.389583 0.607813 0.435417 0.606250 0.439583 0.575000 0.420833 0.559375 0.414583 0.557813 0.429167 0.556250 0.439583 0.559375 0.433333 0.518750 0.416667 0.518750 0.402083 0.512500
8 0.664583 0.607813 0.681250 0.629687 0.722917 0.634375 0.706250 0.635938 0.693750 0.671875 0.737500 0.732813 0.858333 0.735937 0.887500 0.692187 0.816667 0.682813 0.950000 0.681250 0.970833 0.667188 0.968750 0.640625 0.941667 0.623438 0.806250 0.620313 0.795833 0.631250 0.739583 0.629687 0.785417 0.628125 0.800000 0.617188 0.895833 0.618750 0.900000 0.600000 0.883333 0.573438 0.860417 0.578125 0.752083 0.564062 0.716667 0.570312 0.700000 0.592188 0.672917 0.596875
8 0.516667 0.585938 0.497917 0.682813 0.508333 0.692187 0.537500 0.692187 0.556250 0.585938
8 0.402083 0.610937 0.402083 0.632812 0.393750 0.634375 0.385417 0.685938 0.404167 0.693750 0.383333 0.701563 0.381250 0.714063 0.372917 0.714063 0.375000 0.750000 0.364583 0.751562 0.370833 0.767187 0.370833 0.785937 0.404167 0.778125 0.404167 0.762500 0.414583 0.760938 0.414583 0.695312 0.437500 0.612500
8 0.987500 0.764063 0.804167 0.785937 0.789583 0.812500 0.789583 0.796875 0.656250 0.806250 0.639583 0.782812 0.668750 0.765625 0.633333 0.701563 0.629167 0.746875 0.377083 0.803125 0.243750 0.901563 0.204167 0.968750 0.202083 0.937500 0.270833 0.867188 0.177083 0.895312 0.168750 0.987500 0.377083 0.987500 0.412500 0.964063 0.520833 0.987500 0.464583 0.950000 0.533333 0.914062 0.525000 0.959375 0.562500 0.985937 0.604167 0.948438 0.550000 0.910937 0.627083 0.909375 0.670833 0.971875 0.697917 0.907812 0.664583 0.845312 0.631250 0.893750 0.637500 0.825000 0.766667 0.825000 0.831250 0.881250 0.850000 0.873438 0.825000 0.837500 0.875000 0.842188 0.891667 0.879687 0.987500 0.884375
8 0.739583 0.775000 0.756250 0.775000 0.781250 0.768750 0.797917 0.768750 0.804167 0.781250 0.812500 0.781250 0.831250 0.778125 0.856250 0.762500 0.841667 0.739062 0.833333 0.737500 0.772917 0.737500 0.787500 0.751562 0.783333 0.753125 0.764583 0.746875 0.758333 0.746875 0.745833 0.751562
8 0.370833 0.801562 0.356250 0.801562 0.350000 0.793750 0.325000 0.798437 0.322917 0.800000 0.325000 0.809375 0.318750 0.812500 0.316667 0.818750 0.297917 0.821875 0.264583 0.832812 0.254167 0.818750 0.256250 0.857813 0.287500 0.857813 0.333333 0.826563 0.354167 0.815625
8 0.810417 0.882812 0.835417 0.954687 0.845833 0.960938 0.833333 0.968750 0.795833 0.968750 0.793750 0.985937 0.989583 0.989062 0.987500 0.940625 0.883333 0.950000 0.916667 0.937500 0.875000 0.881250 0.847917 0.881250 0.829167 0.887500
8 0.731250 0.928125 0.731250 0.929688 0.720833 0.943750 0.720833 0.946875 0.710417 0.960938 0.710417 0.970312 0.712500 0.970312 0.731250 0.962500 0.745833 0.962500 0.745833 0.960938 0.752083 0.956250 0.752083 0.946875 0.743750 0.940625 0.741667 0.940625 0.739583 0.939062 0.737500 0.934375 0.733333 0.931250 0.733333 0.929688
8 0.620833 0.962500 0.620833 0.965625 0.622917 0.967188 0.622917 0.970312 0.625000 0.971875 0.625000 0.975000 0.627083 0.976562 0.627083 0.979688 0.629167 0.981250 0.629167 0.984375 0.631250 0.985937 0.662500 0.985937 0.658333 0.981250 0.658333 0.978125 0.656250 0.976562 0.656250 0.973437 0.652083 0.968750 0.652083 0.965625 0.650000 0.964063 0.650000 0.962500