1 0.241667 0.712500 0.145833 0.714063 0.122917 0.735937 0.085417 0.731250 0.066667 0.720312 0.016667 0.720312 0.014583 0.887500 0.037500 0.884375 0.039583 0.864062 0.095833 0.864062 0.097917 0.881250 0.218750 0.875000 0.218750 0.867188 0.181250 0.865625 0.179167 0.801562 0.254167 0.795313 0.256250 0.789062 0.245833 0.784375
2 0.918750 0.010937 0.877083 0.139062 0.866667 0.353125 0.914583 0.504687 0.987500 0.621875 0.989583 0.014062
2 0.577083 0.020312 0.552083 0.090625 0.585417 0.090625 0.622917 0.142188 0.675000 0.139062 0.675000 0.164062 0.722917 0.192188 0.700000 0.243750 0.800000 0.284375 0.716667 0.481250 0.700000 0.482812 0.833333 0.639063 0.866667 0.637500 0.983333 0.792188 0.983333 0.625000 0.902083 0.498437 0.858333 0.362500 0.860417 0.185937 0.906250 0.014062
2 0.575000 0.490625 0.581250 0.498437 0.625000 0.512500 0.622917 0.531250 0.602083 0.523438 0.587500 0.529688 0.637500 0.532812 0.637500 0.554688 0.625000 0.557813 0.672917 0.571875 0.666667 0.589063 0.616667 0.578125 0.600000 0.585938 0.595833 0.617188 0.627083 0.615625 0.637500 0.623438 0.600000 0.635938 0.662500 0.648438 0.825000 0.637500 0.687500 0.482812 0.629167 0.478125 0.627083 0.487500
2 0.514583 0.659375 0.514583 0.700000 0.516667 0.703125 0.541667 0.693750 0.545833 0.695312 0.545833 0.706250 0.547917 0.707812 0.529167 0.715625 0.529167 0.742188 0.550000 0.739062 0.543750 0.728125 0.543750 0.720312 0.564583 0.675000 0.564583 0.670313 0.541667 0.659375
3 0.260417 0.135937 0.452083 0.168750 0.466667 0.134375 0.504167 0.104687 0.510417 0.085938 0.545833 0.090625 0.568750 0.012500 0.281250 0.010937
3 0.433333 0.304688 0.456250 0.339063 0.456250 0.354688 0.529167 0.431250 0.577083 0.431250 0.612500 0.475000 0.714583 0.475000 0.785417 0.292188 0.739583 0.256250 0.535417 0.240625
3 0.583333 0.656250 0.552083 0.726562 0.560417 0.739062 0.589583 0.739062 0.610417 0.764063 0.602083 0.839063 0.627083 0.890625 0.675000 0.895312 0.689583 0.906250 0.691667 0.923437 0.675000 0.934375 0.710417 0.985937 0.989583 0.989062 0.987500 0.801562 0.854167 0.646875
5 0.614583 0.125000 0.579167 0.110937 0.577083 0.093750 0.512500 0.090625 0.510417 0.104687 0.475000 0.134375 0.462500 0.167187 0.395833 0.185937 0.410417 0.206250 0.420833 0.212500 0.483333 0.204688 0.506250 0.217187 0.506250 0.189063 0.522917 0.165625 0.541667 0.154687 0.541667 0.135937 0.579167 0.123438 0.606250 0.131250 0.614583 0.142188
5 0.712500 0.190625 0.695833 0.178125 0.656250 0.168750 0.660417 0.148438 0.606250 0.148438 0.581250 0.137500 0.533333 0.187500 0.525000 0.226562 0.443750 0.242188 0.437500 0.256250 0.454167 0.278125 0.537500 0.232812 0.685417 0.243750
5 0.479167 0.418750 0.485417 0.443750 0.525000 0.457812 0.525000 0.475000 0.545833 0.506250 0.550000 0.500000 0.579167 0.504687 0.558333 0.493750 0.572917 0.481250 0.614583 0.481250 0.602083 0.475000 0.568750 0.475000 0.564583 0.471875 0.552083 0.439063 0.529167 0.437500 0.516667 0.418750
5 0.614583 0.546875 0.554167 0.562500 0.550000 0.584375 0.516667 0.598437 0.508333 0.643750 0.516667 0.653125 0.577083 0.653125 0.581250 0.635938 0.608333 0.646875 0.583333 0.629687 0.585417 0.626562 0.616667 0.623438 0.581250 0.621875 0.587500 0.585938 0.608333 0.570312 0.645833 0.571875 0.597917 0.565625 0.585417 0.573438 0.579167 0.564062 0.620833 0.551562
5 0.431250 0.640625 0.425000 0.645312 0.425000 0.657812 0.427083 0.659375 0.427083 0.662500 0.431250 0.665625 0.443750 0.665625 0.445833 0.664062 0.456250 0.664062 0.454167 0.662500 0.454167 0.660937 0.452083 0.659375 0.452083 0.657812 0.450000 0.656250 0.450000 0.653125 0.447917 0.651563 0.447917 0.650000 0.445833 0.648438 0.445833 0.645312 0.443750 0.643750 0.443750 0.642187 0.441667 0.640625 0.441667 0.639063 0.435417 0.639063 0.433333 0.640625
5 0.416667 0.664062 0.418750 0.695312 0.454167 0.701563 0.458333 0.710938 0.468750 0.714063 0.425000 0.715625 0.433333 0.743750 0.475000 0.751562 0.493750 0.787500 0.495833 0.778125 0.518750 0.779688 0.500000 0.773438 0.500000 0.764063 0.522917 0.764063 0.531250 0.760938 0.531250 0.756250 0.512500 0.760938 0.500000 0.754687 0.493750 0.725000 0.522917 0.706250 0.485417 0.720312 0.470833 0.715625 0.470833 0.712500 0.483333 0.710938 0.470833 0.676562 0.464583 0.671875 0.427083 0.668750
5 0.527083 0.784375 0.504167 0.790625 0.445833 0.793750 0.445833 0.810938 0.450000 0.828125 0.456250 0.839063 0.500000 0.843750 0.508333 0.850000 0.510417 0.857813 0.518750 0.853125 0.525000 0.859375 0.527083 0.856250 0.522917 0.850000 0.527083 0.846875 0.537500 0.851562 0.545833 0.851562 0.525000 0.843750 0.518750 0.834375 0.516667 0.795313
5 0.422917 0.857813 0.418750 0.857813 0.408333 0.862500 0.404167 0.862500 0.402083 0.864062 0.400000 0.864062 0.400000 0.867188 0.397917 0.868750 0.397917 0.885938 0.400000 0.887500 0.400000 0.890625 0.402083 0.892187 0.402083 0.895312 0.404167 0.896875 0.404167 0.900000 0.406250 0.901563 0.408333 0.901563 0.414583 0.898438 0.418750 0.898438 0.418750 0.896875 0.422917 0.893750 0.420833 0.892187 0.420833 0.887500 0.422917 0.885938 0.425000 0.885938 0.425000 0.879687 0.422917 0.878125
6 0.464583 0.440625 0.447917 0.471875 0.433333 0.526563 0.435417 0.587500 0.450000 0.646875 0.483333 0.670313 0.506250 0.653125 0.504167 0.621875 0.510417 0.601562 0.520833 0.590625 0.522917 0.548437 0.529167 0.543750 0.604167 0.539062 0.525000 0.534375 0.487500 0.448438
7 0.050000 0.014062 0.075000 0.379687 0.231250 0.387500 0.229167 0.290625 0.258333 0.287500 0.275000 0.275000 0.339583 0.281250 0.343750 0.260938 0.331250 0.248437 0.354167 0.204688 0.291667 0.189063 0.291667 0.165625 0.316667 0.150000 0.260417 0.143750 0.252083 0.129688 0.218750 0.117188 0.135417 0.107813 0.139583 0.014062
7 0.162500 0.723437 0.162500 0.734375 0.160417 0.735937 0.160417 0.745313 0.162500 0.746875 0.158333 0.750000 0.158333 0.773438 0.233333 0.773438 0.231250 0.771875 0.229167 0.745313 0.212500 0.745313 0.210417 0.743750 0.210417 0.726562 0.212500 0.725000 0.206250 0.723437
7 0.297917 0.798437 0.189583 0.804688 0.187500 0.806250 0.187500 0.860937 0.218750 0.857813 0.306250 0.854688
8 0.327083 0.531250 0.318750 0.556250 0.318750 0.562500 0.331250 0.578125 0.337500 0.576563 0.427083 0.575000 0.425000 0.531250
8 0.364583 0.581250 0.362500 0.601562 0.360417 0.603125 0.360417 0.610937 0.358333 0.612500 0.358333 0.625000 0.364583 0.635938 0.370833 0.625000 0.381250 0.618750 0.391667 0.618750 0.393750 0.620313 0.402083 0.614062 0.408333 0.614062 0.410417 0.612500 0.435417 0.612500 0.427083 0.595312 0.427083 0.581250
8 0.785417 0.650000 0.754167 0.695312 0.804167 0.773438 0.829167 0.735937 0.856250 0.734375 0.835417 0.742188 0.806250 0.776563 0.852083 0.843750 0.956250 0.834375 0.960417 0.810938 0.914583 0.748438 0.902083 0.742188 0.862500 0.742188 0.854167 0.735937 0.875000 0.737500 0.885417 0.729688 0.885417 0.714063 0.841667 0.664062
8 0.704167 0.676562 0.685417 0.678125 0.654167 0.684375 0.633333 0.725000 0.633333 0.731250 0.643750 0.745313 0.645833 0.743750 0.745833 0.737500
8 0.589583 0.740625 0.539583 0.745313 0.529167 0.818750 0.550000 0.850000 0.597917 0.848437 0.608333 0.764063
8 0.697917 0.795313 0.677083 0.809375 0.681250 0.821875 0.729167 0.915625 0.737500 0.920313 0.756250 0.921875 0.756250 0.901563 0.766667 0.890625 0.766667 0.884375 0.772917 0.881250 0.785417 0.864062 0.772917 0.835938 0.781250 0.821875 0.777083 0.810938 0.768750 0.806250 0.756250 0.806250 0.750000 0.810938 0.743750 0.806250 0.735417 0.806250 0.735417 0.798437 0.706250 0.800000
8 0.441667 0.865625 0.441667 0.879687 0.456250 0.879687 0.458333 0.878125 0.470833 0.878125 0.468750 0.876562 0.468750 0.873438 0.466667 0.871875 0.466667 0.870313 0.464583 0.868750 0.458333 0.868750 0.456250 0.867188 0.447917 0.867188 0.445833 0.865625