1 0.887500 0.017188 0.629167 0.012500 0.608333 0.067188 0.716667 0.095312 0.650000 0.229687 0.729167 0.226562 0.714583 0.253125 0.725000 0.253125
1 0.545833 0.218750 0.470833 0.404687 0.616667 0.410937 0.625000 0.387500 0.512500 0.373437 0.558333 0.234375 0.606250 0.231250
1 0.020833 0.400000 0.018750 0.989062 0.287500 0.989062 0.306250 0.968750 0.158333 0.976562 0.164583 0.868750 0.320833 0.860937 0.318750 0.831250 0.187500 0.825000 0.202083 0.751562 0.133333 0.742188 0.135417 0.693750 0.170833 0.682813 0.039583 0.687500
2 0.981250 0.010937 0.900000 0.014062 0.752083 0.270312 0.777083 0.290625 0.731250 0.410937 0.668750 0.420312 0.989583 0.957812
3 0.356250 0.467187 0.370833 0.535937 0.302083 0.532812 0.270833 0.578125 0.331250 0.600000 0.341667 0.657812 0.514583 0.668750 0.510417 0.643750 0.422917 0.643750 0.368750 0.571875 0.479167 0.515625 0.556250 0.781250 0.593750 0.756250 0.618750 0.800000 0.570833 0.823438 0.606250 0.950000 0.664583 0.940625 0.685417 0.985937 0.989583 0.989062 0.664583 0.421875 0.483333 0.406250 0.500000 0.490625 0.479167 0.514063 0.416667 0.470313
3 0.320833 0.606250 0.300000 0.673437 0.289583 0.676562 0.275000 0.710938 0.285417 0.823438 0.529167 0.814062 0.545833 0.767187 0.516667 0.675000 0.339583 0.667188
3 0.462500 0.829687 0.462500 0.873438 0.464583 0.875000 0.464583 0.884375 0.466667 0.885938 0.472917 0.909375 0.475000 0.912500 0.497917 0.928125 0.489583 0.909375 0.487500 0.898438 0.483333 0.892187 0.472917 0.857813 0.468750 0.851562 0.466667 0.840625 0.462500 0.834375
5 0.491667 0.885938 0.485417 0.892187 0.491667 0.909375 0.539583 0.929688 0.562500 0.973437 0.591667 0.957812 0.566667 0.884375
6 0.322917 0.834375 0.347917 0.956250 0.358333 0.953125 0.333333 0.879687 0.356250 0.848437 0.364583 0.851562 0.391667 0.935938 0.368750 0.953125 0.377083 0.982813 0.450000 0.984375 0.470833 0.965625 0.475000 0.987500 0.579167 0.984375 0.537500 0.975000 0.541667 0.939062 0.518750 0.928125 0.497917 0.945312 0.504167 0.934375 0.472917 0.912500 0.460417 0.873438 0.460417 0.820312 0.362500 0.823438
7 0.616667 0.015625 0.454167 0.014062 0.431250 0.101562 0.300000 0.075000 0.302083 0.012500 0.012500 0.010937 0.045833 0.681250 0.297917 0.673437 0.312500 0.598437 0.268750 0.578125 0.304167 0.528125 0.368750 0.532812 0.350000 0.465625 0.425000 0.459375 0.531250 0.214062 0.608333 0.231250 0.560417 0.234375 0.514583 0.373437 0.627083 0.387500 0.729167 0.228125 0.647917 0.229687 0.714583 0.095312 0.595833 0.064062
7 0.141667 0.700000 0.143750 0.740625 0.245833 0.740625 0.260417 0.720312 0.258333 0.717188 0.241667 0.709375 0.241667 0.687500 0.243750 0.685938 0.239583 0.684375 0.172917 0.681250 0.172917 0.696875 0.170833 0.698438
7 0.206250 0.746875 0.197917 0.818750 0.202083 0.817187 0.279167 0.815625 0.275000 0.803125 0.266667 0.748438 0.260417 0.746875
7 0.360417 0.846875 0.335417 0.879687 0.335417 0.885938 0.360417 0.954687 0.366667 0.953125 0.389583 0.935938 0.377083 0.903125 0.377083 0.896875
7 0.316667 0.862500 0.170833 0.871875 0.166667 0.882812 0.166667 0.968750 0.331250 0.956250
8 0.304167 0.010937 0.300000 0.073437 0.431250 0.100000 0.456250 0.015625
8 0.116667 0.079687 0.120833 0.167187 0.256250 0.181250 0.275000 0.104687
8 0.293750 0.098438 0.281250 0.200000 0.379167 0.215625 0.397917 0.112500
8 0.104167 0.179688 0.104167 0.246875 0.231250 0.267188 0.241667 0.201562
8 0.418750 0.207813 0.416667 0.226562 0.391667 0.303125 0.479167 0.314063 0.506250 0.225000
8 0.722917 0.254687 0.712500 0.256250 0.627083 0.389062 0.629167 0.406250 0.708333 0.412500 0.731250 0.409375 0.752083 0.373437 0.775000 0.290625
8 0.395833 0.315625 0.381250 0.379687 0.447917 0.385938 0.450000 0.387500 0.464583 0.315625
8 0.447917 0.410937 0.441667 0.414062 0.433333 0.425000 0.427083 0.448438 0.427083 0.460938 0.433333 0.476562 0.435417 0.493750 0.466667 0.514063 0.491667 0.490625 0.489583 0.482812 0.489583 0.421875 0.470833 0.410937
8 0.627083 0.456250 0.700000 0.637500 0.770833 0.626562 0.681250 0.464063
8 0.550000 0.468750 0.589583 0.631250 0.664583 0.634375 0.600000 0.478125
8 0.370833 0.567187 0.383333 0.607813 0.422917 0.642187 0.514583 0.642187 0.481250 0.534375 0.475000 0.537500 0.420833 0.534375 0.395833 0.557813
8 0.620833 0.685938 0.704167 0.981250 0.793750 0.984375 0.797917 0.932813 0.772917 0.909375 0.791667 0.896875 0.772917 0.837500 0.731250 0.832812 0.725000 0.771875 0.735417 0.764063 0.685417 0.676562
8 0.777083 0.692187 0.735417 0.710938 0.733333 0.715625 0.791667 0.825000 0.825000 0.843750 0.860417 0.825000 0.831250 0.757812
8 0.593750 0.757812 0.541667 0.795313 0.541667 0.800000 0.547917 0.810938 0.547917 0.815625 0.554167 0.829687 0.560417 0.828125 0.616667 0.800000 0.612500 0.795313 0.612500 0.792188 0.608333 0.787500 0.608333 0.784375 0.604167 0.779688 0.604167 0.776563 0.600000 0.771875
8 0.143750 0.762500 0.114583 0.765625 0.114583 0.778125 0.112500 0.779688 0.110417 0.790625 0.106250 0.796875 0.106250 0.801562 0.100000 0.815625 0.100000 0.825000 0.106250 0.837500 0.137500 0.839063 0.139583 0.840625 0.152083 0.812500 0.150000 0.810938
8 0.612500 0.820312 0.602083 0.820312 0.600000 0.821875 0.595833 0.829687 0.589583 0.835938 0.589583 0.853125 0.591667 0.854688 0.593750 0.854688 0.600000 0.860937 0.600000 0.862500 0.593750 0.870313 0.600000 0.865625 0.608333 0.865625 0.608333 0.860937 0.610417 0.859375 0.612500 0.851562 0.618750 0.843750 0.616667 0.842188 0.616667 0.835938 0.614583 0.834375 0.614583 0.826563 0.612500 0.825000
8 0.579167 0.971875 0.579167 0.976562 0.587500 0.987500 0.593750 0.987500 0.595833 0.985937 0.677083 0.985937 0.654167 0.951563 0.604167 0.951563 0.602083 0.953125 0.597917 0.953125
8 0.368750 0.954687 0.362500 0.954687 0.360417 0.956250 0.354167 0.956250 0.352083 0.957812 0.343750 0.957812 0.341667 0.959375 0.335417 0.959375 0.333333 0.960938 0.318750 0.962500 0.316667 0.964063 0.316667 0.970312 0.314583 0.971875 0.312500 0.985937 0.368750 0.985937 0.370833 0.987500 0.377083 0.987500 0.375000 0.985937 0.375000 0.979688 0.372917 0.978125 0.372917 0.970312 0.370833 0.968750