1 0.014583 0.100000 0.020833 0.357812 0.125000 0.373437 0.141667 0.526563 0.160417 0.482812 0.170833 0.503125 0.166667 0.481250 0.200000 0.476562 0.216667 0.445312 0.133333 0.442187 0.129167 0.381250 0.147917 0.371875 0.145833 0.357812 0.102083 0.359375 0.035417 0.284375 0.079167 0.262500 0.106250 0.196875 0.150000 0.215625 0.145833 0.128125
2 0.285417 0.018750 0.358333 0.082813 0.279167 0.070312 0.252083 0.223438 0.327083 0.232812 0.306250 0.385938 0.239583 0.382812 0.262500 0.543750 0.391667 0.567187 0.352083 0.520312 0.350000 0.190625 0.379167 0.265625 0.445833 0.203125 0.479167 0.240625 0.656250 0.254687 0.589583 0.275000 0.750000 0.259375 0.627083 0.293750 0.670833 0.337500 0.618750 0.340625 0.633333 0.370313 0.804167 0.382812 0.652083 0.412500 0.795833 0.385938 0.670833 0.439063 0.735417 0.532812 0.860417 0.492188 0.893750 0.514063 0.747917 0.567187 0.829167 0.659375 0.987500 0.631250 0.987500 0.015625 0.406250 0.017188 0.475000 0.023438 0.445833 0.110937 0.362500 0.017188
2 0.987500 0.634375 0.812500 0.690625 0.772917 0.729688 0.960417 0.714063 0.952083 0.739062 0.743750 0.762500 0.945833 0.800000 0.933333 0.820312 0.777083 0.771875 0.729167 0.840625 0.810417 0.860937 0.802083 0.878125 0.700000 0.859375 0.704167 0.846875 0.662500 0.881250 0.616667 0.885938 0.625000 0.945312 0.614583 0.920313 0.562500 0.923437 0.585417 0.948438 0.500000 0.982813 0.989583 0.989062
3 0.241667 0.692187 0.175000 0.693750 0.129167 0.706250 0.097917 0.765625 0.104167 0.821875 0.116667 0.848437 0.108333 0.850000 0.108333 0.854688 0.154167 0.834375 0.262500 0.817187 0.260417 0.754687 0.235417 0.743750 0.235417 0.714063
5 0.158333 0.226562 0.168750 0.256250 0.187500 0.251563 0.237500 0.260938 0.239583 0.290625 0.300000 0.300000 0.270833 0.290625 0.272917 0.270312 0.333333 0.262500 0.270833 0.250000 0.272917 0.243750 0.314583 0.245312 0.325000 0.239063 0.310417 0.232812 0.245833 0.232812 0.202083 0.218750
5 0.493750 0.271875 0.616667 0.535937 0.758333 0.550000 0.616667 0.539062 0.741667 0.737500 0.812500 0.689062 0.987500 0.632812 0.972917 0.618750 0.829167 0.660937 0.743750 0.567187 0.891667 0.514063 0.860417 0.493750 0.733333 0.532812 0.668750 0.439063 0.806250 0.401563 0.795833 0.387500 0.645833 0.420312 0.577083 0.409375 0.802083 0.382812 0.625000 0.370313 0.616667 0.335938 0.664583 0.348437 0.668750 0.332812 0.618750 0.315625 0.622917 0.295312 0.743750 0.278125 0.750000 0.260938
5 0.335417 0.328125 0.260417 0.314063 0.175000 0.335938 0.160417 0.379687 0.258333 0.371875 0.304167 0.384375 0.318750 0.367188 0.268750 0.365625 0.270833 0.335938 0.279167 0.334375 0.329167 0.346875
5 0.268750 0.471875 0.245833 0.468750 0.208333 0.478125 0.168750 0.481250 0.175000 0.520312 0.250000 0.517187 0.189583 0.529688 0.191667 0.576563 0.254167 0.578125 0.293750 0.560938 0.289583 0.551562 0.256250 0.556250 0.239583 0.554688 0.231250 0.546875 0.231250 0.526563 0.268750 0.518750 0.275000 0.512500 0.258333 0.503125 0.231250 0.506250 0.227083 0.489062 0.270833 0.482812
5 0.237500 0.587500 0.247917 0.604688 0.275000 0.592188 0.285417 0.579687 0.293750 0.587500 0.320833 0.593750 0.314583 0.598437 0.318750 0.651563 0.360417 0.660937 0.354167 0.679688 0.381250 0.671875 0.402083 0.714063 0.431250 0.718750 0.391667 0.639063 0.381250 0.667188 0.389583 0.598437 0.377083 0.587500 0.352083 0.589063 0.370833 0.578125 0.287500 0.573438
5 0.945833 0.801562 0.795833 0.767187 0.722917 0.770312 0.614583 0.837500 0.572917 0.887500 0.662500 0.879687 0.716667 0.831250 0.700000 0.857813 0.800000 0.878125 0.810417 0.862500 0.727083 0.840625 0.777083 0.770312 0.933333 0.818750
5 0.395833 0.796875 0.393750 0.820312 0.364583 0.834375 0.366667 0.885938 0.425000 0.895312 0.452083 0.893750 0.456250 0.892187 0.462500 0.823438 0.456250 0.801562
6 0.222917 0.010937 0.220833 0.029687 0.227083 0.046875 0.300000 0.065625 0.335417 0.085938 0.356250 0.082813 0.352083 0.050000 0.245833 0.045313 0.243750 0.040625 0.258333 0.012500
6 0.150000 0.140625 0.160417 0.176563 0.158333 0.218750 0.197917 0.215625 0.197917 0.175000 0.270833 0.184375 0.197917 0.167187 0.260417 0.157813 0.206250 0.153125
6 0.445833 0.204688 0.350000 0.410937 0.489583 0.889063 0.716667 0.764063 0.952083 0.737500 0.960417 0.715625 0.700000 0.734375 0.475000 0.259375 0.591667 0.253125 0.466667 0.240625
6 0.193750 0.254687 0.179167 0.293750 0.177083 0.328125 0.225000 0.320312 0.237500 0.312500 0.270833 0.312500 0.308333 0.318750 0.333333 0.310937 0.237500 0.300000 0.212500 0.260938 0.206250 0.256250
6 0.162500 0.482812 0.143750 0.550000 0.168750 0.693750 0.191667 0.682813 0.197917 0.662500 0.243750 0.662500 0.279167 0.814062 0.335417 0.792188 0.291667 0.582812 0.241667 0.660937 0.241667 0.635938 0.208333 0.634375 0.208333 0.595312 0.250000 0.581250 0.187500 0.576563
6 0.281250 0.853125 0.287500 0.853125 0.289583 0.851562 0.291667 0.851562 0.293750 0.850000 0.297917 0.850000 0.300000 0.848437 0.304167 0.848437 0.306250 0.846875 0.310417 0.846875 0.316667 0.842188 0.316667 0.840625 0.312500 0.837500 0.310417 0.837500 0.308333 0.835938 0.289583 0.835938 0.281250 0.842188
7 0.016667 0.014062 0.016667 0.090625 0.256250 0.148438 0.275000 0.060938 0.222917 0.045313 0.220833 0.014062
7 0.258333 0.017188 0.258333 0.020312 0.254167 0.025000 0.254167 0.028125 0.250000 0.032812 0.250000 0.035937 0.245833 0.040625 0.245833 0.043750 0.275000 0.043750 0.277083 0.045313 0.277083 0.043750 0.279167 0.042188 0.279167 0.034375 0.281250 0.032812 0.281250 0.023438 0.279167 0.023438 0.277083 0.021875 0.272917 0.021875 0.270833 0.020312 0.266667 0.020312 0.264583 0.018750 0.260417 0.018750
7 0.016667 0.367188 0.020833 0.853125 0.052083 0.837500 0.072917 0.856250 0.114583 0.848437 0.083333 0.768750 0.116667 0.709375 0.160417 0.695312 0.104167 0.375000
8 0.364583 0.015625 0.370833 0.028125 0.381250 0.067188 0.445833 0.109375 0.472917 0.023438
8 0.112500 0.209375 0.106250 0.210938 0.087500 0.232812 0.083333 0.271875 0.045833 0.273438 0.060417 0.318750 0.093750 0.351562 0.152083 0.346875 0.168750 0.318750 0.135417 0.309375 0.150000 0.298438 0.177083 0.298438 0.177083 0.278125 0.143750 0.256250 0.143750 0.228125 0.137500 0.217187
8 0.139583 0.385938 0.143750 0.434375 0.212500 0.445312 0.225000 0.434375 0.225000 0.431250 0.206250 0.410937 0.210417 0.407813 0.247917 0.406250 0.220833 0.387500 0.183333 0.389062 0.181250 0.390625
8 0.270833 0.703125 0.270833 0.712500 0.272917 0.714063 0.272917 0.726562 0.275000 0.728125 0.275000 0.740625 0.279167 0.740625 0.285417 0.737500 0.289583 0.737500 0.291667 0.735937 0.293750 0.735937 0.295833 0.734375 0.302083 0.732813 0.302083 0.731250 0.293750 0.725000 0.293750 0.723437 0.285417 0.717188 0.285417 0.715625 0.275000 0.707812 0.275000 0.706250
8 0.616667 0.889063 0.562500 0.890625 0.554167 0.881250 0.220833 0.912500 0.139583 0.881250 0.210417 0.867188 0.289583 0.832812 0.333333 0.831250 0.354167 0.812500 0.341667 0.795313 0.077083 0.865625 0.043750 0.842188 0.014583 0.864062 0.020833 0.929688 0.054167 0.940625 0.087500 0.989062 0.452083 0.989062 0.572917 0.948438 0.552083 0.923437 0.612500 0.918750
8 0.339583 0.842188 0.335417 0.842188 0.325000 0.846875 0.320833 0.846875 0.310417 0.851562 0.306250 0.851562 0.300000 0.854688 0.295833 0.854688 0.287500 0.857813 0.287500 0.889063 0.295833 0.889063 0.297917 0.887500 0.306250 0.887500 0.308333 0.885938 0.316667 0.885938 0.318750 0.884375 0.327083 0.884375 0.329167 0.882812 0.347917 0.881250 0.345833 0.879687 0.345833 0.871875 0.343750 0.870313 0.343750 0.860937 0.341667 0.859375