1 0.331250 0.015625 0.204167 0.014062 0.250000 0.025000 0.237500 0.076563 0.135417 0.051562 0.145833 0.014062 0.012500 0.014062 0.012500 0.184375 0.014583 0.157813 0.045833 0.165625 0.045833 0.215625 0.014583 0.207813 0.016667 0.395312 0.129167 0.406250 0.141667 0.590625 0.164583 0.582812 0.147917 0.553125 0.168750 0.531250 0.216667 0.531250 0.241667 0.495313 0.216667 0.503125 0.158333 0.478125 0.162500 0.410937 0.143750 0.387500 0.062500 0.375000 0.041667 0.293750 0.060417 0.273438 0.093750 0.289062 0.083333 0.245312 0.116667 0.206250 0.166667 0.206250 0.189583 0.145313 0.295833 0.153125
1 0.145833 0.817187 0.016667 0.821875 0.014583 0.984375 0.104167 0.982813 0.106250 0.884375
2 0.989583 0.010937 0.618750 0.015625 0.570833 0.092188 0.491667 0.046875 0.462500 0.060938 0.427083 0.050000 0.427083 0.032812 0.350000 0.015625 0.506250 0.348437 0.514583 0.315625 0.554167 0.282813 0.641667 0.293750 0.706250 0.200000 0.758333 0.201562 0.812500 0.264062 0.987500 0.276563
2 0.339583 0.017188 0.302083 0.129688 0.337500 0.198437 0.291667 0.203125 0.287500 0.231250 0.383333 0.243750 0.397917 0.279687 0.387500 0.296875 0.358333 0.295312 0.356250 0.315625 0.393750 0.325000 0.408333 0.371875 0.366667 0.395312 0.385417 0.398438 0.377083 0.437500 0.264583 0.420312 0.268750 0.462500 0.304167 0.465625 0.316667 0.534375 0.264583 0.573438 0.304167 0.565625 0.318750 0.579687 0.293750 0.621875 0.329167 0.623438 0.300000 0.651563 0.341667 0.665625 0.302083 0.673437 0.304167 0.698438 0.522917 0.678125 0.541667 0.582812 0.491667 0.490625 0.539583 0.429688
2 0.564583 0.726562 0.575000 0.739062 0.547917 0.740625 0.562500 0.750000 0.562500 0.753125 0.550000 0.775000 0.541667 0.764063 0.541667 0.795313 0.543750 0.807813 0.568750 0.818750 0.616667 0.807813 0.583333 0.729688
2 0.427083 0.825000 0.441667 0.895312 0.518750 0.882812 0.537500 0.904688 0.489583 0.912500 0.479167 0.928125 0.452083 0.928125 0.466667 0.948438 0.483333 0.948438 0.497917 0.959375 0.495833 0.965625 0.466667 0.973437 0.466667 0.985937 0.614583 0.985937 0.583333 0.939062 0.575000 0.871875 0.604167 0.859375 0.625000 0.839063 0.589583 0.851562 0.522917 0.860937 0.508333 0.856250 0.464583 0.860937 0.445833 0.825000
3 0.081250 0.295312 0.070833 0.373437 0.147917 0.384375 0.162500 0.365625 0.168750 0.345313 0.172917 0.310937 0.133333 0.303125 0.118750 0.314063 0.114583 0.309375 0.108333 0.309375 0.097917 0.295312
3 0.293750 0.807813 0.191667 0.814062 0.160417 0.837500 0.145833 0.831250 0.110417 0.876562 0.108333 0.989062 0.331250 0.985937 0.318750 0.921875 0.304167 0.921875 0.277083 0.896875 0.287500 0.859375 0.306250 0.846875
5 0.181250 0.235938 0.168750 0.262500 0.170833 0.285937 0.214583 0.298438 0.227083 0.268750 0.262500 0.275000 0.270833 0.271875 0.272917 0.303125 0.295833 0.325000 0.368750 0.328125 0.364583 0.323438 0.318750 0.320312 0.316667 0.304688 0.356250 0.314063 0.356250 0.290625 0.360417 0.287500 0.379167 0.296875 0.387500 0.273438 0.368750 0.270312 0.379167 0.268750 0.379167 0.246875 0.306250 0.246875 0.210417 0.225000
5 0.633333 0.290625 0.554167 0.284375 0.514583 0.318750 0.508333 0.365625 0.568750 0.387500
5 0.893750 0.300000 0.891667 0.304688 0.920833 0.362500 0.900000 0.371875 0.987500 0.498437 0.987500 0.301562
5 0.395833 0.367188 0.383333 0.360938 0.331250 0.360938 0.322917 0.343750 0.291667 0.340625 0.283333 0.362500 0.227083 0.350000 0.200000 0.368750 0.197917 0.378125 0.197917 0.360938 0.168750 0.362500 0.162500 0.392188 0.170833 0.410937 0.189583 0.420312 0.237500 0.417188 0.258333 0.409375 0.308333 0.409375 0.370833 0.426562 0.370833 0.404687 0.308333 0.400000 0.322917 0.392188 0.352083 0.401563 0.356250 0.381250 0.389583 0.389062
5 0.304167 0.535937 0.275000 0.529688 0.264583 0.529688 0.237500 0.537500 0.193750 0.539062 0.185417 0.545313 0.177083 0.560938 0.193750 0.582812 0.231250 0.582812 0.256250 0.575000 0.256250 0.550000 0.264583 0.540625
5 0.302083 0.575000 0.241667 0.589063 0.200000 0.590625 0.189583 0.610937 0.200000 0.625000 0.235417 0.628125 0.239583 0.631250 0.239583 0.654688 0.260417 0.651563 0.254167 0.648438 0.320833 0.626562 0.277083 0.634375 0.262500 0.632812 0.264583 0.618750 0.287500 0.618750 0.297917 0.609375 0.268750 0.598437 0.306250 0.585938 0.308333 0.582812
5 0.535417 0.589063 0.525000 0.632812 0.529167 0.692187 0.575000 0.703125 0.525000 0.709375 0.510417 0.725000 0.414583 0.735937 0.433333 0.821875 0.456250 0.826563 0.468750 0.853125 0.508333 0.846875 0.533333 0.856250 0.589583 0.848437 0.520833 0.842188 0.533333 0.826563 0.554167 0.839063 0.629167 0.829687 0.622917 0.815625 0.568750 0.828125 0.545833 0.818750 0.533333 0.762500 0.552083 0.767187 0.556250 0.753125 0.535417 0.751562 0.518750 0.739062 0.535417 0.721875 0.587500 0.715625
5 0.514583 0.676562 0.493750 0.671875 0.431250 0.698438 0.325000 0.696875 0.310417 0.706250 0.312500 0.723437 0.347917 0.731250 0.364583 0.704687 0.389583 0.698438 0.397917 0.734375 0.402083 0.735937 0.439583 0.726562 0.439583 0.714063
5 0.633333 0.848437 0.577083 0.871875 0.585417 0.939062 0.618750 0.987500 0.695833 0.985937
5 0.302083 0.851562 0.291667 0.857813 0.291667 0.860937 0.289583 0.862500 0.289583 0.893750 0.291667 0.895312 0.291667 0.898438 0.297917 0.907812 0.297917 0.910937 0.300000 0.912500 0.302083 0.918750 0.304167 0.920313 0.318750 0.920313 0.316667 0.918750 0.316667 0.910937 0.314583 0.909375 0.314583 0.900000 0.312500 0.898438 0.312500 0.890625 0.310417 0.889063 0.310417 0.879687 0.308333 0.878125 0.308333 0.870313 0.306250 0.868750 0.306250 0.859375 0.304167 0.857813 0.304167 0.851562
5 0.525000 0.887500 0.518750 0.887500 0.510417 0.890625 0.504167 0.890625 0.495833 0.893750 0.489583 0.893750 0.481250 0.896875 0.475000 0.896875 0.466667 0.900000 0.454167 0.901563 0.454167 0.920313 0.481250 0.920313 0.481250 0.917188 0.487500 0.910937 0.500000 0.909375 0.508333 0.906250 0.514583 0.906250 0.522917 0.903125 0.529167 0.903125 0.527083 0.901563
5 0.491667 0.953125 0.479167 0.953125 0.477083 0.954687 0.464583 0.954687 0.462500 0.956250 0.454167 0.956250 0.458333 0.959375 0.458333 0.960938 0.462500 0.964063 0.462500 0.965625 0.466667 0.968750 0.466667 0.970312 0.468750 0.968750 0.472917 0.968750 0.475000 0.967188 0.481250 0.967188 0.483333 0.965625 0.487500 0.965625 0.489583 0.964063 0.495833 0.964063 0.493750 0.962500 0.493750 0.957812 0.491667 0.956250
6 0.175000 0.232812 0.193750 0.221875 0.227083 0.225000 0.233333 0.198437 0.225000 0.181250 0.325000 0.195312 0.304167 0.179688 0.222917 0.168750 0.210417 0.159375 0.304167 0.171875 0.295833 0.162500 0.187500 0.150000 0.172917 0.212500
6 0.725000 0.201562 0.502083 0.495313 0.697917 0.984375 0.989583 0.989062 0.989583 0.503125 0.829167 0.295312 0.987500 0.300000 0.987500 0.281250 0.812500 0.267188 0.762500 0.206250
6 0.227083 0.271875 0.212500 0.315625 0.212500 0.323438 0.225000 0.348437 0.272917 0.357812 0.291667 0.339063 0.320833 0.340625 0.331250 0.350000 0.383333 0.348437 0.381250 0.328125 0.320833 0.329688 0.295833 0.326562 0.291667 0.321875 0.270833 0.320312 0.266667 0.317187 0.262500 0.276563
6 0.333333 0.660937 0.222917 0.659375 0.202083 0.635938 0.181250 0.635938 0.160417 0.703125 0.160417 0.756250 0.183333 0.768750 0.166667 0.818750 0.293750 0.796875 0.287500 0.789062 0.235417 0.789062 0.239583 0.768750 0.327083 0.754687 0.343750 0.732813 0.245833 0.731250 0.235417 0.671875
6 0.381250 0.704687 0.300000 0.790625 0.333333 0.987500 0.379167 0.985937 0.379167 0.976562 0.418750 0.954687 0.425000 0.984375 0.460417 0.984375 0.400000 0.743750
7 0.147917 0.010937 0.135417 0.050000 0.237500 0.075000 0.247917 0.025000 0.193750 0.012500
7 0.014583 0.159375 0.014583 0.206250 0.022917 0.209375 0.027083 0.209375 0.033333 0.212500 0.037500 0.212500 0.043750 0.215625 0.043750 0.165625 0.041667 0.164062 0.035417 0.164062 0.027083 0.160938 0.020833 0.160938 0.018750 0.159375
7 0.122917 0.404687 0.014583 0.400000 0.016667 0.748438 0.031250 0.748438 0.039583 0.662500 0.131250 0.656250 0.131250 0.642187 0.116667 0.635938 0.116667 0.601562 0.139583 0.595312
8 0.485417 0.012500 0.493750 0.050000 0.570833 0.090625 0.612500 0.012500
8 0.362500 0.015625 0.427083 0.031250 0.431250 0.034375 0.431250 0.051562 0.462500 0.059375 0.485417 0.040625 0.472917 0.017188 0.439583 0.017188 0.433333 0.021875 0.395833 0.015625
8 0.050000 0.179688 0.050000 0.184375 0.052083 0.185937 0.052083 0.190625 0.054167 0.192188 0.054167 0.196875 0.056250 0.198437 0.060417 0.198437 0.062500 0.200000 0.068750 0.200000 0.070833 0.201562 0.077083 0.201562 0.079167 0.203125 0.079167 0.185937 0.077083 0.184375 0.070833 0.184375 0.068750 0.182812 0.064583 0.182812 0.062500 0.181250 0.056250 0.181250 0.054167 0.179688
8 0.114583 0.214062 0.091667 0.243750 0.093750 0.284375 0.110417 0.309375 0.127083 0.296875 0.175000 0.309375 0.206250 0.314063 0.204167 0.296875 0.164583 0.284375 0.164583 0.264062 0.177083 0.240625 0.160417 0.215625
8 0.062500 0.281250 0.058333 0.282813 0.058333 0.284375 0.047917 0.293750 0.047917 0.306250 0.050000 0.307813 0.050000 0.318750 0.052083 0.320312 0.052083 0.331250 0.054167 0.332812 0.054167 0.343750 0.054167 0.340625 0.058333 0.334375 0.058333 0.329688 0.060417 0.328125 0.060417 0.323438 0.064583 0.317187 0.064583 0.312500 0.068750 0.306250 0.070833 0.295312 0.072917 0.293750 0.072917 0.289062
8 0.160417 0.412500 0.160417 0.478125 0.220833 0.495313 0.247917 0.485938 0.243750 0.471875 0.252083 0.471875 0.252083 0.492188 0.214583 0.525000 0.225000 0.531250 0.260417 0.526563 0.306250 0.532812 0.295833 0.471875 0.252083 0.470313 0.266667 0.467187 0.260417 0.421875 0.189583 0.421875
8 0.118750 0.601562 0.118750 0.607813 0.120833 0.609375 0.120833 0.615625 0.122917 0.617188 0.122917 0.623438 0.125000 0.625000 0.127083 0.639063 0.129167 0.640625 0.152083 0.642187 0.154167 0.643750 0.164583 0.643750 0.166667 0.645312 0.166667 0.640625 0.170833 0.634375 0.172917 0.623438 0.177083 0.617188 0.177083 0.609375 0.172917 0.603125 0.168750 0.600000 0.164583 0.592188 0.162500 0.590625 0.158333 0.590625 0.145833 0.595312 0.141667 0.595312 0.139583 0.596875 0.129167 0.598437 0.122917 0.601562
8 0.164583 0.659375 0.047917 0.665625 0.037500 0.700000 0.033333 0.748438 0.025000 0.750000 0.025000 0.820312 0.158333 0.806250 0.179167 0.778125 0.179167 0.773438 0.158333 0.756250 0.158333 0.701563
8 0.206250 0.826563 0.206250 0.862500 0.210417 0.862500 0.212500 0.860937 0.218750 0.860937 0.220833 0.859375 0.225000 0.859375 0.227083 0.857813 0.233333 0.857813 0.235417 0.856250 0.239583 0.856250 0.241667 0.854688 0.247917 0.854688 0.245833 0.853125 0.245833 0.848437 0.243750 0.846875 0.243750 0.842188 0.241667 0.840625 0.241667 0.835938 0.239583 0.834375 0.239583 0.829687 0.237500 0.828125 0.237500 0.825000 0.208333 0.825000
8 0.381250 0.864062 0.360417 0.865625 0.360417 0.882812 0.362500 0.884375 0.362500 0.901563 0.364583 0.903125 0.364583 0.920313 0.366667 0.921875 0.366667 0.939062 0.368750 0.940625 0.395833 0.934375 0.393750 0.932813 0.393750 0.923437 0.391667 0.921875 0.391667 0.914062 0.389583 0.912500 0.389583 0.903125 0.387500 0.901563 0.387500 0.893750 0.385417 0.892187 0.385417 0.882812 0.383333 0.881250
8 0.260417 0.882812 0.239583 0.882812 0.175000 0.896875 0.162500 0.917188 0.162500 0.923437 0.181250 0.965625 0.258333 0.950000 0.258333 0.889063
8 0.418750 0.956250 0.416667 0.956250 0.410417 0.960938 0.408333 0.960938 0.404167 0.964063 0.402083 0.964063 0.395833 0.968750 0.393750 0.968750 0.387500 0.973437 0.385417 0.973437 0.381250 0.976562 0.381250 0.987500 0.425000 0.987500 0.422917 0.985937 0.422917 0.976562 0.420833 0.975000 0.420833 0.965625 0.418750 0.964063