1 0.014583 0.010937 0.014583 0.410937 0.033333 0.293750 0.066667 0.343750 0.045833 0.481250 0.014583 0.440625 0.014583 0.990625 0.097917 0.989062 0.156250 0.396875 0.381250 0.379687 0.377083 0.364062 0.150000 0.367188
1 0.037500 0.014062 0.154167 0.362500 0.377083 0.356250 0.362500 0.307813 0.337500 0.301562 0.337500 0.268750 0.250000 0.260938 0.214583 0.010937
1 0.264583 0.396875 0.164583 0.404687 0.133333 0.807813 0.360417 0.803125 0.364583 0.773438 0.262500 0.776563
1 0.562500 0.987500 0.550000 0.939062 0.231250 0.965625 0.227083 0.989062
2 0.866667 0.067188 0.843750 0.090625 0.947917 0.312500 0.985417 0.315625 0.981250 0.085938
2 0.887500 0.232812 0.841667 0.293750 0.658333 0.282813 0.700000 0.404687 0.575000 0.550000 0.510417 0.565625 0.512500 0.593750 0.570833 0.610937 0.550000 0.625000 0.570833 0.626562 0.550000 0.715625 0.608333 0.718750 0.604167 0.934375 0.677083 0.960938 0.689583 0.987500 0.716667 0.985937 0.741667 0.935938 0.762500 0.987500 0.985417 0.979688 0.987500 0.657812 0.966667 0.603125 0.916667 0.604688 0.881250 0.579687 0.887500 0.546875 0.929167 0.545313 0.847917 0.512500 0.862500 0.489062 0.904167 0.484375 0.929167 0.432813 0.872917 0.396875 0.881250 0.328125 0.933333 0.317187
3 0.597917 0.018750 0.620833 0.087500 0.612500 0.114063 0.637500 0.234375 0.627083 0.276563 0.835417 0.289062 0.885417 0.218750 0.831250 0.093750 0.804167 0.093750 0.789583 0.075000 0.787500 0.054688 0.743750 0.060938 0.718750 0.012500
3 0.381250 0.168750 0.381250 0.206250 0.389583 0.210938 0.389583 0.220313 0.391667 0.221875 0.435417 0.221875 0.437500 0.200000 0.439583 0.198437 0.437500 0.196875 0.437500 0.192188 0.435417 0.190625 0.435417 0.185937 0.433333 0.184375 0.431250 0.175000 0.397917 0.175000
3 0.447917 0.203125 0.456250 0.339063 0.543750 0.343750 0.520833 0.345313 0.522917 0.414062 0.497917 0.417188 0.489583 0.434375 0.489583 0.500000 0.472917 0.535937 0.564583 0.540625 0.681250 0.395312 0.668750 0.348437 0.547917 0.345313 0.556250 0.314063 0.543750 0.309375 0.550000 0.278125 0.535417 0.207813
3 0.414583 0.323438 0.404167 0.395312 0.416667 0.506250 0.393750 0.512500 0.393750 0.579687 0.493750 0.575000 0.504167 0.548437 0.462500 0.550000 0.435417 0.523438 0.435417 0.501562 0.462500 0.492188 0.495833 0.410937 0.491667 0.354688 0.456250 0.346875 0.443750 0.325000
3 0.600000 0.728125 0.489583 0.732813 0.487500 0.740625 0.497917 0.776563 0.466667 0.798437 0.533333 0.801562 0.608333 0.764063
5 0.727083 0.015625 0.727083 0.018750 0.729167 0.020312 0.729167 0.025000 0.731250 0.026563 0.731250 0.031250 0.745833 0.053125 0.758333 0.053125 0.760417 0.054688 0.764583 0.053125 0.785417 0.053125 0.783333 0.051562 0.783333 0.048437 0.781250 0.046875 0.781250 0.043750 0.779167 0.042188 0.779167 0.039062 0.777083 0.037500 0.777083 0.034375 0.775000 0.032812 0.775000 0.029687 0.772917 0.028125 0.772917 0.025000 0.770833 0.023438 0.768750 0.015625
6 0.781250 0.017188 0.800000 0.071875 0.818750 0.089062 0.843750 0.075000 0.850000 0.060938 0.989583 0.079687 0.987500 0.059375 0.868750 0.046875 0.866667 0.040625 0.875000 0.015625
6 0.470833 0.607813 0.468750 0.637500 0.477083 0.639063 0.477083 0.679688 0.470833 0.679688 0.470833 0.685938 0.477083 0.687500 0.479167 0.678125 0.483333 0.681250 0.543750 0.681250 0.539583 0.676562 0.481250 0.673437 0.481250 0.618750 0.485417 0.615625 0.543750 0.614062 0.543750 0.610937 0.481250 0.609375 0.477083 0.612500
7 0.229167 0.014062 0.262500 0.256250 0.418750 0.265625 0.422917 0.228125 0.383333 0.220313 0.370833 0.200000 0.370833 0.179688 0.381250 0.165625 0.433333 0.173438 0.450000 0.015625
7 0.035417 0.293750 0.014583 0.412500 0.014583 0.439063 0.043750 0.481250 0.064583 0.343750
7 0.120833 0.328125 0.120833 0.340625 0.108333 0.412500 0.108333 0.428125 0.122917 0.457812 0.133333 0.354688
7 0.272917 0.400000 0.272917 0.429688 0.275000 0.434375 0.281250 0.434375 0.283333 0.432813 0.366667 0.432813 0.364583 0.428125 0.364583 0.400000
7 0.368750 0.440625 0.281250 0.443750 0.268750 0.776563 0.422917 0.757812 0.418750 0.587500 0.377083 0.585938
7 0.091667 0.560938 0.079167 0.701563 0.100000 0.715625 0.112500 0.584375
7 0.016667 0.764063 0.016667 0.871875 0.025000 0.876562 0.031250 0.820312 0.033333 0.818750 0.033333 0.806250 0.035417 0.804688 0.035417 0.792188 0.037500 0.790625 0.037500 0.775000
7 0.539583 0.926562 0.527083 0.914062 0.485417 0.912500 0.475000 0.896875 0.431250 0.892187 0.429167 0.868750 0.460417 0.853125 0.472917 0.804688 0.114583 0.835938 0.108333 0.960938
7 0.214583 0.968750 0.127083 0.970312 0.125000 0.971875 0.120833 0.971875 0.114583 0.987500 0.214583 0.987500
8 0.600000 0.050000 0.568750 0.050000 0.552083 0.092188 0.554167 0.118750 0.593750 0.121875 0.545833 0.123438 0.543750 0.131250 0.512500 0.123438 0.514583 0.145313 0.537500 0.150000 0.543750 0.159375 0.562500 0.159375 0.541667 0.206250 0.552083 0.276563 0.562500 0.287500 0.606250 0.282813 0.631250 0.251563 0.618750 0.167187 0.600000 0.160938 0.608333 0.140625 0.595833 0.117188 0.610417 0.081250
8 0.447917 0.165625 0.447917 0.195312 0.527083 0.195312 0.529167 0.196875 0.537500 0.196875 0.535417 0.195312 0.535417 0.189063 0.533333 0.187500 0.533333 0.179688 0.531250 0.178125 0.529167 0.164062 0.456250 0.164062 0.454167 0.165625
8 0.493750 0.362500 0.493750 0.378125 0.495833 0.379687 0.495833 0.407813 0.497917 0.409375 0.497917 0.410937 0.518750 0.410937 0.522917 0.407813 0.522917 0.406250 0.520833 0.404687 0.520833 0.390625 0.518750 0.389062 0.518750 0.375000 0.516667 0.373437 0.516667 0.360938 0.506250 0.360938 0.504167 0.362500
8 0.931250 0.450000 0.906250 0.496875 0.879167 0.496875 0.860417 0.504687 0.864583 0.509375 0.902083 0.510938 0.985417 0.581250 0.987500 0.459375 0.970833 0.445312
8 0.685417 0.901563 0.685417 0.906250 0.687500 0.907812 0.687500 0.914062 0.689583 0.915625 0.689583 0.921875 0.691667 0.923437 0.691667 0.929688 0.704167 0.929688 0.706250 0.928125 0.718750 0.928125 0.720833 0.926562 0.731250 0.926562 0.731250 0.925000 0.739583 0.914062 0.739583 0.910937 0.735417 0.907812 0.735417 0.906250 0.729167 0.900000 0.689583 0.900000 0.687500 0.901563
8 0.725000 0.943750 0.725000 0.946875 0.727083 0.948438 0.727083 0.951563 0.729167 0.953125 0.729167 0.954687 0.731250 0.956250 0.731250 0.959375 0.735417 0.964063 0.756250 0.964063 0.756250 0.959375 0.758333 0.957812 0.758333 0.950000 0.750000 0.943750 0.750000 0.942187 0.743750 0.937500 0.741667 0.937500 0.739583 0.939062 0.737500 0.939062 0.735417 0.940625 0.733333 0.940625 0.731250 0.942187 0.729167 0.942187 0.727083 0.943750