1 0.985417 0.010937 0.875000 0.014062 0.847917 0.150000 0.925000 0.173438 0.987500 0.067188
1 0.014583 0.117188 0.014583 0.987500 0.037500 0.989062 0.052083 0.200000
2 0.985417 0.843750 0.972917 0.862500 0.852083 0.870313 0.833333 0.889063 0.714583 0.906250 0.712500 0.920313 0.697917 0.921875 0.687500 0.907812 0.670833 0.948438 0.631250 0.987500 0.989583 0.989062
5 0.906250 0.506250 0.837500 0.575000 0.806250 0.562500 0.779167 0.631250 0.729167 0.642187 0.716667 0.653125 0.706250 0.784375 0.852083 0.784375 0.877083 0.768750 0.979167 0.787500 0.981250 0.776563 0.881250 0.760938 0.927083 0.596875 0.985417 0.595312 0.985417 0.584375 0.931250 0.579687 0.895833 0.598437 0.850000 0.576563
5 0.475000 0.784375 0.420833 0.800000 0.410417 0.795313 0.404167 0.823438 0.354167 0.839063 0.352083 0.871875 0.410417 0.875000 0.420833 0.864062 0.429167 0.870313 0.489583 0.878125 0.487500 0.870313 0.435417 0.867188 0.422917 0.859375 0.425000 0.818750 0.429167 0.815625 0.489583 0.826563 0.485417 0.815625 0.427083 0.804688
5 0.452083 0.898438 0.418750 0.921875 0.412500 0.931250 0.406250 0.923437 0.400000 0.964063 0.356250 0.975000 0.345833 0.985937 0.416667 0.984375 0.422917 0.957812 0.427083 0.954687 0.495833 0.970312 0.495833 0.967188 0.445833 0.948438 0.420833 0.943750 0.422917 0.932813 0.456250 0.903125
6 0.872917 0.015625 0.695833 0.017188 0.600000 0.154687 0.489583 0.150000 0.468750 0.242188 0.525000 0.223438 0.529167 0.250000 0.587500 0.251563 0.597917 0.309375 0.641667 0.203125 0.710417 0.198437 0.691667 0.403125 0.577083 0.400000 0.570833 0.467187 0.522917 0.471875 0.554167 0.628125 0.608333 0.626562 0.614583 0.582812 0.677083 0.598437 0.652083 0.793750 0.547917 0.717188 0.531250 0.775000 0.487500 0.775000 0.570833 0.985937 0.627083 0.987500 0.691667 0.873438 0.985417 0.834375 0.941667 0.792188 0.693750 0.789062 0.708333 0.654688 0.822917 0.560938 0.833333 0.443750 0.729167 0.409375 0.752083 0.259375 0.793750 0.251563 0.812500 0.165625 0.918750 0.173438 0.845833 0.150000
7 0.479167 0.167187 0.458333 0.198437 0.458333 0.215625 0.460417 0.217187 0.460417 0.229687 0.470833 0.220313 0.470833 0.218750 0.475000 0.215625 0.479167 0.209375 0.489583 0.200000 0.487500 0.198437 0.487500 0.192188 0.485417 0.190625 0.485417 0.184375 0.483333 0.182812 0.483333 0.176563 0.481250 0.175000 0.481250 0.168750
7 0.693750 0.193750 0.658333 0.203125 0.647917 0.209375 0.631250 0.398438 0.683333 0.395312 0.702083 0.196875
7 0.458333 0.240625 0.456250 0.239063 0.456250 0.237500 0.454167 0.235938 0.454167 0.234375 0.450000 0.231250 0.450000 0.229687 0.447917 0.228125 0.447917 0.226562 0.445833 0.225000 0.443750 0.225000 0.439583 0.228125 0.437500 0.228125 0.433333 0.231250 0.431250 0.231250 0.425000 0.235938 0.422917 0.235938 0.420833 0.237500 0.429167 0.237500 0.431250 0.239063 0.443750 0.239063 0.445833 0.240625
7 0.620833 0.589063 0.600000 0.767187 0.610417 0.775000 0.647917 0.789062 0.672917 0.601562 0.631250 0.589063
7 0.341667 0.903125 0.341667 0.906250 0.339583 0.907812 0.339583 0.912500 0.337500 0.914062 0.337500 0.931250 0.335417 0.932813 0.335417 0.962500 0.339583 0.967188 0.339583 0.951563 0.341667 0.950000 0.341667 0.932813 0.343750 0.931250 0.343750 0.915625 0.345833 0.914062 0.345833 0.912500 0.343750 0.910937 0.343750 0.907812 0.341667 0.906250
8 0.452083 0.153125 0.445833 0.153125 0.439583 0.143750 0.418750 0.160938 0.337500 0.145313 0.329167 0.181250 0.406250 0.196875 0.393750 0.207813 0.370833 0.200000 0.329167 0.198437 0.322917 0.201562 0.318750 0.225000 0.385417 0.229687 0.412500 0.198437 0.412500 0.237500 0.420833 0.226562 0.420833 0.198437 0.410417 0.189063 0.437500 0.160938 0.437500 0.196875 0.450000 0.189063
8 0.410417 0.243750 0.395833 0.451562 0.554167 0.456250 0.564583 0.384375 0.600000 0.385938 0.602083 0.406250 0.631250 0.410937 0.625000 0.382812 0.633333 0.318750 0.608333 0.340625 0.577083 0.335938 0.583333 0.257812
8 0.302083 0.387500 0.300000 0.389062 0.295833 0.457812 0.347917 0.459375 0.352083 0.460938 0.356250 0.418750 0.358333 0.417188 0.358333 0.404687 0.360417 0.403125 0.360417 0.389062 0.354167 0.387500
8 0.675000 0.481250 0.675000 0.489062 0.677083 0.490625 0.677083 0.496875 0.679167 0.498437 0.683333 0.498437 0.685417 0.500000 0.697917 0.500000 0.700000 0.498437 0.702083 0.498437 0.704167 0.496875 0.708333 0.496875 0.708333 0.485938 0.702083 0.481250 0.700000 0.481250 0.697917 0.479688 0.693750 0.479688 0.691667 0.478125 0.689583 0.478125 0.687500 0.476562 0.681250 0.476562
8 0.291667 0.510938 0.289583 0.514063 0.287500 0.581250 0.339583 0.581250 0.347917 0.582812 0.347917 0.518750 0.350000 0.512500 0.343750 0.510938
8 0.393750 0.589063 0.372917 0.770312 0.527083 0.765625 0.541667 0.675000 0.560417 0.678125 0.560417 0.709375 0.593750 0.735937 0.606250 0.640625 0.583333 0.620313 0.566667 0.639063 0.547917 0.640625 0.545833 0.592188
8 0.327083 0.778125 0.302083 0.778125 0.300000 0.779688 0.275000 0.779688 0.270833 0.785937 0.270833 0.839063 0.327083 0.839063 0.327083 0.810938 0.333333 0.806250 0.341667 0.804688 0.345833 0.795313 0.343750 0.790625 0.329167 0.790625 0.327083 0.789062
8 0.622917 0.800000 0.620833 0.801562 0.620833 0.803125 0.618750 0.804688 0.618750 0.806250 0.614583 0.810938 0.614583 0.828125 0.616667 0.829687 0.616667 0.831250 0.618750 0.832812 0.620833 0.837500 0.627083 0.837500 0.629167 0.839063 0.633333 0.839063 0.635417 0.840625 0.637500 0.839063 0.639583 0.839063 0.639583 0.837500 0.641667 0.835938 0.639583 0.834375 0.639583 0.826563 0.637500 0.825000 0.637500 0.815625 0.633333 0.810938 0.633333 0.807813 0.631250 0.806250 0.631250 0.803125 0.629167 0.801562 0.629167 0.800000
8 0.264583 0.875000 0.262500 0.929688 0.266667 0.928125 0.316667 0.928125 0.316667 0.915625 0.318750 0.914062 0.318750 0.900000 0.320833 0.896875 0.331250 0.893750 0.335417 0.896875 0.335417 0.901563 0.341667 0.893750 0.343750 0.887500 0.335417 0.875000 0.322917 0.876562 0.320833 0.871875 0.270833 0.871875
8 0.839583 0.873438 0.693750 0.881250 0.691667 0.882812 0.691667 0.901563 0.697917 0.914062 0.702083 0.915625 0.708333 0.914062 0.708333 0.904688 0.712500 0.901563 0.835417 0.881250