1 0.016667 0.014062 0.016667 0.228125 0.033333 0.278125 0.016667 0.292188 0.018750 0.370313 0.060417 0.456250 0.060417 0.514063 0.097917 0.518750 0.100000 0.550000 0.162500 0.545313 0.052083 0.014062
1 0.064583 0.557813 0.058333 0.571875 0.112500 0.573438 0.110417 0.629687 0.043750 0.631250 0.018750 0.656250 0.018750 0.989062 0.516667 0.982813 0.504167 0.939062 0.106250 0.978125 0.162500 0.551562
2 0.656250 0.018750 0.587500 0.037500 0.579167 0.148438 0.600000 0.167187 0.575000 0.212500 0.604167 0.225000 0.572917 0.303125 0.608333 0.315625 0.570833 0.335938 0.602083 0.375000 0.579167 0.382812 0.581250 0.409375 0.562500 0.401563 0.575000 0.451562 0.550000 0.475000 0.583333 0.482812 0.622917 0.548437 0.741667 0.540625 0.814583 0.643750 0.887500 0.639063 0.920833 0.496875 0.802083 0.332812 0.837500 0.293750 0.822917 0.262500 0.860417 0.264062 0.904167 0.164062 0.875000 0.157813 0.895833 0.014062
5 0.597917 0.157813 0.564583 0.159375 0.547917 0.153125 0.552083 0.148438 0.547917 0.140625 0.506250 0.156250 0.491667 0.167187 0.441667 0.178125 0.447917 0.221875 0.510417 0.220313 0.520833 0.228125 0.593750 0.235938 0.597917 0.228125 0.520833 0.220313 0.520833 0.164062 0.575000 0.159375 0.597917 0.167187
5 0.579167 0.273438 0.514583 0.282813 0.504167 0.314063 0.452083 0.328125 0.452083 0.362500 0.514583 0.364062 0.520833 0.360938 0.587500 0.375000 0.591667 0.368750 0.522917 0.348437 0.525000 0.312500 0.606250 0.315625 0.527083 0.300000 0.529167 0.285937 0.581250 0.278125
5 0.441667 0.407813 0.450000 0.442187 0.502083 0.442187 0.570833 0.453125 0.568750 0.445312 0.512500 0.429688 0.510417 0.393750 0.518750 0.390625 0.531250 0.390625 0.518750 0.389062 0.508333 0.378125 0.491667 0.376563 0.485417 0.398438
5 0.691667 0.798437 0.670833 0.859375 0.687500 0.895312 0.631250 0.931250 0.625000 0.979688 0.652083 0.985937 0.695833 0.971875 0.741667 0.940625 0.881250 0.965625 0.887500 0.956250 0.752083 0.929688 0.750000 0.896875 0.779167 0.860937 0.904167 0.885938 0.897917 0.871875 0.754167 0.846875 0.739583 0.835938 0.772917 0.821875 0.743750 0.807813 0.725000 0.829687 0.702083 0.798437
6 0.460417 0.015625 0.431250 0.015625 0.429167 0.021875 0.427083 0.146875 0.433333 0.142188 0.439583 0.142188 0.447917 0.148438 0.445833 0.165625 0.454167 0.162500
7 0.612500 0.773438 0.595833 0.826563 0.587500 0.845312 0.589583 0.854688 0.610417 0.876562 0.612500 0.881250 0.637500 0.818750
7 0.583333 0.921875 0.583333 0.925000 0.577083 0.935938 0.577083 0.940625 0.575000 0.942187 0.575000 0.945312 0.568750 0.956250 0.568750 0.960938 0.566667 0.962500 0.566667 0.970312 0.568750 0.971875 0.564583 0.978125 0.562500 0.987500 0.593750 0.987500 0.593750 0.982813 0.597917 0.976562 0.600000 0.965625 0.604167 0.959375 0.604167 0.951563
8 0.341667 0.134375 0.350000 0.207813 0.410417 0.209375 0.410417 0.176563 0.418750 0.175000 0.429167 0.178125 0.429167 0.154687 0.431250 0.153125 0.414583 0.156250 0.406250 0.154687 0.408333 0.134375
8 0.352083 0.246875 0.356250 0.312500 0.358333 0.315625 0.408333 0.315625 0.402083 0.284375 0.404167 0.282813 0.429167 0.282813 0.433333 0.262500 0.410417 0.267188 0.408333 0.265625 0.408333 0.246875
8 0.410417 0.353125 0.354167 0.356250 0.354167 0.407813 0.356250 0.409375 0.356250 0.414062 0.412500 0.414062 0.412500 0.385938 0.429167 0.379687 0.425000 0.368750 0.412500 0.368750 0.410417 0.367188
8 0.412500 0.603125 0.416667 0.696875 0.510417 0.687500 0.512500 0.675000 0.522917 0.679688 0.547917 0.681250 0.545833 0.631250 0.535417 0.650000 0.522917 0.651563 0.510417 0.642187 0.516667 0.603125
8 0.954167 0.657812 0.952083 0.651563 0.937500 0.643750 0.818750 0.650000 0.812500 0.651563 0.800000 0.660937 0.785417 0.664062 0.781250 0.676562 0.804167 0.678125 0.818750 0.689062 0.950000 0.673437
8 0.585417 0.720312 0.441667 0.723437 0.433333 0.806250 0.539583 0.801562 0.552083 0.745313 0.577083 0.746875 0.587500 0.787500 0.600000 0.754687
8 0.558333 0.860937 0.545833 0.851562 0.529167 0.864062 0.431250 0.867188 0.429167 0.937500 0.520833 0.932813 0.525000 0.889063 0.539583 0.871875 0.552083 0.879687 0.552083 0.898438 0.562500 0.917188 0.566667 0.873438
8 0.597917 0.876562 0.597917 0.878125 0.595833 0.879687 0.595833 0.881250 0.593750 0.882812 0.593750 0.884375 0.591667 0.885938 0.591667 0.887500 0.589583 0.889063 0.589583 0.892187 0.591667 0.893750 0.591667 0.895312 0.595833 0.898438 0.595833 0.900000 0.597917 0.901563 0.597917 0.903125 0.614583 0.903125 0.612500 0.901563 0.612500 0.900000 0.610417 0.898438 0.610417 0.896875 0.608333 0.895312 0.608333 0.893750 0.606250 0.892187 0.606250 0.889063 0.604167 0.887500 0.604167 0.885938 0.602083 0.884375 0.602083 0.882812 0.600000 0.881250 0.600000 0.879687 0.597917 0.878125