1 0.016667 0.026563 0.018750 0.809375 0.066667 0.612500 0.087500 0.567187 0.106250 0.560938
2 0.985417 0.237500 0.916667 0.245312 0.883333 0.303125 0.704167 0.325000 0.750000 0.364062 0.697917 0.339063 0.691667 0.354688 0.793750 0.387500 0.795833 0.409375 0.654167 0.389062 0.618750 0.448438 0.647917 0.479688 0.562500 0.484375 0.552083 0.517187 0.620833 0.540625 0.543750 0.546875 0.537500 0.595312 0.622917 0.587500 0.554167 0.601562 0.558333 0.651563 0.633333 0.657812 0.587500 0.667188 0.650000 0.685938 0.610417 0.707812 0.608333 0.754687 0.672917 0.759375 0.616667 0.773438 0.614583 0.795313 0.658333 0.801562 0.691667 0.881250 0.756250 0.885938 0.679167 0.917188 0.689583 0.982813 0.989583 0.981250
5 0.795833 0.404687 0.793750 0.389062 0.685417 0.357812 0.675000 0.345313 0.683333 0.329688 0.772917 0.303125 0.685417 0.309375 0.647917 0.326562 0.564583 0.328125 0.527083 0.334375 0.533333 0.378125 0.562500 0.392188 0.633333 0.390625 0.693750 0.382812
5 0.620833 0.414062 0.600000 0.404687 0.550000 0.403125 0.468750 0.417188 0.468750 0.445312 0.475000 0.450000 0.500000 0.456250 0.558333 0.457812 0.604167 0.465625 0.564583 0.451562 0.566667 0.425000 0.570833 0.421875 0.604167 0.420312
5 0.481250 0.701563 0.470833 0.718750 0.477083 0.743750 0.554167 0.803125 0.589583 0.809375 0.637500 0.809375 0.612500 0.795313 0.612500 0.767187 0.639583 0.765625 0.604167 0.753125 0.602083 0.703125 0.639583 0.690625 0.575000 0.687500 0.520833 0.700000
5 0.708333 0.889063 0.666667 0.889063 0.625000 0.903125 0.587500 0.900000 0.545833 0.915625 0.510417 0.915625 0.508333 0.923437 0.522917 0.982813 0.689583 0.984375 0.677083 0.912500
6 0.837500 0.014062 0.543750 0.018750 0.558333 0.082813 0.606250 0.062500 0.641667 0.092188 0.620833 0.103125 0.618750 0.207813 0.583333 0.262500 0.562500 0.251563 0.518750 0.165625 0.429167 0.162500 0.425000 0.196875 0.479167 0.243750 0.487500 0.282813 0.508333 0.184375 0.591667 0.321875 0.631250 0.325000 0.666667 0.296875 0.881250 0.300000 0.914583 0.254687 0.906250 0.240625 0.845833 0.248437 0.770833 0.209375
6 0.472917 0.342187 0.470833 0.357812 0.468750 0.359375 0.468750 0.368750 0.466667 0.370313 0.466667 0.404687 0.464583 0.406250 0.464583 0.425000 0.466667 0.412500 0.468750 0.410937 0.470833 0.398438 0.472917 0.396875
6 0.460417 0.465625 0.458333 0.550000 0.414583 0.504687 0.397917 0.504687 0.393750 0.648438 0.400000 0.659375 0.420833 0.651563 0.441667 0.703125 0.406250 0.726562 0.406250 0.773438 0.433333 0.789062 0.460417 0.853125 0.418750 0.878125 0.418750 0.932813 0.441667 0.940625 0.495833 0.912500 0.497917 0.787500 0.462500 0.731250 0.477083 0.671875 0.441667 0.621875 0.462500 0.600000
7 0.031250 0.014062 0.108333 0.560938 0.391667 0.567187 0.393750 0.510938 0.335417 0.501562 0.347917 0.435937 0.406250 0.439063 0.400000 0.421875 0.350000 0.412500 0.354167 0.342187 0.412500 0.339063 0.402083 0.314063 0.352083 0.309375 0.358333 0.220313 0.410417 0.215625 0.425000 0.162500 0.391667 0.110937 0.397917 0.087500 0.422917 0.084375 0.385417 0.057813 0.381250 0.017188
7 0.564583 0.176563 0.550000 0.198437 0.550000 0.203125 0.583333 0.254687 0.585417 0.237500 0.587500 0.235938 0.589583 0.220313 0.591667 0.218750 0.591667 0.210938 0.593750 0.209375 0.593750 0.200000 0.591667 0.196875
7 0.477083 0.253125 0.458333 0.281250 0.458333 0.296875 0.460417 0.298438 0.462500 0.325000 0.462500 0.318750 0.464583 0.317187 0.464583 0.309375 0.466667 0.307813 0.466667 0.298438 0.468750 0.296875 0.468750 0.289062 0.470833 0.287500 0.470833 0.279687 0.472917 0.278125 0.472917 0.270312 0.475000 0.268750 0.475000 0.259375 0.477083 0.257812
7 0.456250 0.350000 0.441667 0.354688 0.437500 0.359375 0.437500 0.385938 0.439583 0.387500 0.439583 0.390625 0.441667 0.392188 0.441667 0.395312 0.443750 0.396875 0.443750 0.400000 0.445833 0.401563 0.445833 0.404687 0.447917 0.406250 0.452083 0.418750 0.452083 0.395312 0.454167 0.393750 0.456250 0.376563 0.458333 0.375000 0.460417 0.359375 0.462500 0.357812
7 0.445833 0.464063 0.445833 0.465625 0.441667 0.470313 0.441667 0.473437 0.433333 0.484375 0.433333 0.503125 0.435417 0.504687 0.435417 0.510938 0.437500 0.512500 0.437500 0.518750 0.439583 0.520312 0.439583 0.526563 0.439583 0.521875 0.441667 0.520312 0.441667 0.515625 0.443750 0.514063 0.443750 0.490625 0.445833 0.489062
7 0.089583 0.567187 0.020833 0.810938 0.016667 0.987500 0.335417 0.982813 0.345833 0.942187 0.416667 0.940625 0.408333 0.881250 0.335417 0.878125 0.333333 0.787500 0.406250 0.779688 0.393750 0.734375 0.341667 0.723437 0.335417 0.653125 0.383333 0.659375 0.385417 0.570312
7 0.443750 0.631250 0.439583 0.634375 0.437500 0.634375 0.429167 0.639063 0.427083 0.639063 0.425000 0.640625 0.425000 0.643750 0.433333 0.654688 0.433333 0.657812 0.435417 0.659375 0.454167 0.689062 0.454167 0.679688 0.452083 0.678125 0.452083 0.667188 0.450000 0.665625 0.450000 0.654688 0.447917 0.653125 0.447917 0.642187 0.445833 0.640625 0.445833 0.631250
7 0.493750 0.912500 0.491667 0.912500 0.475000 0.923437 0.477083 0.951563 0.479167 0.953125 0.479167 0.965625 0.481250 0.967188 0.481250 0.981250 0.489583 0.985937 0.489583 0.981250 0.491667 0.979688 0.491667 0.975000 0.493750 0.973437 0.493750 0.968750 0.495833 0.967188 0.495833 0.962500 0.497917 0.960938 0.497917 0.956250 0.500000 0.954687 0.500000 0.950000 0.502083 0.948438 0.500000 0.946875 0.500000 0.939062 0.497917 0.937500 0.497917 0.929688 0.495833 0.928125
8 0.852083 0.015625 0.791667 0.175000 0.791667 0.200000 0.845833 0.245312 0.881250 0.232812 0.989583 0.228125 0.979167 0.015625
8 0.381250 0.029687 0.391667 0.056250 0.439583 0.082813 0.404167 0.093750 0.404167 0.118750 0.427083 0.151562 0.562500 0.159375 0.535417 0.118750 0.547917 0.125000 0.581250 0.118750 0.572917 0.156250 0.595833 0.173438 0.610417 0.087500 0.593750 0.076563 0.577083 0.085938 0.541667 0.090625 0.556250 0.064062 0.556250 0.032812 0.543750 0.023438 0.522917 0.023438 0.497917 0.037500
8 0.364583 0.218750 0.360417 0.220313 0.360417 0.304688 0.397917 0.312500 0.420833 0.312500 0.437500 0.281250 0.441667 0.278125 0.460417 0.275000 0.458333 0.253125 0.443750 0.232812 0.441667 0.217187
8 0.431250 0.340625 0.362500 0.343750 0.358333 0.346875 0.352083 0.412500 0.422917 0.412500 0.420833 0.409375 0.420833 0.382812 0.435417 0.381250 0.435417 0.359375 0.441667 0.353125
8 0.350000 0.443750 0.341667 0.498437 0.375000 0.503125 0.385417 0.506250 0.402083 0.503125 0.414583 0.478125 0.422917 0.471875 0.437500 0.454688 0.416667 0.454688 0.414583 0.453125 0.414583 0.443750
8 0.341667 0.660937 0.341667 0.668750 0.347917 0.685938 0.347917 0.693750 0.354167 0.710938 0.356250 0.726562 0.358333 0.728125 0.383333 0.728125 0.400000 0.723437 0.406250 0.723437 0.416667 0.718750 0.416667 0.664062 0.412500 0.662500 0.375000 0.660937 0.372917 0.659375
8 0.347917 0.792188 0.343750 0.796875 0.337500 0.878125 0.431250 0.873438 0.435417 0.865625 0.458333 0.853125 0.452083 0.835938 0.427083 0.832812 0.431250 0.789062 0.406250 0.789062 0.364583 0.784375
8 0.439583 0.943750 0.431250 0.943750 0.418750 0.946875 0.358333 0.950000 0.354167 0.953125 0.352083 0.985937 0.356250 0.984375 0.435417 0.982813 0.437500 0.945312