1 0.025000 0.370313 0.016667 0.984375 0.297917 0.982813 0.287500 0.896875 0.452083 0.859375 0.529167 0.803125 0.577083 0.821875 0.587500 0.754687 0.439583 0.779688 0.410417 0.720312 0.270833 0.743750 0.239583 0.595312 0.383333 0.584375 0.406250 0.543750 0.377083 0.514063 0.264583 0.510938 0.245833 0.418750 0.352083 0.415625 0.352083 0.398438
2 0.687500 0.015625 0.587500 0.270312 0.629167 0.273438 0.645833 0.218750 0.691667 0.215625 0.670833 0.303125 0.770833 0.275000 0.789583 0.298438 0.704167 0.335938 0.877083 0.295312 0.893750 0.331250 0.716667 0.371875 0.702083 0.462500 0.843750 0.476562 0.822917 0.512500 0.700000 0.495313 0.716667 0.543750 0.668750 0.579687 0.710417 0.610937 0.983333 0.578125 0.981250 0.014062
2 0.933333 0.678125 0.983333 0.754687 0.983333 0.673437 0.945833 0.675000
3 0.020833 0.010937 0.014583 0.104687 0.164583 0.123438 0.164583 0.014062
3 0.189583 0.014062 0.185417 0.131250 0.295833 0.140625 0.287500 0.123438 0.287500 0.109375 0.306250 0.015625
3 0.427083 0.015625 0.393750 0.160938 0.597917 0.193750 0.677083 0.015625
3 0.389583 0.046875 0.389583 0.053125 0.387500 0.054688 0.387500 0.060938 0.385417 0.062500 0.385417 0.068750 0.383333 0.070312 0.383333 0.076563 0.381250 0.078125 0.381250 0.084375 0.379167 0.085938 0.379167 0.092188 0.377083 0.093750 0.377083 0.100000 0.375000 0.101562 0.375000 0.107813 0.372917 0.109375 0.372917 0.115625 0.370833 0.117188 0.370833 0.123438 0.364583 0.140625 0.364583 0.146875 0.368750 0.148438 0.368750 0.140625 0.370833 0.139062 0.370833 0.131250 0.372917 0.129688 0.372917 0.121875 0.375000 0.120312 0.375000 0.112500 0.377083 0.110937 0.377083 0.103125 0.379167 0.101562 0.379167 0.093750 0.381250 0.092188
3 0.100000 0.146875 0.091667 0.331250 0.320833 0.346875 0.345833 0.196875 0.279167 0.196875 0.266667 0.167187
3 0.591667 0.200000 0.381250 0.184375 0.341667 0.379687 0.366667 0.379687 0.381250 0.346875 0.472917 0.354688 0.470833 0.342187 0.406250 0.321875 0.377083 0.284375 0.375000 0.226562 0.402083 0.195312 0.472917 0.192188 0.537500 0.226562 0.560417 0.260938 0.579167 0.262500
5 0.387500 0.207813 0.381250 0.287500 0.475000 0.343750 0.475000 0.365625 0.418750 0.359375 0.431250 0.392188 0.510417 0.381250 0.564583 0.318750 0.620833 0.329688 0.581250 0.370313 0.564583 0.457812 0.635417 0.492188 0.666667 0.475000 0.825000 0.500000 0.829167 0.470313 0.695833 0.471875 0.675000 0.453125 0.720833 0.365625 0.891667 0.331250 0.883333 0.300000 0.712500 0.348437 0.697917 0.325000 0.783333 0.303125 0.775000 0.285937 0.654167 0.303125 0.664583 0.250000 0.687500 0.245312 0.677083 0.218750 0.645833 0.235938 0.643750 0.281250 0.606250 0.270312 0.589583 0.289062 0.445833 0.242188 0.485417 0.279687 0.437500 0.265625 0.422917 0.237500 0.454167 0.231250 0.564583 0.273438 0.485417 0.200000
5 0.981250 0.593750 0.775000 0.604688 0.695833 0.632812 0.691667 0.684375 0.714583 0.839063 0.754167 0.957812 0.783333 0.985937 0.989583 0.987500 0.979167 0.776563 0.910417 0.653125 0.979167 0.648438
6 0.389583 0.353125 0.385417 0.360938 0.406250 0.387500 0.412500 0.425000 0.410417 0.454688 0.429167 0.484375 0.406250 0.503125 0.383333 0.490625 0.383333 0.506250 0.395833 0.534375 0.420833 0.532812 0.443750 0.515625 0.481250 0.514063 0.483333 0.500000 0.447917 0.490625 0.452083 0.450000 0.427083 0.390625 0.408333 0.385938 0.406250 0.362500
6 0.437500 0.535937 0.422917 0.551562 0.456250 0.653125 0.470833 0.657812 0.477083 0.696875 0.456250 0.715625 0.427083 0.700000 0.412500 0.720312 0.435417 0.773438 0.456250 0.756250 0.595833 0.753125 0.612500 0.728125 0.510417 0.729688 0.516667 0.690625 0.495833 0.590625 0.606250 0.593750 0.629167 0.610937 0.677083 0.560938 0.652083 0.545313 0.625000 0.589063 0.491667 0.579687 0.475000 0.546875 0.447917 0.548437
6 0.529167 0.804688 0.495833 0.842188 0.529167 0.837500 0.577083 0.984375 0.650000 0.987500 0.597917 0.867188 0.608333 0.870313 0.712500 0.856250 0.714583 0.840625 0.620833 0.851562 0.606250 0.848437 0.579167 0.828125 0.552083 0.823438 0.543750 0.807813
7 0.385417 0.373437 0.364583 0.392188 0.364583 0.398438 0.372917 0.417188 0.372917 0.421875 0.381250 0.440625 0.387500 0.462500 0.408333 0.442187 0.406250 0.440625 0.406250 0.435937 0.404167 0.434375 0.404167 0.429688 0.402083 0.428125 0.402083 0.423438 0.400000 0.421875 0.400000 0.417188 0.397917 0.415625
7 0.422917 0.556250 0.395833 0.576563 0.395833 0.582812 0.427083 0.693750 0.454167 0.667188
7 0.506250 0.598437 0.506250 0.601562 0.510417 0.606250 0.510417 0.609375 0.512500 0.610937 0.512500 0.612500 0.516667 0.617188 0.545833 0.617188 0.543750 0.615625 0.543750 0.610937 0.541667 0.609375 0.541667 0.603125 0.539583 0.601562 0.539583 0.596875 0.525000 0.596875 0.522917 0.598437
7 0.525000 0.837500 0.487500 0.856250 0.516667 0.985937 0.572917 0.985937
8 0.308333 0.014062 0.289583 0.123438 0.300000 0.143750 0.360417 0.154687 0.395833 0.015625
8 0.291667 0.171875 0.291667 0.176563 0.293750 0.178125 0.293750 0.182812 0.295833 0.184375 0.295833 0.189063 0.297917 0.190625 0.320833 0.190625 0.322917 0.192188 0.350000 0.192188 0.352083 0.193750 0.354167 0.193750 0.354167 0.190625 0.356250 0.189063 0.356250 0.187500 0.358333 0.185937 0.358333 0.182812 0.360417 0.181250 0.360417 0.178125 0.347917 0.178125 0.345833 0.176563 0.333333 0.176563 0.331250 0.175000 0.318750 0.175000 0.316667 0.173438 0.304167 0.173438 0.302083 0.171875
8 0.583333 0.375000 0.529167 0.375000 0.520833 0.376563 0.508333 0.385938 0.487500 0.384375 0.462500 0.428125 0.504167 0.476562 0.527083 0.446875 0.560417 0.451562 0.560417 0.443750
8 0.258333 0.425000 0.266667 0.503125 0.375000 0.503125 0.383333 0.500000 0.375000 0.459375 0.352083 0.423438
8 0.535417 0.462500 0.550000 0.484375 0.518750 0.526563 0.495833 0.535937 0.504167 0.556250 0.560417 0.570312 0.629167 0.571875 0.679167 0.498437 0.668750 0.478125 0.664583 0.476562 0.635417 0.493750 0.597917 0.485938 0.566667 0.460938
8 0.410417 0.464063 0.408333 0.465625 0.408333 0.467187 0.404167 0.470313 0.404167 0.471875 0.400000 0.475000 0.400000 0.476562 0.397917 0.478125 0.397917 0.479688 0.393750 0.482812 0.393750 0.485938 0.404167 0.493750 0.404167 0.495313 0.404167 0.492188 0.406250 0.490625 0.406250 0.489062 0.408333 0.487500 0.408333 0.485938 0.410417 0.484375 0.410417 0.481250 0.412500 0.479688 0.412500 0.478125 0.414583 0.476562 0.414583 0.475000 0.416667 0.473437 0.414583 0.471875 0.414583 0.470313 0.412500 0.468750 0.412500 0.467187 0.410417 0.465625
8 0.522917 0.478125 0.520833 0.478125 0.516667 0.481250 0.514583 0.481250 0.508333 0.485938 0.506250 0.485938 0.500000 0.490625 0.497917 0.490625 0.487500 0.496875 0.487500 0.525000 0.489583 0.526563 0.495833 0.526563 0.497917 0.525000 0.512500 0.523438 0.514583 0.518750 0.518750 0.515625 0.518750 0.514063 0.522917 0.510938 0.525000 0.506250 0.529167 0.503125 0.527083 0.501562 0.527083 0.493750 0.525000 0.492188 0.525000 0.485938 0.522917 0.484375
8 0.375000 0.596875 0.254167 0.603125 0.268750 0.729688 0.410417 0.714063 0.416667 0.690625 0.404167 0.642187
8 0.664583 0.601562 0.637500 0.615625 0.637500 0.628125 0.670833 0.650000 0.681250 0.670313 0.668750 0.676562 0.635417 0.678125 0.610417 0.687500 0.568750 0.690625 0.520833 0.681250 0.525000 0.690625 0.547917 0.704687 0.531250 0.706250 0.522917 0.715625 0.606250 0.710938 0.620833 0.695312 0.658333 0.693750 0.689583 0.685938 0.695833 0.626562
8 0.462500 0.676562 0.460417 0.676562 0.443750 0.689062 0.443750 0.693750 0.445833 0.695312 0.445833 0.698438 0.447917 0.700000 0.447917 0.703125 0.460417 0.693750 0.460417 0.692187 0.470833 0.684375 0.470833 0.682813
8 0.695833 0.701563 0.635417 0.706250 0.600000 0.764063 0.614583 0.767187 0.618750 0.771875 0.602083 0.773438 0.583333 0.804688 0.602083 0.842188 0.608333 0.842188 0.622917 0.817187 0.625000 0.821875 0.614583 0.839063 0.622917 0.846875 0.714583 0.835938 0.697917 0.764063
8 0.462500 0.871875 0.304167 0.898438 0.310417 0.985937 0.500000 0.987500
8 0.627083 0.892187 0.662500 0.904688 0.675000 0.914062 0.710417 0.948438 0.714583 0.948438 0.735417 0.956250 0.733333 0.953125 0.733333 0.929688 0.712500 0.929688 0.683333 0.904688 0.660417 0.893750