1 0.016667 0.545313 0.095833 0.548437 0.106250 0.384375 0.281250 0.393750 0.293750 0.387500 0.016667 0.368750
1 0.556250 0.542188 0.550000 0.581250 0.502083 0.585938 0.495833 0.590625 0.468750 0.587500 0.529167 0.623438 0.570833 0.695312 0.558333 0.745313 0.597917 0.742188 0.600000 0.726562 0.554167 0.660937 0.568750 0.604688 0.556250 0.567187
1 0.804167 0.846875 0.652083 0.840625 0.600000 0.779688 0.554167 0.782812 0.500000 0.820312 0.456250 0.768750 0.322917 0.778125 0.295833 0.678125 0.420833 0.670313 0.447917 0.735937 0.445833 0.609375 0.425000 0.640625 0.016667 0.642187 0.014583 0.985937 0.327083 0.984375 0.312500 0.923437 0.514583 0.901563 0.558333 0.789062 0.620833 0.804688 0.654167 0.856250
1 0.712500 0.884375 0.716667 0.906250 0.695833 0.914062 0.735417 0.982813 0.891667 0.985937 0.852083 0.923437 0.827083 0.907812 0.825000 0.887500
2 0.968750 0.014062 0.875000 0.040625 0.860417 0.068750 0.766667 0.075000 0.660417 0.395312 0.785417 0.403125 0.793750 0.440625 0.889583 0.462500 0.970833 0.451562 0.937500 0.482812 0.983333 0.482812 0.950000 0.534375 0.937500 0.659375 0.979167 0.657812 0.981250 0.689062 0.925000 0.681250 0.860417 0.770312 0.885417 0.787500 0.910417 0.762500 0.947917 0.782812 0.893750 0.882812 0.960417 0.907812 0.989583 0.989062
3 0.512500 0.015625 0.510417 0.057813 0.497917 0.078125 0.743750 0.115625 0.750000 0.076563 0.691667 0.059375 0.681250 0.051562 0.687500 0.015625
3 0.500000 0.084375 0.447917 0.370313 0.656250 0.396875 0.739583 0.126563
3 0.470833 0.381250 0.435417 0.381250 0.389583 0.632812 0.429167 0.631250 0.456250 0.579687 0.495833 0.589063 0.522917 0.571875 0.550000 0.578125 0.554167 0.539062 0.508333 0.525000 0.456250 0.478125 0.445833 0.410937
3 0.110417 0.389062 0.102083 0.592188 0.366667 0.595312 0.395833 0.434375 0.331250 0.421875 0.293750 0.398438
5 0.479167 0.382812 0.454167 0.414062 0.462500 0.481250 0.510417 0.523438 0.558333 0.539062 0.577083 0.590625 0.731250 0.589063 0.758333 0.515625 0.743750 0.670313 0.860417 0.698438 0.875000 0.717188 0.895833 0.717188 0.925000 0.679688 0.979167 0.689062 0.979167 0.659375 0.935417 0.659375 0.947917 0.534375 0.979167 0.517187 0.981250 0.482812 0.939583 0.493750 0.929167 0.485938 0.960417 0.457812 0.937500 0.448438 0.910417 0.468750 0.689583 0.409375 0.579167 0.396875 0.558333 0.420312 0.556250 0.389062
6 0.456250 0.582812 0.452083 0.604688 0.502083 0.684375 0.479167 0.725000 0.441667 0.654688 0.437500 0.689062 0.460417 0.776563 0.500000 0.818750 0.541667 0.801562 0.554167 0.781250 0.610417 0.778125 0.602083 0.743750 0.556250 0.745313 0.568750 0.695312 0.527083 0.623438
6 0.939583 0.775000 0.904167 0.767187 0.841667 0.864062 0.802083 0.851562 0.654167 0.859375 0.625000 0.815625 0.585417 0.812500 0.570833 0.790625 0.558333 0.790625 0.541667 0.835938 0.556250 0.826563 0.645833 0.982813 0.733333 0.987500 0.672917 0.887500 0.704167 0.879687 0.825000 0.885938 0.829167 0.907812 0.866667 0.931250 0.820833 0.870313 0.852083 0.862500 0.885417 0.878125
6 0.522917 0.882812 0.522917 0.885938 0.518750 0.892187 0.518750 0.896875 0.514583 0.903125 0.514583 0.914062 0.516667 0.915625 0.518750 0.929688 0.520833 0.931250 0.520833 0.935938 0.522917 0.937500 0.529167 0.954687 0.543750 0.954687 0.554167 0.951563 0.554167 0.948438 0.552083 0.946875 0.547917 0.934375 0.543750 0.929688 0.543750 0.926562 0.541667 0.925000 0.541667 0.921875 0.539583 0.920313 0.535417 0.907812 0.531250 0.903125 0.531250 0.900000 0.529167 0.898438 0.529167 0.895312 0.527083 0.893750
7 0.450000 0.603125 0.435417 0.634375 0.435417 0.640625 0.479167 0.723437 0.500000 0.684375
7 0.554167 0.826563 0.522917 0.871875 0.522917 0.879687 0.575000 0.987500 0.645833 0.984375
7 0.710417 0.881250 0.704167 0.881250 0.702083 0.882812 0.697917 0.882812 0.695833 0.884375 0.689583 0.884375 0.687500 0.885938 0.681250 0.885938 0.679167 0.887500 0.675000 0.887500 0.675000 0.890625 0.677083 0.892187 0.677083 0.895312 0.679167 0.896875 0.679167 0.900000 0.681250 0.901563 0.681250 0.904688 0.683333 0.906250 0.683333 0.909375 0.685417 0.910937 0.685417 0.912500 0.691667 0.912500 0.697917 0.909375 0.702083 0.909375 0.704167 0.907812 0.708333 0.907812 0.710417 0.906250 0.714583 0.906250 0.712500 0.904688 0.712500 0.892187 0.710417 0.890625
8 0.262500 0.010937 0.460417 0.050000 0.464583 0.015625 0.458333 0.014062
8 0.685417 0.012500 0.706250 0.014062 0.697917 0.015625 0.691667 0.057813 0.770833 0.075000 0.856250 0.064062 0.866667 0.040625 0.854167 0.037500 0.854167 0.034375 0.914583 0.037500 0.914583 0.014062
8 0.058333 0.020312 0.052083 0.060938 0.043750 0.062500 0.054167 0.159375 0.210417 0.167187 0.220833 0.051562
8 0.322917 0.092188 0.320833 0.146875 0.383333 0.148438 0.385417 0.151562 0.439583 0.162500 0.462500 0.139062 0.472917 0.096875 0.393750 0.085938 0.391667 0.100000 0.395833 0.103125 0.395833 0.112500 0.387500 0.137500 0.379167 0.096875 0.347917 0.090625
8 0.083333 0.173438 0.072917 0.267188 0.197917 0.279687 0.200000 0.189063
8 0.243750 0.178125 0.225000 0.328125 0.268750 0.342187 0.314583 0.342187 0.335417 0.364062 0.425000 0.373437 0.456250 0.225000 0.341667 0.210938 0.325000 0.195312
8 0.308333 0.392188 0.308333 0.404687 0.331250 0.420312 0.337500 0.420312 0.339583 0.421875 0.400000 0.420312 0.402083 0.393750 0.395833 0.393750 0.393750 0.392188
8 0.575000 0.600000 0.556250 0.660937 0.612500 0.731250 0.604167 0.745313 0.614583 0.790625 0.631250 0.795313 0.675000 0.770312 0.633333 0.807813 0.652083 0.839063 0.814583 0.828125 0.875000 0.718750 0.866667 0.703125 0.741667 0.671875 0.662500 0.675000 0.741667 0.667188 0.743750 0.614062 0.697917 0.589063 0.608333 0.584375
8 0.420833 0.671875 0.297917 0.678125 0.322917 0.776563 0.460417 0.767187
8 0.493750 0.710938 0.491667 0.712500 0.491667 0.714063 0.489583 0.715625 0.489583 0.717188 0.487500 0.718750 0.487500 0.720312 0.483333 0.725000 0.483333 0.734375 0.481250 0.735937 0.481250 0.743750 0.483333 0.745313 0.485417 0.745313 0.487500 0.746875 0.489583 0.746875 0.495833 0.750000 0.495833 0.748438 0.506250 0.740625 0.506250 0.739062 0.514583 0.732813 0.514583 0.729688 0.508333 0.725000 0.508333 0.723437 0.500000 0.717188 0.500000 0.715625
8 0.864583 0.770312 0.852083 0.778125 0.804167 0.854688 0.841667 0.862500 0.866667 0.828125 0.883333 0.809375 0.889583 0.796875
8 0.822917 0.870313 0.843750 0.903125 0.868750 0.929688 0.900000 0.985937 0.966667 0.984375 0.962500 0.970312 0.962500 0.943750 0.954167 0.912500 0.852083 0.864062
8 0.566667 0.987500 0.556250 0.954687 0.527083 0.954687 0.506250 0.903125 0.316667 0.926562 0.331250 0.989062