1 0.014583 0.014062 0.016667 0.170312 0.179167 0.192188 0.195833 0.145313 0.235417 0.154687 0.231250 0.200000 0.381250 0.220313 0.429167 0.153125 0.472917 0.170312 0.485417 0.145313 0.443750 0.120312 0.460417 0.015625
1 0.022917 0.184375 0.022917 0.298438 0.339583 0.314063 0.358333 0.253125 0.327083 0.242188 0.281250 0.281250 0.133333 0.250000 0.102083 0.217187 0.045833 0.201562 0.052083 0.185937
1 0.306250 0.493750 0.018750 0.481250 0.014583 0.939062 0.291667 0.882812 0.279167 0.731250 0.295833 0.721875 0.304167 0.637500 0.281250 0.629687 0.279167 0.529688 0.312500 0.510938
2 0.987500 0.870313 0.679167 0.975000 0.650000 0.970312 0.662500 0.987500 0.985417 0.985937
5 0.535417 0.012500 0.475000 0.015625 0.450000 0.117188 0.483333 0.139062
5 0.987500 0.014062 0.893750 0.076563 0.914583 0.312500 0.922917 0.339063 0.981250 0.328125
5 0.431250 0.159375 0.385417 0.225000 0.370833 0.276563 0.408333 0.298438 0.460417 0.179688 0.458333 0.173438
5 0.364583 0.282813 0.331250 0.359375 0.375000 0.375000 0.381250 0.353125 0.395833 0.318750 0.400000 0.301562
5 0.318750 0.520312 0.310417 0.528125 0.287500 0.534375 0.295833 0.631250 0.325000 0.631250 0.312500 0.650000 0.308333 0.709375 0.325000 0.742188 0.333333 0.746875 0.339583 0.745313 0.325000 0.618750 0.318750 0.607813 0.308333 0.606250 0.291667 0.595312 0.291667 0.568750 0.297917 0.564062 0.320833 0.562500
5 0.970833 0.554688 0.781250 0.637500 0.829167 0.795313 0.800000 0.814062 0.700000 0.823438 0.677083 0.706250 0.670833 0.835938 0.658333 0.693750 0.616667 0.715625 0.637500 0.828125 0.547917 0.860937 0.533333 0.795313 0.562500 0.742188 0.541667 0.745313 0.535417 0.870313 0.460417 0.914062 0.466667 0.956250 0.514583 0.957812 0.587500 0.921875 0.587500 0.895312 0.639583 0.859375 0.600000 0.890625 0.610417 0.950000 0.677083 0.962500 0.818750 0.914062 0.987500 0.817187
5 0.764583 0.648438 0.733333 0.678125 0.712500 0.692187 0.689583 0.732813 0.687500 0.765625 0.706250 0.814062 0.791667 0.809375 0.820833 0.795313 0.777083 0.696875
6 0.716667 0.012500 0.547917 0.015625 0.331250 0.473437 0.329167 0.568750 0.350000 0.582812 0.375000 0.568750 0.379167 0.587500 0.333333 0.603125 0.350000 0.831250 0.935417 0.557813
7 0.016667 0.475000 0.316667 0.485938 0.370833 0.382812 0.016667 0.362500
7 0.287500 0.735937 0.297917 0.857813 0.429167 0.850000 0.429167 0.796875 0.352083 0.835938 0.343750 0.834375 0.337500 0.754687 0.310417 0.735937
7 0.425000 0.870313 0.341667 0.887500 0.316667 0.882812 0.304167 0.892187 0.022917 0.946875 0.018750 0.989062 0.352083 0.987500 0.331250 0.892187
8 0.189583 0.146875 0.189583 0.154687 0.187500 0.156250 0.187500 0.164062 0.185417 0.165625 0.185417 0.173438 0.183333 0.175000 0.181250 0.192188 0.202083 0.193750 0.204167 0.195312 0.214583 0.195312 0.216667 0.196875 0.227083 0.196875 0.229167 0.198437 0.229167 0.178125 0.231250 0.176563 0.231250 0.156250 0.233333 0.154687 0.231250 0.153125 0.225000 0.153125 0.222917 0.151562 0.216667 0.151562 0.214583 0.150000 0.206250 0.150000 0.204167 0.148438
8 0.052083 0.196875 0.066667 0.206250 0.104167 0.215625 0.135417 0.243750 0.277083 0.267188 0.325000 0.239063 0.368750 0.245312 0.375000 0.220313 0.077083 0.187500 0.056250 0.187500
8 0.397917 0.378125 0.416667 0.389062 0.414583 0.415625 0.420833 0.428125 0.447917 0.421875 0.466667 0.400000 0.468750 0.403125 0.456250 0.421875 0.497917 0.423438 0.500000 0.428125 0.512500 0.428125 0.520833 0.423438 0.527083 0.392188 0.527083 0.373437 0.520833 0.368750 0.510417 0.368750 0.504167 0.373437 0.493750 0.375000 0.475000 0.373437 0.472917 0.382812 0.466667 0.373437 0.439583 0.360938 0.427083 0.360938 0.447917 0.371875 0.443750 0.376563
8 0.360417 0.473437 0.366667 0.479688 0.366667 0.489062 0.354167 0.493750 0.354167 0.498437 0.360417 0.503125 0.360417 0.506250 0.356250 0.510938 0.356250 0.517187 0.360417 0.517187 0.368750 0.520312 0.379167 0.520312 0.381250 0.521875 0.381250 0.520312 0.400000 0.504687 0.395833 0.500000 0.395833 0.496875 0.389583 0.487500 0.383333 0.482812 0.372917 0.479688 0.368750 0.476562
8 0.452083 0.485938 0.441667 0.485938 0.433333 0.492188 0.429167 0.490625 0.400000 0.490625 0.402083 0.500000 0.406250 0.506250 0.387500 0.520312 0.385417 0.523438 0.410417 0.523438 0.418750 0.526563 0.427083 0.526563 0.450000 0.509375 0.450000 0.503125 0.452083 0.501562
8 0.297917 0.582812 0.304167 0.590625 0.304167 0.596875 0.314583 0.603125 0.316667 0.601562 0.333333 0.601562 0.350000 0.587500 0.354167 0.590625 0.339583 0.601562 0.362500 0.601562 0.377083 0.587500 0.375000 0.585938 0.375000 0.570312 0.352083 0.570312 0.347917 0.581250 0.339583 0.571875 0.312500 0.568750 0.306250 0.571875 0.308333 0.576563