1 0.416667 0.020312 0.022917 0.023438 0.018750 0.662500 0.056250 0.646875 0.100000 0.664062 0.102083 0.617188 0.125000 0.651563 0.137500 0.585938 0.241667 0.582812 0.304167 0.598437 0.291667 0.621875 0.318750 0.625000 0.333333 0.512500 0.312500 0.462500 0.327083 0.401563 0.352083 0.401563 0.383333 0.225000 0.304167 0.226562 0.302083 0.264062 0.166667 0.242188 0.168750 0.131250 0.312500 0.139062 0.306250 0.175000 0.389583 0.201562
1 0.395833 0.856250 0.304167 0.860937 0.295833 0.773438 0.268750 0.767187 0.216667 0.779688 0.227083 0.828125 0.208333 0.815625 0.193750 0.815625 0.191667 0.825000 0.177083 0.821875 0.166667 0.810938 0.158333 0.823438 0.139583 0.795313 0.081250 0.807813 0.072917 0.803125 0.079167 0.823438 0.041667 0.815625 0.018750 0.828125 0.018750 0.985937 0.385417 0.984375
2 0.812500 0.296875 0.735417 0.550000 0.793750 0.557813 0.839583 0.603125 0.920833 0.601562 0.939583 0.557813 0.987500 0.559375 0.985417 0.532812 0.883333 0.507812 0.872917 0.479688 0.937500 0.479688 0.987500 0.493750 0.985417 0.353125 0.868750 0.323438
2 0.675000 0.732813 0.670833 0.732813 0.668750 0.742188 0.662500 0.753125 0.662500 0.757812 0.635417 0.825000 0.656250 0.817187 0.666667 0.825000 0.697917 0.756250 0.697917 0.750000
3 0.543750 0.015625 0.520833 0.017188 0.487500 0.073437 0.433333 0.084375 0.427083 0.070312 0.397917 0.200000 0.429167 0.182812 0.458333 0.207813 0.447917 0.254687 0.395833 0.226562 0.360417 0.406250 0.393750 0.403125 0.414583 0.443750 0.402083 0.504687 0.347917 0.506250 0.325000 0.629687 0.366667 0.578125 0.387500 0.607813 0.364583 0.668750 0.314583 0.654688 0.308333 0.720312 0.352083 0.718750 0.354167 0.773438 0.304167 0.775000 0.310417 0.856250 0.360417 0.857813
5 0.616667 0.015625 0.572917 0.142188 0.575000 0.170312 0.737500 0.209375 0.779167 0.235938 0.852083 0.315625 0.870833 0.309375 0.987500 0.340625 0.985417 0.331250 0.887500 0.306250 0.958333 0.232812 0.987500 0.268750 0.968750 0.220313 0.987500 0.196875 0.991667 0.059375 0.920833 0.010937
5 0.875000 0.479688 0.879167 0.498437 0.883333 0.506250 0.989583 0.531250 0.989583 0.500000 0.991667 0.498437 0.989583 0.495313 0.931250 0.484375 0.922917 0.481250
5 0.495833 0.695312 0.672917 0.725000 0.702083 0.746875 0.762500 0.596875 0.935417 0.614062 0.956250 0.571875 0.987500 0.595312 0.987500 0.565625 0.941667 0.559375 0.920833 0.607813 0.839583 0.607813 0.791667 0.564062 0.700000 0.548437 0.543750 0.543750
5 0.664583 0.826563 0.629167 0.834375 0.502083 0.828125 0.402083 0.840625 0.391667 0.940625 0.393750 0.987500 0.604167 0.989062 0.666667 0.840625
6 0.762500 0.604688 0.610417 0.985937 0.987500 0.987500 0.985417 0.728125 0.910417 0.662500 0.987500 0.662500 0.985417 0.620313
7 0.177083 0.131250 0.172917 0.239063 0.293750 0.250000 0.295833 0.204688 0.304167 0.201562 0.389583 0.218750 0.414583 0.217187 0.416667 0.240625 0.447917 0.251563 0.456250 0.196875 0.427083 0.187500 0.412500 0.206250 0.300000 0.195312 0.300000 0.154687
7 0.145833 0.595312 0.139583 0.671875 0.229167 0.676562 0.239583 0.643750 0.335417 0.646875 0.345833 0.660937 0.364583 0.665625 0.368750 0.629687 0.347917 0.615625 0.339583 0.637500 0.241667 0.629687 0.243750 0.595312
8 0.422917 0.064062 0.441667 0.078125 0.460417 0.071875 0.495833 0.064062 0.508333 0.032812 0.522917 0.018750 0.518750 0.017188 0.429167 0.015625
8 0.308333 0.184375 0.308333 0.190625 0.316667 0.190625 0.318750 0.192188 0.327083 0.192188 0.329167 0.193750 0.339583 0.193750 0.341667 0.195312 0.345833 0.192188 0.347917 0.192188 0.347917 0.189063 0.345833 0.187500 0.335417 0.187500 0.333333 0.185937 0.320833 0.185937 0.318750 0.184375
8 0.304167 0.207813 0.304167 0.209375 0.306250 0.210938 0.306250 0.212500 0.308333 0.214062 0.308333 0.215625 0.310417 0.217187 0.314583 0.217187 0.316667 0.218750 0.325000 0.218750 0.327083 0.220313 0.333333 0.220313 0.335417 0.221875 0.341667 0.221875 0.343750 0.223438 0.341667 0.221875 0.341667 0.212500 0.339583 0.210938 0.329167 0.210938 0.327083 0.209375 0.314583 0.209375 0.312500 0.207813
8 0.412500 0.306250 0.412500 0.315625 0.410417 0.317187 0.410417 0.326562 0.408333 0.328125 0.408333 0.337500 0.406250 0.339063 0.406250 0.348437 0.404167 0.350000 0.404167 0.359375 0.402083 0.360938 0.402083 0.370313 0.400000 0.371875 0.400000 0.384375 0.414583 0.407813 0.418750 0.384375 0.422917 0.375000 0.422917 0.367188 0.427083 0.357812 0.427083 0.350000 0.431250 0.340625 0.431250 0.329688
8 0.333333 0.406250 0.320833 0.468750 0.320833 0.479688 0.333333 0.498437 0.400000 0.504687 0.412500 0.443750 0.412500 0.431250 0.400000 0.412500 0.393750 0.409375
8 0.366667 0.581250 0.366667 0.584375 0.364583 0.585938 0.364583 0.589063 0.362500 0.590625 0.362500 0.593750 0.360417 0.595312 0.360417 0.598437 0.358333 0.600000 0.358333 0.606250 0.360417 0.607813 0.360417 0.610937 0.362500 0.612500 0.362500 0.615625 0.364583 0.617188 0.364583 0.620313 0.366667 0.621875 0.366667 0.623438 0.370833 0.620313 0.370833 0.618750 0.375000 0.615625 0.375000 0.614062 0.383333 0.606250 0.381250 0.604688 0.381250 0.603125 0.379167 0.601562 0.379167 0.600000 0.377083 0.598437 0.377083 0.596875 0.375000 0.595312 0.375000 0.593750 0.372917 0.592188 0.372917 0.590625 0.370833 0.589063 0.370833 0.587500 0.368750 0.585938
8 0.256250 0.606250 0.256250 0.612500 0.254167 0.614062 0.254167 0.618750 0.252083 0.620313 0.252083 0.625000 0.268750 0.625000 0.270833 0.623438 0.285417 0.623438 0.285417 0.620313 0.287500 0.618750 0.287500 0.615625 0.291667 0.610937 0.291667 0.607813 0.289583 0.606250
8 0.018750 0.696875 0.025000 0.764063 0.039583 0.800000 0.027083 0.807813 0.170833 0.765625 0.233333 0.765625 0.268750 0.756250 0.287500 0.764063 0.343750 0.760938 0.347917 0.751562 0.341667 0.726562 0.291667 0.723437 0.293750 0.739062 0.254167 0.715625 0.237500 0.718750 0.210417 0.698438 0.202083 0.704687 0.177083 0.692187 0.172917 0.704687 0.152083 0.692187 0.170833 0.710938 0.050000 0.671875 0.110417 0.712500