1 0.014583 0.010937 0.012500 0.034375 0.497917 0.071875 0.012500 0.039062 0.022917 0.426562 0.366667 0.429688 0.379167 0.370313 0.325000 0.368750 0.343750 0.270312 0.368750 0.268750 0.358333 0.229687 0.545833 0.264062 0.581250 0.090625 0.558333 0.078125 0.579167 0.076563 0.508333 0.020312
1 0.039583 0.431250 0.016667 0.431250 0.016667 0.521875 0.016667 0.515625 0.018750 0.514063 0.025000 0.484375 0.029167 0.476562 0.029167 0.470313 0.031250 0.468750
1 0.072917 0.546875 0.016667 0.546875 0.018750 0.703125 0.020833 0.700000 0.043750 0.696875 0.079167 0.590625 0.079167 0.584375 0.064583 0.579687
1 0.379167 0.643750 0.387500 0.690625 0.437500 0.692187 0.443750 0.714063 0.439583 0.720312 0.425000 0.720312 0.493750 0.767187 0.645833 0.756250 0.585417 0.642187 0.512500 0.654688 0.447917 0.675000 0.395833 0.676562 0.391667 0.671875 0.402083 0.654688 0.402083 0.637500
1 0.987500 0.739062 0.016667 0.804688 0.016667 0.896875 0.987500 0.814062
1 0.983333 0.821875 0.012500 0.907812 0.016667 0.979688 0.987500 0.885938
1 0.987500 0.892187 0.016667 0.989062 0.989583 0.989062
2 0.989583 0.010937 0.516667 0.015625 0.587500 0.075000 0.554167 0.260938 0.668750 0.253125 0.587500 0.290625 0.700000 0.292188 0.695833 0.310937 0.585417 0.321875 0.712500 0.310937 0.708333 0.337500 0.635417 0.346875 0.760417 0.375000 0.677083 0.406250 0.741667 0.479688 0.693750 0.551562 0.768750 0.562500 0.768750 0.584375 0.683333 0.590625 0.660417 0.618750 0.743750 0.639063 0.725000 0.659375 0.600000 0.648438 0.652083 0.750000 0.987500 0.728125
3 0.018750 0.540625 0.345833 0.532812 0.347917 0.510938 0.335417 0.520312 0.306250 0.523438 0.295833 0.496875 0.339583 0.492188 0.350000 0.500000 0.356250 0.487500 0.391667 0.487500 0.375000 0.435937 0.045833 0.435937
5 0.368750 0.235938 0.341667 0.360938 0.383333 0.362500 0.402083 0.312500 0.395833 0.368750 0.535417 0.379687 0.527083 0.414062 0.585417 0.482812 0.545833 0.575000 0.410417 0.571875 0.410417 0.612500 0.402083 0.559375 0.362500 0.560938 0.375000 0.640625 0.410417 0.625000 0.397917 0.673437 0.606250 0.637500 0.729167 0.651563 0.622917 0.628125 0.633333 0.587500 0.762500 0.567187 0.629167 0.564062 0.606250 0.501562 0.725000 0.484375 0.585417 0.482812 0.727083 0.475000 0.608333 0.462500 0.610417 0.423438 0.670833 0.410937 0.618750 0.389062 0.750000 0.373437 0.620833 0.368750 0.622917 0.343750 0.706250 0.335938 0.706250 0.317187 0.558333 0.325000 0.683333 0.301562 0.564583 0.300000 0.558333 0.271875 0.650000 0.254687 0.522917 0.270312
5 0.391667 0.492188 0.360417 0.492188 0.360417 0.503125 0.358333 0.504687 0.358333 0.532812 0.360417 0.534375 0.362500 0.554688 0.366667 0.554688 0.391667 0.545313 0.395833 0.545313 0.406250 0.537500 0.408333 0.537500 0.404167 0.531250 0.404167 0.526563 0.402083 0.525000 0.402083 0.520312 0.400000 0.518750 0.400000 0.514063 0.395833 0.507812 0.395833 0.503125 0.393750 0.501562
6 0.391667 0.373437 0.383333 0.428125 0.391667 0.432813 0.416667 0.423438 0.427083 0.429688 0.427083 0.464063 0.400000 0.476562 0.422917 0.564062 0.537500 0.568750 0.558333 0.529688 0.562500 0.481250 0.525000 0.421875 0.522917 0.390625 0.456250 0.375000
6 0.612500 0.423438 0.616667 0.464063 0.629167 0.464063 0.631250 0.462500 0.643750 0.462500 0.645833 0.460938 0.656250 0.460938 0.658333 0.459375 0.706250 0.454688 0.668750 0.420312 0.652083 0.420312 0.650000 0.421875 0.633333 0.421875 0.631250 0.423438
6 0.620833 0.506250 0.631250 0.521875 0.631250 0.539062 0.633333 0.540625 0.635417 0.559375 0.683333 0.559375 0.689583 0.560938 0.689583 0.554688 0.693750 0.546875 0.693750 0.540625 0.704167 0.510938 0.704167 0.504687 0.629167 0.504687 0.627083 0.506250
7 0.141667 0.164062 0.166667 0.354688 0.266667 0.364062 0.266667 0.176563
7 0.358333 0.546875 0.077083 0.553125 0.070833 0.578125 0.089583 0.584375 0.050000 0.703125 0.029167 0.706250 0.029167 0.726562 0.014583 0.728125 0.031250 0.795313 0.062500 0.793750 0.050000 0.759375 0.125000 0.740625 0.187500 0.785937 0.477083 0.767187 0.416667 0.723437 0.441667 0.714063 0.427083 0.692187 0.381250 0.698438
7 0.172917 0.784375 0.160417 0.775000 0.156250 0.775000 0.154167 0.776563 0.152083 0.776563 0.147917 0.779688 0.145833 0.779688 0.143750 0.781250 0.141667 0.781250 0.137500 0.784375 0.135417 0.784375 0.131250 0.787500 0.129167 0.787500 0.127083 0.789062 0.125000 0.789062 0.135417 0.789062 0.137500 0.787500 0.147917 0.787500 0.150000 0.785937 0.162500 0.785937 0.164583 0.784375
8 0.414583 0.428125 0.410417 0.428125 0.408333 0.429688 0.402083 0.431250 0.397917 0.434375 0.395833 0.434375 0.385417 0.439063 0.385417 0.446875 0.387500 0.448438 0.387500 0.456250 0.389583 0.457812 0.389583 0.464063 0.391667 0.465625 0.391667 0.473437 0.397917 0.471875 0.408333 0.465625 0.410417 0.465625 0.412500 0.464063 0.414583 0.464063 0.418750 0.460938 0.420833 0.460938 0.420833 0.432813
8 0.285417 0.470313 0.285417 0.478125 0.287500 0.478125 0.289583 0.476562 0.293750 0.479688 0.293750 0.481250 0.300000 0.481250 0.302083 0.482812 0.308333 0.482812 0.310417 0.484375 0.316667 0.484375 0.318750 0.485938 0.325000 0.485938 0.327083 0.487500 0.343750 0.487500 0.343750 0.475000 0.345833 0.473437 0.335417 0.468750 0.310417 0.468750 0.302083 0.473437 0.300000 0.473437 0.293750 0.476562 0.289583 0.476562 0.287500 0.475000
8 0.139583 0.482812 0.139583 0.496875 0.137500 0.498437 0.135417 0.525000 0.172917 0.525000 0.175000 0.526563 0.179167 0.526563 0.179167 0.518750 0.181250 0.517187 0.181250 0.509375 0.183333 0.507812 0.183333 0.498437 0.185417 0.496875 0.185417 0.487500 0.175000 0.487500 0.172917 0.485938 0.162500 0.485938 0.160417 0.484375 0.152083 0.484375 0.150000 0.482812
8 0.235417 0.484375 0.227083 0.484375 0.225000 0.485938 0.218750 0.485938 0.216667 0.487500 0.208333 0.487500 0.206250 0.489062 0.200000 0.489062 0.200000 0.518750 0.202083 0.520312 0.202083 0.521875 0.216667 0.521875 0.218750 0.523438 0.237500 0.523438 0.239583 0.525000 0.239583 0.500000 0.237500 0.498437 0.237500 0.492188 0.235417 0.490625
8 0.262500 0.487500 0.262500 0.489062 0.258333 0.492188 0.258333 0.493750 0.252083 0.501562 0.252083 0.520312 0.262500 0.520312 0.264583 0.518750 0.272917 0.518750 0.275000 0.517187 0.285417 0.517187 0.287500 0.515625 0.295833 0.515625 0.293750 0.514063 0.293750 0.506250 0.291667 0.504687 0.291667 0.495313 0.289583 0.493750 0.289583 0.487500
8 0.354167 0.504687 0.339583 0.493750 0.320833 0.493750 0.318750 0.495313 0.300000 0.495313 0.297917 0.496875 0.297917 0.500000 0.300000 0.501562 0.300000 0.506250 0.302083 0.507812 0.302083 0.510938 0.304167 0.512500 0.304167 0.517187 0.306250 0.518750 0.306250 0.521875 0.316667 0.521875 0.318750 0.520312 0.325000 0.520312 0.327083 0.518750 0.335417 0.518750 0.352083 0.506250 0.354167 0.506250