1 0.014583 0.010937 0.018750 0.539062 0.381250 0.540625 0.383333 0.457812 0.322917 0.459375 0.331250 0.348437 0.377083 0.360938 0.379167 0.312500 0.347917 0.289062 0.368750 0.276563 0.568750 0.325000 0.620833 0.092188 0.029167 0.039062 0.600000 0.084375 0.518750 0.040625
2 0.531250 0.015625 0.633333 0.084375 0.575000 0.326562 0.754167 0.310937 0.647917 0.346875 0.656250 0.368750 0.812500 0.365625 0.829167 0.392188 0.660417 0.410937 0.872917 0.409375 0.881250 0.437500 0.758333 0.451562 0.777083 0.487500 0.968750 0.482812 0.987500 0.512500 0.808333 0.539062 0.918750 0.632812 0.927083 0.684375 0.829167 0.818750 0.987500 0.823438 0.833333 0.854688 0.822917 0.893750 0.966667 0.910937 0.964583 0.932813 0.714583 0.940625 0.747917 0.989062 0.989583 0.990625 0.985417 0.015625
3 0.014583 0.546875 0.018750 0.695312 0.027083 0.690625 0.335417 0.678125 0.306250 0.548437
3 0.314583 0.551562 0.335417 0.637500 0.337500 0.639063 0.339583 0.637500 0.379167 0.635938 0.368750 0.601562 0.368750 0.590625 0.377083 0.571875 0.377083 0.550000 0.320833 0.550000
5 0.356250 0.289062 0.387500 0.310937 0.383333 0.370313 0.637500 0.423438 0.337500 0.353125 0.327083 0.454688 0.383333 0.451562 0.391667 0.381250 0.433333 0.440625 0.433333 0.501562 0.612500 0.517187 0.608333 0.548437 0.693750 0.654688 0.900000 0.646875 0.756250 0.629687 0.772917 0.553125 0.812500 0.515625 0.968750 0.509375 0.956250 0.484375 0.775000 0.492188 0.754167 0.446875 0.866667 0.429688 0.858333 0.412500 0.750000 0.432813 0.652083 0.409375 0.660417 0.392188 0.825000 0.389062 0.654167 0.371875 0.641667 0.340625 0.758333 0.325000 0.639583 0.335938
5 0.393750 0.639063 0.366667 0.637500 0.337500 0.640625 0.337500 0.701563 0.341667 0.735937 0.372917 0.723437 0.406250 0.706250 0.420833 0.703125 0.397917 0.640625
5 0.916667 0.667188 0.685417 0.675000 0.633333 0.771875 0.637500 0.809375 0.577083 0.801562 0.570833 0.821875 0.612500 0.832812 0.637500 0.809375 0.650000 0.848437 0.450000 0.893750 0.450000 0.989062 0.525000 0.987500 0.456250 0.984375 0.535417 0.982813 0.797917 0.915625 0.962500 0.932813 0.966667 0.912500 0.818750 0.889063 0.833333 0.853125 0.970833 0.845312 0.985417 0.823438 0.833333 0.825000 0.820833 0.804688 0.839583 0.787500 0.766667 0.703125 0.916667 0.679688
5 0.416667 0.745313 0.347917 0.756250 0.360417 0.890625 0.443750 0.854688
6 0.397917 0.387500 0.387500 0.554688 0.439583 0.565625 0.435417 0.625000 0.400000 0.643750 0.468750 0.889063 0.527083 0.875000 0.566667 0.801562 0.618750 0.790625 0.679167 0.673437 0.910417 0.665625 0.916667 0.651563 0.808333 0.540625 0.775000 0.553125 0.766667 0.621875 0.881250 0.628125 0.904167 0.651563 0.691667 0.656250 0.602083 0.551562 0.612500 0.518750 0.431250 0.501562 0.431250 0.440625
6 0.900000 0.682813 0.895833 0.685938 0.843750 0.689062 0.768750 0.698438 0.793750 0.750000 0.814583 0.773438 0.831250 0.781250 0.845833 0.778125
7 0.050000 0.207813 0.085417 0.448438 0.208333 0.446875 0.208333 0.217187
7 0.408333 0.707812 0.337500 0.742188 0.333333 0.682813 0.022917 0.693750 0.018750 0.985937 0.447917 0.985937 0.450000 0.860937 0.356250 0.895312 0.335417 0.745313 0.418750 0.737500
7 0.739583 0.984375 0.710417 0.953125 0.700000 0.950000 0.527083 0.985937 0.456250 0.985937
8 0.435417 0.562500 0.381250 0.562500 0.375000 0.584375 0.370833 0.590625 0.370833 0.601562 0.377083 0.617188 0.381250 0.637500 0.414583 0.631250 0.433333 0.625000 0.433333 0.568750
8 0.237500 0.596875 0.243750 0.596875 0.252083 0.592188 0.264583 0.592188 0.266667 0.593750 0.275000 0.593750 0.277083 0.595312 0.283333 0.595312 0.285417 0.596875 0.289583 0.593750 0.291667 0.593750 0.291667 0.592188 0.295833 0.589063 0.304167 0.589063 0.304167 0.585938 0.295833 0.581250 0.275000 0.581250 0.272917 0.582812 0.268750 0.582812 0.258333 0.587500 0.254167 0.587500 0.250000 0.584375 0.247917 0.584375 0.243750 0.581250 0.241667 0.581250 0.241667 0.585938 0.239583 0.587500 0.239583 0.590625 0.237500 0.592188
8 0.114583 0.589063 0.062500 0.595312 0.039583 0.673437 0.095833 0.673437 0.104167 0.675000