1 0.012500 0.076563 0.016667 0.164062 0.731250 0.198437 0.789583 0.129688
1 0.570833 0.353125 0.016667 0.340625 0.014583 0.898438 0.045833 0.914062 0.050000 0.514063 0.079167 0.967188 0.154167 0.965625 0.150000 0.925000 0.222917 0.918750 0.318750 0.782812 0.358333 0.782812 0.356250 0.762500 0.183333 0.770312 0.333333 0.754687 0.220833 0.756250 0.208333 0.696875 0.339583 0.750000 0.325000 0.543750 0.143750 0.542188 0.325000 0.537500 0.341667 0.443750 0.535417 0.442187 0.533333 0.373437
2 0.987500 0.010937 0.804167 0.015625 0.818750 0.115625 0.741667 0.195312 0.754167 0.293750 0.664583 0.350000 0.612500 0.337500 0.541667 0.371875 0.535417 0.446875 0.460417 0.456250 0.458333 0.510938 0.404167 0.539062 0.464583 0.587500 0.479167 0.690625 0.437500 0.775000 0.500000 0.770312 0.527083 0.732813 0.595833 0.731250 0.650000 0.770312 0.689583 0.898438 0.910417 0.989062 0.989583 0.987500
3 0.016667 0.170312 0.020833 0.318750 0.614583 0.331250 0.635417 0.346875 0.666667 0.345313 0.700000 0.304688 0.747917 0.293750 0.741667 0.203125 0.606250 0.207813
5 0.445833 0.450000 0.347917 0.451562 0.345833 0.464063 0.329167 0.493750 0.329167 0.498437 0.387500 0.542188 0.450000 0.510938
5 0.339583 0.514063 0.335417 0.534375 0.335417 0.585938 0.429167 0.585938 0.429167 0.543750 0.383333 0.546875
5 0.337500 0.600000 0.343750 0.751562 0.429167 0.757812 0.410417 0.735937 0.404167 0.592188
5 0.422917 0.593750 0.422917 0.601562 0.420833 0.603125 0.420833 0.612500 0.418750 0.614062 0.418750 0.621875 0.416667 0.623438 0.416667 0.631250 0.414583 0.632812 0.414583 0.639063 0.427083 0.639063 0.429167 0.637500 0.456250 0.635938 0.456250 0.595312 0.458333 0.592188 0.427083 0.592188
5 0.420833 0.646875 0.418750 0.648438 0.418750 0.685938 0.431250 0.685938 0.433333 0.684375 0.445833 0.684375 0.447917 0.682813 0.458333 0.682813 0.458333 0.679688 0.456250 0.678125 0.456250 0.646875
5 0.425000 0.693750 0.425000 0.734375 0.439583 0.734375 0.441667 0.732813 0.456250 0.732813 0.458333 0.731250 0.470833 0.731250 0.470833 0.728125 0.468750 0.726562 0.468750 0.692187 0.429167 0.692187
7 0.012500 0.018750 0.012500 0.070312 0.810417 0.126563 0.800000 0.014062
7 0.168750 0.348437 0.168750 0.370313 0.170833 0.373437 0.206250 0.375000 0.208333 0.376563 0.225000 0.376563 0.227083 0.378125 0.245833 0.378125 0.247917 0.379687 0.247917 0.354688 0.245833 0.353125 0.227083 0.353125 0.225000 0.351562 0.206250 0.351562 0.204167 0.350000
7 0.212500 0.704687 0.214583 0.750000 0.216667 0.751562 0.233333 0.751562 0.235417 0.750000 0.252083 0.750000 0.254167 0.748438 0.287500 0.746875 0.285417 0.745313 0.285417 0.737500 0.283333 0.735937 0.283333 0.726562 0.281250 0.725000 0.279167 0.707812 0.275000 0.706250
7 0.685417 0.840625 0.641667 0.771875 0.600000 0.742188 0.529167 0.739062 0.512500 0.750000 0.508333 0.776563 0.322917 0.795313 0.197917 0.954687 0.622917 0.915625 0.687500 0.901563
8 0.325000 0.459375 0.304167 0.459375 0.300000 0.454688 0.287500 0.454688 0.275000 0.465625 0.270833 0.464063 0.218750 0.462500 0.222917 0.501562 0.225000 0.503125 0.227083 0.501562 0.247917 0.501562 0.250000 0.500000 0.320833 0.496875