1 0.014583 0.014062 0.022917 0.654688 0.487500 0.657812 0.493750 0.515625 0.687500 0.512500 0.689583 0.492188 0.652083 0.439063 0.637500 0.457812 0.593750 0.460938 0.566667 0.432813 0.512500 0.429688 0.483333 0.346875 0.437500 0.334375 0.450000 0.181250 0.431250 0.151562 0.470833 0.068750 0.431250 0.059375 0.439583 0.020312
1 0.018750 0.667188 0.016667 0.746875 0.256250 0.742188 0.275000 0.723437 0.297917 0.734375 0.297917 0.754687 0.347917 0.762500 0.366667 0.792188 0.406250 0.792188 0.412500 0.814062 0.483333 0.823438 0.502083 0.854688 0.572917 0.865625 0.606250 0.901563 0.679167 0.904688 0.731250 0.971875 0.835417 0.973437 0.868750 0.928125 0.931250 0.917188 0.756250 0.748438 0.645833 0.757812 0.537500 0.734375 0.500000 0.710938 0.495833 0.662500
1 0.020833 0.846875 0.014583 0.965625 0.145833 0.965625 0.147917 0.957812
2 0.835417 0.014062 0.925000 0.031250 0.964583 0.029687 0.975000 0.076563 0.764583 0.070312 0.764583 0.085938 0.795833 0.098438 0.797917 0.117188 0.754167 0.117188 0.743750 0.146875 0.795833 0.148438 0.800000 0.179688 0.845833 0.189063 0.877083 0.184375 0.881250 0.207813 0.970833 0.223438 0.983333 0.264062 0.987500 0.014062
2 0.983333 0.295312 0.941667 0.303125 0.885417 0.454688 0.908333 0.471875 0.904167 0.501562 0.710417 0.501562 0.716667 0.598437 0.754167 0.634375 0.818750 0.660937 0.893750 0.751562 0.904167 0.801562 0.877083 0.820312 0.770833 0.684375 0.762500 0.746875 0.945833 0.912500 0.979167 0.907812
5 0.789583 0.212500 0.770833 0.259375 0.797917 0.290625 0.800000 0.343750 0.777083 0.379687 0.781250 0.404687 0.760417 0.453125 0.735417 0.460938 0.727083 0.475000 0.743750 0.495313 0.897917 0.498437 0.897917 0.479688 0.868750 0.476562 0.864583 0.456250 0.943750 0.290625 0.987500 0.295312 0.983333 0.265625 0.952083 0.243750 0.970833 0.243750 0.970833 0.225000
5 0.506250 0.520312 0.491667 0.626562 0.495833 0.656250 0.512500 0.665625 0.512500 0.712500 0.541667 0.729688 0.647917 0.748438 0.754167 0.745313 0.764583 0.656250 0.697917 0.604688 0.700000 0.521875
7 0.222917 0.768750 0.218750 0.954687 0.256250 0.960938 0.268750 0.984375 0.718750 0.987500 0.677083 0.915625 0.587500 0.923437 0.552083 0.870313 0.495833 0.868750 0.468750 0.829687 0.408333 0.825000 0.391667 0.796875 0.347917 0.800000 0.347917 0.764063 0.281250 0.773438 0.285417 0.737500 0.266667 0.731250 0.262500 0.770312
7 0.656250 0.767187 0.658333 0.768750 0.658333 0.770312 0.662500 0.773438 0.662500 0.775000 0.664583 0.775000 0.666667 0.773438 0.697917 0.773438 0.697917 0.771875 0.689583 0.765625 0.658333 0.765625
7 0.020833 0.801562 0.018750 0.828125 0.193750 0.987500 0.241667 0.987500
8 0.970833 0.035937 0.579167 0.015625 0.533333 0.348437 0.506250 0.348437 0.516667 0.421875 0.568750 0.423438 0.587500 0.446875 0.639583 0.446875 0.656250 0.421875 0.639583 0.367188 0.650000 0.335938 0.708333 0.310937 0.770833 0.212500 0.727083 0.210938 0.720833 0.190625 0.870833 0.214062 0.875000 0.200000 0.725000 0.170312 0.741667 0.112500 0.793750 0.118750 0.783333 0.095312 0.752083 0.089062 0.754167 0.070312 0.970833 0.065625
8 0.460417 0.087500 0.445833 0.159375 0.458333 0.170312 0.447917 0.257812 0.447917 0.329688 0.522917 0.345313 0.562500 0.106250
8 0.758333 0.268750 0.741667 0.279687 0.722917 0.314063 0.722917 0.318750 0.741667 0.343750 0.775000 0.375000 0.775000 0.367188 0.785417 0.331250 0.785417 0.282813 0.762500 0.268750
8 0.706250 0.320312 0.670833 0.329688 0.654167 0.357812 0.664583 0.434375 0.718750 0.470313 0.754167 0.450000 0.768750 0.385938 0.712500 0.321875
8 0.020833 0.775000 0.216667 0.953125 0.220833 0.768750 0.260417 0.770312 0.260417 0.765625
8 0.218750 0.956250 0.227083 0.962500 0.227083 0.964063 0.237500 0.971875 0.237500 0.973437 0.245833 0.979688 0.245833 0.981250 0.264583 0.981250 0.264583 0.979688 0.262500 0.978125 0.262500 0.973437 0.260417 0.971875 0.260417 0.968750 0.258333 0.967188 0.258333 0.964063 0.256250 0.962500 0.250000 0.962500 0.247917 0.960938 0.241667 0.960938 0.239583 0.959375 0.233333 0.959375 0.231250 0.957812 0.225000 0.957812 0.222917 0.956250