1 0.987500 0.014062 0.893750 0.014062 0.850000 0.035937 0.804167 0.128125 0.760417 0.131250 0.608333 0.367188 0.604167 0.404687 0.554167 0.409375 0.658333 0.426562 0.985417 0.071875
1 0.018750 0.398438 0.014583 0.987500 0.710417 0.987500 0.714583 0.948438 0.666667 0.879687 0.654167 0.948438 0.579167 0.943750 0.562500 0.918750 0.518750 0.934375 0.468750 0.925000 0.416667 0.804688 0.358333 0.800000 0.360417 0.507812 0.391667 0.506250 0.393750 0.487500 0.370833 0.500000 0.337500 0.468750 0.391667 0.425000 0.202083 0.389062
2 0.987500 0.076563 0.672917 0.426562 0.922917 0.442187 0.904167 0.478125 0.720833 0.482812 0.710417 0.582812 0.733333 0.582812 0.737500 0.596875 0.800000 0.606250 0.841667 0.593750 0.866667 0.610937 0.845833 0.618750 0.985417 0.618750
2 0.877083 0.653125 0.879167 0.653125 0.902083 0.670313 0.970833 0.670313 0.972917 0.671875 0.977083 0.671875 0.975000 0.668750 0.954167 0.653125
2 0.977083 0.706250 0.918750 0.707812 0.885417 0.898438 0.935417 0.895312
2 0.987500 0.782812 0.958333 0.943750 0.979167 0.970312 0.989583 0.971875
2 0.877083 0.920313 0.877083 0.926562 0.875000 0.928125 0.872917 0.942187 0.868750 0.950000 0.868750 0.956250 0.866667 0.957812 0.862500 0.979688 0.864583 0.978125 0.883333 0.978125 0.885417 0.976562 0.922917 0.975000 0.910417 0.957812 0.910417 0.954687 0.900000 0.940625 0.900000 0.937500 0.887500 0.920313
4 0.372917 0.509375 0.366667 0.579687 0.372917 0.582812 0.381250 0.725000 0.366667 0.726562 0.366667 0.792188 0.422917 0.795313 0.481250 0.810938 0.475000 0.753125 0.485417 0.714063 0.497917 0.528125
5 0.781250 0.618750 0.770833 0.693750 0.783333 0.682813 0.820833 0.698438 0.825000 0.725000 0.858333 0.748438 0.862500 0.839063 0.839583 0.851562 0.866667 0.914062 0.818750 0.965625 0.791667 0.968750 0.804167 0.987500 0.987500 0.989062 0.989583 0.975000 0.952083 0.946875 0.987500 0.768750 0.987500 0.676562 0.895833 0.676562 0.860417 0.650000 0.954167 0.648438 0.987500 0.673437 0.987500 0.629687
7 0.020833 0.392188 0.204167 0.387500 0.362500 0.412500 0.360417 0.379687 0.387500 0.367188 0.441667 0.381250 0.464583 0.407813 0.597917 0.406250 0.606250 0.367188 0.543750 0.362500 0.679167 0.129688 0.656250 0.129688 0.800000 0.121875 0.854167 0.014062 0.016667 0.014062 0.016667 0.259375 0.093750 0.278125 0.014583 0.265625
7 0.760417 0.126563 0.702083 0.123438 0.575000 0.359375 0.610417 0.357812
8 0.377083 0.368750 0.366667 0.417188 0.395833 0.429688 0.347917 0.467187 0.356250 0.490625 0.404167 0.475000 0.402083 0.509375 0.514583 0.509375 0.491667 0.814062 0.454167 0.806250 0.468750 0.914062 0.566667 0.910937 0.583333 0.939062 0.652083 0.942187 0.645833 0.812500 0.708333 0.939062 0.814583 0.960938 0.862500 0.910937 0.835417 0.848437 0.850000 0.746875 0.816667 0.701563 0.766667 0.693750 0.777083 0.607813 0.862500 0.614062 0.706250 0.596875 0.681250 0.739062 0.710417 0.479688 0.902083 0.468750 0.920833 0.442187 0.679167 0.439063 0.533333 0.409375 0.493750 0.423438
8 0.425000 0.801562 0.425000 0.803125 0.427083 0.804688 0.427083 0.807813 0.429167 0.809375 0.429167 0.810938 0.431250 0.812500 0.431250 0.815625 0.433333 0.817187 0.433333 0.820312 0.435417 0.821875 0.435417 0.823438 0.437500 0.825000 0.437500 0.828125 0.439583 0.829687 0.439583 0.831250 0.439583 0.826563 0.441667 0.825000 0.441667 0.818750 0.443750 0.817187 0.443750 0.812500 0.445833 0.810938 0.445833 0.803125 0.435417 0.803125 0.433333 0.801562