1 0.012500 0.010937 0.016667 0.617188 0.122917 0.320312 0.056250 0.014062
1 0.133333 0.182812 0.156250 0.325000 0.497917 0.343750 0.441667 0.328125 0.427083 0.312500 0.422917 0.292188 0.443750 0.276563 0.458333 0.278125 0.452083 0.265625 0.187500 0.243750 0.162500 0.264062 0.147917 0.187500
1 0.154167 0.331250 0.016667 0.768750 0.014583 0.989062 0.420833 0.987500 0.422917 0.915625 0.193750 0.923437 0.222917 0.710938 0.437500 0.707812 0.466667 0.654688 0.650000 0.665625 0.637500 0.618750 0.454167 0.603125 0.466667 0.539062 0.377083 0.542188 0.375000 0.487500 0.254167 0.485938 0.266667 0.376563 0.410417 0.382812 0.416667 0.471875 0.456250 0.473437 0.497917 0.350000
1 0.435417 0.870313 0.441667 0.914062 0.531250 0.912500 0.545833 0.946875 0.720833 0.937500 0.706250 0.890625 0.700000 0.887500 0.462500 0.895312 0.447917 0.871875
2 0.989583 0.010937 0.758333 0.014062 0.750000 0.135937 0.829167 0.137500 0.827083 0.187500 0.812500 0.193750 0.787500 0.426562 0.806250 0.395312 0.866667 0.396875 0.860417 0.381250 0.877083 0.335938 0.964583 0.196875 0.935417 0.162500 0.935417 0.140625 0.964583 0.117188 0.989583 0.121875
2 0.685417 0.018750 0.664583 0.092188 0.672917 0.095312 0.664583 0.115625 0.681250 0.128125 0.741667 0.129688 0.747917 0.017188
2 0.783333 0.454688 0.781250 0.575000 0.702083 0.571875 0.702083 0.581250 0.789583 0.632812 0.987500 0.725000 0.985417 0.607813 0.870833 0.612500 0.841667 0.623438 0.825000 0.617188 0.804167 0.592188 0.800000 0.550000 0.818750 0.526563
2 0.668750 0.573438 0.645833 0.610937 0.654167 0.664062 0.710417 0.659375 0.766667 0.832812 0.714583 0.882812 0.727083 0.935938 0.739583 0.935938 0.737500 0.915625 0.779167 0.951563 0.758333 0.985937 0.987500 0.989062 0.987500 0.731250 0.760417 0.626562 0.691667 0.585938 0.693750 0.573438
3 0.108333 0.014062 0.116667 0.085938 0.139583 0.071875 0.166667 0.251563 0.204167 0.239063 0.510417 0.262500 0.527083 0.220313 0.475000 0.209375 0.462500 0.190625 0.458333 0.232812 0.427083 0.226562 0.422917 0.101562 0.481250 0.100000 0.477083 0.126563 0.566667 0.125000 0.602083 0.098438 0.608333 0.118750 0.664583 0.123438 0.654167 0.089062 0.681250 0.012500 0.500000 0.012500 0.487500 0.089062 0.285417 0.070312 0.283333 0.018750 0.306250 0.012500
3 0.470833 0.129688 0.468750 0.129688 0.466667 0.131250 0.466667 0.146875 0.464583 0.148438 0.464583 0.187500 0.464583 0.182812 0.466667 0.181250 0.466667 0.178125 0.468750 0.176563 0.468750 0.171875 0.470833 0.170312 0.470833 0.148438 0.472917 0.146875 0.470833 0.145313
3 0.466667 0.660937 0.452083 0.701563 0.466667 0.707812 0.464583 0.718750 0.477083 0.732813 0.454167 0.750000 0.460417 0.795313 0.472917 0.815625 0.472917 0.846875 0.452083 0.867188 0.460417 0.887500 0.702083 0.878125 0.710417 0.884375 0.762500 0.832812 0.708333 0.664062 0.697917 0.664062 0.695833 0.671875 0.470833 0.671875
5 0.981250 0.123438 0.964583 0.123438 0.939583 0.143750 0.939583 0.162500 0.970833 0.196875 0.877083 0.348437 0.868750 0.398438 0.810417 0.398438 0.787500 0.435937 0.825000 0.525000 0.806250 0.553125 0.808333 0.584375 0.841667 0.617188 0.977083 0.593750 0.989583 0.132812
5 0.445833 0.279687 0.431250 0.290625 0.431250 0.306250 0.437500 0.317187 0.447917 0.325000 0.475000 0.326562 0.506250 0.339063 0.512500 0.343750 0.502083 0.350000 0.504167 0.371875 0.512500 0.373437 0.522917 0.368750 0.525000 0.306250 0.520833 0.301562 0.520833 0.290625 0.487500 0.289062 0.477083 0.284375
6 0.822917 0.139062 0.604167 0.123438 0.602083 0.101562 0.575000 0.123438 0.587500 0.193750 0.568750 0.207813 0.583333 0.214062 0.570833 0.306250 0.529167 0.309375 0.522917 0.462500 0.547917 0.420312 0.554167 0.432813 0.541667 0.446875 0.550000 0.501562 0.520833 0.509375 0.560417 0.526563 0.533333 0.567187 0.493750 0.553125 0.491667 0.607813 0.641667 0.610937 0.658333 0.567187 0.775000 0.571875 0.800000 0.190625 0.825000 0.185937
6 0.479167 0.370313 0.464583 0.412500 0.464583 0.432813 0.468750 0.440625 0.479167 0.431250 0.485417 0.418750 0.493750 0.459375 0.497917 0.464063 0.516667 0.465625 0.520833 0.376563 0.485417 0.376563
7 0.287500 0.256250 0.287500 0.295312 0.293750 0.295312 0.295833 0.293750 0.370833 0.293750 0.370833 0.265625 0.372917 0.264062 0.370833 0.260938 0.354167 0.260938 0.352083 0.259375 0.337500 0.259375 0.335417 0.257812 0.320833 0.257812 0.318750 0.256250 0.304167 0.256250 0.302083 0.254687 0.289583 0.254687
7 0.270833 0.382812 0.260417 0.479688 0.375000 0.481250 0.377083 0.473437 0.410417 0.475000 0.406250 0.387500 0.300000 0.381250
7 0.483333 0.428125 0.483333 0.429688 0.479167 0.432813 0.479167 0.434375 0.472917 0.442187 0.472917 0.454688 0.475000 0.456250 0.475000 0.465625 0.477083 0.467187 0.477083 0.478125 0.479167 0.479688 0.479167 0.490625 0.481250 0.489062 0.483333 0.484375 0.487500 0.481250 0.487500 0.479688 0.485417 0.478125 0.485417 0.451562 0.483333 0.450000
7 0.250000 0.540625 0.241667 0.626562 0.354167 0.628125 0.358333 0.606250 0.358333 0.540625
7 0.231250 0.715625 0.204167 0.918750 0.433333 0.909375 0.431250 0.870313 0.404167 0.860937 0.404167 0.839063 0.422917 0.820312 0.416667 0.787500 0.427083 0.789062 0.420833 0.717188
8 0.287500 0.014062 0.285417 0.068750 0.487500 0.087500 0.497917 0.012500
8 0.206250 0.082813 0.206250 0.117188 0.212500 0.137500 0.212500 0.156250 0.225000 0.198437 0.225000 0.214062 0.229167 0.220313 0.268750 0.225000 0.262500 0.084375
8 0.289583 0.089062 0.281250 0.118750 0.291667 0.126563 0.297917 0.164062 0.295833 0.195312 0.304167 0.220313 0.312500 0.229687 0.339583 0.232812 0.341667 0.092188
8 0.362500 0.096875 0.352083 0.175000 0.354167 0.207813 0.360417 0.217187 0.362500 0.228125 0.400000 0.231250 0.408333 0.100000
8 0.427083 0.100000 0.425000 0.123438 0.429167 0.131250 0.425000 0.153125 0.422917 0.210938 0.431250 0.228125 0.456250 0.232812 0.468750 0.210938 0.468750 0.204688 0.460417 0.198437 0.464583 0.131250 0.477083 0.125000 0.481250 0.101562
8 0.475000 0.131250 0.485417 0.159375 0.470833 0.181250 0.466667 0.198437 0.485417 0.207813 0.560417 0.215625 0.583333 0.189063 0.579167 0.175000 0.579167 0.148438 0.583333 0.129688
8 0.118750 0.135937 0.118750 0.150000 0.116667 0.151562 0.116667 0.160938 0.118750 0.162500 0.118750 0.167187 0.122917 0.170312 0.127083 0.170312 0.154167 0.181250 0.152083 0.179688 0.152083 0.173438 0.150000 0.171875 0.150000 0.165625 0.147917 0.164062 0.147917 0.157813 0.145833 0.156250 0.145833 0.150000 0.143750 0.148438 0.143750 0.140625 0.141667 0.139062 0.141667 0.134375 0.122917 0.134375 0.120833 0.135937
8 0.572917 0.214062 0.556250 0.220313 0.550000 0.226562 0.535417 0.225000 0.527083 0.228125 0.527083 0.245312 0.541667 0.245312 0.541667 0.262500 0.531250 0.265625 0.522917 0.264062 0.535417 0.259375 0.535417 0.250000 0.525000 0.250000 0.516667 0.256250 0.516667 0.262500 0.525000 0.265625 0.522917 0.300000 0.527083 0.303125 0.543750 0.303125 0.554167 0.310937 0.568750 0.304688 0.579167 0.217187
8 0.379167 0.478125 0.381250 0.534375 0.383333 0.535937 0.462500 0.531250 0.470833 0.523438 0.470833 0.512500 0.477083 0.501562 0.475000 0.500000 0.470833 0.501562 0.466667 0.498437 0.462500 0.476562 0.387500 0.476562
8 0.504167 0.514063 0.504167 0.520312 0.502083 0.521875 0.502083 0.526563 0.500000 0.528125 0.500000 0.553125 0.502083 0.556250 0.510417 0.556250 0.512500 0.557813 0.522917 0.557813 0.525000 0.559375 0.535417 0.559375 0.537500 0.560938 0.537500 0.556250 0.539583 0.554688 0.539583 0.551562 0.541667 0.550000 0.541667 0.545313 0.545833 0.539062 0.545833 0.534375 0.550000 0.528125 0.545833 0.523438 0.545833 0.520312 0.541667 0.514063
8 0.777083 0.951563 0.737500 0.917188 0.741667 0.942187 0.541667 0.950000 0.529167 0.918750 0.429167 0.921875 0.420833 0.978125 0.425000 0.987500 0.541667 0.987500 0.547917 0.979688 0.745833 0.968750 0.750000 0.984375