1 0.016667 0.245312 0.016667 0.259375 0.287500 0.289062 0.266667 0.351562 0.018750 0.332812 0.020833 0.351562 0.312500 0.370313 0.345833 0.315625 0.341667 0.278125
1 0.016667 0.415625 0.018750 0.573438 0.287500 0.582812 0.287500 0.543750 0.308333 0.539062 0.308333 0.501562 0.277083 0.490625 0.293750 0.428125
2 0.750000 0.212500 0.693750 0.254687 0.752083 0.284375 0.795833 0.281250 0.810417 0.267188 0.835417 0.281250 0.860417 0.278125 0.860417 0.304688 0.845833 0.312500 0.885417 0.335938 0.885417 0.353125 0.854167 0.362500 0.839583 0.384375 0.854167 0.398438 0.818750 0.398438 0.804167 0.409375 0.741667 0.393750 0.693750 0.409375 0.712500 0.489062 0.983333 0.520312 0.983333 0.239063
2 0.579167 0.539062 0.533333 0.562500 0.516667 0.604688 0.591667 0.618750 0.577083 0.571875
2 0.456250 0.573438 0.456250 0.575000 0.462500 0.582812 0.460417 0.584375 0.460417 0.587500 0.458333 0.589063 0.458333 0.592188 0.456250 0.593750 0.456250 0.596875 0.454167 0.598437 0.452083 0.606250 0.495833 0.606250 0.495833 0.592188 0.497917 0.590625 0.497917 0.575000 0.500000 0.573438
2 0.452083 0.760938 0.454167 0.948438 0.479167 0.976562 0.552083 0.965625 0.572917 0.985937 0.593750 0.985937 0.597917 0.948438 0.837500 0.935938 0.889583 0.942187 0.860417 0.892187 0.789583 0.892187 0.695833 0.926562 0.625000 0.895312 0.595833 0.856250 0.597917 0.807813 0.485417 0.815625 0.508333 0.937500 0.468750 0.764063
2 0.868750 0.892187 0.889583 0.935938 0.895833 0.942187 0.989583 0.975000 0.987500 0.878125
3 0.018750 0.576563 0.016667 0.765625 0.289583 0.753125 0.293750 0.739062 0.293750 0.979688 0.456250 0.970312 0.441667 0.951563 0.447917 0.753125 0.391667 0.740625 0.395833 0.614062 0.441667 0.606250 0.454167 0.587500 0.300000 0.581250 0.295833 0.679688 0.289583 0.587500
5 0.360417 0.315625 0.306250 0.385938 0.287500 0.479688 0.316667 0.503125 0.316667 0.559375 0.514583 0.568750 0.597917 0.523438 0.593750 0.623438 0.397917 0.614062 0.393750 0.737500 0.464583 0.759375 0.489583 0.807813 0.595833 0.804688 0.597917 0.681250 0.600000 0.854688 0.695833 0.925000 0.793750 0.887500 0.983333 0.873438 0.981250 0.525000 0.652083 0.492188 0.689583 0.493750 0.675000 0.410937 0.585417 0.382812 0.543750 0.389062 0.456250 0.489062 0.441667 0.439063 0.472917 0.412500
5 0.989583 0.989062 0.983333 0.976562 0.852083 0.937500 0.602083 0.950000 0.591667 0.971875 0.593750 0.978125 0.614583 0.987500
7 0.012500 0.014062 0.018750 0.101562 0.985417 0.235938 0.981250 0.053125 0.733333 0.015625
7 0.014583 0.240625 0.383333 0.271875 0.433333 0.170312 0.016667 0.115625
7 0.016667 0.267188 0.014583 0.329688 0.264583 0.348437 0.285417 0.290625 0.029167 0.264062
7 0.016667 0.406250 0.291667 0.420312 0.295833 0.379687 0.018750 0.360938
7 0.106250 0.484375 0.104167 0.526563 0.204167 0.526563 0.204167 0.489062 0.200000 0.487500 0.179167 0.487500 0.177083 0.485938 0.129167 0.484375 0.127083 0.482812 0.108333 0.482812
8 0.350000 0.276563 0.356250 0.304688 0.439583 0.329688 0.385417 0.329688 0.383333 0.343750 0.452083 0.343750 0.439583 0.376563 0.487500 0.400000 0.462500 0.431250 0.462500 0.478125 0.504167 0.404687 0.566667 0.364062 0.639583 0.354688 0.593750 0.365625 0.622917 0.398438 0.762500 0.384375 0.802083 0.400000 0.839583 0.392188 0.827083 0.379687 0.877083 0.350000 0.875000 0.334375 0.841667 0.325000 0.854167 0.282813 0.808333 0.270312 0.743750 0.292188 0.681250 0.260938 0.633333 0.257812 0.608333 0.284375 0.660417 0.309375 0.641667 0.356250 0.650000 0.309375 0.595833 0.282813 0.625000 0.245312 0.558333 0.260938 0.531250 0.200000 0.543750 0.185937 0.520833 0.185937 0.514583 0.234375 0.481250 0.223438 0.468750 0.260938 0.460417 0.225000 0.439583 0.225000 0.437500 0.259375 0.427083 0.228125 0.406250 0.259375 0.418750 0.284375
8 0.362500 0.376563 0.352083 0.384375 0.352083 0.385938 0.368750 0.410937 0.408333 0.440625 0.410417 0.443750 0.410417 0.393750 0.412500 0.392188 0.412500 0.389062 0.410417 0.387500
8 0.306250 0.410937 0.312500 0.446875 0.302083 0.468750 0.404167 0.492188 0.406250 0.451562 0.408333 0.450000 0.366667 0.417188
8 0.175000 0.621875 0.175000 0.629687 0.177083 0.631250 0.177083 0.639063 0.179167 0.640625 0.193750 0.640625 0.195833 0.642187 0.212500 0.642187 0.214583 0.643750 0.214583 0.621875
8 0.170833 0.650000 0.170833 0.656250 0.172917 0.657812 0.172917 0.665625 0.175000 0.667188 0.212500 0.667188 0.214583 0.668750 0.218750 0.668750 0.218750 0.667188 0.216667 0.665625 0.216667 0.650000
8 0.102083 0.673437 0.118750 0.673437 0.120833 0.671875 0.137500 0.671875 0.139583 0.670313 0.154167 0.670313 0.154167 0.662500 0.104167 0.662500 0.104167 0.667188 0.102083 0.668750
8 0.239583 0.709375 0.239583 0.728125 0.245833 0.732813 0.266667 0.732813 0.277083 0.726562 0.283333 0.725000 0.283333 0.721875 0.281250 0.720312 0.281250 0.706250 0.279167 0.706250 0.277083 0.704687 0.245833 0.704687
8 0.281250 0.756250 0.087500 0.768750 0.079167 0.985937 0.277083 0.971875