1 0.018750 0.646875 0.020833 0.846875 0.450000 0.828125 0.454167 0.685938 0.395833 0.684375 0.383333 0.643750 0.027083 0.640625
1 0.506250 0.985937 0.462500 0.937500 0.333333 0.959375 0.325000 0.928125 0.097917 0.945312 0.075000 0.935938 0.133333 0.853125 0.352083 0.848437 0.375000 0.876562 0.458333 0.862500 0.431250 0.853125 0.439583 0.832812 0.018750 0.854688 0.014583 0.987500 0.268750 0.976562 0.291667 0.985937
1 0.368750 0.879687 0.345833 0.854688 0.137500 0.862500 0.087500 0.932813 0.102083 0.939062 0.327083 0.925000 0.318750 0.892187
2 0.639583 0.012500 0.614583 0.117188 0.754167 0.137500 0.775000 0.121875 0.818750 0.145313 0.806250 0.176563 0.985417 0.312500 0.987500 0.014062
2 0.543750 0.015625 0.543750 0.031250 0.570833 0.034375 0.575000 0.037500 0.585417 0.078125 0.564583 0.084375 0.568750 0.109375 0.606250 0.115625 0.633333 0.015625
2 0.933333 0.598437 0.981250 0.651563 0.987500 0.660937 0.987500 0.601562 0.983333 0.600000
2 0.583333 0.687500 0.589583 0.731250 0.677083 0.728125 0.729167 0.740625 0.731250 0.762500 0.810417 0.757812 0.925000 0.770312 0.950000 0.782812 0.945833 0.815625 0.983333 0.809375 0.983333 0.671875 0.920833 0.603125 0.766667 0.601562 0.808333 0.618750 0.808333 0.637500 0.797917 0.645312 0.745833 0.632812 0.741667 0.673437 0.762500 0.676562 0.764583 0.698438 0.706250 0.693750 0.691667 0.668750 0.695833 0.645312 0.664583 0.626562 0.664583 0.651563 0.645833 0.671875
3 0.566667 0.064062 0.060417 0.015625 0.056250 0.153125 0.018750 0.167187 0.020833 0.635938 0.068750 0.634375 0.041667 0.509375 0.072917 0.432813 0.400000 0.442187 0.556250 0.487500 0.475000 0.292188 0.475000 0.201562 0.400000 0.192188 0.385417 0.168750 0.402083 0.092188 0.512500 0.098438 0.520833 0.071875 0.560417 0.103125
3 0.077083 0.437500 0.047917 0.515625 0.052083 0.582812 0.068750 0.628125 0.402083 0.623438 0.404167 0.512500 0.385417 0.507812 0.370833 0.481250 0.383333 0.464063 0.404167 0.457812 0.404167 0.450000
3 0.489583 0.546875 0.466667 0.526563 0.412500 0.523438 0.404167 0.628125 0.072917 0.632812 0.487500 0.632812 0.481250 0.559375
5 0.372917 0.481250 0.383333 0.501562 0.489583 0.539062 0.491667 0.646875 0.525000 0.640625 0.552083 0.651563 0.577083 0.678125 0.641667 0.667188 0.656250 0.614062 0.710417 0.635938 0.704167 0.678125 0.718750 0.690625 0.754167 0.690625 0.731250 0.676562 0.737500 0.617188 0.802083 0.637500 0.797917 0.620313 0.783333 0.623438 0.743750 0.598437 0.650000 0.600000 0.627083 0.628125 0.558333 0.495313 0.414583 0.457812
6 0.522917 0.078125 0.520833 0.118750 0.545833 0.117188 0.575000 0.157813 0.550000 0.245312 0.504167 0.237500 0.489583 0.218750 0.481250 0.290625 0.627083 0.626562 0.652083 0.593750 0.983333 0.593750 0.987500 0.323438 0.795833 0.179688 0.802083 0.145313 0.775000 0.131250 0.756250 0.142188 0.556250 0.114063
6 0.933333 0.782812 0.818750 0.762500 0.725000 0.770312 0.716667 0.743750 0.672917 0.734375 0.456250 0.739062 0.458333 0.823438 0.475000 0.815625 0.477083 0.762500 0.520833 0.781250 0.525000 0.796875 0.558333 0.789062 0.591667 0.795313 0.608333 0.984375 0.618750 0.984375 0.610417 0.825000 0.658333 0.835938 0.935417 0.818750
6 0.985417 0.821875 0.658333 0.840625 0.620833 0.831250 0.627083 0.985937 0.989583 0.989062
7 0.500000 0.778125 0.497917 0.779688 0.497917 0.795313 0.495833 0.796875 0.495833 0.810938 0.497917 0.812500 0.500000 0.812500 0.504167 0.815625 0.506250 0.815625 0.510417 0.818750 0.516667 0.820312 0.520833 0.823438 0.520833 0.792188 0.522917 0.790625 0.522917 0.789062 0.518750 0.785937 0.516667 0.785937 0.514583 0.784375 0.508333 0.782812 0.504167 0.779688 0.502083 0.779688
8 0.391667 0.035937 0.393750 0.043750 0.537500 0.062500 0.545833 0.056250 0.570833 0.059375 0.566667 0.040625 0.410417 0.021875 0.400000 0.021875
8 0.533333 0.120312 0.527083 0.123438 0.547917 0.151562 0.547917 0.160938 0.543750 0.160938 0.543750 0.153125 0.522917 0.125000 0.514583 0.123438 0.522917 0.139062 0.522917 0.153125 0.514583 0.168750 0.506250 0.232812 0.514583 0.237500 0.525000 0.234375 0.533333 0.240625 0.550000 0.243750 0.570833 0.154687 0.541667 0.121875
8 0.495833 0.134375 0.491667 0.134375 0.489583 0.135937 0.489583 0.153125 0.487500 0.154687 0.487500 0.171875 0.485417 0.173438 0.485417 0.190625 0.483333 0.192188 0.483333 0.209375 0.487500 0.210938 0.500000 0.203125 0.500000 0.193750 0.502083 0.192188 0.502083 0.182812 0.504167 0.181250 0.504167 0.171875 0.506250 0.170312 0.506250 0.159375 0.508333 0.157813 0.508333 0.148438 0.510417 0.146875 0.508333 0.145313 0.508333 0.137500 0.504167 0.135937 0.497917 0.135937
8 0.187500 0.195312 0.181250 0.418750 0.408333 0.423438 0.402083 0.209375
8 0.131250 0.204688 0.122917 0.212500 0.118750 0.212500 0.114583 0.215625 0.114583 0.218750 0.118750 0.223438 0.122917 0.225000 0.118750 0.234375 0.137500 0.232812 0.154167 0.246875 0.160417 0.246875 0.162500 0.248437 0.162500 0.253125 0.164583 0.254687 0.164583 0.200000 0.162500 0.200000 0.162500 0.223438 0.152083 0.228125 0.145833 0.220313 0.133333 0.210938 0.133333 0.204688
8 0.127083 0.260938 0.125000 0.264062 0.122917 0.348437 0.158333 0.350000 0.160417 0.351562 0.160417 0.271875 0.162500 0.270312 0.162500 0.264062 0.160417 0.262500
8 0.531250 0.296875 0.522917 0.310937 0.541667 0.323438 0.533333 0.328125 0.556250 0.335938 0.589583 0.329688 0.577083 0.345313 0.585417 0.415625 0.602083 0.420312 0.612500 0.409375 0.620833 0.417188 0.637500 0.396875 0.631250 0.415625 0.645833 0.417188 0.666667 0.395312 0.652083 0.418750 0.664583 0.423438 0.689583 0.400000 0.679167 0.320312 0.637500 0.323438 0.639583 0.398438 0.631250 0.323438 0.616667 0.323438 0.616667 0.370313 0.610417 0.325000 0.595833 0.320312 0.587500 0.326562 0.602083 0.312500 0.637500 0.318750 0.618750 0.290625 0.608333 0.304688 0.600000 0.289062 0.593750 0.298438 0.585417 0.292188 0.587500 0.301562
8 0.393750 0.650000 0.393750 0.671875 0.402083 0.678125 0.566667 0.673437 0.554167 0.657812 0.531250 0.645312 0.502083 0.653125 0.485417 0.648438 0.485417 0.637500 0.408333 0.640625
8 0.533333 0.807813 0.533333 0.810938 0.531250 0.812500 0.531250 0.832812 0.533333 0.834375 0.533333 0.835938 0.535417 0.837500 0.535417 0.839063 0.537500 0.840625 0.539583 0.845312 0.545833 0.850000 0.545833 0.851562 0.545833 0.848437 0.543750 0.846875 0.543750 0.810938 0.537500 0.807813
8 0.504167 0.834375 0.500000 0.840625 0.504167 0.871875 0.500000 0.893750 0.487500 0.889063 0.472917 0.867188 0.327083 0.892187 0.339583 0.950000 0.502083 0.920313 0.504167 0.903125 0.518750 0.898438 0.518750 0.885938 0.504167 0.870313
8 0.522917 0.909375 0.514583 0.917188 0.529167 0.928125 0.550000 0.929688 0.558333 0.940625 0.541667 0.954687 0.525000 0.987500 0.504167 0.968750 0.518750 0.971875 0.543750 0.940625 0.529167 0.937500 0.510417 0.925000 0.497917 0.948438 0.497917 0.956250 0.506250 0.965625 0.504167 0.968750 0.500000 0.965625 0.500000 0.976562 0.516667 0.989062 0.600000 0.985937 0.597917 0.932813 0.564583 0.907812