1 0.012500 0.014062 0.016667 0.360938 0.391667 0.364062 0.383333 0.662500 0.018750 0.687500 0.018750 0.862500 0.450000 0.820312 0.464583 0.757812 0.420833 0.729688 0.435417 0.271875 0.752083 0.264062 0.783333 0.057813
1 0.756250 0.987500 0.685417 0.865625 0.500000 0.893750 0.493750 0.875000 0.466667 0.868750 0.445833 0.831250 0.014583 0.873438 0.018750 0.987500 0.291667 0.984375 0.477083 0.953125 0.506250 0.987500
2 0.985417 0.054688 0.800000 0.064062 0.758333 0.264062 0.812500 0.267188 0.927083 0.326562 0.770833 0.840625 0.700000 0.854688 0.770833 0.987500 0.989583 0.989062
3 0.987500 0.010937 0.341667 0.014062 0.791667 0.054688 0.981250 0.053125
5 0.447917 0.273438 0.431250 0.728125 0.483333 0.760938 0.495833 0.668750 0.608333 0.679688 0.606250 0.760938 0.631250 0.809375 0.539583 0.789062 0.635417 0.865625 0.764583 0.837500 0.918750 0.325000 0.768750 0.268750
6 0.460417 0.771875 0.456250 0.792188 0.458333 0.829687 0.477083 0.865625 0.493750 0.864062 0.506250 0.875000 0.633333 0.865625 0.552083 0.798437 0.497917 0.784375 0.483333 0.784375 0.477083 0.779688 0.477083 0.767187
7 0.379167 0.362500 0.016667 0.367188 0.014583 0.681250 0.368750 0.657812
7 0.495833 0.984375 0.481250 0.959375 0.472917 0.959375 0.302083 0.985937
8 0.531250 0.321875 0.535417 0.337500 0.516667 0.373437 0.495833 0.389062 0.625000 0.448438 0.654167 0.409375 0.679167 0.389062 0.618750 0.354688 0.606250 0.350000 0.597917 0.351562 0.554167 0.323438
8 0.527083 0.548437 0.525000 0.576563 0.518750 0.592188 0.508333 0.600000 0.508333 0.603125 0.522917 0.610937 0.539583 0.615625 0.589583 0.625000 0.612500 0.590625 0.618750 0.545313 0.614583 0.546875 0.595833 0.543750 0.545833 0.542188
8 0.500000 0.676562 0.502083 0.721875 0.491667 0.767187 0.485417 0.778125 0.550000 0.782812 0.606250 0.795313 0.604167 0.751562 0.610417 0.687500 0.552083 0.689062