1 0.016667 0.010937 0.018750 0.039062 0.391667 0.067188 0.412500 0.251563 0.639583 0.337500 0.597917 0.015625
1 0.552083 0.453125 0.527083 0.453125 0.418750 0.389062 0.420833 0.548437 0.018750 0.559375 0.020833 0.745313 0.329167 0.720312 0.316667 0.681250 0.402083 0.665625 0.400000 0.581250 0.441667 0.582812 0.454167 0.559375 0.552083 0.553125
1 0.585417 0.443750 0.650000 0.484375 0.647917 0.482812 0.647917 0.468750 0.645833 0.467187 0.645833 0.456250 0.643750 0.454688 0.643750 0.439063 0.639583 0.439063 0.629167 0.443750
1 0.575000 0.462500 0.575000 0.476562 0.570833 0.493750 0.570833 0.528125 0.579167 0.553125 0.583333 0.553125 0.604167 0.543750 0.647917 0.535937 0.645833 0.532812 0.645833 0.500000
1 0.339583 0.728125 0.070833 0.745313 0.052083 0.751562 0.041667 0.762500 0.058333 0.775000 0.333333 0.742188
1 0.554167 0.884375 0.456250 0.885938 0.450000 0.870313 0.495833 0.848437 0.341667 0.851562 0.316667 0.837500 0.312500 0.793750 0.412500 0.767187 0.370833 0.764063 0.360417 0.748438 0.033333 0.790625 0.018750 0.809375 0.016667 0.934375
2 0.610417 0.020312 0.641667 0.335938 0.814583 0.367188 0.802083 0.389062 0.831250 0.407813 0.833333 0.446875 0.889583 0.460938 0.918750 0.360938 0.962500 0.335938 0.983333 0.346875 0.985417 0.370313 0.939583 0.375000 0.939583 0.456250 0.989583 0.459375 0.985417 0.010937
2 0.702083 0.375000 0.720833 0.375000 0.722917 0.376563 0.727083 0.376563 0.735417 0.382812 0.735417 0.384375 0.739583 0.385938 0.762500 0.385938 0.768750 0.379687 0.783333 0.375000 0.785417 0.371875 0.772917 0.371875 0.764583 0.368750 0.754167 0.368750 0.747917 0.371875 0.743750 0.371875 0.735417 0.375000 0.733333 0.373437 0.729167 0.373437 0.727083 0.371875 0.720833 0.371875 0.714583 0.368750 0.710417 0.368750
2 0.668750 0.423438 0.666667 0.423438 0.660417 0.428125 0.658333 0.428125 0.650000 0.434375 0.647917 0.437500 0.647917 0.440625 0.645833 0.442187 0.645833 0.454688 0.647917 0.456250 0.647917 0.464063 0.650000 0.465625 0.650000 0.475000 0.652083 0.476562 0.652083 0.484375 0.656250 0.487500 0.660417 0.485938 0.660417 0.482812 0.664583 0.476562 0.664583 0.454688 0.666667 0.453125 0.666667 0.425000
5 0.304167 0.275000 0.289583 0.342187 0.306250 0.368750 0.341667 0.370313 0.372917 0.342187 0.564583 0.448438 0.566667 0.567187 0.654167 0.546875 0.670833 0.579687 0.822917 0.585938 0.831250 0.543750 0.868750 0.526563 0.845833 0.582812 0.872917 0.585938 0.897917 0.546875 0.952083 0.578125 0.966667 0.568750 0.904167 0.518750 0.918750 0.493750 0.989583 0.493750 0.985417 0.465625 0.931250 0.467187 0.933333 0.375000 0.979167 0.370313 0.958333 0.339063 0.920833 0.360938 0.891667 0.468750 0.831250 0.446875 0.822917 0.407813 0.787500 0.387500 0.808333 0.370313 0.639583 0.342187 0.427083 0.257812
6 0.416667 0.596875 0.416667 0.668750 0.452083 0.696875 0.418750 0.704687 0.420833 0.757812 0.487500 0.773438 0.497917 0.807813 0.500000 0.775000 0.550000 0.771875 0.537500 0.734375 0.552083 0.726562 0.547917 0.756250 0.550000 0.715625 0.566667 0.717188 0.568750 0.820312 0.525000 0.825000 0.608333 0.879687 0.985417 0.834375 0.979167 0.592188 0.562500 0.581250
7 0.012500 0.046875 0.016667 0.540625 0.397917 0.529688 0.404167 0.367188 0.375000 0.351562 0.345833 0.378125 0.302083 0.373437 0.279167 0.337500 0.300000 0.271875 0.389583 0.257812 0.379167 0.073437
7 0.397917 0.271875 0.381250 0.278125 0.372917 0.278125 0.372917 0.281250 0.381250 0.292188 0.381250 0.317187 0.372917 0.328125 0.370833 0.334375 0.372917 0.331250 0.383333 0.331250 0.385417 0.332812 0.391667 0.323438 0.408333 0.306250 0.406250 0.304688 0.406250 0.300000 0.404167 0.298438 0.404167 0.292188 0.402083 0.290625 0.402083 0.284375 0.400000 0.282813
7 0.450000 0.696875 0.425000 0.671875 0.327083 0.687500 0.335417 0.717188 0.354167 0.715625 0.381250 0.709375 0.389583 0.709375 0.408333 0.704687 0.450000 0.698438
7 0.983333 0.840625 0.012500 0.943750 0.014583 0.985937 0.987500 0.987500
8 0.558333 0.606250 0.537500 0.614062 0.537500 0.626562 0.535417 0.628125 0.535417 0.643750 0.537500 0.645312 0.537500 0.650000 0.539583 0.651563 0.541667 0.662500 0.552083 0.667188 0.552083 0.662500 0.554167 0.660937 0.554167 0.657812 0.556250 0.656250 0.556250 0.651563 0.558333 0.650000
8 0.566667 0.718750 0.552083 0.715625 0.556250 0.734375 0.547917 0.757812 0.550000 0.726562 0.539583 0.734375 0.539583 0.770312 0.547917 0.767187 0.552083 0.771875 0.497917 0.778125 0.502083 0.825000 0.566667 0.820312 0.560417 0.773438 0.564583 0.773438 0.566667 0.800000
8 0.508333 0.745313 0.508333 0.748438 0.510417 0.750000 0.510417 0.754687 0.512500 0.756250 0.512500 0.760938 0.514583 0.762500 0.512500 0.764063 0.512500 0.773438 0.516667 0.773438 0.518750 0.771875 0.525000 0.771875 0.527083 0.770312 0.531250 0.770312 0.531250 0.762500 0.533333 0.760938 0.531250 0.759375 0.531250 0.757812 0.529167 0.756250 0.529167 0.754687 0.525000 0.751562 0.522917 0.751562 0.520833 0.750000 0.518750 0.750000 0.516667 0.748438 0.514583 0.748438 0.512500 0.746875 0.510417 0.746875
8 0.493750 0.779688 0.464583 0.762500 0.458333 0.762500 0.316667 0.796875 0.320833 0.835938 0.341667 0.839063 0.345833 0.846875 0.493750 0.821875