1 0.833333 0.160938 0.639583 0.020312 0.616667 0.037500 0.516667 0.043750 0.495833 0.081250 0.477083 0.068750 0.012500 0.032812 0.016667 0.420312 0.306250 0.396875 0.341667 0.412500 0.331250 0.320312 0.381250 0.317187 0.370833 0.290625 0.472917 0.273438 0.483333 0.262500 0.456250 0.239063 0.470833 0.171875 0.493750 0.148438 0.547917 0.148438 0.562500 0.114063 0.618750 0.139062
1 0.020833 0.446875 0.014583 0.987500 0.989583 0.989062 0.987500 0.954687 0.697917 0.962500 0.662500 0.893750 0.622917 0.910937 0.577083 0.870313 0.475000 0.900000 0.468750 0.878125 0.508333 0.867188 0.477083 0.846875 0.495833 0.796875 0.602083 0.785937 0.593750 0.754687 0.358333 0.775000 0.352083 0.726562 0.316667 0.715625 0.337500 0.673437 0.314583 0.673437 0.329167 0.559375 0.510417 0.542188 0.472917 0.515625 0.470833 0.465625 0.387500 0.459375 0.354167 0.437500 0.385417 0.425000
3 0.595833 0.187500 0.614583 0.214062 0.806250 0.226562 0.820833 0.198437 0.841667 0.175000 0.841667 0.167187 0.837500 0.164062 0.616667 0.146875 0.606250 0.164062 0.602083 0.185937
3 0.860417 0.214062 0.860417 0.226562 0.872917 0.226562 0.875000 0.228125 0.889583 0.228125 0.891667 0.229687 0.906250 0.229687 0.908333 0.231250 0.922917 0.231250 0.912500 0.221875 0.912500 0.220313 0.908333 0.217187 0.908333 0.215625 0.902083 0.210938 0.902083 0.209375 0.895833 0.204688 0.895833 0.203125 0.887500 0.195312 0.885417 0.196875 0.883333 0.196875
5 0.462500 0.012500 0.539583 0.039062 0.589583 0.039062 0.647917 0.014062 0.714583 0.079687 0.845833 0.168750 0.816667 0.217187 0.827083 0.268750 0.854167 0.209375 0.889583 0.184375 0.939583 0.240625 0.941667 0.398438 0.987500 0.446875 0.989583 0.015625
6 0.489583 0.151562 0.525000 0.195312 0.502083 0.310937 0.543750 0.439063 0.525000 0.546875 0.579167 0.554688 0.587500 0.659375 0.608333 0.637500 0.668750 0.737500 0.712500 0.731250 0.735417 0.648438 0.777083 0.645312 0.783333 0.662500 0.727083 0.750000 0.735417 0.796875 0.668750 0.870313 0.693750 0.950000 0.989583 0.942187 0.987500 0.448438 0.933333 0.398438 0.935417 0.240625 0.852083 0.232812 0.827083 0.270312 0.804167 0.226562 0.614583 0.215625 0.593750 0.185937 0.550000 0.181250 0.550000 0.151562
7 0.012500 0.010937 0.016667 0.026563 0.477083 0.067188 0.487500 0.079687 0.510417 0.076563 0.504167 0.054688 0.516667 0.042188 0.454167 0.012500
7 0.508333 0.317187 0.343750 0.323438 0.356250 0.417188 0.525000 0.418750
7 0.525000 0.548437 0.337500 0.565625 0.347917 0.623438 0.329167 0.628125 0.327083 0.668750 0.345833 0.670313 0.327083 0.715625 0.331250 0.725000 0.354167 0.726562 0.358333 0.773438 0.612500 0.745313 0.556250 0.595312 0.537500 0.596875
8 0.566667 0.117188 0.566667 0.125000 0.564583 0.126563 0.564583 0.134375 0.562500 0.135937 0.562500 0.145313 0.560417 0.146875 0.554167 0.182812 0.572917 0.182812 0.575000 0.184375 0.595833 0.184375 0.600000 0.185937 0.604167 0.164062 0.606250 0.162500 0.610417 0.142188 0.612500 0.140625 0.612500 0.132812 0.579167 0.120312
8 0.495833 0.175000 0.475000 0.175000 0.466667 0.235938 0.487500 0.265625 0.479167 0.271875 0.481250 0.275000 0.377083 0.295312 0.385417 0.321875 0.502083 0.301562 0.483333 0.278125 0.510417 0.289062 0.522917 0.195312
8 0.560417 0.398438 0.560417 0.403125 0.564583 0.410937 0.564583 0.417188 0.566667 0.418750 0.585417 0.479688 0.610417 0.470313 0.591667 0.437500 0.589583 0.421875 0.587500 0.420312 0.587500 0.414062 0.583333 0.404687 0.583333 0.396875 0.581250 0.395312 0.581250 0.390625
8 0.337500 0.410937 0.322917 0.400000 0.229167 0.415625 0.014583 0.428125 0.014583 0.442187 0.283333 0.423438
8 0.362500 0.435937 0.389583 0.451562 0.454167 0.459375 0.514583 0.460938 0.514583 0.464063 0.483333 0.465625 0.481250 0.512500 0.522917 0.539062 0.533333 0.512500 0.529167 0.482812 0.518750 0.460938 0.535417 0.440625 0.522917 0.423438 0.400000 0.423438
8 0.541667 0.554688 0.541667 0.589063 0.562500 0.589063 0.562500 0.584375 0.564583 0.582812 0.564583 0.576563 0.566667 0.575000 0.566667 0.570312 0.568750 0.568750 0.568750 0.562500 0.570833 0.560938 0.570833 0.556250 0.568750 0.554688
8 0.610417 0.650000 0.606250 0.665625 0.602083 0.671875 0.602083 0.682813 0.610417 0.706250 0.620833 0.750000 0.622917 0.750000 0.652083 0.729688 0.643750 0.717188 0.641667 0.709375 0.633333 0.696875 0.631250 0.689062
8 0.772917 0.654688 0.725000 0.657812 0.716667 0.742188 0.687500 0.756250 0.637500 0.746875 0.631250 0.759375 0.604167 0.767187 0.618750 0.787500 0.629167 0.784375 0.622917 0.767187 0.693750 0.762500 0.662500 0.792188 0.589583 0.792188 0.579167 0.801562 0.522917 0.793750 0.518750 0.823438 0.491667 0.834375 0.485417 0.851562 0.520833 0.854688 0.529167 0.873438 0.481250 0.896875 0.589583 0.851562 0.606250 0.893750 0.618750 0.898438 0.647917 0.887500 0.662500 0.857813 0.697917 0.837500 0.733333 0.796875 0.718750 0.760938 0.697917 0.762500 0.768750 0.701563 0.781250 0.681250