1 0.302083 0.104687 0.341667 0.107813 0.400000 0.075000 0.525000 0.073437 0.579167 0.048437 0.675000 0.059375 0.950000 0.014062 0.354167 0.015625 0.341667 0.075000 0.306250 0.084375
1 0.014583 0.415625 0.016667 0.482812 0.475000 0.485938 0.477083 0.434375 0.452083 0.420312
1 0.343750 0.725000 0.033333 0.739062 0.018750 0.732813 0.018750 0.760938 0.341667 0.740625
1 0.302083 0.942187 0.160417 0.946875 0.135417 0.954687 0.033333 0.959375 0.012500 0.951563 0.014583 0.987500 0.289583 0.987500
2 0.987500 0.104687 0.979167 0.014062 0.700000 0.064062 0.727083 0.071875 0.804167 0.065625 0.866667 0.073437 0.883333 0.082813
2 0.989583 0.489062 0.935417 0.621875 0.793750 0.626562 0.752083 0.651563 0.635417 0.653125 0.650000 0.707812 0.610417 0.860937 0.572917 0.871875 0.600000 0.915625 0.602083 0.984375 0.985417 0.989062
3 0.014583 0.087500 0.016667 0.407813 0.445833 0.417188 0.431250 0.317187 0.452083 0.304688 0.458333 0.251563 0.439583 0.229687 0.450000 0.225000 0.383333 0.179688 0.358333 0.117188
5 0.385417 0.085938 0.360417 0.104687 0.372917 0.157813 0.464583 0.243750 0.464583 0.298438 0.441667 0.317187 0.454167 0.400000 0.450000 0.309375 0.500000 0.298438 0.547917 0.406250 0.454167 0.415625 0.570833 0.446875 0.585417 0.604688 0.679167 0.651563 0.741667 0.648438 0.787500 0.620313 0.927083 0.618750 0.989583 0.460938 0.985417 0.109375 0.875000 0.092188 0.858333 0.075000 0.731250 0.082813 0.627083 0.057813
5 0.412500 0.490625 0.370833 0.506250 0.327083 0.612500 0.329167 0.659375 0.354167 0.717188 0.347917 0.745313 0.370833 0.760938 0.370833 0.709375 0.479167 0.717188 0.495833 0.795313 0.397917 0.798437 0.406250 0.856250 0.445833 0.870313 0.454167 0.857813 0.604167 0.859375 0.631250 0.773438 0.639583 0.687500 0.622917 0.643750 0.581250 0.609375 0.581250 0.571875 0.537500 0.498437
5 0.562500 0.873438 0.462500 0.870313 0.416667 0.904688 0.372917 0.920313 0.350000 0.920313 0.314583 0.937500 0.316667 0.964063 0.304167 0.985937 0.591667 0.985937 0.587500 0.923437
6 0.487500 0.439063 0.487500 0.485938 0.506250 0.489062 0.514583 0.492188 0.520833 0.492188 0.529167 0.495313 0.543750 0.496875 0.552083 0.500000 0.552083 0.493750 0.556250 0.485938 0.556250 0.479688 0.560417 0.471875 0.566667 0.445312 0.564583 0.443750 0.545833 0.443750 0.543750 0.442187
7 0.014583 0.084375 0.287500 0.112500 0.297917 0.082813 0.322917 0.075000 0.337500 0.012500 0.012500 0.014062
7 0.014583 0.496875 0.014583 0.700000 0.022917 0.728125 0.033333 0.734375 0.347917 0.718750 0.322917 0.675000 0.314583 0.612500 0.352083 0.546875 0.360417 0.506250 0.395833 0.492188 0.031250 0.489062
7 0.441667 0.871875 0.397917 0.859375 0.391667 0.803125 0.366667 0.792188 0.370833 0.764063 0.345833 0.743750 0.016667 0.765625 0.016667 0.942187 0.029167 0.950000 0.068750 0.953125 0.314583 0.932813 0.345833 0.915625 0.406250 0.904688
8 0.525000 0.246875 0.525000 0.270312 0.562500 0.290625 0.587500 0.354688 0.620833 0.376563 0.608333 0.389062 0.597917 0.496875 0.602083 0.417188 0.577083 0.418750 0.575000 0.514063 0.591667 0.509375 0.627083 0.545313 0.675000 0.559375 0.704167 0.421875 0.691667 0.382812 0.643750 0.364062 0.618750 0.373437 0.639583 0.279687 0.589583 0.254687
8 0.500000 0.285937 0.500000 0.290625 0.518750 0.317187 0.518750 0.348437 0.529167 0.379687 0.547917 0.393750 0.556250 0.409375 0.587500 0.404687 0.589583 0.371875 0.562500 0.326562 0.554167 0.296875 0.531250 0.281250
8 0.452083 0.309375 0.452083 0.356250 0.464583 0.382812 0.454167 0.404687 0.533333 0.407813 0.545833 0.406250 0.520833 0.384375 0.500000 0.300000
8 0.408333 0.550000 0.372917 0.706250 0.479167 0.715625 0.504167 0.628125 0.431250 0.625000 0.410417 0.614062 0.443750 0.621875 0.510417 0.618750 0.518750 0.584375 0.479167 0.584375 0.435417 0.568750
8 0.508333 0.670313 0.506250 0.676562 0.495833 0.692187 0.495833 0.695312 0.485417 0.710938 0.485417 0.717188 0.491667 0.725000 0.491667 0.728125 0.497917 0.735937 0.497917 0.739062 0.504167 0.746875 0.504167 0.750000 0.508333 0.756250 0.508333 0.751562 0.512500 0.743750 0.512500 0.737500 0.516667 0.729688 0.516667 0.723437 0.520833 0.715625 0.518750 0.714063 0.518750 0.707812 0.516667 0.706250 0.516667 0.700000 0.514583 0.698438 0.514583 0.692187 0.512500 0.690625
8 0.370833 0.710938 0.372917 0.779688 0.383333 0.790625 0.393750 0.796875 0.493750 0.795313 0.479167 0.718750