1 0.016667 0.632812 0.016667 0.987500 0.989583 0.982813 0.979167 0.815625 0.933333 0.803125 0.847917 0.835938 0.779167 0.803125 0.739583 0.817187 0.497917 0.759375 0.429167 0.759375 0.425000 0.685938 0.189583 0.668750 0.143750 0.701563 0.102083 0.682813 0.193750 0.620313
2 0.560417 0.012500 0.470833 0.168750 0.514583 0.203125 0.450000 0.212500 0.545833 0.237500 0.454167 0.254687 0.522917 0.270312 0.454167 0.281250 0.456250 0.346875 0.541667 0.357812 0.508333 0.368750 0.558333 0.389062 0.495833 0.395312 0.497917 0.439063 0.585417 0.457812 0.556250 0.256250 0.600000 0.507812 0.791667 0.459375 0.985417 0.465625 0.985417 0.509375 0.895833 0.503125 0.985417 0.725000 0.985417 0.010937 0.731250 0.015625 0.575000 0.218750 0.722917 0.012500
2 0.587500 0.465625 0.550000 0.464063 0.508333 0.467187 0.506250 0.496875 0.558333 0.515625 0.550000 0.526563 0.510417 0.525000 0.510417 0.548437 0.595833 0.512500
3 0.016667 0.014062 0.018750 0.060938 0.297917 0.129688 0.300000 0.062500 0.168750 0.020312 0.164583 0.010937
3 0.318750 0.010937 0.304167 0.121875 0.470833 0.167187 0.556250 0.012500
5 0.537500 0.242188 0.372917 0.243750 0.327083 0.256250 0.316667 0.287500 0.327083 0.346875 0.339583 0.357812 0.439583 0.365625 0.537500 0.362500 0.456250 0.350000 0.447917 0.301562 0.450000 0.279687 0.518750 0.271875 0.450000 0.271875 0.452083 0.253125 0.518750 0.251563
5 0.545833 0.378125 0.381250 0.381250 0.343750 0.446875 0.335417 0.476562 0.341667 0.514063 0.362500 0.520312 0.500000 0.514063 0.550000 0.521875 0.493750 0.501562 0.497917 0.462500 0.587500 0.464063 0.583333 0.454688 0.495833 0.446875 0.487500 0.409375 0.489583 0.392188 0.552083 0.387500
5 0.716667 0.484375 0.416667 0.585938 0.433333 0.756250 0.502083 0.757812 0.772917 0.812500 0.770833 0.793750 0.639583 0.715625 0.585417 0.643750 0.589583 0.606250 0.622917 0.600000 0.627083 0.581250 0.664583 0.542188 0.702083 0.535937 0.689583 0.531250
7 0.302083 0.059375 0.304167 0.028125 0.306250 0.026563 0.306250 0.012500 0.308333 0.010937 0.185417 0.017188 0.185417 0.018750 0.189583 0.018750
7 0.014583 0.179688 0.014583 0.623438 0.341667 0.604688 0.304167 0.206250 0.160417 0.175000
8 0.016667 0.070312 0.018750 0.135937 0.487500 0.243750 0.489583 0.225000 0.439583 0.225000 0.445833 0.195312 0.504167 0.196875 0.495833 0.182812
8 0.985417 0.471875 0.768750 0.470313 0.700000 0.526563 0.770833 0.509375 0.810417 0.520312 0.768750 0.515625 0.668750 0.551562 0.622917 0.604688 0.597917 0.614062 0.593750 0.643750 0.643750 0.715625 0.687500 0.750000 0.762500 0.773438 0.833333 0.773438 0.883333 0.750000 0.879167 0.762500 0.835417 0.776563 0.754167 0.778125 0.847917 0.828125 0.918750 0.814062 0.966667 0.718750 0.943750 0.595312 0.883333 0.498437 0.985417 0.500000
8 0.416667 0.639063 0.397917 0.625000 0.252083 0.640625 0.402083 0.604688 0.393750 0.595312 0.222917 0.642187 0.208333 0.612500 0.135417 0.675000 0.120833 0.670313 0.104167 0.684375 0.127083 0.684375 0.143750 0.696875 0.189583 0.665625 0.416667 0.681250 0.406250 0.667188 0.200000 0.660937 0.216667 0.650000