1 0.985417 0.053125 0.987500 0.010937 0.631250 0.015625
1 0.016667 0.268750 0.016667 0.310937 0.685417 0.346875 0.725000 0.343750 0.745833 0.315625
1 0.016667 0.442187 0.393750 0.440625 0.397917 0.415625 0.610417 0.414062 0.625000 0.396875 0.018750 0.376563
1 0.400000 0.967188 0.375000 0.964063 0.333333 0.973437 0.310417 0.939062 0.308333 0.918750 0.362500 0.903125 0.316667 0.892187 0.304167 0.865625 0.014583 0.903125 0.014583 0.989062 0.393750 0.987500
1 0.697917 0.985937 0.681250 0.948438 0.566667 0.950000 0.554167 0.945312 0.556250 0.901563 0.620833 0.890625 0.462500 0.903125 0.443750 0.985937
2 0.987500 0.128125 0.785417 0.289062 0.777083 0.315625 0.745833 0.318750 0.727083 0.350000 0.685417 0.354688 0.614583 0.420312 0.702083 0.984375 0.833333 0.985937 0.789583 0.714063 0.985417 0.712500
2 0.797917 0.717188 0.837500 0.984375 0.989583 0.987500 0.985417 0.717188
3 0.016667 0.262500 0.770833 0.310937 0.785417 0.281250 0.987500 0.123438 0.987500 0.057813 0.597917 0.020312 0.016667 0.014062
3 0.016667 0.321875 0.016667 0.370313 0.625000 0.392188 0.679167 0.350000 0.043750 0.317187
3 0.602083 0.420312 0.406250 0.417188 0.441667 0.979688 0.456250 0.895312 0.689583 0.885938
3 0.389583 0.446875 0.020833 0.454688 0.014583 0.895312 0.422917 0.850000
7 0.110417 0.140625 0.129167 0.203125 0.225000 0.221875 0.233333 0.154687 0.231250 0.153125
7 0.239583 0.476562 0.254167 0.560938 0.389583 0.553125 0.375000 0.476562
7 0.202083 0.653125 0.204167 0.679688 0.206250 0.681250 0.210417 0.681250 0.225000 0.685938 0.231250 0.685938 0.239583 0.689062 0.245833 0.689062 0.254167 0.692187 0.260417 0.692187 0.268750 0.695312 0.266667 0.692187 0.264583 0.653125
7 0.275000 0.706250 0.264583 0.706250 0.262500 0.707812 0.254167 0.707812 0.252083 0.709375 0.241667 0.709375 0.239583 0.710938 0.239583 0.723437 0.237500 0.725000 0.237500 0.737500 0.270833 0.737500 0.272917 0.739062 0.277083 0.739062 0.277083 0.735937 0.275000 0.734375
8 0.066667 0.035937 0.083333 0.221875 0.241667 0.232812 0.129167 0.209375 0.095833 0.139062 0.112500 0.134375 0.235417 0.145313 0.241667 0.050000
8 0.293750 0.054688 0.275000 0.107813 0.275000 0.148438 0.366667 0.184375 0.385417 0.107813 0.385417 0.081250 0.404167 0.064062 0.377083 0.059375 0.335417 0.060938
8 0.427083 0.062500 0.427083 0.079687 0.435417 0.081250 0.425000 0.128125 0.412500 0.129688 0.395833 0.223438 0.422917 0.223438 0.466667 0.243750 0.518750 0.160938 0.504167 0.082813 0.512500 0.068750
8 0.712500 0.084375 0.597917 0.076563 0.495833 0.246875 0.591667 0.257812 0.618750 0.210938 0.618750 0.185937 0.639583 0.171875 0.683333 0.185937 0.714583 0.142188
8 0.812500 0.206250 0.939583 0.109375 0.797917 0.106250
8 0.108333 0.465625 0.108333 0.476562 0.106250 0.478125 0.106250 0.489062 0.104167 0.490625 0.104167 0.501562 0.102083 0.503125 0.102083 0.515625 0.108333 0.525000 0.110417 0.532812 0.114583 0.537500 0.129167 0.540625 0.137500 0.540625 0.156250 0.545313 0.154167 0.542188 0.150000 0.476562 0.131250 0.470313
8 0.189583 0.492188 0.189583 0.500000 0.191667 0.501562 0.191667 0.507812 0.193750 0.509375 0.193750 0.517187 0.195833 0.518750 0.195833 0.525000 0.197917 0.526563 0.212500 0.526563 0.214583 0.528125 0.233333 0.528125 0.235417 0.529688 0.235417 0.528125 0.233333 0.526563 0.233333 0.509375 0.231250 0.507812 0.231250 0.492188 0.229167 0.492188 0.227083 0.490625 0.200000 0.490625 0.197917 0.492188
8 0.243750 0.540625 0.231250 0.540625 0.204167 0.554688 0.191667 0.601562 0.247917 0.601562 0.245833 0.598437
8 0.068750 0.654688 0.068750 0.681250 0.052083 0.731250 0.108333 0.748438 0.116667 0.803125 0.162500 0.810938 0.147917 0.651563
8 0.404167 0.659375 0.310417 0.665625 0.318750 0.796875 0.400000 0.795313 0.391667 0.801562 0.352083 0.809375 0.370833 0.821875 0.400000 0.807813 0.418750 0.820312 0.414583 0.793750 0.402083 0.795313
8 0.422917 0.893750 0.418750 0.867188 0.400000 0.882812 0.397917 0.881250 0.412500 0.856250 0.304167 0.862500 0.322917 0.867188 0.320833 0.884375 0.329167 0.893750 0.368750 0.900000 0.395833 0.881250 0.400000 0.882812 0.387500 0.893750
8 0.675000 0.892187 0.568750 0.906250 0.568750 0.942187 0.581250 0.945312 0.583333 0.943750 0.679167 0.937500 0.677083 0.934375
8 0.418750 0.896875 0.325000 0.923437 0.325000 0.939062 0.358333 0.943750 0.377083 0.948438 0.385417 0.948438 0.404167 0.953125 0.412500 0.953125 0.422917 0.956250 0.420833 0.953125