1 0.433333 0.539062 0.016667 0.543750 0.014583 0.814062 0.383333 0.787500 0.393750 0.762500 0.433333 0.775000 0.433333 0.742188 0.391667 0.726562 0.391667 0.700000 0.414583 0.696875 0.414583 0.678125 0.385417 0.670313 0.391667 0.614062 0.458333 0.612500 0.433333 0.570312
2 0.614583 0.014062 0.593750 0.187500 0.981250 0.235938 0.989583 0.010937
3 0.012500 0.015625 0.020833 0.537500 0.441667 0.534375 0.439583 0.512500 0.362500 0.490625 0.377083 0.426562 0.481250 0.443750 0.483333 0.387500 0.414583 0.317187 0.422917 0.201562 0.441667 0.184375 0.591667 0.184375 0.610417 0.018750
5 0.381250 0.431250 0.368750 0.448438 0.368750 0.490625 0.443750 0.514063 0.452083 0.531250 0.452083 0.567187 0.462500 0.590625 0.472917 0.590625 0.464583 0.562500 0.464583 0.535937 0.483333 0.546875 0.491667 0.460938
6 0.456250 0.190625 0.462500 0.221875 0.535417 0.207813 0.618750 0.232812 0.610417 0.334375 0.645833 0.335938 0.629167 0.540625 0.583333 0.545313 0.643750 0.623438 0.585417 0.828125 0.629167 0.720312 0.670833 0.704687 0.725000 0.514063 0.697917 0.703125 0.637500 0.776563 0.685417 0.945312 0.604167 0.906250 0.568750 0.985937 0.600000 0.985937 0.612500 0.923437 0.677083 0.987500 0.989583 0.985937 0.983333 0.242188
6 0.477083 0.298438 0.460417 0.306250 0.460417 0.312500 0.464583 0.321875 0.464583 0.331250 0.450000 0.335938 0.441667 0.332812 0.435417 0.332812 0.491667 0.379687 0.497917 0.365625 0.495833 0.364062 0.495833 0.359375 0.477083 0.346875 0.468750 0.334375 0.468750 0.314063 0.477083 0.306250
7 0.543750 0.346875 0.522917 0.360938 0.512500 0.437500 0.614583 0.443750 0.618750 0.357812
7 0.518750 0.453125 0.520833 0.523438 0.620833 0.534375 0.620833 0.450000
7 0.287500 0.671875 0.137500 0.676562 0.129167 0.732813 0.293750 0.720312
7 0.493750 0.985937 0.445833 0.870313 0.379167 0.832812 0.383333 0.790625 0.016667 0.818750 0.014583 0.987500
8 0.470833 0.218750 0.468750 0.220313 0.468750 0.234375 0.466667 0.235938 0.466667 0.250000 0.464583 0.251563 0.460417 0.296875 0.481250 0.296875 0.481250 0.292188 0.483333 0.290625 0.491667 0.260938 0.495833 0.254687 0.495833 0.250000 0.502083 0.235938 0.502083 0.229687
8 0.606250 0.232812 0.535417 0.220313 0.539583 0.253125 0.527083 0.304688 0.508333 0.345313 0.512500 0.365625 0.547917 0.342187 0.585417 0.342187
8 0.718750 0.520312 0.697917 0.537500 0.683333 0.637500 0.687500 0.682813 0.675000 0.714063 0.639583 0.721875 0.616667 0.809375 0.629167 0.809375 0.629167 0.775000 0.645833 0.729688 0.681250 0.717188 0.693750 0.679688 0.693750 0.642187
8 0.412500 0.618750 0.414583 0.656250 0.522917 0.703125 0.614583 0.698438 0.631250 0.670313 0.635417 0.623438 0.600000 0.560938 0.543750 0.562500 0.489583 0.618750
8 0.395833 0.770312 0.387500 0.832812 0.472917 0.867188 0.470833 0.875000 0.456250 0.875000 0.483333 0.954687 0.531250 0.957812 0.543750 0.953125 0.552083 0.985937 0.585417 0.875000 0.562500 0.840625 0.558333 0.801562 0.516667 0.798437 0.483333 0.787500 0.475000 0.800000
8 0.608333 0.812500 0.589583 0.884375 0.645833 0.940625 0.675000 0.940625 0.675000 0.865625