1 0.366667 0.015625 0.314583 0.015625 0.312500 0.057813 0.277083 0.060938 0.281250 0.015625 0.043750 0.015625 0.047917 0.059375 0.039583 0.017188 0.016667 0.014062 0.014583 0.617188 0.114583 0.409375 0.104167 0.346875 0.385417 0.351562 0.331250 0.178125 0.356250 0.126563
2 0.656250 0.012500 0.681250 0.021875 0.658333 0.123438 0.729167 0.128125 0.806250 0.143750 0.816667 0.160938 0.850000 0.160938 0.843750 0.184375 0.814583 0.187500 0.831250 0.196875 0.916667 0.190625 0.920833 0.223438 0.843750 0.221875 0.847917 0.245312 0.893750 0.243750 0.866667 0.221875 0.925000 0.245312 0.983333 0.240625 0.970833 0.275000 0.987500 0.287500 0.985417 0.010937
2 0.960417 0.276563 0.845833 0.276563 0.812500 0.398438 0.933333 0.403125 0.933333 0.425000 0.770833 0.429688 0.783333 0.450000 0.939583 0.453125 0.939583 0.489062 0.789583 0.490625 0.802083 0.546875 0.764583 0.648438 0.847917 0.648438 0.872917 0.689062 0.772917 0.692187 0.802083 0.765625 0.837500 0.690625 0.877083 0.729688 0.983333 0.728125 0.985417 0.296875
2 0.733333 0.690625 0.731250 0.695312 0.737500 0.696875 0.731250 0.721875 0.679167 0.703125 0.752083 0.865625 0.789583 0.770312 0.756250 0.695312 0.750000 0.690625
2 0.933333 0.757812 0.937500 0.760938 0.937500 0.762500 0.941667 0.765625 0.941667 0.767187 0.945833 0.770312 0.945833 0.771875 0.950000 0.775000 0.950000 0.776563 0.954167 0.779688 0.954167 0.781250 0.958333 0.784375 0.958333 0.785937 0.962500 0.789062 0.962500 0.790625 0.962500 0.789062 0.964583 0.787500 0.964583 0.785937 0.966667 0.784375 0.966667 0.782812 0.968750 0.781250 0.968750 0.779688 0.970833 0.778125 0.970833 0.776563 0.972917 0.775000 0.977083 0.767187 0.981250 0.764063 0.983333 0.759375 0.981250 0.759375 0.979167 0.757812
3 0.110417 0.356250 0.127083 0.407813 0.022917 0.623438 0.016667 0.989062 0.700000 0.987500 0.745833 0.875000 0.670833 0.710938 0.633333 0.732813 0.416667 0.762500 0.397917 0.664062 0.514583 0.632812 0.508333 0.581250 0.470833 0.576563 0.458333 0.523438 0.391667 0.501562 0.406250 0.396875 0.387500 0.360938
4 0.679167 0.021875 0.368750 0.015625 0.360417 0.139062 0.333333 0.178125 0.366667 0.250000 0.370833 0.320312 0.397917 0.357812 0.431250 0.318750 0.433333 0.281250 0.377083 0.250000 0.389583 0.175000 0.372917 0.082813 0.456250 0.089062 0.456250 0.068750 0.654167 0.125000
5 0.454167 0.076563 0.518750 0.209375 0.562500 0.243750 0.650000 0.267188 0.639583 0.404687 0.683333 0.398438 0.764583 0.423438 0.920833 0.421875 0.931250 0.407813 0.810417 0.401563 0.841667 0.276563 0.979167 0.267188 0.979167 0.248437 0.841667 0.250000 0.839583 0.217187 0.920833 0.220313 0.920833 0.196875 0.810417 0.203125 0.554167 0.153125 0.727083 0.181250 0.835417 0.182812 0.850000 0.165625
5 0.410417 0.671875 0.427083 0.759375 0.618750 0.728125 0.675000 0.698438 0.731250 0.714063 0.735417 0.696875 0.554167 0.693750 0.522917 0.645312
6 0.491667 0.264062 0.527083 0.335938 0.529167 0.443750 0.560417 0.495313 0.516667 0.584375 0.550000 0.687500 0.852083 0.679688 0.843750 0.657812 0.718750 0.651563 0.783333 0.484375 0.935417 0.485938 0.933333 0.456250 0.777083 0.457812 0.758333 0.428125 0.683333 0.400000 0.639583 0.407813 0.647917 0.295312 0.610417 0.287500 0.602083 0.300000 0.560417 0.265625
6 0.837500 0.698438 0.708333 0.987500 0.989583 0.989062 0.987500 0.843750 0.920833 0.753125 0.987500 0.751562 0.987500 0.731250 0.881250 0.737500
7 0.283333 0.014062 0.283333 0.025000 0.281250 0.026563 0.281250 0.037500 0.279167 0.039062 0.279167 0.050000 0.277083 0.051562 0.277083 0.059375 0.293750 0.059375 0.295833 0.057813 0.310417 0.057813 0.310417 0.017188 0.312500 0.015625 0.312500 0.014062
7 0.193750 0.065625 0.208333 0.135937 0.308333 0.137500 0.308333 0.065625
7 0.208333 0.148438 0.212500 0.215625 0.312500 0.217187 0.316667 0.150000
7 0.212500 0.226562 0.220833 0.285937 0.222917 0.287500 0.314583 0.287500 0.314583 0.228125 0.302083 0.226562
8 0.375000 0.082813 0.387500 0.171875 0.393750 0.175000 0.387500 0.190625 0.387500 0.250000 0.429167 0.275000 0.460417 0.268750 0.470833 0.203125 0.402083 0.179688 0.466667 0.195312 0.475000 0.106250 0.437500 0.089062 0.404167 0.089062
8 0.491667 0.271875 0.441667 0.281250 0.437500 0.318750 0.397917 0.367188 0.402083 0.378125 0.452083 0.382812 0.418750 0.390625 0.418750 0.437500 0.435417 0.445312 0.414583 0.442187 0.404167 0.503125 0.460417 0.517187 0.485417 0.550000 0.491667 0.493750 0.466667 0.456250 0.485417 0.456250 0.497917 0.409375 0.491667 0.389062 0.506250 0.403125 0.514583 0.321875 0.491667 0.295312 0.485417 0.296875
8 0.018750 0.389062 0.018750 0.412500 0.016667 0.414062 0.016667 0.434375 0.033333 0.446875 0.033333 0.443750 0.035417 0.442187 0.035417 0.439063 0.037500 0.437500 0.037500 0.434375 0.039583 0.432813 0.039583 0.429688 0.041667 0.428125 0.041667 0.425000 0.043750 0.423438 0.043750 0.420312 0.045833 0.418750 0.045833 0.415625 0.047917 0.414062 0.047917 0.409375 0.020833 0.389062
8 0.508333 0.423438 0.493750 0.498437 0.493750 0.523438 0.508333 0.542188 0.518750 0.534375 0.520833 0.542188 0.531250 0.546875 0.547917 0.500000 0.525000 0.464063 0.527083 0.453125