2 0.952083 0.528125 0.754167 0.537500 0.756250 0.568750 0.852083 0.650000 0.870833 0.651563 0.829167 0.548437 0.843750 0.539062 0.864583 0.534375 0.875000 0.537500 0.883333 0.550000 0.933333 0.548437
2 0.760417 0.592188 0.766667 0.620313 0.768750 0.621875 0.768750 0.628125 0.770833 0.629687 0.770833 0.637500 0.772917 0.639063 0.772917 0.645312 0.777083 0.654688 0.777083 0.660937 0.779167 0.662500 0.785417 0.660937 0.837500 0.660937
2 0.883333 0.673437 0.789583 0.687500 0.793750 0.740625 0.862500 0.743750 0.860417 0.764063 0.818750 0.771875 0.837500 0.810938 0.945833 0.754687
2 0.981250 0.862500 0.850000 0.942187 0.791667 0.965625 0.789583 0.984375 0.989583 0.987500
3 0.012500 0.014062 0.022917 0.589063 0.437500 0.589063 0.445833 0.529688 0.483333 0.535937 0.491667 0.498437 0.554167 0.493750 0.585417 0.378125 0.545833 0.279687 0.600000 0.012500
5 0.497917 0.503125 0.489583 0.537500 0.552083 0.548437 0.539583 0.604688 0.585417 0.684375 0.554167 0.731250 0.525000 0.703125 0.495833 0.720312 0.477083 0.637500 0.433333 0.626562 0.504167 0.975000 0.602083 0.987500 0.764583 0.950000 0.752083 0.906250 0.781250 0.960938 0.843750 0.943750 0.985417 0.835938 0.987500 0.737500 0.891667 0.584375 0.989583 0.543750 0.989583 0.512500 0.933333 0.550000 0.839583 0.557813 0.952083 0.757812 0.756250 0.893750 0.833333 0.818750 0.812500 0.779688 0.666667 0.795313 0.550000 0.535937 0.558333 0.496875
6 0.989583 0.010937 0.606250 0.018750 0.552083 0.284375 0.670833 0.521875 0.593750 0.387500 0.577083 0.448438 0.600000 0.445312 0.627083 0.503125 0.595833 0.576563 0.556250 0.534375 0.670833 0.793750 0.856250 0.760938 0.787500 0.745313 0.779167 0.679688 0.885417 0.668750 0.752083 0.575000 0.739583 0.540625 0.677083 0.539062 0.989583 0.506250
7 0.435417 0.593750 0.014583 0.628125 0.012500 0.984375 0.147917 0.984375 0.158333 0.723437 0.160417 0.989062 0.429167 0.970312 0.377083 0.664062 0.422917 0.662500
8 0.645833 0.021875 0.643750 0.025000 0.643750 0.045313 0.641667 0.046875 0.641667 0.067188 0.710417 0.115625 0.729167 0.064062 0.727083 0.056250 0.681250 0.020312
8 0.416667 0.032812 0.416667 0.056250 0.456250 0.056250 0.458333 0.057813 0.502083 0.057813 0.504167 0.059375 0.547917 0.059375 0.554167 0.060938 0.554167 0.043750 0.552083 0.042188 0.533333 0.042188 0.531250 0.040625 0.512500 0.040625 0.491667 0.037500
8 0.418750 0.060938 0.418750 0.075000 0.458333 0.075000 0.460417 0.076563 0.504167 0.076563 0.506250 0.078125 0.550000 0.078125 0.556250 0.079687 0.547917 0.070312 0.529167 0.070312 0.527083 0.068750 0.510417 0.068750 0.508333 0.067188
8 0.643750 0.073437 0.618750 0.189063 0.635417 0.214062 0.631250 0.231250 0.650000 0.246875 0.664583 0.275000 0.714583 0.131250
8 0.414583 0.090625 0.414583 0.095312 0.433333 0.095312 0.435417 0.096875 0.456250 0.096875 0.458333 0.098438 0.479167 0.098438 0.481250 0.100000 0.502083 0.100000 0.504167 0.101562 0.525000 0.101562 0.527083 0.103125 0.547917 0.103125 0.552083 0.104687 0.552083 0.089062 0.547917 0.087500 0.418750 0.079687 0.418750 0.084375
8 0.095833 0.126563 0.095833 0.139062 0.106250 0.139062 0.108333 0.137500 0.235417 0.137500 0.235417 0.132812 0.231250 0.131250 0.197917 0.131250 0.195833 0.129688
8 0.270833 0.271875 0.270833 0.275000 0.400000 0.275000 0.400000 0.262500 0.395833 0.260938 0.277083 0.257812
8 0.268750 0.368750 0.268750 0.371875 0.275000 0.371875 0.277083 0.370313 0.352083 0.370313 0.352083 0.359375 0.345833 0.359375 0.343750 0.357812 0.272917 0.357812 0.272917 0.360938 0.270833 0.362500 0.270833 0.367188
8 0.597917 0.445312 0.575000 0.451562 0.558333 0.517187 0.558333 0.526563 0.583333 0.575000 0.595833 0.575000 0.625000 0.503125
8 0.450000 0.532812 0.447917 0.589063 0.439583 0.621875 0.475000 0.632812 0.487500 0.626562 0.479167 0.657812 0.495833 0.712500 0.508333 0.718750 0.522917 0.675000 0.510417 0.618750 0.531250 0.615625 0.541667 0.550000 0.510417 0.550000
8 0.616667 0.778125 0.554167 0.820312 0.525000 0.882812 0.527083 0.975000 0.562500 0.957812 0.618750 0.851562 0.622917 0.806250