2 0.668750 0.021875 0.666667 0.056250 0.620833 0.117188 0.650000 0.164062 0.620833 0.218750 0.600000 0.231250 0.862500 0.382812 0.904167 0.392188 0.939583 0.442187 0.987500 0.450000 0.985417 0.126563 0.845833 0.131250 0.800000 0.167187 0.716667 0.179688 0.727083 0.084375
3 0.014583 0.045313 0.014583 0.139062 0.291667 0.173438 0.295833 0.085938
3 0.025000 0.326562 0.018750 0.457812 0.047917 0.453125 0.145833 0.467187 0.550000 0.470313 0.483333 0.371875
3 0.018750 0.468750 0.022917 0.607813 0.366667 0.609375 0.320833 0.484375
3 0.952083 0.706250 0.693750 0.721875 0.645833 0.675000 0.022917 0.681250 0.022917 0.981250 0.983333 0.895312
5 0.779167 0.070312 0.777083 0.090625 0.864583 0.117188 0.977083 0.115625 0.989583 0.014062 0.858333 0.010937 0.845833 0.028125 0.831250 0.037500 0.822917 0.059375 0.812500 0.065625 0.808333 0.064062 0.806250 0.071875 0.791667 0.082813
7 0.014583 0.145313 0.018750 0.315625 0.477083 0.351562 0.470833 0.326562 0.485417 0.310937 0.489583 0.265625 0.566667 0.270312 0.587500 0.246875 0.591667 0.217187
7 0.604167 0.570312 0.693750 0.710938 0.983333 0.693750 0.920833 0.617188 0.941667 0.581250 0.922917 0.568750
8 0.845833 0.010937 0.818750 0.012500 0.806250 0.029687 0.806250 0.032812 0.789583 0.056250 0.789583 0.059375 0.787500 0.060938 0.787500 0.073437 0.789583 0.075000 0.791667 0.075000 0.793750 0.070312 0.800000 0.065625 0.802083 0.060938 0.806250 0.057813 0.814583 0.057813 0.814583 0.053125 0.816667 0.051562 0.816667 0.046875 0.818750 0.045313 0.820833 0.037500 0.829167 0.029687 0.839583 0.025000 0.841667 0.014062
8 0.483333 0.014062 0.483333 0.034375 0.493750 0.067188 0.493750 0.076563 0.587500 0.089062 0.614583 0.068750 0.610417 0.043750 0.610417 0.021875 0.614583 0.015625 0.541667 0.012500
8 0.702083 0.015625 0.697917 0.018750 0.697917 0.021875 0.741667 0.079687 0.752083 0.084375 0.768750 0.082813 0.810417 0.014062 0.714583 0.014062
8 0.441667 0.089062 0.422917 0.143750 0.425000 0.150000 0.606250 0.206250 0.637500 0.150000 0.635417 0.140625 0.614583 0.128125 0.614583 0.109375 0.458333 0.079687
8 0.745833 0.089062 0.735417 0.164062 0.737500 0.162500 0.802083 0.159375 0.839583 0.115625
8 0.514583 0.279687 0.472917 0.326562 0.508333 0.382812 0.529167 0.376563 0.560417 0.437500 0.606250 0.434375 0.610417 0.426562 0.610417 0.440625 0.627083 0.446875 0.641667 0.484375 0.697917 0.484375 0.718750 0.431250 0.712500 0.384375 0.664583 0.381250 0.677083 0.357812 0.660417 0.309375 0.612500 0.307813 0.606250 0.317187 0.633333 0.390625 0.610417 0.426562 0.618750 0.379687 0.585417 0.284375
8 0.775000 0.395312 0.735417 0.507812 0.758333 0.542188 0.864583 0.542188 0.935417 0.453125 0.900000 0.396875
8 0.177083 0.503125 0.170833 0.570312 0.264583 0.571875 0.272917 0.543750 0.287500 0.525000 0.287500 0.515625 0.295833 0.504687
8 0.347917 0.537500 0.372917 0.607813 0.564583 0.606250 0.514583 0.539062 0.506250 0.564062 0.489583 0.542188