1 0.025000 0.690625 0.020833 0.754687 0.229167 0.748438 0.252083 0.878125 0.260417 0.793750 0.283333 0.753125 0.202083 0.745313 0.158333 0.717188 0.170833 0.682813
1 0.366667 0.795313 0.377083 0.976562 0.472917 0.979688 0.470833 0.975000 0.437500 0.962500 0.420833 0.910937 0.416667 0.842188 0.406250 0.809375
1 0.235417 0.942187 0.231250 0.942187 0.229167 0.946875 0.216667 0.946875 0.160417 0.962500 0.156250 0.968750 0.152083 0.984375 0.158333 0.984375 0.160417 0.982813 0.247917 0.982813 0.243750 0.975000 0.243750 0.968750 0.239583 0.960938
1 0.114583 0.960938 0.079167 0.960938 0.077083 0.962500 0.064583 0.962500 0.062500 0.964063 0.050000 0.964063 0.047917 0.965625 0.035417 0.965625 0.033333 0.967188 0.025000 0.967188 0.025000 0.978125 0.027083 0.981250 0.043750 0.981250 0.045833 0.982813 0.066667 0.982813 0.070833 0.984375 0.083333 0.976562 0.085417 0.976562
2 0.985417 0.239063 0.839583 0.317187 0.822917 0.337500 0.791667 0.343750 0.729167 0.425000 0.739583 0.440625 0.708333 0.460938 0.670833 0.540625 0.729167 0.481250 0.937500 0.485938 0.956250 0.512500 0.985417 0.614062
2 0.585417 0.656250 0.585417 0.712500 0.604167 0.710938 0.614583 0.729688 0.597917 0.746875 0.625000 0.864062 0.660417 0.903125 0.654167 0.984375 0.989583 0.989062 0.987500 0.739062 0.887500 0.800000 0.858333 0.798437 0.856250 0.901563 0.783333 0.957812 0.741667 0.879687 0.764583 0.850000 0.760417 0.812500 0.672917 0.806250 0.660417 0.781250 0.635417 0.778125
3 0.529167 0.617188 0.433333 0.621875 0.410417 0.553125 0.381250 0.548437 0.377083 0.504687 0.293750 0.478125 0.279167 0.440625 0.270833 0.467187 0.016667 0.456250 0.016667 0.673437 0.212500 0.670313 0.218750 0.653125 0.243750 0.671875 0.302083 0.654688 0.337500 0.620313 0.433333 0.634375 0.522917 0.629687
5 0.389583 0.014062 0.395833 0.059375 0.520833 0.117188 0.527083 0.335938 0.687500 0.334375 0.768750 0.350000 0.812500 0.337500 0.987500 0.228125 0.989583 0.010937
5 0.316667 0.310937 0.293750 0.434375 0.306250 0.473437 0.377083 0.496875 0.360417 0.450000 0.397917 0.439063 0.429167 0.373437 0.462500 0.382812 0.487500 0.439063 0.527083 0.450000 0.497917 0.501562 0.500000 0.537500 0.420833 0.554688 0.435417 0.617188 0.587500 0.610937 0.618750 0.570312 0.643750 0.579687 0.725000 0.432813 0.633333 0.371875 0.589583 0.371875 0.575000 0.343750 0.508333 0.345313 0.485417 0.364062 0.462500 0.315625 0.433333 0.323438
5 0.735417 0.489062 0.683333 0.542188 0.700000 0.564062 0.760417 0.565625 0.764583 0.601562 0.779167 0.614062 0.768750 0.676562 0.779167 0.717188 0.768750 0.723437 0.770833 0.740625 0.747917 0.751562 0.750000 0.782812 0.672917 0.779688 0.681250 0.800000 0.710417 0.803125 0.879167 0.790625 0.985417 0.728125 0.979167 0.625000 0.937500 0.507812 0.918750 0.492188
5 0.604167 0.717188 0.572917 0.726562 0.560417 0.720312 0.560417 0.667188 0.572917 0.651563 0.550000 0.657812 0.545833 0.681250 0.525000 0.695312 0.539583 0.723437 0.483333 0.723437 0.479167 0.703125 0.447917 0.703125 0.437500 0.682813 0.406250 0.684375 0.391667 0.670313 0.331250 0.668750 0.291667 0.684375 0.302083 0.751562 0.322917 0.764063 0.406250 0.768750 0.416667 0.796875 0.441667 0.785937 0.458333 0.751562 0.470833 0.773438 0.466667 0.751562 0.481250 0.773438 0.472917 0.735937 0.537500 0.735937 0.522917 0.768750 0.554167 0.776563 0.562500 0.807813 0.577083 0.806250 0.587500 0.795313 0.566667 0.790625 0.560417 0.735937 0.606250 0.731250
6 0.497917 0.162500 0.491667 0.168750 0.481250 0.184375 0.479167 0.190625 0.491667 0.190625 0.502083 0.198437 0.502083 0.203125 0.506250 0.210938 0.504167 0.212500 0.504167 0.223438 0.500000 0.226562 0.500000 0.229687 0.502083 0.231250 0.504167 0.229687 0.510417 0.229687 0.510417 0.228125 0.516667 0.223438 0.514583 0.221875 0.514583 0.206250 0.512500 0.204688 0.512500 0.189063 0.510417 0.187500 0.510417 0.184375 0.516667 0.181250 0.512500 0.178125 0.506250 0.176563 0.500000 0.171875
6 0.491667 0.254687 0.502083 0.270312 0.475000 0.290625 0.464583 0.287500 0.472917 0.306250 0.479167 0.334375 0.489583 0.348437 0.491667 0.359375 0.500000 0.342187 0.520833 0.340625 0.522917 0.337500 0.516667 0.323438 0.516667 0.317187 0.506250 0.296875 0.506250 0.262500
7 0.020833 0.014062 0.020833 0.146875 0.168750 0.167187 0.316667 0.125000 0.331250 0.140625 0.335417 0.165625 0.379167 0.159375 0.441667 0.179688 0.460417 0.173438 0.485417 0.115625 0.400000 0.075000 0.375000 0.050000 0.370833 0.018750
7 0.177083 0.179688 0.181250 0.232812 0.293750 0.282813 0.312500 0.226562 0.375000 0.246875 0.460417 0.248437 0.475000 0.239063 0.479167 0.215625 0.447917 0.204688 0.404167 0.173438 0.362500 0.170312 0.341667 0.182812 0.329167 0.182812 0.322917 0.178125 0.322917 0.148438 0.314583 0.132812 0.187500 0.168750
7 0.018750 0.270312 0.018750 0.412500 0.287500 0.418750 0.304167 0.298438
7 0.227083 0.750000 0.025000 0.767187 0.018750 0.965625 0.137500 0.954687 0.083333 0.987500 0.135417 0.989062 0.150000 0.953125 0.229167 0.945312
7 0.375000 0.871875 0.375000 0.876562 0.377083 0.878125 0.377083 0.884375 0.379167 0.885938 0.381250 0.884375 0.410417 0.884375 0.408333 0.882812 0.408333 0.876562 0.406250 0.875000 0.406250 0.870313 0.377083 0.870313
8 0.662500 0.046875 0.600000 0.093750 0.629167 0.159375 0.641667 0.235938 0.660417 0.245312 0.731250 0.189063 0.700000 0.184375 0.681250 0.162500 0.679167 0.150000 0.666667 0.154687 0.687500 0.140625 0.695833 0.071875 0.683333 0.062500 0.670833 0.073437 0.664583 0.137500 0.658333 0.082813 0.666667 0.075000
8 0.522917 0.229687 0.518750 0.229687 0.512500 0.232812 0.512500 0.295312 0.514583 0.296875 0.514583 0.300000 0.522917 0.300000 0.522917 0.298438 0.529167 0.293750 0.529167 0.275000 0.527083 0.273438 0.527083 0.243750 0.525000 0.242188
8 0.502083 0.234375 0.487500 0.232812 0.483333 0.235938 0.483333 0.243750 0.475000 0.250000 0.475000 0.253125 0.472917 0.254687 0.472917 0.285937 0.493750 0.270312 0.491667 0.268750 0.491667 0.264062 0.489583 0.262500 0.489583 0.256250 0.487500 0.254687 0.487500 0.250000 0.489583 0.248437 0.504167 0.256250 0.504167 0.235938
8 0.645833 0.339063 0.643750 0.340625 0.641667 0.353125 0.637500 0.360938 0.635417 0.375000 0.662500 0.393750 0.679167 0.393750 0.681250 0.395312 0.700000 0.395312 0.704167 0.396875 0.714583 0.373437 0.712500 0.368750 0.712500 0.340625 0.710417 0.339063 0.689583 0.337500 0.687500 0.335938 0.668750 0.335938 0.656250 0.339063
8 0.437500 0.381250 0.395833 0.459375 0.387500 0.457812 0.395833 0.443750 0.366667 0.448438 0.368750 0.465625 0.383333 0.484375 0.393750 0.553125 0.425000 0.540625 0.470833 0.540625 0.493750 0.528125 0.493750 0.514063 0.447917 0.509375 0.427083 0.476562 0.466667 0.482812 0.437500 0.482812 0.456250 0.509375 0.489583 0.510938 0.518750 0.456250 0.485417 0.445312 0.468750 0.471875 0.483333 0.437500 0.454167 0.387500
8 0.129167 0.482812 0.127083 0.500000 0.133333 0.504687 0.133333 0.506250 0.137500 0.506250 0.139583 0.507812 0.139583 0.510938 0.137500 0.512500 0.137500 0.528125 0.185417 0.528125 0.187500 0.529688 0.191667 0.529688 0.189583 0.526563 0.187500 0.482812
8 0.677083 0.546875 0.664583 0.556250 0.664583 0.579687 0.645833 0.603125 0.604167 0.621875 0.600000 0.671875 0.616667 0.685938 0.641667 0.695312 0.633333 0.700000 0.616667 0.690625 0.643750 0.767187 0.652083 0.773438 0.739583 0.778125 0.743750 0.746875 0.758333 0.745313 0.762500 0.723437 0.772917 0.715625 0.766667 0.701563 0.766667 0.631250 0.772917 0.615625 0.756250 0.603125 0.752083 0.570312 0.702083 0.568750
8 0.279167 0.559375 0.270833 0.560938 0.266667 0.564062 0.262500 0.570312 0.262500 0.573438 0.250000 0.579687 0.247917 0.578125 0.231250 0.578125 0.227083 0.581250 0.220833 0.590625 0.220833 0.612500 0.231250 0.612500 0.231250 0.610937 0.239583 0.604688 0.243750 0.604688 0.245833 0.603125 0.281250 0.600000 0.281250 0.564062 0.283333 0.562500
8 0.114583 0.576563 0.116667 0.581250 0.129167 0.581250 0.135417 0.585938 0.135417 0.587500 0.141667 0.587500 0.143750 0.589063 0.147917 0.589063 0.150000 0.590625 0.162500 0.590625 0.164583 0.592188 0.170833 0.587500 0.187500 0.587500 0.185417 0.585938 0.185417 0.573438 0.183333 0.571875 0.175000 0.571875 0.172917 0.570312 0.164583 0.570312 0.162500 0.568750 0.145833 0.568750 0.131250 0.575000 0.116667 0.575000
8 0.070833 0.576563 0.060417 0.579687 0.056250 0.582812 0.056250 0.584375 0.050000 0.590625 0.033333 0.590625 0.025000 0.596875 0.025000 0.598437 0.022917 0.600000 0.022917 0.604688 0.031250 0.610937 0.035417 0.610937 0.037500 0.612500 0.041667 0.612500 0.043750 0.614062 0.072917 0.614062 0.072917 0.610937 0.070833 0.609375
8 0.527083 0.635938 0.487500 0.635938 0.485417 0.637500 0.441667 0.637500 0.435417 0.639063 0.418750 0.670313 0.431250 0.675000 0.447917 0.687500 0.483333 0.687500 0.483333 0.682813 0.489583 0.673437 0.502083 0.664062 0.506250 0.664062 0.516667 0.670313 0.525000 0.664062 0.525000 0.637500
8 0.179167 0.679688 0.202083 0.698438 0.177083 0.698438 0.177083 0.701563 0.206250 0.703125 0.183333 0.717188 0.227083 0.706250 0.237500 0.712500 0.218750 0.732813 0.233333 0.721875 0.239583 0.728125 0.252083 0.726562 0.258333 0.715625 0.258333 0.728125 0.287500 0.728125 0.289583 0.678125 0.312500 0.664062 0.262500 0.670313 0.256250 0.678125 0.260417 0.714063 0.247917 0.685938 0.233333 0.678125 0.216667 0.657812 0.225000 0.690625 0.212500 0.681250 0.216667 0.689062 0.212500 0.692187
8 0.300000 0.762500 0.293750 0.764063 0.272917 0.790625 0.270833 0.839063 0.254167 0.889063 0.229167 0.912500 0.254167 0.982813 0.337500 0.981250 0.337500 0.775000
8 0.831250 0.796875 0.760417 0.803125 0.768750 0.817187 0.772917 0.848437 0.754167 0.879687 0.785417 0.945312 0.837500 0.896875 0.843750 0.896875 0.837500 0.845312 0.837500 0.817187 0.841667 0.804688
8 0.443750 0.814062 0.437500 0.848437 0.443750 0.882812 0.450000 0.879687 0.452083 0.885938 0.441667 0.932813 0.443750 0.942187 0.458333 0.950000 0.475000 0.981250 0.568750 0.984375 0.595833 0.971875 0.595833 0.948438 0.572917 0.923437 0.579167 0.893750 0.556250 0.864062 0.512500 0.867188 0.522917 0.859375 0.535417 0.862500 0.556250 0.853125 0.562500 0.843750 0.552083 0.818750 0.543750 0.814062
8 0.602083 0.856250 0.604167 0.875000 0.600000 0.884375 0.600000 0.923437 0.639583 0.964063 0.639583 0.968750 0.643750 0.971875 0.652083 0.904688 0.629167 0.887500 0.618750 0.865625