1 0.016667 0.265625 0.016667 0.635938 0.085417 0.546875 0.079167 0.428125
1 0.022917 0.784375 0.056250 0.703125 0.454167 0.685938 0.454167 0.664062 0.029167 0.657812
2 0.704167 0.578125 0.712500 0.598437 0.685417 0.600000 0.675000 0.623438 0.681250 0.645312 0.779167 0.642187 0.779167 0.657812 0.685417 0.662500 0.731250 0.670313 0.725000 0.682813 0.687500 0.685938 0.700000 0.695312 0.752083 0.695312 0.779167 0.707812 0.841667 0.642187 0.812500 0.584375 0.804167 0.579687
2 0.810417 0.723437 0.760417 0.740625 0.762500 0.745313 0.775000 0.745313 0.781250 0.751562 0.775000 0.773438 0.768750 0.778125 0.768750 0.782812 0.785417 0.812500 0.852083 0.801562 0.831250 0.762500 0.820833 0.735937
2 0.979167 0.906250 0.847917 0.906250 0.772917 0.918750 0.787500 0.976562 0.783333 0.976562 0.764583 0.932813 0.758333 0.929688 0.729167 0.937500 0.739583 0.942187 0.739583 0.985937 0.858333 0.984375
2 0.985417 0.912500 0.866667 0.987500 0.987500 0.989062
3 0.012500 0.014062 0.020833 0.254687 0.087500 0.426562 0.087500 0.546875 0.018750 0.643750 0.035417 0.659375 0.452083 0.662500 0.462500 0.592188 0.506250 0.590625 0.568750 0.537500 0.616667 0.534375 0.635417 0.556250 0.618750 0.468750 0.539583 0.467187 0.510417 0.437500 0.556250 0.398438 0.537500 0.362500 0.560417 0.245312 0.608333 0.235938 0.610417 0.207813 0.527083 0.229687 0.506250 0.129688 0.518750 0.104687 0.600000 0.095312 0.618750 0.015625
5 0.987500 0.010937 0.895833 0.123438 0.891667 0.145313 0.864583 0.167187 0.868750 0.270312 0.893750 0.318750 0.881250 0.370313 0.908333 0.387500 0.918750 0.410937 0.918750 0.442187 0.939583 0.485938 0.935417 0.512500 0.981250 0.529688
5 0.612500 0.096875 0.597917 0.106250 0.520833 0.110937 0.510417 0.131250 0.510417 0.145313 0.527083 0.225000 0.547917 0.225000 0.558333 0.206250 0.564583 0.203125 0.600000 0.203125 0.618750 0.167187 0.625000 0.114063
5 0.770833 0.646875 0.681250 0.650000 0.666667 0.634375 0.662500 0.592188 0.708333 0.593750 0.706250 0.587500 0.652083 0.584375 0.616667 0.535937 0.568750 0.540625 0.568750 0.556250 0.535417 0.579687 0.506250 0.592188 0.462500 0.595312 0.466667 0.692187 0.562500 0.679688 0.716667 0.681250 0.722917 0.671875 0.645833 0.665625 0.679167 0.657812 0.770833 0.654688
5 0.989583 0.543750 0.947917 0.543750 0.885417 0.585938 0.818750 0.578125 0.843750 0.643750 0.812500 0.692187 0.783333 0.714063 0.725000 0.707812 0.754167 0.810938 0.702083 0.804688 0.695833 0.751562 0.720833 0.743750 0.708333 0.725000 0.589583 0.737500 0.564583 0.801562 0.481250 0.832812 0.493750 0.948438 0.533333 0.937500 0.531250 0.920313 0.587500 0.954687 0.862500 0.900000 0.987500 0.892187
6 0.983333 0.014062 0.829167 0.014062 0.829167 0.037500 0.781250 0.037500 0.725000 0.126563 0.695833 0.206250 0.720833 0.278125 0.677083 0.360938 0.639583 0.364062 0.616667 0.385938 0.658333 0.412500 0.650000 0.465625 0.622917 0.470313 0.652083 0.562500 0.702083 0.573438 0.902083 0.570312 0.952083 0.540625 0.989583 0.539062 0.929167 0.512500 0.912500 0.407813 0.875000 0.368750 0.889583 0.332812 0.864583 0.276563 0.860417 0.151562
7 0.031250 0.023438 0.035417 0.057813 0.052083 0.081250 0.110417 0.081250 0.118750 0.082813 0.135417 0.050000 0.135417 0.015625 0.045833 0.015625
7 0.608333 0.090625 0.689583 0.095312 0.718750 0.120312 0.741667 0.100000 0.779167 0.054688 0.779167 0.034375 0.785417 0.031250 0.822917 0.031250 0.820833 0.015625 0.631250 0.015625
7 0.697917 0.229687 0.562500 0.245312 0.539583 0.370313 0.670833 0.356250 0.712500 0.278125 0.708333 0.253125
7 0.189583 0.264062 0.193750 0.278125 0.266667 0.284375 0.268750 0.273438 0.279167 0.273438 0.281250 0.278125 0.300000 0.281250 0.412500 0.287500 0.418750 0.275000 0.354167 0.273438 0.350000 0.268750 0.350000 0.254687 0.279167 0.251563 0.277083 0.265625 0.264583 0.265625 0.258333 0.257812
7 0.647917 0.403125 0.635417 0.398438 0.618750 0.398438 0.531250 0.407813 0.518750 0.417188 0.512500 0.431250 0.518750 0.451562 0.541667 0.462500 0.625000 0.468750 0.645833 0.454688 0.654167 0.443750 0.656250 0.429688 0.647917 0.410937
7 0.662500 0.695312 0.056250 0.704687 0.014583 0.818750 0.016667 0.989062 0.735417 0.987500 0.718750 0.934375 0.310417 0.973437 0.489583 0.948438 0.479167 0.832812 0.570833 0.789062 0.093750 0.782812 0.033333 0.970312 0.304167 0.973437 0.016667 0.979688 0.085417 0.773438 0.575000 0.779688 0.587500 0.735937
8 0.685417 0.103125 0.622917 0.093750 0.633333 0.115625 0.612500 0.198437 0.610417 0.234375 0.685417 0.220313 0.722917 0.126563