1 0.012500 0.010937 0.020833 0.435937 0.220833 0.432813 0.229167 0.389062 0.175000 0.393750 0.170833 0.340625 0.252083 0.281250 0.318750 0.278125 0.343750 0.242188 0.262500 0.225000 0.245833 0.206250 0.279167 0.087500 0.262500 0.014062 0.110417 0.014062 0.081250 0.365625 0.106250 0.017188
1 0.016667 0.520312 0.022917 0.567187 0.293750 0.565625 0.300000 0.540625 0.297917 0.531250
2 0.962500 0.137500 0.902083 0.203125 0.933333 0.204688 0.979167 0.243750 0.983333 0.170312 0.987500 0.143750 0.972917 0.137500
2 0.987500 0.359375 0.947917 0.415625 0.893750 0.428125 0.858333 0.428125 0.810417 0.395312 0.804167 0.418750 0.741667 0.476562 0.789583 0.490625 0.802083 0.509375 0.785417 0.520312 0.712500 0.529688 0.712500 0.564062 0.718750 0.559375 0.729167 0.570312 0.750000 0.560938 0.787500 0.576563 0.987500 0.562500
2 0.618750 0.504687 0.606250 0.503125 0.591667 0.520312 0.587500 0.571875 0.550000 0.590625 0.510417 0.589063 0.512500 0.637500 0.537500 0.653125 0.554167 0.628125 0.577083 0.635938 0.633333 0.606250 0.647917 0.610937 0.664583 0.595312 0.685417 0.595312 0.695833 0.587500 0.687500 0.590625 0.668750 0.587500 0.654167 0.548437 0.602083 0.525000
3 0.554167 0.015625 0.570833 0.051562 0.541667 0.078125 0.552083 0.109375 0.489583 0.207813 0.447917 0.210938 0.456250 0.314063 0.387500 0.357812 0.375000 0.350000 0.358333 0.379687 0.412500 0.378125 0.431250 0.356250 0.547917 0.370313 0.612500 0.429688 0.608333 0.467187 0.637500 0.467187 0.633333 0.414062 0.695833 0.417188 0.700000 0.379687 0.745833 0.407813 0.789583 0.381250 0.670833 0.353125 0.654167 0.328125 0.666667 0.310937 0.635417 0.300000 0.635417 0.262500 0.714583 0.201562 0.908333 0.209375 0.952083 0.229687 0.933333 0.206250 0.900000 0.201562 0.954167 0.143750 0.895833 0.112500 0.762500 0.092188 0.716667 0.018750
3 0.022917 0.440625 0.025000 0.515625 0.300000 0.525000 0.285417 0.489062 0.293750 0.440625 0.254167 0.454688 0.241667 0.442187
3 0.020833 0.575000 0.014583 0.987500 0.331250 0.985937 0.327083 0.898438 0.270833 0.907812 0.260417 0.864062 0.287500 0.856250 0.302083 0.800000 0.356250 0.793750 0.354167 0.767187 0.429167 0.729688 0.420833 0.664062 0.331250 0.650000 0.337500 0.631250 0.316667 0.598437 0.281250 0.571875
5 0.300000 0.432813 0.293750 0.487500 0.320833 0.531250 0.404167 0.551562 0.439583 0.585938 0.583333 0.565625 0.589583 0.515625 0.614583 0.495313 0.633333 0.504687 0.614583 0.526563 0.652083 0.539062 0.664583 0.520312 0.672917 0.587500 0.714583 0.578125 0.700000 0.568750 0.700000 0.521875 0.793750 0.509375 0.781250 0.493750 0.720833 0.478125 0.808333 0.392188 0.745833 0.414062 0.722917 0.384375 0.704167 0.382812 0.700000 0.423438 0.627083 0.420312 0.643750 0.471875 0.606250 0.468750 0.595833 0.414062 0.572917 0.385938 0.454167 0.362500 0.425000 0.365625 0.414583 0.382812 0.339583 0.385938
5 0.314583 0.539062 0.300000 0.556250 0.297917 0.575000 0.325000 0.596875 0.325000 0.615625 0.343750 0.629687 0.331250 0.635938 0.333333 0.646875 0.358333 0.645312 0.375000 0.656250 0.418750 0.662500 0.420833 0.650000 0.450000 0.646875 0.466667 0.657812 0.527083 0.662500 0.533333 0.651563 0.525000 0.648438 0.456250 0.643750 0.425000 0.631250 0.420833 0.626562 0.443750 0.600000 0.425000 0.598437 0.425000 0.587500 0.393750 0.557813
6 0.356250 0.767187 0.400000 0.767187 0.422917 0.903125 0.397917 0.937500 0.429167 0.946875 0.447917 0.914062 0.481250 0.928125 0.491667 0.909375 0.518750 0.985937 0.989583 0.987500 0.987500 0.571875 0.718750 0.578125 0.772917 0.767187 0.708333 0.800000 0.687500 0.771875 0.677083 0.845312 0.602083 0.856250 0.522917 0.685938
8 0.564583 0.026563 0.335417 0.012500 0.320833 0.032812 0.318750 0.012500 0.266667 0.010937 0.287500 0.089062 0.250000 0.179688 0.256250 0.220313 0.329167 0.229687 0.304167 0.193750 0.343750 0.170312 0.383333 0.176563 0.362500 0.125000 0.412500 0.118750 0.370833 0.132812 0.395833 0.189063 0.347917 0.173438 0.310417 0.200000 0.400000 0.251563 0.402083 0.296875 0.381250 0.245312 0.345833 0.231250 0.320833 0.282813 0.268750 0.278125 0.172917 0.340625 0.187500 0.389062 0.243750 0.384375 0.227083 0.420312 0.256250 0.450000 0.291667 0.442187 0.350000 0.359375 0.408333 0.346875 0.416667 0.321875 0.454167 0.314063 0.452083 0.215625 0.431250 0.206250 0.487500 0.204688 0.545833 0.112500
8 0.731250 0.018750 0.766667 0.089062 0.895833 0.110937 0.945833 0.135937 0.983333 0.135937 0.985417 0.040625 0.966667 0.014062
8 0.108333 0.078125 0.108333 0.092188 0.110417 0.093750 0.110417 0.109375 0.112500 0.110937 0.139583 0.110937 0.139583 0.087500 0.141667 0.085938 0.139583 0.084375 0.135417 0.084375 0.133333 0.082813 0.127083 0.082813 0.125000 0.081250 0.120833 0.081250 0.118750 0.079687 0.114583 0.079687 0.112500 0.078125
8 0.708333 0.204688 0.689583 0.229687 0.641667 0.264062 0.641667 0.295312 0.679167 0.303125 0.660417 0.326562 0.681250 0.350000 0.750000 0.353125 0.800000 0.368750 0.862500 0.418750 0.893750 0.418750 0.939583 0.407813 0.985417 0.350000 0.983333 0.250000 0.929167 0.217187 0.760417 0.203125
8 0.091667 0.360938 0.100000 0.360938 0.102083 0.362500 0.110417 0.362500 0.112500 0.364062 0.122917 0.364062 0.125000 0.365625 0.135417 0.365625 0.137500 0.367188 0.145833 0.367188 0.147917 0.368750 0.158333 0.368750 0.160417 0.370313 0.160417 0.357812 0.158333 0.356250 0.156250 0.356250 0.141667 0.350000 0.137500 0.350000 0.135417 0.348437 0.116667 0.348437 0.114583 0.350000 0.110417 0.350000 0.104167 0.354688 0.102083 0.354688
8 0.702083 0.589063 0.687500 0.601562 0.670833 0.601562 0.643750 0.615625 0.631250 0.610937 0.577083 0.643750 0.560417 0.637500 0.539583 0.673437 0.572917 0.807813 0.585417 0.814062 0.593750 0.837500 0.614583 0.845312 0.614583 0.853125 0.668750 0.840625 0.677083 0.843750 0.689583 0.798437 0.687500 0.770312 0.700000 0.776563 0.708333 0.798437 0.745833 0.787500 0.752083 0.767187 0.770833 0.767187 0.727083 0.601562
8 0.420833 0.656250 0.422917 0.665625 0.425000 0.667188 0.439583 0.703125 0.458333 0.692187 0.464583 0.700000 0.466667 0.706250 0.468750 0.706250 0.493750 0.693750 0.483333 0.678125 0.468750 0.678125 0.466667 0.676562 0.466667 0.665625 0.447917 0.654688
8 0.306250 0.803125 0.287500 0.862500 0.262500 0.865625 0.266667 0.884375 0.277083 0.887500 0.272917 0.901563 0.335417 0.895312 0.339583 0.987500 0.510417 0.982813 0.514583 0.965625 0.491667 0.910937 0.481250 0.929688 0.447917 0.915625 0.433333 0.951563 0.393750 0.937500 0.397917 0.921875 0.420833 0.903125 0.414583 0.815625 0.397917 0.767187 0.366667 0.778125 0.362500 0.792188 0.347917 0.800000
8 0.525000 0.775000 0.518750 0.784375 0.518750 0.801562 0.522917 0.809375 0.522917 0.815625 0.527083 0.823438 0.527083 0.829687 0.531250 0.837500 0.533333 0.850000 0.535417 0.850000 0.547917 0.843750 0.554167 0.842188 0.552083 0.840625 0.552083 0.834375 0.550000 0.832812 0.550000 0.826563 0.547917 0.825000 0.547917 0.817187 0.545833 0.815625 0.545833 0.809375 0.543750 0.807813 0.543750 0.801562 0.541667 0.800000 0.537500 0.778125 0.535417 0.776563