1 0.014583 0.014062 0.018750 0.495313 0.289583 0.506250 0.291667 0.550000 0.325000 0.553125 0.414583 0.470313 0.525000 0.479688 0.516667 0.412500 0.450000 0.420312 0.414583 0.362500 0.441667 0.264062 0.039583 0.210938 0.035417 0.042188 0.645833 0.140625 0.504167 0.085938 0.120833 0.010937
2 0.989583 0.014062 0.783333 0.017188 0.760417 0.112500 0.872917 0.142188 0.868750 0.181250 0.833333 0.164062 0.756250 0.159375 0.862500 0.240625 0.887500 0.237500 0.989583 0.054688
2 0.987500 0.068750 0.891667 0.239063 0.972917 0.290625 0.987500 0.310937 0.987500 0.089062 0.922917 0.207813
3 0.404167 0.484375 0.402083 0.523438 0.420833 0.517187 0.456250 0.517187 0.468750 0.526563 0.475000 0.539062 0.547917 0.535937 0.579167 0.545313 0.545833 0.492188 0.414583 0.473437
3 0.016667 0.501562 0.014583 0.987500 0.352083 0.987500 0.322917 0.923437 0.402083 0.895312 0.387500 0.871875 0.256250 0.882812 0.260417 0.773438 0.379167 0.756250 0.341667 0.734375 0.266667 0.742188 0.237500 0.721875 0.241667 0.695312 0.181250 0.695312 0.168750 0.662500 0.210417 0.514063 0.272917 0.518750 0.252083 0.679688 0.272917 0.660937 0.285417 0.510938
5 0.514583 0.015625 0.514583 0.084375 0.577083 0.095312 0.577083 0.112500 0.608333 0.129688 0.866667 0.173438 0.868750 0.146875 0.750000 0.114063 0.779167 0.015625 0.697917 0.015625 0.700000 0.043750 0.656250 0.093750 0.581250 0.079687 0.577083 0.018750 0.641667 0.015625
5 0.404167 0.529688 0.404167 0.562500 0.416667 0.618750 0.429167 0.628125 0.427083 0.653125 0.435417 0.670313 0.579167 0.690625 0.583333 0.726562 0.564583 0.751562 0.604167 0.751562 0.631250 0.760938 0.641667 0.756250 0.647917 0.742188 0.637500 0.720312 0.608333 0.693750 0.581250 0.610937 0.593750 0.601562 0.575000 0.562500 0.545833 0.546875 0.464583 0.543750 0.445833 0.523438 0.418750 0.523438
6 0.602083 0.150000 0.589583 0.164062 0.637500 0.162500 0.714583 0.179688 0.747917 0.200000 0.795833 0.212500 0.808333 0.245312 0.875000 0.282813 0.868750 0.345313 0.847917 0.362500 0.858333 0.375000 0.818750 0.404687 0.822917 0.420312 0.835417 0.423438 0.860417 0.406250 0.925000 0.410937 0.927083 0.428125 0.954167 0.426562 0.989583 0.484375 0.979167 0.304688 0.862500 0.242188 0.735417 0.156250 0.685417 0.145313
6 0.985417 0.679688 0.904167 0.729688 0.914583 0.731250 0.925000 0.751562 0.925000 0.775000 0.841667 0.825000 0.812500 0.870313 0.764583 0.881250 0.727083 0.912500 0.708333 0.912500 0.729167 0.984375 0.989583 0.990625
7 0.133333 0.010937 0.495833 0.084375 0.504167 0.071875 0.500000 0.048437 0.510417 0.015625
7 0.043750 0.043750 0.047917 0.207813 0.427083 0.262500 0.445833 0.246875 0.456250 0.187500 0.489583 0.157813 0.539583 0.175000 0.579167 0.168750 0.595833 0.154687
7 0.108333 0.242188 0.106250 0.323438 0.214583 0.342187 0.214583 0.251563
7 0.252083 0.262500 0.243750 0.335938 0.362500 0.351562 0.364583 0.346875 0.379167 0.346875 0.395833 0.282813
7 0.118750 0.340625 0.110417 0.409375 0.206250 0.420312 0.206250 0.350000
7 0.233333 0.357812 0.227083 0.409375 0.331250 0.423438 0.347917 0.370313
7 0.441667 0.796875 0.435417 0.796875 0.427083 0.800000 0.420833 0.800000 0.418750 0.801562 0.414583 0.801562 0.414583 0.839063 0.416667 0.840625 0.416667 0.845312 0.418750 0.848437 0.427083 0.856250 0.433333 0.850000 0.437500 0.842188 0.441667 0.839063 0.441667 0.835938 0.439583 0.834375 0.439583 0.810938 0.441667 0.809375
8 0.695833 0.015625 0.579167 0.018750 0.585417 0.082813 0.656250 0.092188 0.687500 0.060938 0.697917 0.043750
8 0.489583 0.168750 0.456250 0.206250 0.454167 0.256250 0.518750 0.264062 0.520833 0.237500 0.525000 0.295312 0.510417 0.267188 0.464583 0.264062 0.427083 0.364062 0.456250 0.417188 0.529167 0.409375 0.570833 0.507812 0.593750 0.496875 0.610417 0.693750 0.727083 0.909375 0.914583 0.770312 0.893750 0.731250 0.983333 0.675000 0.987500 0.487500 0.947917 0.425000 0.912500 0.410937 0.816667 0.423438 0.870833 0.287500 0.779167 0.207813 0.627083 0.165625 0.537500 0.187500
8 0.168750 0.510938 0.093750 0.506250 0.091667 0.571875 0.083333 0.612500 0.077083 0.618750 0.077083 0.642187 0.058333 0.657812 0.037500 0.667188 0.037500 0.690625 0.133333 0.692187 0.164583 0.575000
8 0.206250 0.518750 0.170833 0.662500 0.181250 0.693750 0.241667 0.693750 0.250000 0.732813 0.350000 0.723437 0.414583 0.765625 0.400000 0.806250 0.512500 0.778125 0.575000 0.804688 0.597917 0.803125 0.600000 0.784375 0.647917 0.798437 0.637500 0.764063 0.562500 0.751562 0.577083 0.692187 0.437500 0.673437 0.427083 0.628125 0.379167 0.628125 0.414583 0.604688 0.395833 0.506250 0.327083 0.554688 0.318750 0.601562 0.297917 0.614062 0.297917 0.642187 0.345833 0.645312 0.370833 0.631250 0.325000 0.671875 0.293750 0.662500 0.254167 0.679688 0.270833 0.518750
8 0.393750 0.768750 0.275000 0.771875 0.270833 0.775000 0.262500 0.878125 0.391667 0.867188
8 0.658333 0.834375 0.618750 0.798437 0.602083 0.798437 0.602083 0.829687 0.570833 0.859375 0.568750 0.890625 0.525000 0.845312 0.481250 0.825000 0.514583 0.889063 0.450000 0.959375 0.460417 0.859375 0.441667 0.810938 0.431250 0.856250 0.410417 0.859375 0.395833 0.848437 0.408333 0.909375 0.333333 0.920313 0.337500 0.946875 0.360417 0.954687 0.360417 0.987500 0.439583 0.979688 0.522917 0.985937 0.600000 0.960938 0.593750 0.984375 0.631250 0.984375 0.631250 0.940625 0.606250 0.892187 0.652083 0.860937