1 0.020833 0.223438 0.068750 0.448438 0.018750 0.251563 0.016667 0.989062 0.035417 0.987500 0.091667 0.564062 0.266667 0.565625 0.260417 0.550000 0.145833 0.543750 0.125000 0.378125 0.381250 0.387500 0.343750 0.314063 0.075000 0.295312 0.066667 0.235938
1 0.214583 0.573438 0.095833 0.573438 0.039583 0.989062 0.110417 0.989062 0.122917 0.875000 0.289583 0.868750 0.291667 0.840625 0.125000 0.845312 0.139583 0.600000 0.181250 0.600000 0.189583 0.587500 0.212500 0.587500
2 0.806250 0.015625 0.808333 0.076563 0.843750 0.076563 0.966667 0.190625 0.902083 0.182812 0.822917 0.245312 0.856250 0.351562 0.670833 0.339063 0.693750 0.379687 0.645833 0.439063 0.666667 0.460938 0.633333 0.468750 0.639583 0.496875 0.593750 0.489062 0.597917 0.543750 0.543750 0.564062 0.529167 0.595312 0.566667 0.590625 0.585417 0.646875 0.697917 0.653125 0.593750 0.670313 0.631250 0.825000 0.762500 0.829687 0.620833 0.859375 0.579167 0.914062 0.664583 0.921875 0.779167 0.870313 0.843750 0.893750 0.925000 0.881250 0.989583 0.987500 0.989583 0.014062
3 0.079167 0.289062 0.566667 0.318750 0.554167 0.273438 0.422917 0.185937 0.447917 0.043750 0.489583 0.017188 0.637500 0.042188 0.695833 0.093750 0.797917 0.090625 0.818750 0.035937 0.795833 0.012500 0.033333 0.014062
4 0.695833 0.653125 0.343750 0.664062 0.329167 0.678125 0.306250 0.782812 0.312500 0.934375 0.360417 0.926562 0.475000 0.940625 0.570833 0.918750 0.622917 0.851562 0.754167 0.845312 0.756250 0.829687 0.627083 0.829687 0.585417 0.671875 0.693750 0.667188
4 0.300000 0.971875 0.300000 0.984375 0.475000 0.987500 0.470833 0.976562 0.427083 0.943750 0.410417 0.937500 0.387500 0.934375 0.327083 0.934375 0.310417 0.950000 0.308333 0.962500
5 0.491667 0.023438 0.458333 0.046875 0.431250 0.175000 0.456250 0.212500 0.554167 0.267188 0.591667 0.335938 0.612500 0.321875 0.854167 0.350000 0.808333 0.281250 0.822917 0.240625 0.900000 0.181250 0.964583 0.190625 0.860417 0.092188 0.825000 0.078125 0.804167 0.084375 0.812500 0.100000 0.687500 0.098438 0.660417 0.064062 0.614583 0.040625
5 0.439583 0.400000 0.410417 0.479688 0.439583 0.518750 0.445833 0.540625 0.589583 0.545313 0.581250 0.509375 0.533333 0.507812 0.550000 0.478125 0.577083 0.473437 0.543750 0.470313 0.533333 0.448438 0.495833 0.426562 0.525000 0.429688 0.514583 0.403125
5 0.793750 0.956250 0.800000 0.985937 0.972917 0.984375 0.916667 0.887500 0.862500 0.889063 0.852083 0.896875 0.845833 0.921875
7 0.087500 0.020312 0.087500 0.035937 0.097917 0.040625 0.102083 0.040625 0.166667 0.065625 0.166667 0.020312
7 0.256250 0.206250 0.256250 0.273438 0.270833 0.275000 0.281250 0.278125 0.289583 0.278125 0.300000 0.281250 0.302083 0.256250 0.304167 0.254687 0.306250 0.229687 0.308333 0.228125 0.308333 0.214062
7 0.129167 0.378125 0.152083 0.542188 0.260417 0.548437 0.264583 0.537500 0.352083 0.540625 0.368750 0.390625
7 0.337500 0.600000 0.147917 0.607813 0.131250 0.842188 0.297917 0.832812 0.277083 0.775000 0.291667 0.746875 0.289583 0.692187 0.320833 0.685938 0.343750 0.654688
7 0.293750 0.873438 0.127083 0.881250 0.122917 0.884375 0.116667 0.982813 0.291667 0.987500
8 0.302083 0.014062 0.277083 0.020312 0.277083 0.029687 0.275000 0.031250 0.275000 0.112500 0.277083 0.114063 0.277083 0.121875 0.306250 0.121875 0.306250 0.045313 0.304167 0.043750
8 0.337500 0.020312 0.337500 0.032812 0.335417 0.034375 0.335417 0.045313 0.331250 0.059375 0.333333 0.109375 0.335417 0.112500 0.358333 0.112500 0.362500 0.114063 0.362500 0.107813 0.372917 0.078125 0.372917 0.028125 0.375000 0.023438 0.372917 0.021875
8 0.187500 0.031250 0.189583 0.075000 0.191667 0.076563 0.191667 0.100000 0.193750 0.103125 0.214583 0.103125 0.214583 0.096875 0.212500 0.095312 0.212500 0.037500 0.210417 0.035937
8 0.150000 0.064062 0.147917 0.128125 0.160417 0.146875 0.172917 0.148438 0.181250 0.151562 0.179167 0.148438 0.179167 0.123438 0.177083 0.121875 0.175000 0.078125
8 0.564583 0.081250 0.543750 0.095312 0.535417 0.109375 0.535417 0.132812 0.554167 0.148438 0.531250 0.160938 0.529167 0.181250 0.541667 0.193750 0.602083 0.221875 0.618750 0.223438 0.618750 0.198437 0.627083 0.168750 0.614583 0.170312 0.625000 0.164062 0.664583 0.162500 0.647917 0.123438 0.633333 0.106250 0.610417 0.089062
8 0.160417 0.157813 0.158333 0.157813 0.156250 0.159375 0.141667 0.164062 0.137500 0.167187 0.135417 0.167187 0.135417 0.184375 0.137500 0.185937 0.137500 0.204688 0.139583 0.206250 0.139583 0.207813 0.168750 0.207813 0.166667 0.206250 0.166667 0.195312 0.164583 0.193750 0.164583 0.181250 0.162500 0.179688 0.162500 0.168750 0.160417 0.167187
8 0.725000 0.164062 0.643750 0.168750 0.627083 0.187500 0.629167 0.251563 0.654167 0.306250 0.683333 0.312500 0.750000 0.203125
8 0.447917 0.235938 0.447917 0.243750 0.443750 0.253125 0.443750 0.268750 0.447917 0.279687 0.483333 0.304688 0.487500 0.310937 0.518750 0.310937 0.522917 0.312500 0.539583 0.275000 0.539583 0.270312 0.477083 0.235938
8 0.352083 0.317187 0.362500 0.353125 0.389583 0.393750 0.512500 0.390625 0.529167 0.331250 0.527083 0.323438
8 0.539583 0.335938 0.522917 0.393750 0.531250 0.428125 0.656250 0.435937 0.683333 0.381250 0.660417 0.339063 0.587500 0.343750 0.572917 0.325000
8 0.497917 0.426562 0.622917 0.498437 0.637500 0.495313 0.616667 0.475000 0.616667 0.454688 0.618750 0.453125 0.652083 0.467187 0.658333 0.459375 0.656250 0.456250 0.604167 0.435937 0.533333 0.434375
8 0.375000 0.503125 0.368750 0.548437 0.387500 0.570312 0.387500 0.576563 0.354167 0.545313 0.275000 0.546875 0.275000 0.568750 0.293750 0.589063 0.337500 0.595312 0.393750 0.620313 0.404167 0.592188 0.408333 0.598437 0.431250 0.601562 0.456250 0.592188 0.468750 0.550000 0.439583 0.539062 0.420833 0.504687
8 0.560417 0.593750 0.537500 0.595312 0.535417 0.596875 0.502083 0.600000 0.500000 0.601562 0.491667 0.620313 0.483333 0.632812 0.483333 0.637500 0.497917 0.653125 0.527083 0.646875 0.577083 0.645312 0.568750 0.625000 0.568750 0.618750
8 0.835417 0.881250 0.806250 0.887500 0.781250 0.876562 0.670833 0.915625 0.677083 0.982813 0.789583 0.981250 0.791667 0.956250 0.841667 0.921875
8 0.672917 0.982813 0.656250 0.928125 0.512500 0.948438 0.479167 0.970312 0.479167 0.985937 0.514583 0.987500