1 0.014583 0.014062 0.014583 0.520312 0.041667 0.510938 0.045833 0.551562 0.070833 0.553125 0.114583 0.485938 0.312500 0.493750 0.325000 0.460938 0.529167 0.479688 0.533333 0.357812 0.589583 0.348437 0.629167 0.304688 0.585417 0.304688 0.581250 0.323438 0.541667 0.290625 0.543750 0.214062 0.575000 0.146875 0.497917 0.117188 0.504167 0.096875 0.479167 0.073437 0.443750 0.081250 0.372917 0.043750 0.370833 0.015625
1 0.016667 0.668750 0.016667 0.987500 0.122917 0.985937 0.129167 0.920313 0.395833 0.909375 0.362500 0.839063 0.102083 0.842188 0.081250 0.782812 0.054167 0.773438 0.054167 0.742188 0.087500 0.704687 0.072917 0.668750
2 0.987500 0.010937 0.960417 0.028125 0.929167 0.146875 0.895833 0.160938 0.893750 0.145313 0.814583 0.484375 0.754167 0.523438 0.777083 0.582812 0.902083 0.621875 0.985417 0.678125 0.906250 0.679688 0.847917 0.750000 0.914583 0.851562 0.714583 0.845312 0.741667 0.879687 0.727083 0.956250 0.747917 0.987500 0.987500 0.987500
3 0.095833 0.835938 0.358333 0.835938 0.366667 0.823438 0.591667 0.815625 0.547917 0.768750 0.493750 0.751562 0.458333 0.718750 0.460417 0.596875 0.489583 0.570312 0.535417 0.560938 0.654167 0.581250 0.675000 0.604688 0.760417 0.603125 0.762500 0.550000 0.722917 0.520312 0.689583 0.521875 0.672917 0.539062 0.547917 0.507812 0.114583 0.490625 0.081250 0.545313
5 0.472917 0.582812 0.454167 0.625000 0.460417 0.706250 0.481250 0.732813 0.591667 0.790625 0.622917 0.851562 0.720833 0.837500 0.906250 0.846875 0.839583 0.750000 0.902083 0.673437 0.945833 0.679688 0.968750 0.675000 0.964583 0.665625 0.897917 0.628125 0.787500 0.589063 0.768750 0.595312 0.783333 0.603125 0.677083 0.609375 0.654167 0.582812 0.518750 0.562500
6 0.470833 0.925000 0.495833 0.985937 0.589583 0.985937 0.487500 0.948438 0.514583 0.928125 0.520833 0.926562 0.518750 0.925000
7 0.327083 0.468750 0.322917 0.503125 0.533333 0.509375 0.531250 0.482812
7 0.425000 0.931250 0.397917 0.910937 0.131250 0.921875 0.131250 0.987500 0.391667 0.985937 0.395833 0.976562 0.422917 0.971875
8 0.383333 0.012500 0.370833 0.034375 0.452083 0.075000 0.491667 0.070312 0.520833 0.096875 0.508333 0.121875 0.620833 0.150000 0.647917 0.142188 0.625000 0.157813 0.593750 0.150000 0.556250 0.212500 0.556250 0.287500 0.581250 0.310937 0.585417 0.295312 0.664583 0.300000 0.625000 0.317187 0.662500 0.340625 0.712500 0.335938 0.737500 0.210938 0.741667 0.228125 0.866667 0.240625 0.889583 0.132812 0.904167 0.150000 0.927083 0.140625 0.916667 0.107813 0.954167 0.014062
8 0.745833 0.235938 0.727083 0.335938 0.708333 0.343750 0.733333 0.368750 0.833333 0.379687 0.868750 0.246875
8 0.612500 0.317187 0.593750 0.357812 0.539583 0.360938 0.527083 0.459375 0.556250 0.459375 0.595833 0.412500 0.583333 0.387500 0.606250 0.365625 0.635417 0.395312 0.631250 0.457812 0.627083 0.398438 0.608333 0.373437 0.593750 0.387500 0.606250 0.417188 0.566667 0.464063 0.543750 0.462500 0.541667 0.504687 0.672917 0.537500 0.685417 0.484375 0.812500 0.484375 0.837500 0.387500 0.737500 0.379687 0.700000 0.345313 0.647917 0.343750
8 0.035417 0.512500 0.016667 0.532812 0.018750 0.665625 0.077083 0.665625 0.093750 0.634375 0.081250 0.554688 0.039583 0.553125 0.039583 0.515625
8 0.552083 0.620313 0.550000 0.639063 0.554167 0.645312 0.545833 0.662500 0.575000 0.668750 0.579167 0.667188 0.637500 0.667188 0.666667 0.653125 0.622917 0.610937 0.608333 0.610937 0.606250 0.609375 0.568750 0.610937
8 0.545833 0.676562 0.554167 0.703125 0.575000 0.704687 0.589583 0.718750 0.614583 0.728125 0.641667 0.725000 0.670833 0.742188 0.647917 0.742188 0.695833 0.814062 0.722917 0.815625 0.722917 0.796875 0.741667 0.778125 0.768750 0.698438 0.737500 0.675000 0.708333 0.671875 0.702083 0.703125 0.702083 0.676562 0.683333 0.670313 0.683333 0.657812 0.658333 0.662500 0.641667 0.704687 0.637500 0.670313
8 0.085417 0.707812 0.070833 0.721875 0.064583 0.731250 0.064583 0.734375 0.058333 0.742188 0.058333 0.770312 0.060417 0.773438 0.066667 0.773438 0.068750 0.775000 0.075000 0.775000 0.077083 0.776563 0.085417 0.776563 0.087500 0.778125 0.087500 0.764063 0.089583 0.762500 0.089583 0.728125 0.087500 0.726562
8 0.372917 0.832812 0.404167 0.910937 0.422917 0.926562 0.431250 0.912500 0.537500 0.909375 0.539583 0.882812 0.556250 0.879687 0.568750 0.823438 0.587500 0.901563 0.570833 0.915625 0.554167 0.907812 0.583333 0.945312 0.718750 0.948438 0.733333 0.878125 0.702083 0.843750 0.616667 0.854688 0.597917 0.823438 0.568750 0.820312
8 0.493750 0.948438 0.593750 0.985937 0.743750 0.987500 0.722917 0.960938 0.681250 0.950000 0.579167 0.953125 0.558333 0.926562 0.537500 0.925000 0.529167 0.915625 0.531250 0.932813 0.510417 0.934375
8 0.485417 0.985937 0.464583 0.960938 0.462500 0.960938 0.439583 0.973437 0.410417 0.973437 0.397917 0.979688 0.397917 0.987500 0.485417 0.987500