1 0.014583 0.204688 0.016667 0.282813 0.120833 0.540625 0.302083 0.545313 0.177083 0.526563 0.139583 0.351562 0.460417 0.365625 0.437500 0.312500 0.058333 0.285937 0.029167 0.203125
1 0.014583 0.285937 0.014583 0.989062 0.060417 0.989062 0.112500 0.539062
1 0.245833 0.550000 0.116667 0.548437 0.066667 0.984375 0.139583 0.987500 0.145833 0.921875 0.343750 0.910937 0.343750 0.882812 0.143750 0.890625 0.177083 0.585938 0.218750 0.584375 0.231250 0.564062 0.247917 0.565625
2 0.989583 0.446875 0.858333 0.471875 0.856250 0.512500 0.797917 0.503125 0.827083 0.520312 0.783333 0.554688 0.733333 0.514063 0.718750 0.528125 0.729167 0.582812 0.595833 0.589063 0.579167 0.603125 0.681250 0.609375 0.704167 0.684375 0.664583 0.715625 0.689583 0.773438 0.870833 0.770312 0.887500 0.793750 0.843750 0.817187 0.752083 0.814062 0.779167 0.985937 0.989583 0.989062
3 0.014583 0.014062 0.012500 0.126563 0.062500 0.282813 0.812500 0.331250 0.745833 0.273438 0.666667 0.315625 0.631250 0.312500 0.587500 0.265625 0.629167 0.206250 0.647917 0.210938 0.620833 0.107813 0.650000 0.015625 0.395833 0.014062 0.391667 0.078125 0.358333 0.067188 0.356250 0.039062 0.314583 0.014062 0.193750 0.014062 0.183333 0.082813 0.139583 0.014062
4 0.587500 0.432813 0.600000 0.443750 0.647917 0.454688 0.685417 0.489062 0.735417 0.501562 0.758333 0.518750 0.783333 0.550000 0.810417 0.540625 0.820833 0.526563 0.795833 0.512500 0.797917 0.493750 0.833333 0.512500 0.856250 0.510938 0.852083 0.481250 0.687500 0.467187 0.658333 0.425000 0.639583 0.412500 0.616667 0.415625
4 0.868750 0.775000 0.427083 0.793750 0.404167 0.815625 0.397917 0.840625 0.372917 0.843750 0.352083 0.859375 0.360417 0.987500 0.772917 0.985937 0.739583 0.807813 0.827083 0.809375 0.881250 0.793750
5 0.654167 0.015625 0.622917 0.107813 0.645833 0.207813 0.806250 0.312500 0.875000 0.468750 0.983333 0.446875 0.939583 0.250000 0.900000 0.248437 0.829167 0.196875 0.789583 0.185937 0.781250 0.150000 0.797917 0.125000 0.860417 0.121875 0.837500 0.110937 0.831250 0.042188 0.854167 0.012500 0.987500 0.012500 0.989583 0.023438 0.989583 0.010937
5 0.895833 0.107813 0.914583 0.121875 0.914583 0.123438 0.916667 0.123438 0.920833 0.126563 0.922917 0.126563 0.950000 0.148438 0.945833 0.145313 0.945833 0.143750 0.941667 0.140625 0.941667 0.139062 0.937500 0.135937 0.937500 0.134375 0.931250 0.129688 0.929167 0.129688 0.927083 0.128125 0.927083 0.126563 0.920833 0.121875 0.920833 0.120312 0.914583 0.115625 0.914583 0.114063 0.908333 0.109375 0.908333 0.107813 0.904167 0.104687 0.902083 0.104687 0.897917 0.107813
5 0.987500 0.151562 0.981250 0.157813 0.979167 0.156250 0.968750 0.154687 0.966667 0.168750 0.964583 0.170312 0.962500 0.182812 0.960417 0.184375 0.960417 0.189063 0.958333 0.190625 0.958333 0.196875 0.956250 0.198437 0.956250 0.203125 0.954167 0.204688 0.954167 0.212500 0.962500 0.220313 0.960417 0.218750 0.960417 0.210938 0.958333 0.209375 0.958333 0.198437 0.966667 0.187500 0.966667 0.184375 0.975000 0.173438 0.975000 0.170312
5 0.547917 0.403125 0.572917 0.503125 0.614583 0.514063 0.612500 0.531250 0.575000 0.559375 0.558333 0.557813 0.537500 0.517187 0.520833 0.517187 0.529167 0.560938 0.550000 0.581250 0.729167 0.581250 0.710417 0.525000 0.731250 0.503125 0.685417 0.490625 0.641667 0.454688 0.595833 0.443750 0.585417 0.431250 0.614583 0.415625 0.614583 0.409375
5 0.554167 0.587500 0.529167 0.609375 0.516667 0.623438 0.522917 0.623438 0.525000 0.625000 0.531250 0.625000 0.533333 0.626562 0.541667 0.626562 0.543750 0.628125 0.552083 0.628125 0.554167 0.629687 0.570833 0.631250 0.572917 0.632812 0.589583 0.620313 0.589583 0.618750 0.566667 0.610937 0.562500 0.607813 0.568750 0.596875 0.572917 0.593750 0.572917 0.590625 0.566667 0.590625 0.564583 0.589063
7 0.308333 0.139062 0.300000 0.260938 0.383333 0.279687 0.397917 0.226562 0.381250 0.225000 0.381250 0.176563 0.362500 0.160938 0.354167 0.145313
7 0.147917 0.359375 0.197917 0.528125 0.316667 0.531250 0.322917 0.517187 0.368750 0.514063 0.352083 0.501562 0.362500 0.481250 0.447917 0.487500 0.456250 0.451562 0.485417 0.432813 0.493750 0.418750 0.456250 0.367188
7 0.041667 0.581250 0.039583 0.582812 0.039583 0.584375 0.035417 0.587500 0.035417 0.589063 0.031250 0.593750 0.031250 0.596875 0.027083 0.601562 0.027083 0.609375 0.029167 0.610937 0.029167 0.614062 0.031250 0.615625 0.031250 0.618750 0.033333 0.620313 0.047917 0.620313 0.050000 0.621875 0.050000 0.612500 0.052083 0.610937 0.052083 0.601562 0.054167 0.600000 0.054167 0.587500 0.045833 0.581250
7 0.185417 0.590625 0.154167 0.887500 0.350000 0.879687 0.322917 0.812500 0.345833 0.789062 0.341667 0.728125 0.356250 0.715625 0.425000 0.715625 0.420833 0.690625 0.289583 0.687500 0.222917 0.693750 0.202083 0.685938 0.225000 0.603125 0.200000 0.603125
7 0.350000 0.918750 0.152083 0.928125 0.150000 0.987500 0.354167 0.987500
8 0.141667 0.014062 0.143750 0.032812 0.156250 0.046875 0.158333 0.051562 0.170833 0.064062 0.172917 0.068750 0.181250 0.076563 0.183333 0.081250 0.183333 0.073437 0.185417 0.071875 0.185417 0.064062 0.187500 0.062500 0.187500 0.054688 0.189583 0.053125 0.189583 0.045313 0.191667 0.043750 0.191667 0.034375 0.193750 0.032812 0.195833 0.015625 0.191667 0.014062
8 0.316667 0.014062 0.325000 0.031250 0.354167 0.035937 0.358333 0.039062 0.360417 0.067188 0.391667 0.076563 0.393750 0.060938 0.400000 0.042188 0.402083 0.015625 0.393750 0.014062
8 0.854167 0.014062 0.833333 0.042188 0.839583 0.110937 0.862500 0.121875 0.839583 0.117188 0.793750 0.128125 0.783333 0.179688 0.829167 0.195312 0.900000 0.246875 0.941667 0.250000 0.985417 0.414062 0.989583 0.153125 0.960417 0.198437 0.962500 0.218750 0.952083 0.204688 0.966667 0.154687 0.989583 0.148438 0.987500 0.014062
8 0.472917 0.015625 0.472917 0.040625 0.485417 0.056250 0.483333 0.059375 0.460417 0.065625 0.460417 0.078125 0.472917 0.096875 0.535417 0.104687 0.547917 0.079687 0.547917 0.037500 0.554167 0.035937 0.570833 0.015625
8 0.083333 0.089062 0.108333 0.106250 0.116667 0.143750 0.131250 0.159375 0.118750 0.175000 0.118750 0.196875 0.079167 0.198437 0.068750 0.220313 0.081250 0.239063 0.106250 0.240625 0.114583 0.250000 0.141667 0.243750 0.156250 0.259375 0.206250 0.256250 0.206250 0.104687
8 0.295833 0.114063 0.293750 0.126563 0.308333 0.137500 0.354167 0.143750 0.358333 0.146875 0.364583 0.160938 0.383333 0.176563 0.381250 0.200000 0.387500 0.218750 0.402083 0.214062 0.412500 0.121875
8 0.487500 0.131250 0.441667 0.182812 0.497917 0.210938 0.485417 0.271875 0.504167 0.285937 0.520833 0.279687 0.522917 0.292188 0.541667 0.292188 0.560417 0.262500 0.558333 0.237500 0.575000 0.225000 0.610417 0.140625
8 0.016667 0.142188 0.014583 0.143750 0.014583 0.200000 0.016667 0.200000 0.018750 0.198437 0.022917 0.198437 0.025000 0.196875 0.029167 0.196875 0.029167 0.190625 0.031250 0.189063 0.031250 0.181250 0.033333 0.179688 0.031250 0.178125 0.031250 0.175000 0.029167 0.173438 0.029167 0.170312 0.027083 0.168750 0.027083 0.165625 0.025000 0.164062 0.025000 0.160938 0.022917 0.159375 0.022917 0.156250 0.020833 0.154687 0.020833 0.151562 0.018750 0.150000
8 0.633333 0.204688 0.618750 0.221875 0.610417 0.243750 0.589583 0.265625 0.631250 0.310937 0.654167 0.303125 0.662500 0.306250 0.666667 0.314063 0.683333 0.310937 0.735417 0.285937 0.743750 0.271875 0.708333 0.256250 0.683333 0.239063 0.670833 0.223438
8 0.450000 0.306250 0.452083 0.334375 0.497917 0.410937 0.510417 0.410937 0.514583 0.395312 0.652083 0.403125 0.658333 0.415625 0.702083 0.412500 0.660417 0.426562 0.687500 0.465625 0.847917 0.479688 0.856250 0.460938 0.804167 0.337500 0.706250 0.329688 0.712500 0.365625 0.695833 0.343750 0.697917 0.323438
8 0.362500 0.482812 0.362500 0.498437 0.379167 0.510938 0.400000 0.500000 0.452083 0.500000 0.456250 0.514063 0.539583 0.507812 0.564583 0.553125 0.577083 0.553125 0.606250 0.532812 0.606250 0.512500 0.572917 0.506250 0.541667 0.439063 0.477083 0.440625 0.460417 0.453125 0.450000 0.495313 0.445833 0.490625
8 0.450000 0.517187 0.435417 0.535937 0.435417 0.540625 0.477083 0.603125 0.504167 0.618750 0.525000 0.612500 0.552083 0.587500 0.552083 0.584375 0.525000 0.559375 0.522917 0.531250 0.516667 0.517187
8 0.320833 0.526563 0.316667 0.562500 0.337500 0.575000 0.408333 0.592188 0.445833 0.620313 0.470833 0.607813 0.425000 0.548437 0.431250 0.526563
8 0.610417 0.610937 0.585417 0.634375 0.587500 0.710938 0.664583 0.706250 0.702083 0.684375 0.677083 0.612500
8 0.483333 0.620313 0.477083 0.646875 0.491667 0.648438 0.510417 0.700000 0.577083 0.706250 0.581250 0.639063 0.533333 0.640625 0.506250 0.632812
8 0.487500 0.653125 0.475000 0.653125 0.472917 0.654688 0.460417 0.654688 0.458333 0.656250 0.445833 0.656250 0.443750 0.657812 0.431250 0.657812 0.429167 0.659375 0.429167 0.665625 0.425000 0.673437 0.425000 0.682813 0.437500 0.710938 0.441667 0.715625 0.500000 0.715625 0.497917 0.714063 0.497917 0.704687 0.495833 0.703125 0.495833 0.693750 0.491667 0.682813
8 0.654167 0.718750 0.483333 0.723437 0.477083 0.756250 0.466667 0.723437 0.358333 0.720312 0.343750 0.731250 0.347917 0.790625 0.329167 0.806250 0.343750 0.853125 0.368750 0.845312 0.418750 0.790625 0.487500 0.790625 0.487500 0.785937 0.679167 0.775000