1 0.014583 0.462500 0.016667 0.587500 0.118750 0.582812 0.116667 0.523438 0.083333 0.503125 0.081250 0.496875 0.068750 0.496875 0.054167 0.479688 0.043750 0.481250
1 0.118750 0.585938 0.016667 0.593750 0.020833 0.753125 0.143750 0.740625 0.133333 0.729688 0.131250 0.712500 0.091667 0.707812 0.093750 0.656250 0.072917 0.646875 0.077083 0.623438 0.102083 0.606250 0.118750 0.601562
2 0.960417 0.353125 0.881250 0.345313 0.679167 0.512500 0.695833 0.575000 0.535417 0.742188 0.579167 0.739062 0.591667 0.765625 0.756250 0.715625 0.770833 0.718750 0.789583 0.757812 0.987500 0.729688 0.981250 0.368750
3 0.660417 0.037500 0.533333 0.018750 0.452083 0.200000 0.537500 0.225000 0.520833 0.237500 0.450000 0.225000 0.429167 0.253125 0.406250 0.315625 0.500000 0.323438
3 0.695833 0.050000 0.620833 0.171875 0.622917 0.185937 0.939583 0.221875 0.945833 0.168750 0.962500 0.129688 0.987500 0.123438 0.987500 0.100000
3 0.531250 0.317187 0.535417 0.325000 0.864583 0.339063 0.829167 0.314063 0.862500 0.276563 0.893750 0.259375 0.889583 0.245312 0.900000 0.225000 0.614583 0.190625
3 0.495833 0.334375 0.400000 0.334375 0.333333 0.503125 0.404167 0.506250
3 0.466667 0.440625 0.760417 0.439063 0.833333 0.362500 0.522917 0.340625
3 0.429167 0.509375 0.677083 0.510938 0.754167 0.443750 0.468750 0.443750
7 0.697917 0.156250 0.697917 0.157813 0.700000 0.159375 0.702083 0.159375 0.706250 0.162500 0.708333 0.162500 0.710417 0.164062 0.712500 0.164062 0.716667 0.167187 0.718750 0.165625 0.720833 0.165625 0.722917 0.164062 0.727083 0.164062 0.729167 0.162500 0.731250 0.162500 0.737500 0.159375 0.741667 0.159375 0.741667 0.145313 0.739583 0.145313 0.737500 0.143750 0.708333 0.143750 0.706250 0.145313 0.706250 0.146875 0.704167 0.148438 0.704167 0.150000 0.700000 0.153125 0.700000 0.154687
7 0.633333 0.237500 0.633333 0.239063 0.631250 0.240625 0.631250 0.254687 0.639583 0.254687 0.641667 0.256250 0.652083 0.256250 0.654167 0.257812 0.656250 0.256250 0.658333 0.256250 0.660417 0.254687 0.662500 0.254687 0.664583 0.253125 0.666667 0.253125 0.666667 0.242188 0.656250 0.234375 0.647917 0.234375 0.645833 0.235938 0.641667 0.235938 0.639583 0.237500
7 0.504167 0.453125 0.502083 0.453125 0.500000 0.454688 0.497917 0.454688 0.495833 0.456250 0.493750 0.456250 0.491667 0.457812 0.487500 0.457812 0.485417 0.459375 0.483333 0.459375 0.483333 0.465625 0.485417 0.467187 0.485417 0.473437 0.489583 0.473437 0.491667 0.471875 0.493750 0.471875 0.495833 0.470313 0.500000 0.470313 0.500000 0.465625 0.502083 0.464063 0.502083 0.459375 0.504167 0.457812
7 0.981250 0.743750 0.854167 0.754687 0.787500 0.779688 0.766667 0.768750 0.408333 0.817187 0.370833 0.806250 0.400000 0.818750 0.016667 0.867188 0.014583 0.987500 0.989583 0.987500
8 0.020833 0.010937 0.018750 0.298438 0.114583 0.256250 0.114583 0.232812 0.150000 0.235938 0.168750 0.259375 0.110417 0.282813 0.068750 0.334375 0.016667 0.340625 0.016667 0.457812 0.091667 0.498437 0.183333 0.481250 0.193750 0.518750 0.235417 0.520312 0.283333 0.485938 0.337500 0.487500 0.347917 0.460938 0.308333 0.429688 0.352083 0.425000 0.318750 0.412500 0.316667 0.325000 0.364583 0.287500 0.370833 0.234375 0.410417 0.251563 0.385417 0.221875 0.431250 0.240625 0.447917 0.221875 0.531250 0.223438 0.437500 0.204688 0.379167 0.160938 0.379167 0.120312 0.404167 0.139062 0.429167 0.114063 0.414583 0.084375 0.452083 0.082813 0.468750 0.015625
8 0.968750 0.131250 0.943750 0.203125 0.943750 0.228125 0.916667 0.220313 0.891667 0.245312 0.902083 0.264062 0.860417 0.282813 0.837500 0.310937 0.881250 0.335938 0.933333 0.348437 0.962500 0.346875 0.981250 0.360938 0.979167 0.250000 0.952083 0.242188 0.954167 0.234375 0.968750 0.239063 0.987500 0.232812 0.989583 0.134375
8 0.085417 0.648438 0.175000 0.665625 0.137500 0.667188 0.139583 0.726562 0.212500 0.742188 0.202083 0.787500 0.425000 0.770312 0.470833 0.734375 0.525000 0.735937 0.572917 0.681250 0.212500 0.717188 0.208333 0.665625 0.172917 0.664062 0.208333 0.653125 0.206250 0.625000 0.218750 0.706250 0.577083 0.675000 0.683333 0.571875 0.660417 0.528125 0.308333 0.509375 0.247917 0.535937 0.147917 0.496875 0.127083 0.546875 0.200000 0.562500 0.206250 0.601562 0.114583 0.610937
8 0.129167 0.553125 0.125000 0.600000 0.141667 0.596875 0.139583 0.592188 0.139583 0.581250 0.147917 0.578125 0.158333 0.578125 0.200000 0.590625 0.197917 0.587500 0.197917 0.567187 0.195833 0.565625 0.187500 0.565625 0.177083 0.562500 0.150000 0.559375 0.147917 0.557813 0.133333 0.556250
8 0.125000 0.746875 0.125000 0.756250 0.137500 0.756250 0.139583 0.757812 0.156250 0.757812 0.158333 0.759375 0.160417 0.757812 0.166667 0.757812 0.168750 0.756250 0.175000 0.756250 0.177083 0.754687 0.185417 0.754687 0.187500 0.753125 0.202083 0.751562 0.202083 0.743750 0.154167 0.743750 0.152083 0.745313 0.127083 0.745313