1 0.012500 0.028125 0.014583 0.673437 0.089583 0.614062 0.093750 0.585938 0.089583 0.682813 0.597917 0.682813 0.595833 0.621875 0.666667 0.593750 0.658333 0.573438 0.210417 0.562500 0.206250 0.534375 0.114583 0.526563 0.095833 0.553125 0.102083 0.393750 0.181250 0.131250 0.181250 0.054688
1 0.185417 0.146875 0.270833 0.159375 0.270833 0.123438 0.275000 0.118750 0.287500 0.117188 0.308333 0.121875 0.377083 0.128125 0.377083 0.118750 0.193750 0.098438
1 0.200000 0.745313 0.150000 0.765625 0.120833 0.946875 0.256250 0.950000 0.254167 0.984375 0.312500 0.973437 0.335417 0.920313 0.370833 0.915625 0.370833 0.903125 0.345833 0.885938 0.360417 0.842188 0.354167 0.789062 0.362500 0.745313
2 0.654167 0.067188 0.991667 0.118750 0.991667 0.012500 0.687500 0.012500
2 0.772917 0.123438 0.829167 0.185937 0.791667 0.239063 0.700000 0.260938 0.718750 0.320312 0.750000 0.332812 0.777083 0.500000 0.831250 0.500000 0.866667 0.621875 0.766667 0.695312 0.808333 0.928125 0.983333 0.948438 0.989583 0.156250
2 0.750000 0.707812 0.531250 0.717188 0.545833 0.734375 0.545833 0.746875 0.525000 0.779688 0.558333 0.803125 0.564583 0.820312 0.558333 0.821875 0.556250 0.907812 0.566667 0.957812 0.683333 0.951563 0.743750 0.920313 0.791667 0.915625
3 0.350000 0.196875 0.354167 0.273438 0.697917 0.314063 0.683333 0.264062 0.633333 0.253125 0.635417 0.218750 0.493750 0.204688 0.491667 0.209375 0.427083 0.200000
3 0.235417 0.282813 0.212500 0.464063 0.218750 0.556250 0.672917 0.564062 0.693750 0.540625 0.768750 0.506250 0.741667 0.335938
5 0.379167 0.743750 0.372917 0.807813 0.516667 0.804688 0.375000 0.817187 0.372917 0.862500 0.447917 0.876562 0.454167 0.885938 0.539583 0.887500 0.550000 0.862500 0.502083 0.856250 0.495833 0.823438 0.562500 0.820312 0.550000 0.803125 0.510417 0.798437 0.495833 0.764063 0.539583 0.756250 0.529167 0.739062
5 0.722917 0.956250 0.745833 0.984375 0.983333 0.987500 0.985417 0.962500 0.829167 0.937500 0.760417 0.932813
6 0.389583 0.731250 0.400000 0.740625 0.412500 0.732813 0.522917 0.732813 0.522917 0.720312 0.518750 0.718750 0.487500 0.718750 0.485417 0.717188 0.452083 0.717188 0.450000 0.715625 0.402083 0.714063
6 0.381250 0.900000 0.381250 0.918750 0.416667 0.920313 0.468750 0.903125 0.545833 0.910937 0.547917 0.895312 0.433333 0.900000 0.431250 0.879687 0.389583 0.879687 0.393750 0.896875 0.387500 0.903125
8 0.022917 0.012500 0.504167 0.078125 0.393750 0.075000 0.389583 0.164062 0.618750 0.192188 0.629167 0.167187 0.652083 0.223438 0.697917 0.218750 0.691667 0.243750 0.770833 0.240625 0.808333 0.198437 0.768750 0.125000 0.510417 0.079687 0.989583 0.146875 0.989583 0.120312 0.510417 0.037500 0.593750 0.062500 0.279167 0.014062
8 0.279167 0.118750 0.270833 0.193750 0.339583 0.196875 0.358333 0.185937 0.389583 0.184375 0.389583 0.170312 0.379167 0.164062 0.375000 0.140625 0.370833 0.132812
8 0.387500 0.189063 0.387500 0.192188 0.404167 0.196875 0.414583 0.196875 0.416667 0.198437 0.427083 0.198437 0.429167 0.200000 0.439583 0.200000 0.441667 0.201562 0.452083 0.201562 0.454167 0.203125 0.464583 0.203125 0.466667 0.204688 0.477083 0.204688 0.491667 0.207813 0.491667 0.203125 0.495833 0.195312 0.495833 0.185937 0.489583 0.182812 0.489583 0.171875 0.412500 0.171875 0.402083 0.175000 0.402083 0.187500 0.400000 0.189063
8 0.291667 0.201562 0.268750 0.201562 0.268750 0.204688 0.264583 0.209375 0.260417 0.221875 0.256250 0.226562 0.252083 0.239063 0.247917 0.243750 0.243750 0.256250 0.235417 0.270312 0.237500 0.275000 0.256250 0.282813 0.275000 0.240625 0.279167 0.235938 0.283333 0.223438 0.293750 0.206250
8 0.152083 0.237500 0.150000 0.239063 0.145833 0.284375 0.172917 0.285937 0.175000 0.287500 0.187500 0.287500 0.204167 0.290625 0.218750 0.290625 0.220833 0.292188 0.241667 0.237500
8 0.279167 0.276563 0.647917 0.321875 0.710417 0.320312 0.283333 0.265625
8 0.179167 0.354688 0.158333 0.476562 0.206250 0.481250 0.214583 0.359375
8 0.137500 0.382812 0.137500 0.392188 0.135417 0.393750 0.135417 0.403125 0.133333 0.404687 0.133333 0.414062 0.131250 0.415625 0.129167 0.435937 0.150000 0.435937 0.154167 0.437500 0.154167 0.412500 0.156250 0.410937 0.156250 0.384375 0.158333 0.382812
8 0.825000 0.506250 0.770833 0.507812 0.804167 0.625000 0.729167 0.670313 0.770833 0.676562 0.852083 0.621875
8 0.770833 0.534375 0.735417 0.540625 0.697917 0.573438 0.687500 0.593750 0.689583 0.642187 0.662500 0.642187 0.681250 0.632812 0.679167 0.603125 0.668750 0.603125 0.654167 0.617188 0.612500 0.614062 0.600000 0.618750 0.610417 0.643750 0.658333 0.643750 0.610417 0.651563 0.610417 0.684375 0.700000 0.678125 0.714583 0.668750 0.710417 0.657812 0.741667 0.651563 0.766667 0.615625 0.789583 0.621875
8 0.122917 0.584375 0.122917 0.596875 0.606250 0.609375 0.629167 0.603125
8 0.491667 0.915625 0.472917 0.904688 0.468750 0.904688 0.404167 0.929688 0.375000 0.921875 0.343750 0.921875 0.339583 0.923437 0.333333 0.967188 0.431250 0.964063 0.431250 0.942187 0.454167 0.935938
8 0.547917 0.920313 0.525000 0.928125 0.514583 0.921875 0.506250 0.920313 0.450000 0.950000 0.477083 0.965625 0.479167 0.964063 0.487500 0.964063 0.497917 0.960938 0.506250 0.960938 0.516667 0.957812 0.552083 0.953125 0.539583 0.943750 0.539583 0.939062