1 0.989583 0.050000 0.989583 0.010937 0.589583 0.015625 0.585417 0.025000 0.762500 0.020312 0.822917 0.067188 0.797917 0.117188
1 0.352083 0.032812 0.347917 0.092188 0.418750 0.110937 0.447917 0.084375 0.487500 0.101562 0.516667 0.082813 0.581250 0.093750 0.570833 0.081250 0.452083 0.064062 0.447917 0.043750 0.404167 0.012500 0.391667 0.043750 0.372917 0.037500 0.375000 0.014062
1 0.308333 0.190625 0.337500 0.201562 0.354167 0.193750 0.372917 0.162500 0.477083 0.187500 0.477083 0.173438 0.402083 0.145313 0.393750 0.139062 0.416667 0.117188 0.343750 0.112500
1 0.050000 0.485938 0.079167 0.485938 0.127083 0.514063 0.139583 0.468750 0.200000 0.448438 0.210417 0.415625 0.233333 0.398438 0.541667 0.426562 0.550000 0.373437 0.152083 0.320312 0.141667 0.350000 0.070833 0.359375 0.066667 0.459375
1 0.154167 0.495313 0.150000 0.540625 0.166667 0.554688 0.164583 0.587500 0.497917 0.606250 0.504167 0.575000 0.333333 0.546875 0.320833 0.531250 0.193750 0.517187 0.185417 0.479688
1 0.983333 0.870313 0.645833 0.881250 0.620833 0.915625 0.537500 0.912500 0.518750 0.890625 0.504167 0.932813 0.412500 0.926562 0.397917 0.890625 0.022917 0.903125 0.016667 0.989062 0.985417 0.940625
2 0.987500 0.056250 0.793750 0.120312 0.758333 0.157813 0.781250 0.193750 0.693750 0.223438 0.572917 0.203125 0.537500 0.220313 0.454167 0.334375 0.566667 0.346875 0.547917 0.417188 0.566667 0.464063 0.652083 0.460938 0.691667 0.496875 0.787500 0.404687 0.820833 0.401563 0.625000 0.742188 0.585417 0.851562 0.618750 0.848437 0.631250 0.881250 0.985417 0.860937
2 0.989583 0.984375 0.987500 0.945312 0.733333 0.959375 0.752083 0.987500
3 0.097917 0.015625 0.097917 0.089062 0.170833 0.193750 0.289583 0.212500 0.343750 0.082813 0.343750 0.015625 0.222917 0.015625 0.325000 0.026563 0.312500 0.107813 0.127083 0.070312 0.122917 0.015625
5 0.383333 0.451562 0.383333 0.457812 0.525000 0.487500 0.533333 0.510938 0.514583 0.562500 0.618750 0.596875 0.577083 0.571875 0.581250 0.542188 0.597917 0.537500 0.664583 0.546875 0.614583 0.526563 0.606250 0.479688 0.645833 0.481250 0.635417 0.470313 0.543750 0.482812 0.525000 0.470313 0.441667 0.446875
7 0.016667 0.135937 0.014583 0.185937 0.143750 0.248437 0.147917 0.214062
8 0.125000 0.015625 0.127083 0.068750 0.312500 0.106250 0.322917 0.026563 0.195833 0.014062
8 0.814583 0.067188 0.766667 0.029687 0.589583 0.031250 0.581250 0.060938 0.458333 0.048437 0.458333 0.056250 0.570833 0.079687 0.591667 0.096875 0.508333 0.087500 0.483333 0.107813 0.479167 0.203125 0.552083 0.214062 0.587500 0.192188 0.593750 0.100000 0.604167 0.107813 0.602083 0.184375 0.585417 0.204688 0.633333 0.217187 0.672917 0.198437 0.666667 0.164062 0.677083 0.187500 0.758333 0.204688 0.775000 0.190625 0.743750 0.162500 0.781250 0.129688
8 0.441667 0.093750 0.418750 0.129688 0.400000 0.142188 0.470833 0.167187 0.475000 0.101562 0.477083 0.100000 0.458333 0.095312
8 0.372917 0.173438 0.356250 0.196875 0.435417 0.235938 0.466667 0.198437
8 0.310417 0.198437 0.304167 0.206250 0.427083 0.285937 0.452083 0.285937 0.316667 0.195312
8 0.650000 0.214062 0.658333 0.214062 0.660417 0.215625 0.672917 0.215625 0.675000 0.217187 0.685417 0.217187 0.687500 0.218750 0.700000 0.218750 0.702083 0.220313 0.716667 0.214062 0.720833 0.214062 0.741667 0.206250 0.731250 0.206250 0.729167 0.204688 0.716667 0.204688 0.714583 0.203125 0.704167 0.203125 0.702083 0.201562 0.691667 0.201562 0.689583 0.200000 0.677083 0.200000 0.672917 0.203125 0.670833 0.203125
8 0.445833 0.237500 0.468750 0.225000 0.475000 0.225000 0.481250 0.228125 0.485417 0.228125 0.495833 0.232812 0.500000 0.232812 0.516667 0.239063 0.520833 0.232812 0.512500 0.228125 0.506250 0.226562 0.489583 0.217187 0.477083 0.212500
8 0.491667 0.239063 0.487500 0.239063 0.483333 0.242188 0.481250 0.242188 0.477083 0.245312 0.475000 0.245312 0.468750 0.250000 0.466667 0.250000 0.464583 0.251563 0.464583 0.253125 0.485417 0.268750 0.485417 0.270312 0.489583 0.267188 0.491667 0.267188 0.495833 0.264062 0.497917 0.264062 0.502083 0.260938 0.504167 0.260938 0.514583 0.254687 0.506250 0.248437 0.504167 0.248437
8 0.016667 0.478125 0.043750 0.482812 0.060417 0.462500 0.066667 0.356250 0.141667 0.348437 0.145833 0.306250 0.147917 0.318750 0.545833 0.362500 0.562500 0.371875 0.562500 0.354688 0.147917 0.306250 0.154167 0.268750 0.050000 0.257812 0.014583 0.273438
8 0.420833 0.289062 0.420833 0.309375 0.422917 0.310937 0.439583 0.310937 0.441667 0.309375 0.458333 0.309375 0.460417 0.307813 0.477083 0.307813 0.477083 0.290625 0.472917 0.290625 0.470833 0.289062
8 0.114583 0.621875 0.137500 0.620313 0.154167 0.598437 0.152083 0.490625 0.191667 0.470313 0.195833 0.514063 0.327083 0.525000 0.347917 0.465625 0.333333 0.545313 0.508333 0.573438 0.520833 0.489062 0.360417 0.453125 0.445833 0.445312 0.566667 0.465625 0.564583 0.440625 0.252083 0.406250 0.214583 0.414062 0.202083 0.453125 0.141667 0.468750
8 0.814583 0.407813 0.731250 0.481250 0.620833 0.714063 0.579167 0.668750 0.625000 0.654688 0.608333 0.700000 0.689583 0.567187 0.633333 0.664062 0.595833 0.646875 0.656250 0.579687 0.579167 0.668750 0.322917 0.667188 0.291667 0.720312 0.108333 0.675000 0.112500 0.517187 0.018750 0.484375 0.093750 0.565625 0.014583 0.517187 0.087500 0.734375 0.020833 0.565625 0.020833 0.889063 0.127083 0.856250 0.141667 0.745313 0.087500 0.735937 0.316667 0.742188 0.091667 0.701563 0.325000 0.728125 0.145833 0.748438 0.137500 0.859375 0.579167 0.851562
8 0.739583 0.460938 0.700000 0.498437 0.697917 0.510938 0.654167 0.467187 0.654167 0.473437 0.691667 0.523438 0.672917 0.575000 0.710417 0.495313
8 0.495833 0.845312 0.408333 0.851562 0.412500 0.918750 0.416667 0.925000 0.497917 0.926562 0.512500 0.906250
8 0.616667 0.853125 0.529167 0.865625 0.529167 0.876562 0.531250 0.878125 0.525000 0.884375 0.541667 0.907812 0.620833 0.912500 0.633333 0.895312
8 0.743750 0.985937 0.718750 0.956250 0.270833 0.979688 0.264583 0.984375