1 0.012500 0.014062 0.016667 0.167187 0.983333 0.298438 0.981250 0.259375 0.822917 0.246875 0.806250 0.203125 0.835417 0.178125 0.810417 0.160938 0.822917 0.115625 0.989583 0.103125 0.989583 0.014062
1 0.031250 0.185937 0.022917 0.350000 0.216667 0.364062 0.212500 0.478125 0.266667 0.490625 0.272917 0.571875 0.304167 0.553125 0.479167 0.553125 0.479167 0.529688 0.408333 0.534375 0.383333 0.517187 0.383333 0.475000 0.281250 0.448438 0.279167 0.376563 0.289583 0.367188 0.356250 0.373437 0.329167 0.332812 0.350000 0.223438
1 0.020833 0.987500 0.279167 0.984375 0.289583 0.910937 0.206250 0.859375 0.210417 0.781250 0.241667 0.732813 0.447917 0.706250 0.731250 0.728125 0.922917 0.773438 0.933333 0.679688 0.856250 0.650000 0.016667 0.637500
2 0.556250 0.250000 0.554167 0.264062 0.595833 0.271875 0.562500 0.343750 0.572917 0.357812 0.520833 0.365625 0.562500 0.382812 0.564583 0.403125 0.537500 0.404687 0.539583 0.446875 0.510417 0.454688 0.518750 0.514063 0.493750 0.526563 0.500000 0.567187 0.585417 0.640625 0.616667 0.620313 0.891667 0.635938 0.958333 0.668750 0.947917 0.768750 0.983333 0.767187 0.981250 0.304688
3 0.027083 0.359375 0.016667 0.489062 0.200000 0.495313 0.191667 0.501562 0.039583 0.496875 0.045833 0.534375 0.014583 0.584375 0.016667 0.631250 0.237500 0.634375 0.227083 0.609375 0.250000 0.598437 0.256250 0.496875 0.200000 0.493750 0.208333 0.370313
3 0.300000 0.912500 0.291667 0.987500 0.685417 0.987500 0.687500 0.964063 0.652083 0.956250 0.393750 0.934375
5 0.366667 0.228125 0.366667 0.256250 0.460417 0.271875 0.514583 0.264062 0.518750 0.243750 0.512500 0.239063 0.468750 0.235938 0.379167 0.225000 0.368750 0.225000
5 0.354167 0.265625 0.350000 0.335938 0.433333 0.342187 0.443750 0.356250 0.475000 0.354688 0.527083 0.360938 0.558333 0.356250 0.522917 0.337500 0.527083 0.279687 0.572917 0.284375 0.577083 0.270312 0.497917 0.270312 0.468750 0.278125 0.402083 0.267188
6 0.370833 0.351562 0.379167 0.384375 0.385417 0.390625 0.404167 0.387500 0.435417 0.387500 0.464583 0.382812 0.483333 0.390625 0.535417 0.396875 0.545833 0.385938 0.416667 0.368750 0.416667 0.343750 0.412500 0.342187 0.377083 0.342187
7 0.035417 0.495313 0.014583 0.495313 0.014583 0.576563 0.037500 0.542188 0.037500 0.539062 0.035417 0.537500
7 0.239583 0.740625 0.218750 0.865625 0.256250 0.890625 0.404167 0.928125 0.956250 0.984375 0.731250 0.948438 0.985417 0.904688 0.983333 0.815625 0.922917 0.790625 0.975000 0.784375 0.895833 0.779688 0.727083 0.737500 0.472917 0.717188
8 0.829167 0.128125 0.814583 0.154687 0.829167 0.168750 0.862500 0.179688 0.822917 0.193750 0.812500 0.214062 0.820833 0.242188 0.983333 0.253125 0.987500 0.192188 0.981250 0.187500 0.875000 0.182812 0.983333 0.179688 0.989583 0.170312 0.987500 0.112500 0.868750 0.112500
8 0.547917 0.306250 0.547917 0.310937 0.545833 0.312500 0.545833 0.318750 0.550000 0.321875 0.552083 0.320312 0.556250 0.320312 0.558333 0.318750 0.562500 0.318750 0.564583 0.317187 0.568750 0.317187 0.568750 0.314063 0.570833 0.312500 0.570833 0.309375 0.572917 0.307813 0.572917 0.306250
8 0.283333 0.382812 0.285417 0.439063 0.304167 0.456250 0.416667 0.468750 0.395833 0.470313 0.391667 0.518750 0.416667 0.528125 0.431250 0.518750 0.500000 0.521875 0.510417 0.459375 0.447917 0.470313 0.418750 0.468750 0.477083 0.460938 0.512500 0.442187 0.527083 0.446875 0.522917 0.432813 0.533333 0.426562 0.535417 0.407813 0.516667 0.417188 0.493750 0.401563 0.447917 0.389062 0.387500 0.393750 0.356250 0.378125 0.297917 0.376563
8 0.295833 0.573438 0.293750 0.635938 0.575000 0.643750 0.475000 0.565625 0.354167 0.564062 0.306250 0.567187