1 0.012500 0.010937 0.016667 0.259375 0.214583 0.287500 0.204167 0.456250 0.270833 0.465625 0.254167 0.606250 0.295833 0.621875 0.295833 0.579687 0.387500 0.576563 0.408333 0.542188 0.562500 0.560938 0.581250 0.525000 0.462500 0.523438 0.462500 0.442187 0.312500 0.392188 0.322917 0.304688 0.341667 0.312500 0.400000 0.278125 0.479167 0.300000 0.389583 0.214062 0.427083 0.154687 0.414583 0.092188 0.443750 0.012500
1 0.085417 0.454688 0.018750 0.451562 0.020833 0.612500 0.106250 0.596875 0.106250 0.518750 0.112500 0.470313 0.097917 0.465625
1 0.262500 0.789062 0.168750 0.782812 0.018750 0.801562 0.016667 0.856250 0.237500 0.850000 0.237500 0.806250
1 0.256250 0.901563 0.233333 0.865625 0.014583 0.871875 0.016667 0.884375 0.050000 0.882812 0.166667 0.925000 0.247917 0.923437
2 0.868750 0.010937 0.856250 0.042188 0.822917 0.042188 0.800000 0.104687 0.837500 0.140625 0.725000 0.451562 0.658333 0.418750 0.650000 0.531250 0.597917 0.529688 0.593750 0.557813 0.862500 0.756250 0.800000 0.920313 0.845833 0.931250 0.835417 0.950000 0.795833 0.943750 0.777083 0.987500 0.987500 0.989062 0.987500 0.014062
3 0.020833 0.265625 0.022917 0.440625 0.172917 0.460938 0.104167 0.460938 0.127083 0.468750 0.097917 0.718750 0.220833 0.731250 0.225000 0.687500 0.206250 0.673437 0.206250 0.656250 0.243750 0.642187 0.262500 0.467187 0.195833 0.462500 0.208333 0.290625
3 0.639583 0.339063 0.677083 0.387500 0.622917 0.421875 0.633333 0.421875 0.681250 0.392188 0.712500 0.429688 0.685417 0.389062 0.737500 0.357812 0.735417 0.351562 0.683333 0.384375 0.654167 0.343750
3 0.610417 0.348437 0.602083 0.348437 0.591667 0.356250 0.589583 0.356250 0.579167 0.364062 0.577083 0.364062 0.568750 0.370313 0.566667 0.370313 0.556250 0.378125 0.554167 0.378125 0.543750 0.385938 0.541667 0.385938 0.525000 0.396875 0.533333 0.395312 0.541667 0.389062 0.543750 0.389062 0.552083 0.382812 0.554167 0.382812 0.562500 0.376563 0.564583 0.376563 0.572917 0.370313 0.583333 0.365625
3 0.570833 0.381250 0.572917 0.382812 0.572917 0.384375 0.577083 0.387500 0.577083 0.389062 0.581250 0.392188 0.581250 0.393750 0.585417 0.396875 0.585417 0.398438 0.589583 0.401563 0.591667 0.406250 0.595833 0.409375 0.595833 0.410937 0.600000 0.414062 0.600000 0.415625 0.608333 0.423438 0.610417 0.428125 0.612500 0.426562 0.614583 0.426562 0.612500 0.421875 0.608333 0.418750 0.608333 0.417188 0.604167 0.414062 0.604167 0.412500 0.595833 0.404687 0.593750 0.400000 0.589583 0.396875 0.589583 0.395312 0.585417 0.392188 0.585417 0.390625 0.581250 0.387500 0.581250 0.385938 0.577083 0.382812
3 0.847917 0.775000 0.702083 0.665625 0.625000 0.662500 0.675000 0.631250 0.650000 0.614062 0.506250 0.614062 0.437500 0.634375 0.404167 0.664062 0.352083 0.664062 0.335417 0.775000 0.389583 0.795313 0.404167 0.842188 0.385417 0.860937 0.287500 0.859375 0.262500 0.845312 0.277083 0.984375 0.491667 0.984375 0.520833 0.906250 0.556250 0.925000 0.785417 0.920313 0.829167 0.790625 0.847917 0.789062
5 0.854167 0.017188 0.820833 0.010937 0.491667 0.015625 0.475000 0.048437 0.570833 0.087500 0.602083 0.109375 0.756250 0.139062 0.768750 0.132812 0.825000 0.143750 0.822917 0.131250 0.735417 0.112500 0.758333 0.015625 0.847917 0.031250
5 0.472917 0.084375 0.447917 0.212500 0.560417 0.240625 0.558333 0.260938 0.697917 0.282813 0.710417 0.281250 0.691667 0.270312 0.710417 0.267188 0.783333 0.275000 0.783333 0.268750 0.689583 0.250000 0.718750 0.154687 0.810417 0.168750 0.806250 0.157813
6 0.533333 0.015625 0.533333 0.021875 0.535417 0.023438 0.537500 0.023438 0.539583 0.025000 0.541667 0.025000 0.543750 0.026563 0.545833 0.026563 0.552083 0.029687 0.556250 0.029687 0.558333 0.031250 0.560417 0.031250 0.566667 0.034375 0.570833 0.034375 0.572917 0.035937 0.575000 0.035937 0.581250 0.039062 0.581250 0.028125 0.579167 0.026563 0.577083 0.026563 0.570833 0.023438 0.566667 0.023438 0.564583 0.021875 0.562500 0.021875 0.556250 0.018750 0.552083 0.018750 0.550000 0.017188 0.541667 0.017188 0.539583 0.015625
6 0.531250 0.045313 0.531250 0.046875 0.529167 0.048437 0.529167 0.050000 0.527083 0.051562 0.527083 0.053125 0.525000 0.054688 0.522917 0.059375 0.525000 0.059375 0.527083 0.060938 0.533333 0.060938 0.535417 0.062500 0.539583 0.062500 0.541667 0.064062 0.545833 0.064062 0.547917 0.065625 0.552083 0.065625 0.554167 0.067188 0.560417 0.067188 0.562500 0.068750 0.566667 0.068750 0.568750 0.070312 0.572917 0.070312 0.575000 0.071875 0.575000 0.065625 0.577083 0.064062 0.577083 0.057813 0.575000 0.057813 0.572917 0.056250 0.568750 0.056250 0.562500 0.053125 0.558333 0.053125 0.556250 0.051562 0.552083 0.051562 0.550000 0.050000 0.547917 0.050000 0.545833 0.048437 0.541667 0.048437 0.535417 0.045313
6 0.510417 0.082813 0.510417 0.085938 0.512500 0.085938 0.514583 0.087500 0.516667 0.087500 0.518750 0.089062 0.520833 0.089062 0.527083 0.092188 0.535417 0.092188 0.537500 0.090625 0.547917 0.090625 0.550000 0.089062 0.554167 0.089062 0.556250 0.087500 0.560417 0.087500 0.550000 0.081250 0.547917 0.081250 0.545833 0.079687 0.543750 0.079687 0.537500 0.076563 0.533333 0.076563 0.531250 0.075000 0.527083 0.075000 0.525000 0.073437 0.520833 0.073437 0.518750 0.071875 0.514583 0.071875 0.514583 0.075000 0.512500 0.076563 0.512500 0.081250
6 0.512500 0.107813 0.512500 0.121875 0.516667 0.121875 0.518750 0.123438 0.527083 0.123438 0.529167 0.125000 0.535417 0.125000 0.537500 0.126563 0.543750 0.126563 0.545833 0.128125 0.554167 0.128125 0.556250 0.129688 0.562500 0.129688 0.564583 0.131250 0.564583 0.120312 0.562500 0.120312 0.560417 0.118750 0.556250 0.118750 0.550000 0.115625 0.545833 0.115625 0.539583 0.112500 0.535417 0.112500 0.529167 0.109375 0.525000 0.109375 0.522917 0.107813 0.518750 0.107813 0.516667 0.106250 0.514583 0.106250
6 0.512500 0.137500 0.512500 0.146875 0.514583 0.146875 0.516667 0.148438 0.520833 0.148438 0.527083 0.151562 0.531250 0.151562 0.533333 0.153125 0.537500 0.153125 0.539583 0.154687 0.543750 0.154687 0.545833 0.156250 0.547917 0.156250 0.550000 0.157813 0.554167 0.157813 0.556250 0.159375 0.556250 0.148438 0.552083 0.148438 0.550000 0.146875 0.545833 0.146875 0.539583 0.143750 0.535417 0.143750 0.533333 0.142188 0.529167 0.142188 0.527083 0.140625 0.522917 0.140625 0.520833 0.139062 0.516667 0.139062 0.514583 0.137500
6 0.506250 0.170312 0.506250 0.179688 0.508333 0.181250 0.512500 0.181250 0.514583 0.182812 0.520833 0.182812 0.522917 0.184375 0.529167 0.184375 0.531250 0.185937 0.535417 0.185937 0.537500 0.187500 0.543750 0.187500 0.545833 0.189063 0.545833 0.184375 0.547917 0.182812 0.547917 0.178125 0.541667 0.178125 0.539583 0.176563 0.535417 0.176563 0.533333 0.175000 0.527083 0.175000 0.525000 0.173438 0.518750 0.173438 0.516667 0.171875 0.512500 0.171875 0.510417 0.170312
6 0.502083 0.198437 0.502083 0.200000 0.495833 0.207813 0.495833 0.210938 0.497917 0.210938 0.500000 0.212500 0.504167 0.212500 0.506250 0.214062 0.512500 0.214062 0.514583 0.215625 0.518750 0.215625 0.520833 0.217187 0.525000 0.217187 0.527083 0.218750 0.531250 0.218750 0.533333 0.220313 0.537500 0.220313 0.539583 0.221875 0.543750 0.221875 0.545833 0.223438 0.545833 0.217187 0.547917 0.215625 0.547917 0.207813 0.543750 0.207813 0.541667 0.206250 0.537500 0.206250 0.535417 0.204688 0.529167 0.204688 0.527083 0.203125 0.522917 0.203125 0.520833 0.201562 0.516667 0.201562 0.514583 0.200000 0.508333 0.200000 0.506250 0.198437
6 0.466667 0.260938 0.493750 0.307813 0.510417 0.301562 0.539583 0.309375 0.570833 0.303125 0.633333 0.307813 0.656250 0.328125 0.743750 0.337500 0.747917 0.318750 0.675000 0.312500 0.531250 0.285937 0.539583 0.243750 0.485417 0.231250
7 0.495833 0.987500 0.614583 0.987500 0.597917 0.951563 0.562500 0.940625 0.558333 0.934375 0.843750 0.931250 0.843750 0.926562 0.547917 0.929688 0.527083 0.909375 0.518750 0.915625
8 0.435417 0.167187 0.431250 0.168750 0.431250 0.176563 0.420833 0.193750 0.412500 0.200000 0.406250 0.214062 0.406250 0.226562 0.410417 0.232812 0.422917 0.240625 0.450000 0.251563 0.460417 0.253125 0.464583 0.256250 0.468750 0.254687 0.470833 0.240625 0.477083 0.225000 0.472917 0.221875 0.462500 0.221875 0.447917 0.217187 0.439583 0.212500 0.439583 0.204688 0.447917 0.181250 0.450000 0.167187
8 0.793750 0.196875 0.791667 0.195312 0.766667 0.195312 0.764583 0.196875 0.747917 0.196875 0.737500 0.204688 0.737500 0.206250 0.731250 0.214062 0.731250 0.218750 0.741667 0.226562 0.747917 0.223438 0.752083 0.223438 0.762500 0.217187 0.772917 0.217187 0.775000 0.215625 0.785417 0.212500 0.793750 0.206250
8 0.783333 0.223438 0.781250 0.223438 0.779167 0.221875 0.770833 0.221875 0.768750 0.223438 0.758333 0.225000 0.747917 0.232812 0.737500 0.232812 0.733333 0.235938 0.733333 0.237500 0.729167 0.242188 0.729167 0.245312 0.727083 0.246875 0.727083 0.251563 0.729167 0.253125 0.729167 0.254687 0.743750 0.254687 0.752083 0.250000 0.758333 0.248437 0.762500 0.245312 0.781250 0.239063 0.781250 0.235938 0.783333 0.234375 0.783333 0.231250 0.785417 0.229687 0.783333 0.228125
8 0.358333 0.296875 0.341667 0.340625 0.345833 0.407813 0.504167 0.440625 0.475000 0.443750 0.470833 0.515625 0.500000 0.526563 0.527083 0.523438 0.529167 0.514063 0.641667 0.517187 0.650000 0.434375 0.581250 0.432813 0.587500 0.426562 0.522917 0.415625 0.495833 0.420312 0.527083 0.360938 0.566667 0.342187 0.620833 0.343750 0.618750 0.329688 0.647917 0.331250 0.647917 0.318750 0.506250 0.312500 0.493750 0.323438 0.489583 0.312500 0.408333 0.290625
8 0.612500 0.596875 0.508333 0.581250 0.302083 0.585938 0.312500 0.640625 0.333333 0.651563 0.254167 0.651563 0.212500 0.668750 0.258333 0.687500 0.322917 0.689062 0.285417 0.700000 0.306250 0.710938 0.231250 0.714063 0.262500 0.731250 0.216667 0.739062 0.279167 0.770312 0.287500 0.739062 0.318750 0.718750 0.256250 0.804688 0.308333 0.784375 0.250000 0.815625 0.252083 0.834375 0.287500 0.851562 0.395833 0.846875 0.389583 0.803125 0.318750 0.779688 0.347917 0.657812 0.412500 0.654688 0.477083 0.615625 0.620833 0.606250
8 0.014583 0.625000 0.035417 0.637500 0.058333 0.646875 0.058333 0.676562 0.102083 0.676562 0.104167 0.648438 0.066667 0.643750 0.089583 0.642187 0.108333 0.645312 0.108333 0.610937 0.068750 0.610937
8 0.060417 0.681250 0.060417 0.692187 0.058333 0.693750 0.058333 0.704687 0.072917 0.704687 0.075000 0.706250 0.093750 0.706250 0.095833 0.707812 0.095833 0.700000 0.097917 0.698438 0.097917 0.689062 0.100000 0.687500 0.100000 0.679688 0.066667 0.679688 0.064583 0.681250
8 0.014583 0.721875 0.014583 0.760938 0.266667 0.778125 0.225000 0.757812 0.200000 0.739062