1 0.456250 0.145313 0.379167 0.143750 0.366667 0.107813 0.387500 0.017188 0.289583 0.014062 0.268750 0.092188 0.020833 0.040625 0.027083 0.123438 0.095833 0.121875 0.225000 0.160938 0.247917 0.151562 0.316667 0.160938 0.325000 0.179688 0.425000 0.204688
1 0.327083 0.829687 0.020833 0.835938 0.025000 0.987500 0.285417 0.979688 0.285417 0.898438 0.331250 0.865625
2 0.647917 0.012500 0.560417 0.012500 0.491667 0.196875 0.564583 0.301562 0.627083 0.218750 0.675000 0.215625 0.675000 0.190625 0.758333 0.067188
2 0.552083 0.015625 0.506250 0.018750 0.470833 0.100000 0.472917 0.117188 0.487500 0.121875 0.491667 0.134375 0.462500 0.137500 0.429167 0.207813 0.470833 0.329688 0.520833 0.296875 0.541667 0.296875 0.550000 0.314063 0.554167 0.307813 0.479167 0.207813
2 0.983333 0.018750 0.947917 0.123438 0.960417 0.131250 0.962500 0.145313 0.952083 0.156250 0.935417 0.160938 0.929167 0.185937 0.935417 0.190625 0.962500 0.193750 0.972917 0.201562 0.975000 0.214062 0.985417 0.225000
2 0.633333 0.267188 0.637500 0.267188 0.639583 0.265625 0.710417 0.265625 0.704167 0.257812 0.704167 0.254687 0.702083 0.253125 0.702083 0.246875 0.656250 0.246875 0.656250 0.256250 0.652083 0.257812 0.643750 0.264062
2 0.843750 0.278125 0.870833 0.310937 0.804167 0.375000 0.718750 0.396875 0.716667 0.359375 0.654167 0.435937 0.593750 0.354688 0.604167 0.387500 0.572917 0.410937 0.512500 0.379687 0.610417 0.664062 0.577083 0.706250 0.591667 0.735937 0.702083 0.740625 0.687500 0.773438 0.612500 0.796875 0.720833 0.796875 0.727083 0.814062 0.627083 0.818750 0.658333 0.848437 0.654167 0.906250 0.764583 0.903125 0.766667 0.928125 0.714583 0.942187 0.783333 0.956250 0.712500 0.982813 0.987500 0.989062 0.985417 0.284375 0.968750 0.350000 0.889583 0.439063 0.858333 0.398438 0.889583 0.290625
2 0.735417 0.293750 0.610417 0.289062 0.583333 0.326562 0.600000 0.339063 0.600000 0.350000 0.654167 0.426562 0.712500 0.348437 0.706250 0.339063 0.706250 0.329688 0.720833 0.309375 0.739583 0.296875
3 0.106250 0.143750 0.062500 0.289062 0.091667 0.321875 0.016667 0.820312 0.327083 0.823438 0.331250 0.795313 0.358333 0.787500 0.402083 0.728125 0.420833 0.751562 0.643750 0.751562 0.641667 0.739062 0.581250 0.737500 0.422917 0.217187
4 0.454167 0.653125 0.422917 0.651563 0.366667 0.717188 0.408333 0.721875 0.410417 0.723437 0.433333 0.714063 0.472917 0.684375
5 0.443750 0.012500 0.393750 0.015625 0.370833 0.104687 0.381250 0.143750 0.391667 0.126563 0.485417 0.135937 0.483333 0.120312 0.412500 0.107813
5 0.341667 0.789062 0.354167 0.831250 0.345833 0.937500 0.500000 0.942187 0.760417 0.923437 0.754167 0.909375 0.641667 0.915625 0.612500 0.812500 0.714583 0.804688 0.712500 0.796875 0.587500 0.804688
6 0.364583 0.782812 0.410417 0.792188 0.441667 0.790625 0.447917 0.778125 0.670833 0.779688 0.656250 0.753125 0.647917 0.751562 0.420833 0.753125 0.402083 0.737500
6 0.389583 0.806250 0.389583 0.818750 0.391667 0.820312 0.439583 0.820312 0.445833 0.823438 0.443750 0.821875 0.443750 0.810938 0.441667 0.809375 0.425000 0.809375 0.422917 0.807813 0.406250 0.807813 0.404167 0.806250
6 0.397917 0.837500 0.397917 0.846875 0.418750 0.846875 0.420833 0.848437 0.443750 0.848437 0.445833 0.850000 0.447917 0.850000 0.447917 0.839063 0.443750 0.839063 0.441667 0.837500
6 0.406250 0.871875 0.406250 0.884375 0.408333 0.885938 0.454167 0.885938 0.452083 0.884375 0.452083 0.875000 0.450000 0.875000 0.447917 0.873438 0.427083 0.873438 0.425000 0.871875
6 0.408333 0.906250 0.408333 0.928125 0.458333 0.928125 0.458333 0.926562 0.456250 0.925000 0.456250 0.906250 0.452083 0.906250 0.450000 0.904688 0.410417 0.904688
7 0.018750 0.010937 0.016667 0.023438 0.262500 0.081250 0.272917 0.015625
8 0.662500 0.015625 0.775000 0.065625 0.685417 0.220313 0.633333 0.220313 0.554167 0.323438 0.514583 0.304688 0.520833 0.368750 0.579167 0.404687 0.577083 0.328125 0.610417 0.287500 0.750000 0.301562 0.712500 0.332812 0.737500 0.357812 0.712500 0.387500 0.743750 0.364062 0.783333 0.370313 0.787500 0.320312 0.854167 0.317187 0.831250 0.267188 0.889583 0.281250 0.916667 0.323438 0.872917 0.389062 0.895833 0.431250 0.958333 0.346875 0.947917 0.281250 0.979167 0.271875 0.975000 0.229687 0.912500 0.189063 0.975000 0.014062 0.945833 0.025000 0.850000 0.246875 0.808333 0.240625 0.793750 0.209375 0.860417 0.165625 0.820833 0.153125 0.854167 0.125000 0.862500 0.056250 0.941667 0.014062
8 0.014583 0.145313 0.014583 0.181250 0.033333 0.187500 0.037500 0.190625 0.050000 0.190625 0.054167 0.187500 0.070833 0.187500 0.085417 0.200000 0.085417 0.190625 0.087500 0.189063 0.091667 0.170312 0.081250 0.170312 0.081250 0.176563 0.072917 0.179688 0.058333 0.176563 0.052083 0.165625 0.039583 0.156250
8 0.275000 0.221875 0.266667 0.226562 0.237500 0.279687 0.237500 0.303125 0.247917 0.281250 0.254167 0.278125 0.241667 0.312500 0.252083 0.312500 0.256250 0.318750 0.285417 0.321875 0.281250 0.312500 0.256250 0.312500 0.254167 0.309375 0.279167 0.309375 0.297917 0.300000 0.300000 0.303125 0.291667 0.309375 0.291667 0.325000 0.331250 0.332812 0.329167 0.317187 0.304167 0.309375 0.325000 0.304688 0.335417 0.292188 0.333333 0.278125 0.316667 0.271875 0.331250 0.267188 0.325000 0.232812 0.297917 0.223438
8 0.139583 0.225000 0.141667 0.253125 0.137500 0.259375 0.168750 0.270312 0.172917 0.267188 0.177083 0.271875 0.172917 0.273438 0.164583 0.303125 0.210417 0.310937 0.206250 0.304688 0.208333 0.287500 0.177083 0.275000 0.183333 0.273438 0.193750 0.278125 0.208333 0.275000 0.208333 0.246875 0.175000 0.234375 0.181250 0.259375 0.177083 0.264062 0.175000 0.245312 0.168750 0.235938
8 0.039583 0.232812 0.039583 0.240625 0.037500 0.242188 0.037500 0.257812 0.047917 0.264062 0.056250 0.264062 0.058333 0.265625 0.064583 0.265625 0.064583 0.262500 0.066667 0.260938 0.066667 0.256250 0.068750 0.254687 0.068750 0.251563 0.070833 0.250000 0.070833 0.239063 0.068750 0.237500 0.062500 0.237500 0.060417 0.235938 0.056250 0.235938 0.054167 0.234375 0.047917 0.234375 0.045833 0.232812
8 0.131250 0.235938 0.106250 0.235938 0.104167 0.237500 0.104167 0.254687 0.102083 0.256250 0.102083 0.273438 0.108333 0.276563 0.112500 0.273438 0.114583 0.273438 0.114583 0.265625 0.116667 0.264062 0.116667 0.256250 0.118750 0.254687 0.129167 0.254687 0.131250 0.256250 0.131250 0.253125 0.135417 0.248437 0.135417 0.237500 0.133333 0.237500
8 0.125000 0.260938 0.125000 0.267188 0.122917 0.268750 0.122917 0.275000 0.120833 0.276563 0.120833 0.282813 0.118750 0.284375 0.118750 0.290625 0.116667 0.292188 0.116667 0.295312 0.120833 0.295312 0.129167 0.298438 0.137500 0.298438 0.139583 0.300000 0.158333 0.301562 0.160417 0.303125 0.162500 0.289062 0.164583 0.287500 0.164583 0.282813 0.166667 0.281250 0.166667 0.273438 0.158333 0.270312 0.154167 0.270312 0.143750 0.265625 0.139583 0.265625 0.129167 0.260938
8 0.056250 0.304688 0.056250 0.325000 0.054167 0.326562 0.054167 0.335938 0.052083 0.337500 0.052083 0.346875 0.050000 0.348437 0.050000 0.357812 0.047917 0.359375 0.047917 0.370313 0.054167 0.367188 0.060417 0.367188 0.070833 0.371875 0.077083 0.371875 0.077083 0.360938 0.079167 0.359375 0.079167 0.348437 0.081250 0.346875 0.081250 0.334375 0.083333 0.332812 0.083333 0.326562 0.087500 0.318750 0.087500 0.310937 0.070833 0.304688
8 0.408333 0.346875 0.404167 0.346875 0.377083 0.389062 0.387500 0.445312 0.397917 0.425000 0.414583 0.414062 0.425000 0.414062 0.445833 0.418750 0.456250 0.414062 0.462500 0.407813 0.443750 0.357812
8 0.302083 0.354688 0.302083 0.367188 0.293750 0.378125 0.295833 0.429688 0.306250 0.412500 0.314583 0.410937 0.318750 0.414062 0.306250 0.418750 0.300000 0.434375 0.306250 0.514063 0.345833 0.510938 0.368750 0.454688 0.362500 0.446875 0.360417 0.425000 0.341667 0.418750 0.350000 0.414062 0.352083 0.400000 0.339583 0.381250 0.337500 0.360938 0.320833 0.354688
8 0.235417 0.365625 0.216667 0.421875 0.216667 0.439063 0.222917 0.439063 0.210417 0.504687 0.218750 0.514063 0.239583 0.496875 0.225000 0.556250 0.239583 0.529688 0.275000 0.539062 0.243750 0.532812 0.225000 0.573438 0.225000 0.620313 0.266667 0.623438 0.283333 0.575000 0.283333 0.543750 0.277083 0.540625 0.283333 0.507812 0.264583 0.496875 0.275000 0.440625 0.241667 0.428125 0.260417 0.431250 0.272917 0.384375 0.264583 0.371875
8 0.414583 0.420312 0.404167 0.426562 0.393750 0.453125 0.400000 0.512500 0.402083 0.514063 0.452083 0.514063 0.481250 0.457812 0.460417 0.426562
8 0.137500 0.467187 0.135417 0.496875 0.129167 0.503125 0.129167 0.523438 0.131250 0.520312 0.133333 0.521875 0.133333 0.528125 0.129167 0.534375 0.125000 0.582812 0.158333 0.585938 0.168750 0.550000 0.166667 0.514063 0.172917 0.475000
8 0.164583 0.623438 0.141667 0.623438 0.137500 0.640625 0.095833 0.642187 0.093750 0.681250 0.135417 0.684375 0.137500 0.642187 0.141667 0.640625 0.141667 0.676562 0.152083 0.692187 0.158333 0.690625 0.162500 0.673437
8 0.335417 0.868750 0.295833 0.898438 0.287500 0.978125 0.364583 0.950000 0.347917 0.942187 0.339583 0.932813 0.339583 0.898438