1 0.518750 0.015625 0.516667 0.146875 0.427083 0.139062 0.408333 0.185937 0.862500 0.403125 0.506250 0.217187 0.616667 0.117188 0.647917 0.132812 0.804167 0.014062
1 0.372917 0.282813 0.391667 0.317187 0.416667 0.320312 0.416667 0.340625 0.352083 0.410937 0.337500 0.562500 0.370833 0.553125 0.387500 0.529688 0.420833 0.526563 0.385417 0.521875 0.385417 0.506250 0.416667 0.492188 0.497917 0.498437 0.508333 0.485938 0.637500 0.467187 0.672917 0.446875 0.837500 0.464063 0.412500 0.256250 0.408333 0.281250
1 0.477083 0.596875 0.356250 0.614062 0.347917 0.604688 0.331250 0.606250 0.312500 0.873438 0.322917 0.843750 0.368750 0.843750 0.381250 0.740625 0.418750 0.714063 0.464583 0.706250
3 0.012500 0.010937 0.018750 0.062500 0.093750 0.065625 0.118750 0.060938 0.125000 0.065625 0.172917 0.214062 0.195833 0.226562 0.143750 0.087500 0.139583 0.010937
3 0.050000 0.162500 0.047917 0.237500 0.016667 0.240625 0.018750 0.607813 0.333333 0.565625 0.345833 0.417188 0.325000 0.434375 0.281250 0.412500 0.272917 0.376563 0.260417 0.392188 0.268750 0.434375 0.218750 0.465625 0.135417 0.487500 0.081250 0.473437 0.064583 0.437500 0.077083 0.203125
3 0.014583 0.643750 0.014583 0.785937 0.043750 0.768750 0.264583 0.773438 0.300000 0.801562 0.289583 0.923437 0.308333 0.906250 0.325000 0.609375
6 0.987500 0.604688 0.745833 0.589063 0.614583 0.609375 0.568750 0.579687 0.487500 0.595312 0.477083 0.704687 0.516667 0.695312 0.545833 0.768750 0.539583 0.851562 0.525000 0.868750 0.487500 0.865625 0.525000 0.917188 0.518750 0.989062 0.614583 0.987500 0.662500 0.650000 0.985417 0.650000
7 0.814583 0.010937 0.658333 0.134375 0.672917 0.145313 0.737500 0.120312 0.964583 0.268750 0.985417 0.259375 0.989583 0.014062
7 0.393750 0.203125 0.404167 0.243750 0.852083 0.459375 0.852083 0.442187 0.866667 0.434375 0.939583 0.450000 0.408333 0.193750
8 0.262500 0.015625 0.143750 0.014062 0.204167 0.235938 0.172917 0.220313 0.122917 0.065625 0.014583 0.071875 0.018750 0.234375 0.039583 0.234375 0.039583 0.146875 0.016667 0.123438 0.079167 0.192188 0.077083 0.434375 0.089583 0.467187 0.133333 0.478125 0.262500 0.439063 0.260417 0.335938 0.227083 0.253125 0.262500 0.246875
8 0.416667 0.012500 0.389583 0.014062 0.387500 0.020312 0.283333 0.015625 0.270833 0.134375 0.270833 0.245312 0.347917 0.265625 0.383333 0.139062 0.385417 0.103125 0.389583 0.148438 0.402083 0.131250
8 0.489583 0.012500 0.433333 0.137500 0.510417 0.143750 0.516667 0.123438 0.504167 0.106250 0.504167 0.082813 0.512500 0.012500
8 0.510417 0.214062 0.943750 0.443750 0.991667 0.456250 0.985417 0.298438 0.741667 0.125000 0.670833 0.150000 0.620833 0.128125
8 0.387500 0.218750 0.387500 0.221875 0.383333 0.226562 0.383333 0.229687 0.381250 0.231250 0.381250 0.234375 0.379167 0.235938 0.375000 0.248437 0.370833 0.253125 0.370833 0.256250 0.366667 0.262500 0.366667 0.267188 0.377083 0.276563 0.377083 0.278125 0.381250 0.276563 0.402083 0.276563 0.402083 0.268750 0.404167 0.267188 0.404167 0.259375 0.406250 0.257812 0.406250 0.248437 0.402083 0.248437 0.393750 0.243750 0.393750 0.239063 0.391667 0.237500 0.391667 0.231250 0.389583 0.229687
8 0.270833 0.250000 0.279167 0.264062 0.272917 0.276563 0.275000 0.340625 0.266667 0.364062 0.283333 0.384375 0.283333 0.406250 0.320833 0.426562 0.368750 0.385938 0.408333 0.342187 0.408333 0.326562 0.387500 0.321875 0.370833 0.284375 0.350000 0.268750
8 0.860417 0.450000 0.895833 0.465625 0.927083 0.467187 0.941667 0.481250 0.933333 0.482812 0.908333 0.473437 0.864583 0.484375 0.887500 0.492188 0.887500 0.504687 0.872917 0.517187 0.872917 0.542188 0.881250 0.560938 0.902083 0.571875 0.912500 0.565625 0.956250 0.567187 0.937500 0.573438 0.912500 0.571875 0.887500 0.585938 0.987500 0.579687 0.989583 0.467187 0.900000 0.443750
8 0.877083 0.490625 0.847917 0.495313 0.850000 0.465625 0.670833 0.454688 0.491667 0.504687 0.410417 0.496875 0.393750 0.515625 0.462500 0.521875 0.395833 0.529688 0.345833 0.568750 0.014583 0.612500 0.014583 0.637500 0.600000 0.570312 0.591667 0.595312 0.620833 0.604688 0.775000 0.579687 0.770833 0.589063 0.850000 0.590625 0.822917 0.573438 0.781250 0.578125 0.862500 0.545313
8 0.800000 0.654688 0.789583 0.775000 0.829167 0.779688 0.833333 0.792188 0.985417 0.795313 0.983333 0.651563 0.831250 0.651563 0.833333 0.782812 0.820833 0.667188
8 0.756250 0.653125 0.716667 0.654688 0.708333 0.739062 0.691667 0.756250 0.668750 0.803125 0.766667 0.793750 0.760417 0.770312 0.731250 0.765625 0.760417 0.654688
8 0.197917 0.667188 0.193750 0.673437 0.193750 0.721875 0.197917 0.726562 0.302083 0.726562 0.312500 0.712500 0.314583 0.698438 0.302083 0.670313 0.293750 0.667188
8 0.514583 0.700000 0.489583 0.704687 0.479167 0.715625 0.414583 0.720312 0.383333 0.740625 0.381250 0.843750 0.391667 0.850000 0.466667 0.856250 0.506250 0.865625 0.522917 0.860937 0.533333 0.846875 0.533333 0.810938 0.541667 0.795313 0.541667 0.770312 0.527083 0.748438 0.522917 0.707812
8 0.025000 0.785937 0.012500 0.984375 0.045833 0.992188 0.243750 0.984375 0.281250 0.948438 0.322917 0.967188 0.295833 0.987500 0.510417 0.989062 0.518750 0.925000 0.475000 0.865625 0.387500 0.856250 0.375000 0.846875 0.322917 0.848437 0.312500 0.904688 0.287500 0.928125 0.289583 0.800000 0.260417 0.776563 0.043750 0.775000
8 0.645833 0.812500 0.616667 0.945312 0.681250 0.985937 0.989583 0.987500 0.989583 0.798437 0.835417 0.798437 0.800000 0.782812 0.775000 0.796875