1 0.016667 0.014062 0.016667 0.385938 0.139583 0.392188 0.137500 0.367188 0.154167 0.362500 0.168750 0.395312 0.560417 0.398438 0.664583 0.418750 0.806250 0.157813 0.804167 0.015625
1 0.014583 0.618750 0.018750 0.676562 0.472917 0.659375 0.475000 0.650000 0.493750 0.659375 0.570833 0.656250 0.587500 0.671875 0.929167 0.665625 0.918750 0.651563 0.779167 0.659375 0.710417 0.635938
1 0.989583 0.985937 0.985417 0.926562 0.627083 0.959375 0.635417 0.989062
3 0.558333 0.667188 0.535417 0.715625 0.560417 0.734375 0.529167 0.762500 0.525000 0.804688 0.597917 0.814062 0.604167 0.846875 0.589583 0.860937 0.612500 0.898438 0.597917 0.904688 0.581250 0.879687 0.595833 0.907812 0.566667 0.917188 0.570833 0.934375 0.547917 0.943750 0.541667 0.975000 0.564583 0.957812 0.987500 0.920313 0.985417 0.800000 0.781250 0.803125 0.735417 0.707812 0.750000 0.684375 0.845833 0.675000 0.583333 0.678125 0.570833 0.660937
3 0.533333 0.865625 0.533333 0.867188 0.554167 0.867188 0.556250 0.868750 0.562500 0.868750 0.564583 0.870313 0.566667 0.870313 0.572917 0.873438 0.577083 0.873438 0.575000 0.871875 0.575000 0.870313 0.572917 0.868750 0.572917 0.867188 0.570833 0.865625 0.570833 0.864062 0.566667 0.859375 0.564583 0.859375 0.562500 0.860937 0.545833 0.860937 0.543750 0.862500 0.537500 0.857813 0.537500 0.859375 0.535417 0.860937 0.535417 0.864062
7 0.987500 0.014062 0.814583 0.010937 0.827083 0.262500 0.802083 0.176563 0.668750 0.420312 0.866667 0.420312 0.014583 0.398438 0.014583 0.607813 0.954167 0.637500 0.989583 0.442187 0.881250 0.431250 0.897917 0.410937 0.989583 0.434375 0.983333 0.364062 0.889583 0.343750 0.825000 0.267188 0.902083 0.340625 0.987500 0.359375
7 0.016667 0.728125 0.014583 0.989062 0.458333 0.987500 0.464583 0.948438 0.466667 0.956250 0.533333 0.951563 0.535417 0.942187 0.485417 0.945312 0.452083 0.901563 0.391667 0.904688 0.445833 0.898438 0.441667 0.870313 0.345833 0.862500 0.345833 0.850000 0.385417 0.845312 0.387500 0.831250 0.439583 0.826563 0.425000 0.748438 0.410417 0.742188 0.420833 0.728125
8 0.987500 0.693750 0.954167 0.698438 0.935417 0.678125 0.900000 0.678125 0.893750 0.671875 0.785417 0.693750 0.756250 0.693750 0.743750 0.709375 0.756250 0.745313 0.789583 0.803125 0.806250 0.792188 0.987500 0.790625
8 0.554167 0.726562 0.547917 0.721875 0.450000 0.725000 0.427083 0.732813 0.414583 0.734375 0.412500 0.742188 0.443750 0.742188 0.452083 0.750000 0.487500 0.750000 0.489583 0.751562 0.529167 0.751562 0.535417 0.753125 0.547917 0.745313 0.552083 0.739062
8 0.593750 0.820312 0.583333 0.815625 0.504167 0.815625 0.491667 0.829687 0.464583 0.829687 0.462500 0.840625 0.458333 0.831250 0.397917 0.831250 0.389583 0.834375 0.387500 0.848437 0.352083 0.851562 0.350000 0.860937 0.445833 0.870313 0.527083 0.868750 0.525000 0.851562 0.591667 0.850000
8 0.577083 0.862500 0.579167 0.864062 0.579167 0.865625 0.581250 0.867188 0.581250 0.868750 0.583333 0.870313 0.583333 0.871875 0.585417 0.873438 0.585417 0.875000 0.587500 0.876562 0.587500 0.878125 0.589583 0.879687 0.589583 0.881250 0.591667 0.882812 0.591667 0.884375 0.593750 0.885938 0.593750 0.887500 0.595833 0.889063 0.595833 0.890625 0.597917 0.892187 0.597917 0.893750 0.600000 0.895312 0.600000 0.896875 0.602083 0.898438 0.602083 0.900000 0.608333 0.895312 0.608333 0.892187 0.606250 0.890625 0.606250 0.889063 0.604167 0.887500 0.604167 0.885938 0.600000 0.882812 0.600000 0.881250 0.597917 0.879687 0.597917 0.878125 0.595833 0.876562 0.595833 0.875000 0.591667 0.871875 0.591667 0.870313 0.589583 0.868750 0.589583 0.867188 0.587500 0.865625 0.587500 0.864062 0.585417 0.862500
8 0.572917 0.876562 0.547917 0.871875 0.518750 0.871875 0.508333 0.878125 0.502083 0.887500 0.462500 0.890625 0.460417 0.901563 0.470833 0.907812 0.472917 0.921875 0.481250 0.928125 0.485417 0.939062 0.564583 0.934375 0.562500 0.915625 0.527083 0.923437 0.504167 0.915625 0.495833 0.909375 0.506250 0.907812 0.514583 0.914062 0.535417 0.917188 0.550000 0.910937 0.585417 0.906250 0.566667 0.892187 0.577083 0.882812