1 0.016667 0.014062 0.018750 0.070312 0.983333 0.189063 0.981250 0.026563 0.860417 0.014062
1 0.608333 0.153125 0.381250 0.135937 0.312500 0.398438 0.020833 0.385938 0.018750 0.587500 0.154167 0.587500 0.135417 0.395312 0.170833 0.393750 0.177083 0.564062 0.158333 0.587500 0.464583 0.590625 0.506250 0.454688 0.431250 0.475000 0.391667 0.443750 0.337500 0.440625 0.345833 0.360938 0.514583 0.364062 0.550000 0.287500 0.558333 0.184375
2 0.987500 0.579687 0.881250 0.612500 0.912500 0.626562 0.935417 0.662500 0.879167 0.717188 0.852083 0.706250 0.827083 0.728125 0.835417 0.767187 0.866667 0.789062 0.850000 0.823438 0.893750 0.865625 0.935417 0.860937 0.954167 0.893750 0.935417 0.917188 0.954167 0.989062 0.987500 0.987500
3 0.885417 0.181250 0.812500 0.176563 0.793750 0.185937 0.750000 0.168750 0.631250 0.156250 0.597917 0.184375 0.618750 0.187500 0.633333 0.210938 0.589583 0.285937 0.556250 0.282813 0.525000 0.379687 0.545833 0.382812 0.547917 0.445312 0.520833 0.465625 0.579167 0.587500 0.606250 0.582812
3 0.979167 0.200000 0.889583 0.193750 0.614583 0.582812 0.981250 0.578125 0.989583 0.542188
7 0.018750 0.089062 0.014583 0.379687 0.314583 0.389062 0.368750 0.131250
7 0.683333 0.185937 0.631250 0.226562 0.595833 0.317187 0.595833 0.365625 0.606250 0.400000 0.631250 0.420312 0.666667 0.410937 0.695833 0.370313 0.727083 0.287500 0.729167 0.221875 0.708333 0.190625
7 0.618750 0.189063 0.581250 0.192188 0.570833 0.190625 0.558333 0.210938 0.558333 0.228125 0.560417 0.229687 0.539583 0.262500 0.541667 0.273438 0.562500 0.278125 0.570833 0.276563 0.585417 0.281250 0.597917 0.260938 0.608333 0.231250 0.627083 0.203125
7 0.900000 0.621875 0.825000 0.628125 0.777083 0.584375 0.575000 0.600000 0.556250 0.559375 0.510417 0.568750 0.495833 0.601562 0.502083 0.568750 0.547917 0.542188 0.518750 0.467187 0.477083 0.575000 0.506250 0.634375 0.472917 0.595312 0.018750 0.596875 0.016667 0.987500 0.937500 0.989062 0.922917 0.868750 0.879167 0.871875 0.837500 0.825000 0.818750 0.729688 0.791667 0.735937 0.850000 0.695312 0.879167 0.706250 0.925000 0.659375
8 0.354167 0.384375 0.350000 0.426562 0.356250 0.435937 0.418750 0.439063 0.439583 0.450000 0.458333 0.445312 0.527083 0.445312 0.537500 0.440625 0.539583 0.395312 0.531250 0.384375 0.358333 0.378125
8 0.137500 0.395312 0.145833 0.551562 0.156250 0.587500 0.158333 0.575000 0.175000 0.564062 0.164583 0.562500 0.160417 0.553125 0.158333 0.418750 0.164583 0.414062 0.170833 0.395312