1 0.018750 0.160938 0.014583 0.239063 0.181250 0.237500 0.162500 0.229687 0.106250 0.165625 0.033333 0.159375
1 0.543750 0.200000 0.362500 0.189063 0.262500 0.239063 0.287500 0.245312 0.277083 0.556250 0.014583 0.554688 0.012500 0.881250 0.470833 0.807813 0.395833 0.771875 0.370833 0.720312 0.393750 0.690625 0.439583 0.685938 0.454167 0.648438 0.670833 0.628125 0.631250 0.575000 0.533333 0.575000 0.518750 0.615625 0.487500 0.576563 0.372917 0.565625 0.350000 0.485938 0.418750 0.485938 0.408333 0.421875 0.377083 0.412500 0.410417 0.370313 0.356250 0.345313 0.420833 0.335938 0.418750 0.312500 0.333333 0.301562 0.418750 0.287500 0.460417 0.215625
1 0.577083 0.218750 0.814583 0.239063 0.833333 0.231250 0.597917 0.204688
2 0.879167 0.235938 0.816667 0.253125 0.804167 0.560938 0.772917 0.568750 0.770833 0.600000 0.704167 0.604688 0.733333 0.645312 0.691667 0.673437 0.689583 0.701563 0.762500 0.696875 0.831250 0.734375 0.843750 0.653125 0.822917 0.853125 0.822917 0.798437 0.731250 0.814062 0.925000 0.989062 0.989583 0.987500 0.985417 0.331250 0.881250 0.332812 0.985417 0.325000 0.981250 0.240625
3 0.506250 0.217187 0.491667 0.570312 0.789583 0.562500 0.810417 0.240625
7 0.014583 0.010937 0.014583 0.151562 0.531250 0.195312 0.554167 0.221875 0.610417 0.203125 0.987500 0.237500 0.985417 0.010937
7 0.014583 0.243750 0.014583 0.551562 0.277083 0.550000 0.272917 0.245312 0.245833 0.245312 0.233333 0.254687 0.189583 0.243750
7 0.385417 0.401563 0.383333 0.404687 0.383333 0.409375 0.389583 0.414062 0.410417 0.414062 0.412500 0.415625 0.412500 0.420312 0.416667 0.423438 0.437500 0.431250 0.435417 0.429688 0.435417 0.415625 0.433333 0.414062 0.433333 0.400000 0.431250 0.398438 0.431250 0.387500 0.416667 0.387500 0.416667 0.400000 0.414583 0.401563
7 0.497917 0.576563 0.497917 0.593750 0.518750 0.609375 0.518750 0.610937 0.518750 0.606250 0.520833 0.604688 0.520833 0.600000 0.522917 0.598437 0.531250 0.598437 0.531250 0.576563
7 0.727083 0.645312 0.720833 0.632812 0.706250 0.632812 0.704167 0.634375 0.631250 0.639063 0.622917 0.648438 0.577083 0.648438 0.622917 0.654688 0.637500 0.664062 0.639583 0.662500 0.722917 0.659375 0.722917 0.653125
7 0.827083 0.745313 0.756250 0.700000 0.695833 0.715625 0.662500 0.700000 0.597917 0.706250 0.547917 0.690625 0.595833 0.696875 0.579167 0.659375 0.454167 0.650000 0.443750 0.792188 0.481250 0.796875 0.443750 0.767187 0.497917 0.796875 0.597917 0.773438 0.614583 0.787500 0.012500 0.887500 0.014583 0.987500 0.493750 0.962500 0.800000 0.915625 0.725000 0.853125 0.750000 0.843750 0.706250 0.820312 0.731250 0.795313 0.825000 0.796875
7 0.910417 0.989062 0.806250 0.900000 0.806250 0.915625 0.795833 0.925000 0.614583 0.956250 0.645833 0.985937
8 0.118750 0.168750 0.164583 0.228125 0.229167 0.246875 0.254167 0.234375 0.270833 0.220313 0.283333 0.217187 0.325000 0.223438 0.356250 0.195312 0.356250 0.184375
8 0.460417 0.217187 0.441667 0.235938 0.441667 0.240625 0.450000 0.253125 0.447917 0.254687 0.447917 0.259375 0.443750 0.265625 0.441667 0.275000 0.450000 0.271875 0.454167 0.271875 0.468750 0.265625 0.472917 0.265625 0.472917 0.262500 0.477083 0.257812 0.477083 0.254687 0.483333 0.245312 0.483333 0.240625
8 0.452083 0.285937 0.452083 0.292188 0.450000 0.293750 0.450000 0.298438 0.447917 0.300000 0.447917 0.307813 0.454167 0.312500 0.456250 0.312500 0.458333 0.310937 0.477083 0.310937 0.477083 0.290625 0.475000 0.289062 0.468750 0.289062 0.466667 0.287500 0.460417 0.287500 0.458333 0.285937
8 0.335417 0.301562 0.339583 0.301562 0.347917 0.304688 0.354167 0.304688 0.356250 0.306250 0.362500 0.306250 0.364583 0.307813 0.370833 0.307813 0.372917 0.309375 0.439583 0.310937 0.441667 0.312500 0.437500 0.304688 0.431250 0.301562 0.395833 0.301562 0.393750 0.300000 0.350000 0.300000 0.347917 0.301562
8 0.441667 0.364062 0.441667 0.345313 0.406250 0.345313 0.404167 0.346875 0.364583 0.346875 0.362500 0.348437 0.372917 0.362500 0.375000 0.360938 0.402083 0.360938 0.412500 0.368750 0.414583 0.367188 0.422917 0.367188 0.425000 0.365625 0.431250 0.365625 0.433333 0.364062
8 0.352083 0.493750 0.352083 0.506250 0.377083 0.506250 0.379167 0.507812 0.372917 0.510938 0.360417 0.512500 0.381250 0.525000 0.381250 0.528125 0.385417 0.526563 0.425000 0.526563 0.418750 0.525000 0.414583 0.521875 0.414583 0.509375 0.420833 0.507812 0.427083 0.496875 0.387500 0.493750 0.368750 0.504687
8 0.372917 0.545313 0.372917 0.548437 0.375000 0.550000 0.375000 0.553125 0.379167 0.559375 0.445833 0.559375 0.445833 0.553125 0.447917 0.551562 0.447917 0.545313 0.441667 0.545313 0.439583 0.546875 0.427083 0.546875 0.425000 0.545313 0.425000 0.539062 0.400000 0.539062 0.397917 0.540625 0.391667 0.540625 0.389583 0.542188 0.385417 0.542188 0.383333 0.543750
8 0.454167 0.545313 0.454167 0.550000 0.452083 0.551562 0.452083 0.556250 0.450000 0.557813 0.450000 0.562500 0.454167 0.565625 0.456250 0.565625 0.458333 0.567187 0.460417 0.567187 0.464583 0.570312 0.466667 0.570312 0.470833 0.573438 0.479167 0.573438 0.479167 0.571875 0.477083 0.570312 0.477083 0.554688 0.475000 0.553125 0.472917 0.553125 0.468750 0.550000 0.466667 0.550000 0.464583 0.548437 0.462500 0.548437 0.460417 0.546875 0.458333 0.546875 0.456250 0.545313
8 0.627083 0.584375 0.627083 0.589063 0.650000 0.609375 0.683333 0.610937 0.685417 0.612500 0.700000 0.600000 0.708333 0.598437 0.766667 0.598437 0.766667 0.576563 0.768750 0.575000 0.633333 0.575000
8 0.435417 0.687500 0.404167 0.690625 0.404167 0.707812 0.381250 0.721875 0.389583 0.742188 0.404167 0.750000 0.404167 0.765625 0.406250 0.768750 0.431250 0.768750 0.431250 0.726562 0.445833 0.703125 0.445833 0.698438