1 0.437500 0.015625 0.297917 0.014062 0.254167 0.203125 0.012500 0.160938 0.016667 0.565625 0.414583 0.559375 0.345833 0.501562 0.331250 0.445312 0.379167 0.409375 0.418750 0.410937 0.445833 0.365625 0.589583 0.401563 0.760417 0.390625 0.712500 0.360938 0.697917 0.310937 0.629167 0.300000 0.631250 0.328125 0.577083 0.348437 0.531250 0.304688 0.389583 0.235938 0.372917 0.156250 0.389583 0.125000 0.410417 0.134375
1 0.491667 0.981250 0.408333 0.800000 0.018750 0.804688 0.018750 0.989062
2 0.983333 0.289062 0.954167 0.345313 0.902083 0.340625 0.866667 0.378125 0.810417 0.370313 0.770833 0.389062 0.785417 0.434375 0.750000 0.443750 0.725000 0.485938 0.745833 0.496875 0.800000 0.489062 0.885417 0.553125 0.854167 0.623438 0.766667 0.615625 0.720833 0.646875 0.987500 0.945312
3 0.675000 0.015625 0.572917 0.287500 0.950000 0.340625 0.987500 0.275000 0.987500 0.014062
3 0.450000 0.015625 0.422917 0.140625 0.472917 0.143750 0.508333 0.176563 0.531250 0.181250 0.541667 0.165625 0.566667 0.182812 0.522917 0.225000 0.560417 0.260938 0.550000 0.292188 0.506250 0.273438 0.500000 0.256250 0.477083 0.254687 0.560417 0.303125 0.666667 0.015625 0.543750 0.015625 0.527083 0.054688 0.506250 0.023438
7 0.014583 0.014062 0.012500 0.154687 0.252083 0.195312 0.289583 0.010937
7 0.491667 0.015625 0.493750 0.017188 0.500000 0.018750 0.504167 0.021875 0.506250 0.021875 0.518750 0.031250 0.518750 0.040625 0.520833 0.042188 0.520833 0.050000 0.527083 0.053125 0.527083 0.050000 0.529167 0.048437 0.529167 0.045313 0.531250 0.043750 0.531250 0.039062 0.533333 0.037500 0.533333 0.034375 0.535417 0.032812 0.535417 0.029687 0.537500 0.028125 0.537500 0.025000 0.539583 0.023438 0.541667 0.015625
7 0.572917 0.290625 0.564583 0.296875 0.564583 0.303125 0.556250 0.309375 0.554167 0.314063 0.572917 0.321875 0.579167 0.326562 0.579167 0.337500 0.583333 0.339063 0.616667 0.326562 0.618750 0.309375 0.618750 0.314063 0.614583 0.317187 0.606250 0.329688 0.604167 0.328125 0.597917 0.328125 0.595833 0.326562 0.595833 0.321875 0.597917 0.320312 0.597917 0.312500 0.602083 0.304688 0.602083 0.298438 0.583333 0.293750 0.577083 0.290625
7 0.014583 0.571875 0.014583 0.750000 0.741667 0.732813 0.439583 0.754687 0.506250 0.989062 0.987500 0.989062 0.985417 0.946875 0.710417 0.671875 0.768750 0.609375 0.860417 0.610937 0.883333 0.548437 0.797917 0.492188 0.750000 0.504687 0.618750 0.464063 0.600000 0.409375 0.458333 0.375000 0.431250 0.460938 0.537500 0.439063 0.450000 0.450000 0.391667 0.532812 0.489583 0.564062
7 0.600000 0.396875 0.600000 0.403125 0.658333 0.412500 0.662500 0.415625 0.664583 0.426562 0.768750 0.442187 0.779167 0.434375 0.787500 0.421875 0.787500 0.417188 0.777083 0.404687 0.672917 0.396875 0.668750 0.398438 0.666667 0.409375
8 0.591667 0.126563 0.589583 0.128125 0.585417 0.128125 0.583333 0.129688 0.581250 0.129688 0.579167 0.131250 0.577083 0.131250 0.575000 0.132812 0.568750 0.134375 0.564583 0.137500 0.564583 0.142188 0.566667 0.143750 0.566667 0.146875 0.568750 0.148438 0.568750 0.151562 0.570833 0.153125 0.570833 0.156250 0.572917 0.157813 0.572917 0.160938 0.575000 0.162500 0.575000 0.164062 0.581250 0.162500 0.585417 0.159375 0.587500 0.159375 0.591667 0.156250 0.593750 0.156250 0.591667 0.154687 0.591667 0.148438 0.587500 0.143750 0.587500 0.137500 0.589583 0.135937 0.589583 0.132812 0.591667 0.131250
8 0.387500 0.157813 0.397917 0.157813 0.402083 0.160938 0.412500 0.160938 0.435417 0.167187 0.454167 0.167187 0.456250 0.168750 0.466667 0.168750 0.477083 0.171875 0.483333 0.171875 0.487500 0.165625 0.481250 0.156250 0.475000 0.151562 0.466667 0.148438 0.454167 0.148438 0.452083 0.146875 0.414583 0.146875 0.408333 0.150000 0.404167 0.150000 0.395833 0.139062 0.395833 0.142188
8 0.395833 0.164062 0.395833 0.165625 0.393750 0.167187 0.393750 0.170312 0.389583 0.173438 0.389583 0.175000 0.387500 0.176563 0.387500 0.182812 0.389583 0.182812 0.391667 0.184375 0.397917 0.185937 0.404167 0.190625 0.404167 0.192188 0.408333 0.195312 0.416667 0.195312 0.418750 0.196875 0.425000 0.198437 0.420833 0.195312 0.420833 0.193750 0.416667 0.189063 0.416667 0.182812 0.418750 0.181250 0.418750 0.176563 0.420833 0.175000 0.420833 0.168750 0.410417 0.168750 0.408333 0.170312 0.404167 0.170312 0.402083 0.168750 0.402083 0.167187 0.397917 0.164062
8 0.429167 0.173438 0.429167 0.176563 0.427083 0.178125 0.427083 0.192188 0.429167 0.193750 0.441667 0.193750 0.443750 0.195312 0.447917 0.195312 0.462500 0.201562 0.472917 0.201562 0.475000 0.203125 0.481250 0.203125 0.481250 0.201562 0.479167 0.200000 0.479167 0.193750 0.470833 0.189063 0.470833 0.181250 0.472917 0.179688 0.475000 0.175000 0.470833 0.175000 0.468750 0.173438 0.462500 0.173438 0.460417 0.171875 0.431250 0.171875
8 0.556250 0.181250 0.552083 0.175000 0.543750 0.171875 0.543750 0.176563 0.529167 0.189063 0.506250 0.201562 0.497917 0.201562 0.481250 0.214062 0.477083 0.232812 0.472917 0.229687 0.475000 0.215625 0.447917 0.212500 0.402083 0.215625 0.397917 0.232812 0.414583 0.235938 0.445833 0.248437 0.483333 0.248437 0.504167 0.251563 0.504167 0.239063 0.512500 0.229687 0.502083 0.228125 0.533333 0.207813 0.543750 0.204688 0.554167 0.190625
8 0.516667 0.239063 0.508333 0.248437 0.508333 0.254687 0.506250 0.256250 0.506250 0.268750 0.518750 0.276563 0.520833 0.276563 0.525000 0.279687 0.533333 0.282813 0.545833 0.290625 0.552083 0.281250 0.552083 0.271875 0.554167 0.270312 0.554167 0.259375 0.531250 0.242188 0.529167 0.242188 0.525000 0.239063
8 0.712500 0.317187 0.712500 0.354688 0.733333 0.371875 0.777083 0.387500 0.810417 0.368750 0.864583 0.373437 0.895833 0.356250 0.893750 0.339063
8 0.383333 0.417188 0.370833 0.442187 0.362500 0.437500 0.352083 0.439063 0.341667 0.448438 0.341667 0.454688 0.354167 0.473437 0.354167 0.481250 0.358333 0.484375 0.356250 0.498437 0.366667 0.507812 0.410417 0.512500 0.404167 0.495313 0.404167 0.485938 0.416667 0.475000 0.425000 0.460938 0.431250 0.439063 0.420833 0.418750