1 0.014583 0.037500 0.012500 0.089062 0.550000 0.168750 0.577083 0.135937 0.114583 0.068750
1 0.018750 0.100000 0.014583 0.389062 0.341667 0.375000 0.370833 0.392188 0.481250 0.381250 0.502083 0.389062 0.491667 0.445312 0.591667 0.454688 0.545833 0.173438
1 0.987500 0.471875 0.489583 0.456250 0.439583 0.587500 0.020833 0.557813 0.018750 0.632812 0.175000 0.623438 0.156250 0.928125 0.318750 0.920313 0.337500 0.862500 0.322917 0.814062 0.245833 0.809375 0.210417 0.784375 0.208333 0.651563 0.177083 0.643750 0.245833 0.618750 0.408333 0.615625 0.408333 0.646875 0.510417 0.651563 0.620833 0.615625 0.618750 0.650000 0.804167 0.648438 0.983333 0.592188
1 0.404167 0.654688 0.422917 0.898438 0.433333 0.907812 0.450000 0.900000 0.435417 0.887500 0.439583 0.851562 0.520833 0.820312 0.506250 0.657812
1 0.802083 0.653125 0.618750 0.656250 0.652083 0.879687 0.747917 0.864062 0.739583 0.809375 0.731250 0.798437 0.731250 0.740625 0.743750 0.734375 0.816667 0.729688
1 0.987500 0.895312 0.302083 0.984375 0.241667 0.951563 0.314583 0.931250 0.154167 0.948438 0.145833 0.962500 0.110417 0.953125 0.014583 0.962500 0.014583 0.987500 0.985417 0.987500
2 0.989583 0.017188 0.964583 0.039062 0.966667 0.067188 0.925000 0.071875 0.987500 0.223438
2 0.987500 0.596875 0.806250 0.645312 0.827083 0.729688 0.868750 0.725000 0.981250 0.721875
3 0.587500 0.620313 0.512500 0.656250 0.525000 0.814062 0.595833 0.814062 0.618750 0.837500 0.620833 0.868750 0.583333 0.889063 0.618750 0.889063 0.643750 0.884375 0.610417 0.640625 0.622917 0.635938 0.616667 0.620313
3 0.166667 0.625000 0.125000 0.626562 0.135417 0.646875 0.112500 0.953125 0.118750 0.960938 0.145833 0.960938 0.152083 0.950000 0.147917 0.881250 0.156250 0.650000
3 0.395833 0.625000 0.381250 0.625000 0.387500 0.640625 0.383333 0.770312 0.350000 0.803125 0.335417 0.807813 0.335417 0.831250 0.354167 0.821875 0.379167 0.846875 0.385417 0.873438 0.372917 0.881250 0.366667 0.896875 0.389583 0.903125 0.383333 0.923437 0.425000 0.920313 0.425000 0.910937 0.412500 0.900000 0.402083 0.629687
7 0.020833 0.014062 0.785417 0.151562 0.716667 0.178125 0.589583 0.134375 0.558333 0.171875 0.600000 0.456250 0.987500 0.467187 0.987500 0.250000 0.925000 0.087500 0.931250 0.140625 0.862500 0.157813 0.925000 0.140625 0.904167 0.085938 0.916667 0.064062 0.958333 0.064062 0.954167 0.043750 0.866667 0.032812 0.850000 0.010937
7 0.868750 0.025000 0.875000 0.028125 0.902083 0.034375 0.908333 0.037500 0.933333 0.037500 0.937500 0.039062 0.950000 0.034375 0.966667 0.031250 0.985417 0.010937 0.860417 0.010937
7 0.345833 0.834375 0.341667 0.837500 0.341667 0.839063 0.339583 0.840625 0.339583 0.842188 0.335417 0.845312 0.335417 0.846875 0.333333 0.848437 0.333333 0.851562 0.335417 0.853125 0.335417 0.854688 0.339583 0.857813 0.339583 0.859375 0.341667 0.860937 0.341667 0.862500 0.345833 0.862500 0.347917 0.864062 0.354167 0.864062 0.362500 0.857813 0.362500 0.856250 0.366667 0.853125 0.366667 0.851562 0.370833 0.846875 0.368750 0.845312 0.368750 0.842188 0.366667 0.840625 0.366667 0.839063 0.362500 0.835938 0.360417 0.835938 0.358333 0.834375
7 0.372917 0.860937 0.370833 0.860937 0.364583 0.865625 0.358333 0.867188 0.354167 0.870313 0.350000 0.870313 0.347917 0.871875 0.345833 0.871875 0.343750 0.873438 0.337500 0.875000 0.333333 0.878125 0.333333 0.890625 0.337500 0.893750 0.341667 0.893750 0.343750 0.895312 0.347917 0.895312 0.350000 0.896875 0.354167 0.893750 0.360417 0.892187 0.360417 0.887500 0.362500 0.885938 0.362500 0.882812 0.364583 0.881250 0.364583 0.878125 0.366667 0.876562 0.366667 0.875000 0.375000 0.868750 0.377083 0.868750 0.377083 0.864062
7 0.983333 0.873438 0.897917 0.876562 0.781250 0.862500 0.258333 0.954687 0.302083 0.982813 0.981250 0.887500
7 0.341667 0.901563 0.339583 0.903125 0.339583 0.904688 0.337500 0.906250 0.337500 0.909375 0.335417 0.910937 0.335417 0.912500 0.333333 0.914062 0.333333 0.917188 0.335417 0.918750 0.337500 0.918750 0.339583 0.920313 0.350000 0.920313 0.352083 0.921875 0.354167 0.920313 0.360417 0.920313 0.366667 0.915625 0.366667 0.914062 0.368750 0.912500 0.368750 0.910937 0.370833 0.909375 0.370833 0.906250 0.360417 0.906250 0.354167 0.901563
8 0.497917 0.392188 0.437500 0.384375 0.368750 0.395312 0.335417 0.382812 0.018750 0.395312 0.016667 0.551562 0.179167 0.556250 0.441667 0.579687 0.472917 0.515625 0.458333 0.489062 0.483333 0.456250 0.475000 0.437500 0.441667 0.426562 0.472917 0.425000
8 0.270833 0.620313 0.241667 0.629687 0.216667 0.646875 0.214583 0.698438 0.227083 0.721875 0.210417 0.778125 0.250000 0.803125 0.306250 0.806250 0.341667 0.801562 0.379167 0.768750 0.375000 0.681250 0.383333 0.642187 0.379167 0.621875
8 0.025000 0.639063 0.022917 0.845312 0.079167 0.848437 0.114583 0.865625 0.127083 0.645312 0.108333 0.629687
8 0.987500 0.723437 0.868750 0.726562 0.747917 0.743750 0.739583 0.750000 0.739583 0.793750 0.752083 0.803125 0.752083 0.857813 0.820833 0.859375 0.808333 0.842188 0.812500 0.807813 0.797917 0.804688 0.818750 0.800000 0.820833 0.840625 0.835417 0.860937 0.887500 0.867188 0.872917 0.812500 0.900000 0.875000 0.987500 0.865625
8 0.595833 0.821875 0.539583 0.818750 0.445833 0.853125 0.441667 0.868750 0.443750 0.885938 0.456250 0.900000 0.527083 0.900000 0.589583 0.879687 0.610417 0.867188 0.608333 0.837500
8 0.025000 0.851562 0.014583 0.957812 0.083333 0.957812 0.110417 0.940625 0.108333 0.901563 0.114583 0.871875 0.070833 0.851562