1 0.012500 0.010937 0.014583 0.437500 0.195833 0.443750 0.266667 0.014062
1 0.987500 0.014062 0.366667 0.018750 0.262500 0.450000 0.643750 0.471875 0.666667 0.446875 0.554167 0.370313 0.554167 0.335938 0.629167 0.203125 0.677083 0.167187 0.856250 0.184375 0.887500 0.162500 0.952083 0.198437 0.987500 0.200000
1 0.016667 0.440625 0.018750 0.600000 0.064583 0.601562 0.087500 0.607813 0.102083 0.620313 0.102083 0.642187 0.212500 0.642187 0.197917 0.454688
1 0.270833 0.457812 0.333333 0.985937 0.585417 0.981250 0.845833 0.892187 0.906250 0.918750 0.831250 0.967188 0.841667 0.982813 0.989583 0.989062 0.983333 0.773438 0.797917 0.887500 0.612500 0.890625 0.504167 0.589063 0.545833 0.540625 0.602083 0.535937 0.637500 0.476562
1 0.906250 0.487500 0.983333 0.592188 0.983333 0.485938
1 0.214583 0.692187 0.097917 0.696875 0.093750 0.700000 0.091667 0.739062 0.104167 0.740625 0.108333 0.726562 0.112500 0.723437 0.216667 0.712500
1 0.085417 0.792188 0.106250 0.792188 0.110417 0.793750 0.112500 0.790625 0.129167 0.778125 0.133333 0.776563 0.179167 0.775000 0.158333 0.775000 0.156250 0.773438 0.133333 0.773438 0.131250 0.771875 0.087500 0.770312
1 0.016667 0.920313 0.018750 0.987500 0.050000 0.987500 0.054167 0.950000 0.212500 0.937500 0.216667 0.984375 0.233333 0.989062 0.227083 0.851562 0.129167 0.859375 0.118750 0.846875 0.093750 0.848437 0.087500 0.892187 0.066667 0.904688 0.064583 0.917188
3 0.258333 0.453125 0.233333 0.460938 0.243750 0.620313 0.275000 0.631250 0.287500 0.728125 0.281250 0.768750 0.297917 0.821875 0.279167 0.848437 0.264583 0.850000 0.277083 0.981250 0.322917 0.978125
7 0.797917 0.417188 0.693750 0.428125 0.604167 0.545313 0.556250 0.550000 0.516667 0.589063 0.633333 0.890625 0.787500 0.884375 0.981250 0.762500 0.987500 0.626562 0.833333 0.431250
7 0.054167 0.615625 0.014583 0.617188 0.012500 0.903125 0.066667 0.893750 0.079167 0.854688 0.079167 0.828125 0.068750 0.825000 0.068750 0.815625 0.083333 0.810938 0.081250 0.764063 0.043750 0.759375 0.047917 0.745313 0.083333 0.742188 0.079167 0.690625 0.027083 0.684375 0.029167 0.654688 0.072917 0.653125 0.087500 0.645312 0.087500 0.626562
7 0.214583 0.943750 0.068750 0.951563 0.064583 0.953125 0.054167 0.990625 0.210417 0.989062
8 0.677083 0.173438 0.647917 0.193750 0.560417 0.346875 0.568750 0.368750 0.670833 0.442187 0.685417 0.425000 0.722917 0.412500 0.810417 0.409375 0.841667 0.423438 0.877083 0.475000 0.987500 0.470313 0.987500 0.207813 0.952083 0.204688 0.900000 0.173438 0.862500 0.195312
8 0.308333 0.201562 0.268750 0.200000 0.260417 0.220313 0.277083 0.221875 0.281250 0.254687 0.247917 0.385938 0.227083 0.382812 0.227083 0.393750 0.243750 0.409375 0.266667 0.409375 0.302083 0.248437 0.293750 0.225000 0.308333 0.221875
8 0.266667 0.653125 0.258333 0.646875 0.081250 0.650000 0.070833 0.657812 0.031250 0.657812 0.029167 0.684375 0.072917 0.681250 0.083333 0.693750 0.260417 0.689062 0.266667 0.682813 0.268750 0.671875
8 0.272917 0.707812 0.112500 0.725000 0.104167 0.745313 0.060417 0.745313 0.070833 0.757812 0.243750 0.778125 0.137500 0.785937 0.120833 0.801562 0.089583 0.801562 0.087500 0.810938 0.070833 0.820312 0.089583 0.837500 0.127083 0.837500 0.139583 0.856250 0.275000 0.840625 0.285417 0.821875 0.272917 0.778125
8 0.881250 0.914062 0.839583 0.903125 0.800000 0.910937 0.647917 0.973437 0.604167 0.987500 0.827083 0.987500 0.806250 0.964063 0.864583 0.937500