1 0.989583 0.010937 0.887500 0.012500 0.925000 0.032812 0.458333 0.165625 0.014583 0.059375 0.014583 0.153125 0.331250 0.218750 0.512500 0.190625 0.512500 0.178125 0.579167 0.170312 0.608333 0.137500 0.687500 0.151562 0.722917 0.110937 0.806250 0.128125 0.989583 0.090625
1 0.018750 0.159375 0.016667 0.356250 0.291667 0.387500 0.327083 0.226562
1 0.287500 0.395312 0.220833 0.678125 0.191667 0.667188 0.018750 0.659375 0.018750 0.823438 0.197917 0.818750
2 0.845833 0.775000 0.758333 0.985937 0.989583 0.989062 0.985417 0.873438
3 0.633333 0.278125 0.635417 0.300000 0.585417 0.332812 0.581250 0.385938 0.527083 0.385938 0.493750 0.525000 0.987500 0.865625 0.987500 0.339063 0.818750 0.295312 0.877083 0.362500 0.889583 0.465625 0.820833 0.556250 0.700000 0.565625 0.641667 0.523438 0.608333 0.454688 0.616667 0.381250 0.658333 0.335938 0.668750 0.276563
7 0.920833 0.028125 0.879167 0.010937 0.012500 0.014062 0.012500 0.053125 0.458333 0.157813
7 0.675000 0.275000 0.660417 0.317187 0.681250 0.325000 0.695833 0.314063 0.633333 0.362500 0.618750 0.426562 0.618750 0.475000 0.641667 0.514063 0.675000 0.542188 0.712500 0.560938 0.750000 0.564062 0.802083 0.550000 0.833333 0.531250 0.872917 0.467187 0.881250 0.418750 0.875000 0.371875 0.850000 0.325000 0.808333 0.295312 0.758333 0.282813 0.720833 0.290625 0.727083 0.282813
7 0.420833 0.364062 0.425000 0.414062 0.356250 0.692187 0.312500 0.754687 0.289583 0.834375 0.308333 0.926562 0.339583 0.951563 0.362500 0.953125 0.402083 0.918750 0.462500 0.939062 0.522917 0.807813 0.587500 0.607813 0.483333 0.528125 0.518750 0.389062
7 0.014583 0.414062 0.014583 0.596875 0.185417 0.610937 0.231250 0.442187
8 0.987500 0.278125 0.897917 0.248437 0.987500 0.265625 0.987500 0.123438 0.960417 0.128125 0.914583 0.103125 0.852083 0.157813 0.831250 0.204688 0.900000 0.189063 0.958333 0.232812 0.885417 0.195312 0.877083 0.223438 0.897917 0.248437 0.868750 0.229687 0.866667 0.200000 0.833333 0.215625 0.820833 0.206250 0.829167 0.181250 0.783333 0.206250 0.783333 0.150000 0.800000 0.129688 0.777083 0.117188 0.729167 0.114063 0.683333 0.159375 0.610417 0.140625 0.597917 0.150000 0.591667 0.195312 0.660417 0.212500 0.658333 0.251563 0.681250 0.273438 0.760417 0.275000 0.931250 0.323438 0.927083 0.285937
8 0.818750 0.131250 0.816667 0.131250 0.814583 0.134375 0.804167 0.137500 0.793750 0.145313 0.793750 0.148438 0.791667 0.150000 0.791667 0.157813 0.789583 0.159375 0.789583 0.198437 0.800000 0.198437 0.804167 0.185937 0.810417 0.176563 0.816667 0.171875 0.827083 0.171875 0.835417 0.175000 0.837500 0.168750 0.847917 0.154687 0.847917 0.151562
8 0.131250 0.140625 0.158333 0.146875 0.160417 0.148438 0.164583 0.148438 0.168750 0.151562 0.168750 0.159375 0.175000 0.162500 0.187500 0.162500 0.187500 0.159375 0.191667 0.154687 0.197917 0.159375 0.206250 0.159375 0.208333 0.160938 0.216667 0.160938 0.218750 0.162500 0.229167 0.154687 0.225000 0.154687 0.222917 0.153125 0.218750 0.153125 0.216667 0.151562 0.212500 0.151562 0.210417 0.150000 0.206250 0.150000 0.172917 0.140625 0.166667 0.140625 0.145833 0.134375 0.139583 0.134375
8 0.650000 0.218750 0.535417 0.182812 0.516667 0.193750 0.504167 0.220313 0.506250 0.256250 0.495833 0.253125 0.493750 0.228125 0.458333 0.220313 0.437500 0.229687 0.425000 0.250000 0.425000 0.267188 0.450000 0.290625 0.393750 0.282813 0.379167 0.289062 0.445833 0.300000 0.491667 0.320312 0.552083 0.317187 0.591667 0.328125 0.602083 0.321875 0.629167 0.271875 0.652083 0.273438 0.660417 0.268750 0.647917 0.248437
8 0.350000 0.317187 0.356250 0.328125 0.410417 0.328125 0.416667 0.337500 0.560417 0.360938 0.562500 0.343750 0.545833 0.329688 0.439583 0.320312 0.412500 0.321875 0.364583 0.315625
8 0.375000 0.343750 0.375000 0.353125 0.381250 0.357812 0.429167 0.359375 0.452083 0.368750 0.566667 0.387500 0.552083 0.365625 0.464583 0.353125 0.429167 0.353125 0.400000 0.348437 0.389583 0.343750