1 0.012500 0.014062 0.016667 0.073437 0.272917 0.106250 0.293750 0.121875 0.370833 0.131250 0.402083 0.087500 0.308333 0.056250 0.297917 0.014062
1 0.491667 0.137500 0.489583 0.140625 0.487500 0.225000 0.502083 0.225000 0.504167 0.226562 0.508333 0.192188 0.510417 0.190625 0.510417 0.179688 0.512500 0.178125 0.514583 0.156250 0.516667 0.154687 0.516667 0.142188
1 0.014583 0.345313 0.016667 0.512500 0.100000 0.510938 0.102083 0.720312 0.016667 0.731250 0.012500 0.956250 0.600000 0.879687 0.485417 0.845312 0.433333 0.856250 0.422917 0.889063 0.362500 0.779688 0.214583 0.806250 0.233333 0.784375 0.200000 0.587500 0.312500 0.584375 0.179167 0.551562 0.241667 0.373437 0.385417 0.404687 0.420833 0.362500 0.400000 0.376563
1 0.883333 0.934375 0.835417 0.934375 0.681250 0.987500 0.887500 0.987500
3 0.681250 0.012500 0.583333 0.014062 0.643750 0.014062 0.662500 0.034375 0.639583 0.056250 0.562500 0.015625 0.497917 0.015625 0.493750 0.034375 0.468750 0.015625 0.445833 0.015625 0.487500 0.050000 0.518750 0.064062 0.558333 0.028125 0.650000 0.075000
3 0.414583 0.087500 0.379167 0.150000 0.381250 0.229687 0.393750 0.234375 0.408333 0.282813 0.437500 0.292188 0.479167 0.262500 0.510417 0.259375 0.506250 0.240625 0.477083 0.232812 0.475000 0.129688 0.520833 0.134375 0.525000 0.121875 0.475000 0.109375 0.427083 0.106250
4 0.683333 0.015625 0.629167 0.117188 0.550000 0.110937 0.516667 0.264062 0.420833 0.396875 0.485417 0.401563 0.493750 0.576563 0.437500 0.610937 0.483333 0.612500 0.514583 0.820312 0.495833 0.837500 0.987500 0.970312 0.987500 0.010937
6 0.527083 0.073437 0.541667 0.085938 0.537500 0.112500 0.560417 0.092188 0.616667 0.106250 0.635417 0.089062 0.631250 0.081250 0.604167 0.054688 0.560417 0.054688 0.552083 0.056250
7 0.014583 0.082813 0.014583 0.171875 0.227083 0.157813 0.216667 0.148438 0.250000 0.167187 0.266667 0.154687 0.258333 0.153125 0.258333 0.139062 0.222917 0.131250 0.206250 0.145313 0.202083 0.140625 0.218750 0.126563 0.264583 0.132812 0.262500 0.151562 0.350000 0.164062 0.383333 0.135937 0.291667 0.129688 0.279167 0.115625
7 0.364583 0.182812 0.345833 0.171875 0.262500 0.162500 0.252083 0.178125 0.237500 0.167187 0.016667 0.176563 0.020833 0.223438 0.118750 0.243750 0.250000 0.289062 0.347917 0.296875 0.335417 0.265625 0.302083 0.260938 0.306250 0.246875 0.329167 0.245312 0.264583 0.235938 0.239583 0.246875 0.229167 0.235938 0.254167 0.235938 0.256250 0.207813 0.212500 0.206250 0.202083 0.221875 0.197917 0.212500 0.212500 0.200000 0.260417 0.193750 0.275000 0.217187 0.366667 0.226562 0.366667 0.217187 0.287500 0.200000 0.291667 0.181250 0.366667 0.195312
7 0.016667 0.228125 0.016667 0.339063 0.256250 0.321875 0.431250 0.356250 0.479167 0.310937 0.256250 0.296875
7 0.395833 0.365625 0.395833 0.357812 0.256250 0.326562 0.066667 0.343750
7 0.095833 0.518750 0.018750 0.520312 0.018750 0.723437 0.093750 0.715625
7 0.839583 0.929688 0.645833 0.881250 0.322917 0.920313 0.304167 0.937500 0.016667 0.960938 0.016667 0.987500 0.662500 0.989062
8 0.433333 0.067188 0.427083 0.076563 0.427083 0.090625 0.431250 0.096875 0.535417 0.117188 0.535417 0.085938 0.531250 0.081250 0.506250 0.078125 0.487500 0.073437 0.479167 0.073437 0.441667 0.065625
8 0.347917 0.235938 0.339583 0.251563 0.339583 0.257812 0.345833 0.271875 0.350000 0.276563 0.350000 0.300000 0.389583 0.300000 0.395833 0.301562 0.404167 0.292188 0.404167 0.289062 0.402083 0.287500 0.402083 0.281250 0.400000 0.279687 0.400000 0.273438 0.397917 0.271875 0.397917 0.265625 0.395833 0.264062 0.389583 0.235938
8 0.250000 0.376563 0.195833 0.550000 0.360417 0.582812 0.372917 0.435937 0.385417 0.620313 0.358333 0.681250 0.377083 0.795313 0.420833 0.865625 0.433333 0.845312 0.508333 0.826563 0.477083 0.617188 0.387500 0.618750 0.487500 0.578125 0.472917 0.556250 0.479167 0.403125 0.439583 0.392188 0.377083 0.429688 0.383333 0.410937
8 0.350000 0.587500 0.325000 0.585938 0.314583 0.593750 0.208333 0.596875 0.237500 0.789062 0.231250 0.804688 0.239583 0.806250 0.368750 0.773438 0.352083 0.667188 0.370833 0.618750