1 0.012500 0.010937 0.014583 0.643750 0.445833 0.642187 0.450000 0.614062 0.483333 0.610937 0.525000 0.564062 0.533333 0.504687 0.495833 0.498437 0.518750 0.368750 0.568750 0.298438 0.585417 0.220313 0.662500 0.214062 0.616667 0.123438 0.666667 0.085938 0.689583 0.089062 0.704167 0.015625
1 0.622917 0.237500 0.702083 0.325000 0.704167 0.354688 0.806250 0.354688 0.787500 0.309375 0.814583 0.282813 0.847917 0.271875 0.850000 0.253125 0.729167 0.251563 0.720833 0.257812 0.710417 0.257812 0.666667 0.231250 0.647917 0.240625
1 0.820833 0.404687 0.700000 0.398438 0.629167 0.626562 0.670833 0.628125 0.687500 0.570312 0.714583 0.546875 0.762500 0.539062
1 0.020833 0.648438 0.014583 0.778125 0.027083 0.760938 0.456250 0.759375 0.472917 0.982813 0.566667 0.984375 0.539583 0.900000 0.514583 0.712500 0.481250 0.703125 0.483333 0.687500 0.443750 0.684375 0.441667 0.653125
1 0.658333 0.717188 0.670833 0.735937 0.729167 0.735937 0.735417 0.732813 0.739583 0.732813 0.752083 0.728125 0.739583 0.728125 0.737500 0.726562 0.727083 0.726562 0.725000 0.725000 0.712500 0.725000 0.710417 0.723437 0.700000 0.723437 0.697917 0.721875 0.685417 0.721875 0.683333 0.720312 0.672917 0.720312 0.670833 0.718750
2 0.987500 0.225000 0.977083 0.256250 0.964583 0.267188 0.885417 0.264062 0.897917 0.281250 0.910417 0.312500 0.897917 0.346875 0.985417 0.382812
2 0.812500 0.464063 0.987500 0.457812 0.983333 0.443750 0.831250 0.412500
2 0.845833 0.471875 0.895833 0.529688 0.989583 0.546875 0.983333 0.467187
2 0.939583 0.564062 0.935417 0.592188 0.954167 0.592188 0.958333 0.593750 0.968750 0.604688 0.987500 0.631250 0.987500 0.571875 0.985417 0.570312 0.977083 0.570312 0.975000 0.568750 0.958333 0.567187 0.947917 0.564062
2 0.925000 0.621875 0.910417 0.656250 0.864583 0.707812 0.985417 0.723437 0.987500 0.659375
2 0.752083 0.735937 0.889583 0.742188 0.895833 0.745313 0.900000 0.760938 0.927083 0.743750 0.910417 0.743750 0.789583 0.731250 0.770833 0.731250
2 0.987500 0.778125 0.939583 0.826563 0.941667 0.837500 0.960417 0.879687 0.977083 0.884375 0.964583 0.835938 0.964583 0.826563 0.985417 0.795313 0.985417 0.779688
2 0.966667 0.920313 0.966667 0.921875 0.970833 0.926562 0.970833 0.929688 0.975000 0.934375 0.975000 0.937500 0.979167 0.942187 0.979167 0.945312 0.983333 0.950000 0.983333 0.953125 0.985417 0.954687 0.985417 0.956250 0.985417 0.940625 0.983333 0.939062 0.983333 0.925000 0.981250 0.923437 0.977083 0.923437 0.975000 0.921875 0.970833 0.921875 0.968750 0.920313
3 0.718750 0.015625 0.695833 0.085938 0.729167 0.098438 0.702083 0.192188 0.668750 0.192188 0.668750 0.215625 0.706250 0.234375 0.850000 0.237500 0.872917 0.253125 0.958333 0.262500 0.975000 0.256250 0.970833 0.240625 0.987500 0.206250 0.989583 0.014062
5 0.825000 0.470313 0.762500 0.540625 0.697917 0.564062 0.656250 0.706250 0.675000 0.717188 0.985417 0.742188 0.981250 0.725000 0.852083 0.714063 0.920833 0.609375 0.941667 0.610937 0.983333 0.650000 0.952083 0.604688 0.920833 0.595312 0.935417 0.557813 0.987500 0.564062 0.983333 0.554688 0.897917 0.542188
5 0.562500 0.759375 0.545833 0.796875 0.545833 0.889063 0.581250 0.987500 0.987500 0.985937 0.960417 0.917188 0.987500 0.917188 0.987500 0.889063 0.962500 0.890625 0.885417 0.746875 0.641667 0.742188
5 0.987500 0.809375 0.970833 0.826563 0.972917 0.840625 0.975000 0.842188 0.975000 0.846875 0.977083 0.848437 0.977083 0.853125 0.979167 0.854688 0.979167 0.859375 0.981250 0.860937 0.981250 0.867188 0.983333 0.868750 0.983333 0.873438 0.985417 0.875000 0.987500 0.885938
6 0.608333 0.246875 0.587500 0.326562 0.643750 0.334375 0.654167 0.381250 0.629167 0.429688 0.654167 0.468750 0.614583 0.550000 0.552083 0.514063 0.527083 0.567187 0.583333 0.584375 0.564583 0.606250 0.591667 0.684375 0.564583 0.706250 0.572917 0.742188 0.539583 0.764063 0.543750 0.781250 0.562500 0.754687 0.656250 0.737500 0.656250 0.654688 0.616667 0.625000 0.693750 0.390625 0.877083 0.398438 0.983333 0.434375 0.985417 0.395312 0.891667 0.351562 0.702083 0.356250
6 0.572917 0.362500 0.572917 0.370313 0.566667 0.375000 0.566667 0.376563 0.560417 0.381250 0.560417 0.382812 0.558333 0.384375 0.558333 0.390625 0.556250 0.392188 0.556250 0.396875 0.554167 0.398438 0.554167 0.404687 0.560417 0.404687 0.562500 0.406250 0.572917 0.406250 0.575000 0.407813 0.583333 0.407813 0.585417 0.409375 0.591667 0.409375 0.585417 0.403125 0.585417 0.401563 0.581250 0.398438 0.581250 0.396875 0.577083 0.393750 0.577083 0.392188 0.575000 0.390625 0.575000 0.387500 0.572917 0.385938
6 0.968750 0.739062 0.952083 0.739062 0.906250 0.770312 0.906250 0.773438 0.933333 0.818750 0.985417 0.767187 0.979167 0.759375 0.979167 0.756250
7 0.720833 0.279687 0.720833 0.300000 0.722917 0.301562 0.722917 0.303125 0.764583 0.303125 0.766667 0.304688 0.770833 0.304688 0.770833 0.296875 0.772917 0.295312 0.772917 0.284375 0.760417 0.284375 0.758333 0.282813 0.745833 0.282813 0.743750 0.281250 0.733333 0.281250 0.731250 0.279687
7 0.447917 0.762500 0.037500 0.765625 0.016667 0.796875 0.014583 0.984375 0.464583 0.985937
8 0.066667 0.062500 0.112500 0.460938 0.420833 0.475000 0.456250 0.100000
8 0.675000 0.092188 0.622917 0.134375 0.622917 0.137500 0.633333 0.151562 0.650000 0.153125 0.654167 0.156250 0.658333 0.181250 0.695833 0.187500 0.720833 0.100000
8 0.654167 0.212500 0.587500 0.220313 0.570833 0.298438 0.552083 0.328125 0.577083 0.334375 0.537500 0.348437 0.529167 0.368750 0.545833 0.375000 0.566667 0.350000 0.577083 0.390625 0.604167 0.415625 0.516667 0.406250 0.500000 0.493750 0.583333 0.506250 0.602083 0.551562 0.633333 0.460938 0.614583 0.423438 0.633333 0.429688 0.652083 0.381250 0.641667 0.334375 0.602083 0.320312 0.585417 0.326562 0.591667 0.262500 0.606250 0.232812 0.672917 0.218750
8 0.875000 0.279687 0.825000 0.281250 0.814583 0.287500 0.793750 0.307813 0.795833 0.317187 0.812500 0.345313 0.814583 0.343750 0.891667 0.342187 0.904167 0.318750 0.906250 0.309375
8 0.518750 0.575000 0.491667 0.592188 0.483333 0.612500 0.452083 0.614062 0.458333 0.682813 0.491667 0.684375 0.495833 0.687500 0.493750 0.703125 0.554167 0.707812 0.581250 0.681250 0.560417 0.600000 0.570833 0.587500
8 0.562500 0.712500 0.554167 0.712500 0.552083 0.714063 0.543750 0.714063 0.541667 0.715625 0.535417 0.715625 0.533333 0.717188 0.525000 0.717188 0.525000 0.723437 0.527083 0.725000 0.527083 0.732813 0.529167 0.734375 0.529167 0.740625 0.531250 0.742188 0.531250 0.748438 0.533333 0.750000 0.533333 0.756250 0.537500 0.756250 0.541667 0.753125 0.568750 0.743750 0.566667 0.742188 0.566667 0.732813 0.564583 0.731250 0.564583 0.721875 0.562500 0.720312