1 0.012500 0.014062 0.014583 0.987500 0.322917 0.984375 0.277083 0.912500 0.395833 0.840625 0.425000 0.721875 0.029167 0.728125 0.047917 0.232812 0.516667 0.239063 0.547917 0.084375 0.518750 0.012500
1 0.545833 0.389062 0.545833 0.464063 0.547917 0.465625 0.552083 0.501562 0.562500 0.448438 0.564583 0.446875 0.564583 0.437500 0.566667 0.435937
1 0.560417 0.543750 0.560417 0.609375 0.568750 0.667188 0.554167 0.717188 0.760417 0.704687 0.747917 0.579687 0.708333 0.576563 0.670833 0.567187 0.645833 0.551562 0.581250 0.564062
2 0.914583 0.107813 0.987500 0.415625 0.983333 0.110937
2 0.989583 0.459375 0.929167 0.484375 0.945833 0.489062 0.914583 0.564062 0.920833 0.585938 0.910417 0.614062 0.852083 0.603125 0.835417 0.590625 0.766667 0.581250 0.768750 0.703125 0.831250 0.706250 0.827083 0.639063 0.987500 0.621875
3 0.983333 0.626562 0.827083 0.640625 0.833333 0.714063 0.433333 0.731250 0.429167 0.851562 0.462500 0.901563 0.454167 0.960938 0.508333 0.987500 0.987500 0.987500
4 0.527083 0.015625 0.556250 0.082813 0.533333 0.146875 0.525000 0.312500 0.572917 0.445312 0.562500 0.525000 0.579167 0.556250 0.641667 0.545313 0.910417 0.609375 0.939583 0.484375 0.900000 0.487500 0.987500 0.450000 0.904167 0.100000 0.854167 0.093750 0.841667 0.121875 0.643750 0.071875 0.650000 0.015625
5 0.656250 0.012500 0.652083 0.054688 0.666667 0.073437 0.754167 0.092188 0.856250 0.089062 0.908333 0.098438 0.985417 0.103125 0.987500 0.010937
7 0.056250 0.240625 0.033333 0.728125 0.437500 0.718750 0.477083 0.698438 0.487500 0.710938 0.554167 0.712500 0.556250 0.525000 0.516667 0.246875 0.297917 0.253125
7 0.418750 0.803125 0.412500 0.807813 0.412500 0.809375 0.406250 0.814062 0.406250 0.817187 0.404167 0.818750 0.404167 0.837500 0.425000 0.837500 0.422917 0.835938 0.422917 0.825000 0.420833 0.823438 0.420833 0.814062 0.418750 0.812500
8 0.975000 0.639063 0.839583 0.656250 0.866667 0.718750 0.975000 0.729688
8 0.300000 0.892187 0.289583 0.914062 0.291667 0.929688 0.325000 0.965625 0.333333 0.984375 0.481250 0.987500 0.445833 0.970312 0.443750 0.950000 0.454167 0.925000 0.452083 0.895312 0.418750 0.846875 0.395833 0.846875 0.350000 0.864062 0.327083 0.882812