1 0.014583 0.014062 0.014583 0.173438 0.987500 0.318750 0.987500 0.010937
1 0.318750 0.639063 0.020833 0.629687 0.014583 0.987500 0.041667 0.987500 0.041667 0.939062 0.089583 0.935938 0.081250 0.884375 0.097917 0.860937 0.325000 0.839063 0.329167 0.832812 0.268750 0.828125 0.264583 0.793750 0.233333 0.793750 0.229167 0.707812 0.287500 0.696875 0.287500 0.671875
2 0.983333 0.320312 0.850000 0.304688 0.779167 0.381250 0.754167 0.576563 0.647917 0.590625 0.697917 0.743750 0.918750 0.793750 0.852083 0.809375 0.881250 0.953125 0.604167 0.987500 0.987500 0.987500
3 0.477083 0.337500 0.493750 0.362500 0.781250 0.371875 0.845833 0.300000 0.483333 0.250000
3 0.177083 0.473437 0.581250 0.490625 0.556250 0.451562 0.266667 0.435937 0.181250 0.450000
6 0.756250 0.559375 0.502083 0.557813 0.406250 0.628125 0.445833 0.675000 0.439583 0.618750 0.495833 0.564062 0.525000 0.656250 0.454167 0.700000 0.456250 0.787500 0.418750 0.809375 0.427083 0.987500 0.710417 0.967188 0.443750 0.981250 0.433333 0.873438 0.479167 0.850000 0.787500 0.828125 0.816667 0.951563 0.877083 0.945312 0.829167 0.796875 0.912500 0.787500 0.789583 0.776563 0.783333 0.753125 0.687500 0.756250 0.622917 0.590625 0.633333 0.573438 0.752083 0.576563
6 0.404167 0.810938 0.333333 0.839063 0.333333 0.848437 0.366667 0.846875 0.370833 0.856250 0.379167 0.857813 0.385417 0.876562 0.381250 0.884375 0.360417 0.890625 0.366667 0.895312 0.385417 0.896875 0.385417 0.943750 0.350000 0.951563 0.345833 0.987500 0.377083 0.976562 0.416667 0.984375
7 0.022917 0.625000 0.397917 0.632812 0.506250 0.553125 0.714583 0.548437 0.762500 0.514063 0.018750 0.476562
8 0.018750 0.326562 0.285417 0.368750 0.377083 0.240625 0.014583 0.181250
8 0.429167 0.242188 0.447917 0.345313 0.475000 0.342187 0.477083 0.300000 0.479167 0.298438 0.479167 0.278125 0.481250 0.276563 0.481250 0.256250 0.483333 0.254687
8 0.547917 0.432813 0.593750 0.487500 0.770833 0.492188 0.783333 0.387500 0.614583 0.371875
8 0.495833 0.565625 0.441667 0.618750 0.445833 0.676562 0.389583 0.642187 0.331250 0.634375 0.312500 0.675000 0.310417 0.703125 0.245833 0.721875 0.252083 0.785937 0.333333 0.779688 0.339583 0.801562 0.454167 0.787500 0.452083 0.700000 0.522917 0.656250
8 0.785417 0.828125 0.758333 0.825000 0.475000 0.853125 0.435417 0.873438 0.443750 0.979688 0.556250 0.984375 0.816667 0.953125
8 0.237500 0.868750 0.243750 0.901563 0.260417 0.900000 0.358333 0.879687 0.372917 0.879687 0.385417 0.882812 0.377083 0.857813 0.368750 0.856250 0.295833 0.856250
8 0.210417 0.859375 0.097917 0.870313 0.100000 0.932813 0.237500 0.909375
8 0.377083 0.901563 0.368750 0.901563 0.358333 0.904688 0.304167 0.904688 0.300000 0.906250 0.306250 0.928125 0.308333 0.929688 0.308333 0.934375 0.310417 0.935938 0.310417 0.940625 0.314583 0.946875 0.314583 0.951563 0.322917 0.951563 0.325000 0.950000 0.333333 0.950000 0.335417 0.948438 0.341667 0.948438 0.360417 0.943750 0.377083 0.942187
8 0.314583 0.987500 0.297917 0.917188 0.258333 0.915625 0.047917 0.943750 0.054167 0.985937