1 0.464583 0.312500 0.429167 0.459375 0.585417 0.481250 0.597917 0.431250 0.547917 0.418750 0.527083 0.385938 0.516667 0.350000
1 0.016667 0.431250 0.014583 0.987500 0.568750 0.987500 0.550000 0.945312 0.233333 0.960938 0.233333 0.910937 0.141667 0.875000 0.079167 0.796875 0.106250 0.725000 0.177083 0.710938 0.147917 0.676562 0.210417 0.671875 0.272917 0.456250
2 0.983333 0.362500 0.941667 0.460938 0.818750 0.462500 0.783333 0.489062 0.704167 0.453125 0.662500 0.454688 0.656250 0.493750 0.704167 0.534375 0.758333 0.546875 0.929167 0.715625 0.985417 0.743750
3 0.277083 0.460938 0.264583 0.540625 0.327083 0.526563 0.345833 0.543750 0.281250 0.579687 0.393750 0.587500 0.258333 0.584375 0.241667 0.953125 0.552083 0.942187 0.600000 0.798437 0.904167 0.782812 0.920833 0.718750 0.750000 0.550000 0.691667 0.539062 0.645833 0.487500
3 0.966667 0.768750 0.908333 0.789062 0.608333 0.804688 0.556250 0.940625 0.577083 0.984375 0.983333 0.989062 0.987500 0.795313
4 0.627083 0.015625 0.539583 0.017188 0.541667 0.045313 0.518750 0.114063 0.510417 0.189063 0.493750 0.220313 0.483333 0.265625 0.485417 0.309375 0.514583 0.335938 0.531250 0.284375 0.514583 0.262500 0.556250 0.232812 0.558333 0.167187 0.606250 0.098438 0.620833 0.065625
4 0.756250 0.018750 0.633333 0.021875 0.614583 0.104687 0.570833 0.176563 0.570833 0.232812 0.525000 0.267188 0.545833 0.278125 0.525000 0.340625 0.529167 0.385938 0.550000 0.412500 0.620833 0.431250 0.602083 0.392188 0.616667 0.320312 0.668750 0.228125 0.704167 0.100000 0.752083 0.045313
4 0.706250 0.148438 0.614583 0.354688 0.625000 0.426562 0.672917 0.450000 0.722917 0.442187 0.816667 0.454688 0.937500 0.456250 0.985417 0.329688 0.989583 0.164062 0.833333 0.182812 0.741667 0.182812
4 0.714583 0.453125 0.781250 0.478125 0.789583 0.482812 0.795833 0.473437 0.810417 0.457812 0.808333 0.456250 0.777083 0.456250 0.775000 0.454688
5 0.710417 0.112500 0.708333 0.142188 0.750000 0.178125 0.989583 0.157813 0.989583 0.010937 0.797917 0.012500
7 0.012500 0.010937 0.016667 0.425000 0.420833 0.457812 0.522917 0.020312
8 0.110417 0.728125 0.095833 0.750000 0.085417 0.784375 0.089583 0.809375 0.127083 0.828125 0.150000 0.873438 0.222917 0.900000 0.252083 0.806250 0.237500 0.759375 0.235417 0.717188 0.185417 0.710938