1 0.012500 0.014062 0.018750 0.760938 0.518750 0.775000 0.445833 0.582812 0.389583 0.532812 0.383333 0.501562 0.422917 0.457812 0.385417 0.346875 0.452083 0.332812 0.431250 0.273438 0.639583 0.032812 0.741667 0.048437 0.766667 0.015625
1 0.622917 0.854688 0.583333 0.840625 0.568750 0.826563 0.433333 0.846875 0.445833 0.918750 0.464583 0.935938 0.637500 0.925000
2 0.983333 0.014062 0.779167 0.015625 0.750000 0.056250 0.645833 0.039062 0.604167 0.087500 0.637500 0.104687 0.641667 0.223438 0.589583 0.196875 0.589583 0.146875 0.539583 0.164062 0.575000 0.259375 0.491667 0.396875 0.529167 0.385938 0.547917 0.407813 0.543750 0.504687 0.643750 0.423438 0.683333 0.470313 0.739583 0.479688 0.766667 0.596875 0.716667 0.670313 0.664583 0.696875 0.645833 0.684375 0.643750 0.767187 0.666667 0.779688 0.964583 0.698438 0.983333 0.648438 0.991667 0.673437
2 0.602083 0.090625 0.600000 0.092188 0.597917 0.096875 0.593750 0.100000 0.593750 0.101562 0.585417 0.109375 0.583333 0.114063 0.579167 0.117188 0.579167 0.118750 0.570833 0.126563 0.568750 0.131250 0.564583 0.134375 0.566667 0.134375 0.570833 0.131250 0.572917 0.131250 0.575000 0.129688 0.579167 0.129688 0.581250 0.128125 0.587500 0.128125 0.587500 0.120312 0.589583 0.118750 0.589583 0.109375 0.591667 0.107813 0.591667 0.106250 0.593750 0.104687 0.593750 0.101562
2 0.985417 0.678125 0.975000 0.700000 0.818750 0.748438 0.845833 0.810938 0.814583 0.828125 0.783333 0.870313 0.793750 0.895312 0.747917 0.928125 0.691667 0.873438 0.666667 0.864062 0.672917 0.840625 0.635417 0.856250 0.643750 0.925000 0.679167 0.931250 0.702083 0.973437 0.854167 0.982813 0.841667 0.964063 0.893750 0.951563 0.927083 0.989062 0.987500 0.989062
4 0.812500 0.748438 0.670833 0.779688 0.687500 0.792188 0.685417 0.825000 0.675000 0.835938 0.677083 0.860937 0.706250 0.873438 0.725000 0.901563 0.745833 0.917188 0.781250 0.893750 0.781250 0.862500 0.787500 0.845312 0.833333 0.803125 0.829167 0.781250
5 0.397917 0.935938 0.400000 0.954687 0.435417 0.990625 0.914583 0.990625 0.891667 0.957812 0.858333 0.965625 0.868750 0.987500 0.756250 0.987500 0.733333 0.979688 0.556250 0.982813 0.431250 0.925000
7 0.018750 0.985937 0.383333 0.939062 0.441667 0.917188 0.427083 0.848437 0.410417 0.845312 0.577083 0.821875 0.520833 0.778125 0.429167 0.767187 0.018750 0.764063 0.014583 0.865625 0.310417 0.843750 0.020833 0.871875
7 0.693750 0.973437 0.683333 0.940625 0.658333 0.931250 0.479167 0.937500 0.556250 0.976562
7 0.422917 0.987500 0.391667 0.943750 0.379167 0.942187 0.018750 0.990625
8 0.845833 0.053125 0.783333 0.112500 0.793750 0.156250 0.845833 0.167187 0.887500 0.132812
8 0.604167 0.089062 0.591667 0.109375 0.589583 0.128125 0.570833 0.132812 0.558333 0.140625 0.552083 0.168750 0.577083 0.162500 0.589583 0.145313 0.602083 0.157813 0.583333 0.175000 0.591667 0.196875 0.608333 0.198437 0.631250 0.221875 0.641667 0.221875 0.620833 0.173438 0.625000 0.121875 0.635417 0.104687 0.629167 0.092188
8 0.802083 0.165625 0.781250 0.185937 0.781250 0.195312 0.793750 0.248437 0.822917 0.257812 0.868750 0.245312 0.852083 0.171875
8 0.522917 0.179688 0.447917 0.278125 0.460417 0.339063 0.402083 0.340625 0.429167 0.453125 0.472917 0.418750 0.393750 0.514063 0.458333 0.587500 0.522917 0.771875 0.585417 0.831250 0.660417 0.846875 0.683333 0.803125 0.625000 0.771875 0.633333 0.678125 0.656250 0.693750 0.714583 0.670313 0.762500 0.596875 0.720833 0.560938 0.743750 0.564062 0.750000 0.515625 0.731250 0.485938 0.681250 0.487500 0.708333 0.551562 0.672917 0.520312 0.677083 0.470313 0.639583 0.431250 0.581250 0.501562 0.537500 0.507812 0.539583 0.406250 0.522917 0.390625 0.485417 0.403125 0.475000 0.382812 0.570833 0.253125 0.543750 0.179688