1 0.989583 0.010937 0.014583 0.014062 0.014583 0.243750 0.618750 0.307813 0.643750 0.346875 0.714583 0.350000 0.779167 0.315625 0.893750 0.314063 0.987500 0.282813
1 0.016667 0.453125 0.325000 0.448438 0.345833 0.435937 0.400000 0.432813 0.420833 0.410937 0.637500 0.431250 0.679167 0.401563 0.685417 0.379687 0.631250 0.378125 0.616667 0.404687 0.585417 0.415625 0.018750 0.376563
1 0.327083 0.456250 0.020833 0.464063 0.018750 0.987500 0.483333 0.981250 0.370833 0.807813 0.404167 0.698438 0.447917 0.657812 0.412500 0.639063 0.335417 0.651563 0.300000 0.614062 0.366667 0.564062 0.368750 0.546875 0.341667 0.537500 0.345833 0.512500 0.381250 0.509375 0.375000 0.485938
2 0.983333 0.292188 0.975000 0.293750 0.943750 0.306250 0.939583 0.306250 0.914583 0.315625 0.916667 0.342187 0.920833 0.342187 0.925000 0.339063 0.943750 0.332812 0.947917 0.329688 0.960417 0.325000 0.985417 0.325000 0.985417 0.321875 0.983333 0.320312
2 0.652083 0.425000 0.672917 0.643750 0.866667 0.620313 0.933333 0.681250 0.935417 0.820312 0.962500 0.981250 0.985417 0.985937 0.983333 0.420312 0.931250 0.406250 0.925000 0.448438 0.722917 0.468750 0.677083 0.460938
3 0.420833 0.421875 0.412500 0.431250 0.420833 0.467187 0.393750 0.484375 0.393750 0.537500 0.422917 0.534375 0.427083 0.576563 0.412500 0.593750 0.435417 0.596875 0.429167 0.625000 0.408333 0.626562 0.410417 0.632812 0.654167 0.621875 0.670833 0.610937 0.641667 0.435937
4 0.862500 0.625000 0.762500 0.640625 0.462500 0.657812 0.456250 0.679688 0.487500 0.698438 0.487500 0.796875 0.512500 0.851562 0.516667 0.914062 0.489583 0.943750 0.495833 0.984375 0.962500 0.984375 0.927083 0.792188 0.922917 0.684375
7 0.835417 0.254687 0.835417 0.256250 0.858333 0.275000 0.858333 0.276563 0.862500 0.276563 0.864583 0.275000 0.900000 0.275000 0.900000 0.271875 0.912500 0.253125 0.916667 0.242188 0.902083 0.239063 0.895833 0.235938 0.885417 0.234375 0.879167 0.231250 0.868750 0.229687
7 0.014583 0.251563 0.016667 0.364062 0.593750 0.409375 0.627083 0.367188 0.912500 0.373437 0.981250 0.412500 0.985417 0.334375 0.941667 0.339063 0.922917 0.360938 0.635417 0.351562 0.618750 0.310937
7 0.418750 0.595312 0.397917 0.592188 0.387500 0.581250 0.381250 0.581250 0.354167 0.587500 0.331250 0.589063 0.320833 0.603125 0.320833 0.607813 0.345833 0.645312 0.370833 0.645312 0.395833 0.634375 0.416667 0.615625
8 0.418750 0.021875 0.406250 0.062500 0.406250 0.076563 0.512500 0.090625 0.533333 0.046875 0.529167 0.029687
8 0.731250 0.350000 0.854167 0.357812 0.862500 0.354688 0.879167 0.354688 0.902083 0.350000 0.904167 0.325000 0.783333 0.323438
8 0.700000 0.371875 0.708333 0.467187 0.812500 0.457812 0.914583 0.437500 0.900000 0.378125 0.856250 0.392188 0.789583 0.395312 0.791667 0.423438 0.720833 0.448438 0.710417 0.384375 0.737500 0.373437
8 0.775000 0.378125 0.762500 0.378125 0.722917 0.395312 0.722917 0.401563 0.725000 0.403125 0.725000 0.410937 0.727083 0.412500 0.727083 0.418750 0.729167 0.420312 0.731250 0.434375 0.741667 0.431250 0.762500 0.420312 0.779167 0.414062 0.777083 0.410937
8 0.333333 0.446875 0.333333 0.448438 0.341667 0.453125 0.360417 0.453125 0.362500 0.454688 0.360417 0.456250 0.352083 0.456250 0.352083 0.464063 0.354167 0.465625 0.393750 0.465625 0.395833 0.467187 0.400000 0.467187 0.402083 0.459375 0.406250 0.457812 0.402083 0.451562 0.400000 0.442187 0.350000 0.442187 0.347917 0.443750 0.341667 0.443750
8 0.360417 0.470313 0.360417 0.473437 0.362500 0.475000 0.379167 0.475000 0.381250 0.476562 0.391667 0.476562 0.393750 0.478125 0.404167 0.478125 0.406250 0.479688 0.406250 0.471875 0.402083 0.471875 0.400000 0.470313
8 0.360417 0.515625 0.360417 0.532812 0.391667 0.532812 0.389583 0.531250 0.389583 0.528125 0.387500 0.526563 0.387500 0.523438 0.385417 0.521875 0.385417 0.518750 0.383333 0.517187 0.370833 0.517187 0.368750 0.515625
8 0.389583 0.546875 0.389583 0.553125 0.387500 0.554688 0.387500 0.562500 0.385417 0.564062 0.385417 0.571875 0.387500 0.573438 0.387500 0.575000 0.391667 0.578125 0.391667 0.579687 0.393750 0.581250 0.393750 0.582812 0.404167 0.575000 0.406250 0.575000 0.416667 0.567187 0.416667 0.565625 0.414583 0.564062 0.414583 0.562500 0.410417 0.559375 0.410417 0.557813 0.406250 0.554688 0.406250 0.553125 0.402083 0.550000 0.400000 0.550000 0.393750 0.546875
8 0.422917 0.689062 0.414583 0.710938 0.414583 0.757812 0.447917 0.756250 0.481250 0.768750 0.481250 0.709375 0.483333 0.703125 0.456250 0.685938
8 0.387500 0.767187 0.379167 0.784375 0.391667 0.818750 0.425000 0.860937 0.443750 0.904688 0.456250 0.915625 0.506250 0.921875 0.512500 0.918750 0.508333 0.889063 0.481250 0.828125 0.479167 0.812500 0.470833 0.804688 0.470833 0.770312 0.454167 0.762500 0.425000 0.762500 0.406250 0.767187 0.395833 0.764063