1 0.012500 0.010937 0.016667 0.190625 0.575000 0.231250 0.597917 0.214062 0.606250 0.132812 0.529167 0.117188 0.529167 0.082813 0.516667 0.075000 0.522917 0.015625
1 0.014583 0.215625 0.016667 0.262500 0.370833 0.278125 0.425000 0.273438 0.577083 0.279687 0.581250 0.262500
1 0.439583 0.642187 0.352083 0.646875 0.343750 0.607813 0.018750 0.617188 0.016667 0.817187 0.252083 0.792188 0.293750 0.778125 0.289583 0.750000 0.306250 0.714063 0.260417 0.709375 0.256250 0.681250 0.329167 0.662500 0.339583 0.648438 0.441667 0.650000
1 0.020833 0.821875 0.016667 0.990625 0.606250 0.984375 0.614583 0.964063 0.675000 0.982813 0.610417 0.890625 0.504167 0.890625 0.489583 0.871875 0.489583 0.839063 0.379167 0.846875 0.358333 0.860937 0.331250 0.853125 0.314583 0.820312 0.258333 0.809375
2 0.879167 0.014062 0.856250 0.065625 0.879167 0.071875 0.866667 0.089062 0.697917 0.107813 0.658333 0.125000 0.650000 0.148438 0.616667 0.135937 0.616667 0.209375 0.637500 0.226562 0.637500 0.276563 0.650000 0.289062 0.985417 0.379687 0.985417 0.014062
2 0.556250 0.776563 0.556250 0.803125 0.558333 0.804688 0.560417 0.804688 0.562500 0.806250 0.564583 0.806250 0.568750 0.809375 0.570833 0.809375 0.572917 0.810938 0.575000 0.810938 0.581250 0.814062 0.579167 0.812500 0.579167 0.810938 0.577083 0.809375 0.577083 0.807813 0.575000 0.806250 0.575000 0.804688 0.572917 0.803125 0.572917 0.801562 0.570833 0.800000 0.570833 0.798437 0.568750 0.796875 0.568750 0.795313 0.566667 0.793750 0.566667 0.792188 0.564583 0.790625 0.564583 0.789062 0.562500 0.787500 0.562500 0.785937 0.560417 0.784375 0.560417 0.782812 0.558333 0.781250 0.558333 0.779688 0.556250 0.778125
2 0.985417 0.821875 0.939583 0.984375 0.987500 0.987500
2 0.614583 0.881250 0.689583 0.984375 0.704167 0.984375 0.637500 0.887500 0.633333 0.884375
3 0.531250 0.012500 0.522917 0.076563 0.625000 0.084375 0.660417 0.098438 0.720833 0.107813 0.866667 0.085938 0.872917 0.076563 0.852083 0.075000 0.868750 0.014062
3 0.345833 0.651563 0.364583 0.692187 0.335417 0.779688 0.337500 0.798437 0.362500 0.848437 0.487500 0.829687 0.510417 0.814062 0.545833 0.814062 0.547917 0.768750 0.470833 0.656250
4 0.389583 0.279687 0.362500 0.640625 0.435417 0.634375 0.370833 0.632812 0.402083 0.535937 0.389583 0.485938 0.435417 0.484375 0.431250 0.539062 0.477083 0.568750 0.460417 0.631250 0.712500 0.985937 0.925000 0.989062 0.987500 0.800000 0.987500 0.385938 0.645833 0.293750 0.625000 0.268750 0.583333 0.285937
7 0.012500 0.196875 0.018750 0.209375 0.587500 0.253125 0.600000 0.271875 0.635417 0.264062 0.635417 0.226562 0.622917 0.214062 0.600000 0.217187 0.585417 0.239063
7 0.016667 0.270312 0.016667 0.607813 0.350000 0.600000 0.379167 0.285937
7 0.350000 0.679688 0.341667 0.670313 0.337500 0.670313 0.335417 0.671875 0.333333 0.670313 0.329167 0.670313 0.327083 0.671875 0.320833 0.671875 0.306250 0.676562 0.300000 0.676562 0.285417 0.681250 0.279167 0.681250 0.277083 0.682813 0.266667 0.684375 0.262500 0.689062 0.262500 0.693750 0.268750 0.703125 0.331250 0.703125 0.333333 0.704687 0.339583 0.704687 0.341667 0.706250 0.341667 0.709375 0.347917 0.709375 0.352083 0.704687 0.352083 0.689062 0.350000 0.687500
8 0.539583 0.084375 0.541667 0.115625 0.543750 0.117188 0.570833 0.118750 0.616667 0.128125 0.641667 0.142188 0.675000 0.106250 0.625000 0.085938
8 0.391667 0.485938 0.404167 0.535937 0.372917 0.632812 0.458333 0.632812 0.475000 0.568750 0.462500 0.568750 0.429167 0.539062 0.435417 0.485938
8 0.306250 0.720312 0.306250 0.732813 0.304167 0.734375 0.304167 0.746875 0.302083 0.748438 0.300000 0.773438 0.302083 0.771875 0.331250 0.771875 0.331250 0.765625 0.333333 0.764063 0.335417 0.751562 0.337500 0.750000 0.337500 0.745313 0.339583 0.743750 0.339583 0.737500 0.341667 0.735937 0.341667 0.731250 0.343750 0.729688 0.343750 0.721875
8 0.466667 0.720312 0.466667 0.734375 0.468750 0.735937 0.477083 0.735937 0.479167 0.734375 0.485417 0.734375 0.487500 0.732813 0.495833 0.732813 0.493750 0.731250 0.493750 0.720312
8 0.445833 0.748438 0.420833 0.779688 0.422917 0.778125 0.443750 0.778125 0.445833 0.776563 0.470833 0.776563 0.479167 0.781250 0.477083 0.784375 0.477083 0.814062 0.491667 0.814062 0.489583 0.809375 0.489583 0.773438 0.483333 0.762500 0.483333 0.748438
8 0.337500 0.806250 0.335417 0.803125 0.335417 0.781250 0.329167 0.781250 0.327083 0.782812 0.320833 0.782812 0.312500 0.785937 0.306250 0.785937 0.304167 0.787500 0.297917 0.787500 0.295833 0.789062 0.281250 0.790625 0.272917 0.793750 0.266667 0.793750 0.289583 0.807813 0.293750 0.807813 0.295833 0.806250
8 0.472917 0.784375 0.462500 0.784375 0.460417 0.785937 0.450000 0.785937 0.447917 0.787500 0.437500 0.787500 0.435417 0.789062 0.425000 0.789062 0.425000 0.814062 0.427083 0.815625 0.433333 0.815625 0.435417 0.814062 0.441667 0.814062 0.443750 0.812500 0.447917 0.812500 0.450000 0.810938 0.456250 0.810938 0.458333 0.809375 0.464583 0.809375 0.466667 0.807813 0.472917 0.807813
8 0.508333 0.817187 0.497917 0.831250 0.497917 0.842188 0.504167 0.875000 0.520833 0.895312 0.616667 0.873438 0.587500 0.821875 0.539583 0.820312 0.518750 0.815625