1 0.016667 0.040625 0.229167 0.037500 0.235417 0.014062 0.016667 0.014062
1 0.585417 0.446875 0.535417 0.387500 0.535417 0.314063 0.439583 0.317187 0.400000 0.307813 0.362500 0.320312 0.364583 0.348437 0.406250 0.351562 0.420833 0.373437 0.404167 0.417188 0.308333 0.423438 0.262500 0.409375 0.245833 0.381250 0.197917 0.370313 0.027083 0.387500 0.027083 0.460938 0.410417 0.437500 0.500000 0.528125 0.497917 0.454688
1 0.556250 0.578125 0.702083 0.728125 0.708333 0.668750 0.650000 0.640625 0.612500 0.631250 0.602083 0.625000 0.587500 0.604688 0.585417 0.573438
1 0.704167 0.731250 0.945833 0.976562 0.985417 0.953125 0.987500 0.771875 0.935417 0.718750 0.856250 0.726562 0.841667 0.793750 0.837500 0.785937 0.806250 0.775000 0.754167 0.767187
2 0.985417 0.053125 0.985417 0.014062 0.741667 0.021875 0.704167 0.026563 0.729167 0.051562 0.762500 0.065625
2 0.987500 0.073437 0.935417 0.095312 0.893750 0.264062 0.952083 0.275000 0.960417 0.300000 0.943750 0.309375 0.708333 0.265625 0.685417 0.295312 0.545833 0.310937 0.537500 0.367188 0.602083 0.450000 0.768750 0.439063 0.737500 0.482812 0.793750 0.493750 0.985417 0.579687
2 0.902083 0.082813 0.797917 0.095312 0.793750 0.160938 0.797917 0.164062 0.814583 0.160938 0.850000 0.160938 0.872917 0.168750 0.883333 0.167187 0.895833 0.140625 0.895833 0.117188
2 0.781250 0.103125 0.756250 0.104687 0.754167 0.140625 0.741667 0.165625 0.741667 0.192188 0.747917 0.228125 0.756250 0.228125 0.760417 0.210938 0.762500 0.167187 0.783333 0.106250
2 0.789583 0.175000 0.777083 0.185937 0.772917 0.232812 0.870833 0.259375 0.881250 0.217187 0.879167 0.187500 0.875000 0.181250 0.868750 0.178125 0.856250 0.178125 0.841667 0.182812 0.829167 0.182812 0.800000 0.175000
5 0.377083 0.246875 0.422917 0.309375 0.531250 0.303125 0.595833 0.285937 0.677083 0.290625 0.714583 0.251563 0.950000 0.293750 0.883333 0.264062 0.889583 0.209375 0.912500 0.181250 0.918750 0.082813 0.987500 0.071875 0.987500 0.054688 0.754167 0.071875 0.720833 0.048437 0.650000 0.053125 0.589583 0.267188 0.552083 0.282813 0.514583 0.268750 0.504167 0.285937 0.450000 0.243750
6 0.422917 0.018750 0.410417 0.018750 0.410417 0.023438 0.408333 0.025000 0.408333 0.029687 0.410417 0.031250 0.410417 0.048437 0.412500 0.050000 0.412500 0.067188 0.414583 0.068750 0.414583 0.070312 0.408333 0.075000 0.408333 0.084375 0.425000 0.070312 0.425000 0.032812 0.422917 0.031250
6 0.662500 0.018750 0.635417 0.021875 0.643750 0.037500 0.604167 0.139062 0.587500 0.142188 0.562500 0.245312 0.545833 0.251563 0.520833 0.242188 0.514583 0.260938 0.543750 0.275000 0.566667 0.275000 0.589583 0.265625 0.627083 0.145313 0.645833 0.054688 0.658333 0.048437
6 0.414583 0.106250 0.412500 0.175000 0.416667 0.201562 0.422917 0.220313 0.439583 0.232812 0.456250 0.235938 0.431250 0.214062 0.431250 0.193750 0.441667 0.115625
6 0.566667 0.456250 0.587500 0.467187 0.604167 0.509375 0.643750 0.515625 0.664583 0.532812 0.687500 0.514063 0.762500 0.559375 0.762500 0.589063 0.800000 0.584375 0.866667 0.654688 0.854167 0.723437 0.977083 0.703125 0.979167 0.585938 0.914583 0.562500 0.833333 0.571875 0.666667 0.485938 0.768750 0.440625
6 0.845833 0.737500 0.845833 0.739062 0.841667 0.743750 0.841667 0.746875 0.835417 0.754687 0.835417 0.779688 0.837500 0.781250 0.837500 0.784375 0.839583 0.785937 0.839583 0.789062 0.841667 0.790625 0.841667 0.792188 0.841667 0.773438 0.843750 0.771875 0.843750 0.751562 0.845833 0.750000
7 0.406250 0.015625 0.247917 0.018750 0.239583 0.042188 0.014583 0.045313 0.014583 0.176563 0.308333 0.128125 0.325000 0.096875 0.375000 0.109375 0.412500 0.070312
7 0.310417 0.132812 0.016667 0.181250 0.020833 0.254687 0.208333 0.276563 0.014583 0.264062 0.018750 0.375000 0.252083 0.367188 0.252083 0.393750 0.295833 0.414062 0.404167 0.415625 0.395833 0.385938 0.410417 0.364062 0.400000 0.354688 0.352083 0.356250 0.362500 0.342187 0.337500 0.307813 0.218750 0.279687 0.289583 0.285937
7 0.016667 0.462500 0.012500 0.984375 0.933333 0.989062 0.406250 0.440625
8 0.614583 0.012500 0.427083 0.012500 0.429167 0.078125 0.408333 0.092188 0.445833 0.114063 0.433333 0.214062 0.508333 0.279687 0.516667 0.229687 0.550000 0.248437 0.581250 0.145313 0.600000 0.134375 0.637500 0.032812
8 0.531250 0.451562 0.506250 0.456250 0.504167 0.460938 0.504167 0.512500 0.510417 0.556250 0.554167 0.576563 0.568750 0.565625 0.597917 0.514063 0.585417 0.473437 0.543750 0.453125
8 0.381250 0.504687 0.381250 0.521875 0.383333 0.523438 0.402083 0.523438 0.404167 0.521875 0.420833 0.521875 0.422917 0.520312 0.439583 0.520312 0.437500 0.518750 0.437500 0.504687
8 0.608333 0.517187 0.585417 0.546875 0.591667 0.609375 0.604167 0.625000 0.650000 0.625000 0.664583 0.600000 0.664583 0.640625 0.706250 0.668750 0.704167 0.635938 0.750000 0.598437 0.764583 0.576563 0.687500 0.515625 0.672917 0.542188 0.666667 0.590625 0.662500 0.543750 0.633333 0.517187
8 0.762500 0.595312 0.716667 0.629687 0.710417 0.639063 0.708333 0.726562 0.754167 0.765625 0.804167 0.760938 0.820833 0.779688 0.852083 0.725000 0.864583 0.654688 0.789583 0.593750
8 0.614583 0.771875 0.618750 0.796875 0.652083 0.848437 0.695833 0.893750 0.722917 0.953125 0.741667 0.976562 0.789583 0.975000 0.793750 0.943750 0.783333 0.921875 0.722917 0.868750 0.702083 0.839063 0.691667 0.807813 0.647917 0.771875