1 0.014583 0.117188 0.241667 0.126563 0.335417 0.107813 0.331250 0.060938 0.406250 0.060938 0.393750 0.015625 0.020833 0.014062 0.062500 0.031250 0.089583 0.018750 0.116667 0.040625 0.239583 0.056250 0.241667 0.117188 0.102083 0.107813 0.050000 0.117188 0.014583 0.103125
1 0.385417 0.368750 0.310417 0.356250 0.291667 0.321875 0.270833 0.360938 0.020833 0.348437 0.016667 0.635938 0.056250 0.646875 0.354167 0.628125 0.481250 0.598437 0.479167 0.581250 0.366667 0.600000 0.325000 0.573438 0.308333 0.579687 0.287500 0.540625 0.339583 0.512500 0.322917 0.415625
1 0.558333 0.645312 0.537500 0.664062 0.527083 0.676562 0.516667 0.684375 0.518750 0.714063 0.541667 0.732813 0.550000 0.732813 0.572917 0.737500 0.570833 0.735937 0.570833 0.723437 0.568750 0.721875 0.568750 0.710938 0.566667 0.709375 0.566667 0.696875 0.564583 0.695312 0.564583 0.684375 0.562500 0.682813
1 0.579167 0.887500 0.562500 0.940625 0.581250 0.950000 0.604167 0.985937 0.677083 0.982813 0.664583 0.889063 0.616667 0.878125 0.606250 0.878125
2 0.710417 0.043750 0.635417 0.150000 0.656250 0.240625 0.622917 0.320312 0.591667 0.275000 0.627083 0.210938 0.637500 0.217187 0.625000 0.157813 0.602083 0.187500 0.610417 0.217187 0.591667 0.234375 0.568750 0.231250 0.597917 0.403125 0.689583 0.343750 0.683333 0.325000 0.710417 0.275000 0.731250 0.167187
2 0.564583 0.235938 0.525000 0.307813 0.541667 0.457812 0.591667 0.414062
2 0.616667 0.682813 0.629167 0.750000 0.614583 0.756250 0.731250 0.823438 0.727083 0.739062 0.656250 0.675000 0.631250 0.726562
2 0.985417 0.778125 0.964583 0.793750 0.943750 0.828125 0.908333 0.821875 0.768750 0.848437 0.733333 0.868750 0.750000 0.982813 0.989583 0.989062
3 0.345833 0.071875 0.358333 0.118750 0.483333 0.128125 0.452083 0.087500
3 0.016667 0.231250 0.014583 0.331250 0.025000 0.339063 0.260417 0.348437 0.254167 0.307813 0.170833 0.306250 0.120833 0.259375 0.097917 0.260938 0.066667 0.242188 0.037500 0.240625
3 0.456250 0.364062 0.445833 0.373437 0.391667 0.373437 0.370833 0.379687 0.389583 0.575000 0.491667 0.571875 0.483333 0.510938 0.464583 0.507812 0.460417 0.501562
3 0.545833 0.498437 0.497917 0.503125 0.497917 0.537500 0.500000 0.539062 0.500000 0.575000 0.502083 0.578125 0.556250 0.573438 0.554167 0.571875 0.554167 0.557813 0.552083 0.556250
5 0.708333 0.012500 0.727083 0.087500 0.733333 0.221875 0.727083 0.267188 0.689583 0.331250 0.712500 0.342187 0.722917 0.337500 0.741667 0.304688 0.985417 0.307813 0.987500 0.010937
5 0.456250 0.315625 0.466667 0.378125 0.460417 0.400000 0.460417 0.426562 0.475000 0.457812 0.466667 0.498437 0.472917 0.506250 0.493750 0.495313 0.543750 0.487500 0.531250 0.389062 0.516667 0.325000 0.483333 0.325000
5 0.985417 0.570312 0.893750 0.565625 0.912500 0.751562 0.891667 0.785937 0.850000 0.820312 0.747917 0.818750 0.745833 0.828125 0.687500 0.800000 0.647917 0.798437 0.547917 0.828125 0.595833 0.843750 0.627083 0.878125 0.660417 0.879687 0.766667 0.845312 0.929167 0.814062 0.952083 0.818750 0.952083 0.793750 0.977083 0.771875 0.985417 0.743750 0.968750 0.631250
6 0.687500 0.015625 0.614583 0.035937 0.622917 0.112500 0.550000 0.195312 0.600000 0.223438 0.508333 0.226562 0.531250 0.384375 0.566667 0.235938 0.602083 0.778125 0.685417 0.798437 0.612500 0.756250 0.614583 0.682813 0.631250 0.725000 0.675000 0.659375 0.606250 0.537500 0.670833 0.445312 0.725000 0.484375 0.708333 0.368750 0.777083 0.321875 0.820833 0.415625 0.741667 0.462500 0.856250 0.510938 0.841667 0.629687 0.729167 0.625000 0.683333 0.671875 0.737500 0.635938 0.822917 0.651563 0.812500 0.775000 0.664583 0.682813 0.754167 0.815625 0.841667 0.806250 0.893750 0.745313 0.879167 0.526563 0.985417 0.496875 0.864583 0.482812 0.797917 0.317187 0.733333 0.348437 0.685417 0.325000 0.595833 0.403125 0.566667 0.231250 0.625000 0.156250 0.641667 0.220313
7 0.197917 0.414062 0.041667 0.415625 0.033333 0.418750 0.020833 0.560938 0.202083 0.553125
7 0.547917 0.596875 0.393750 0.615625 0.372917 0.639063 0.050000 0.660937 0.016667 0.646875 0.016667 0.810938 0.454167 0.701563 0.020833 0.815625 0.014583 0.987500 0.587500 0.985937 0.445833 0.882812 0.233333 0.875000 0.443750 0.878125 0.458333 0.698438 0.525000 0.676562
8 0.635417 0.012500 0.547917 0.012500 0.531250 0.042188 0.512500 0.015625 0.495833 0.031250 0.497917 0.053125 0.522917 0.067188 0.522917 0.089062 0.487500 0.112500 0.495833 0.146875 0.487500 0.132812 0.350000 0.129688 0.331250 0.117188 0.245833 0.135937 0.116667 0.139062 0.091667 0.164062 0.029167 0.150000 0.014583 0.156250 0.014583 0.218750 0.116667 0.250000 0.179167 0.298438 0.356250 0.310937 0.470833 0.298438 0.512500 0.314063 0.518750 0.290625 0.481250 0.279687 0.508333 0.268750 0.489583 0.264062 0.506250 0.218750 0.525000 0.203125 0.527083 0.220313 0.597917 0.223438 0.597917 0.198437 0.547917 0.195312 0.570833 0.179688 0.585417 0.118750 0.614583 0.118750 0.606250 0.035937
8 0.041667 0.020312 0.018750 0.095312 0.035417 0.110937 0.060417 0.103125 0.239583 0.117188 0.239583 0.062500 0.116667 0.054688 0.097917 0.021875 0.070833 0.042188
8 0.629167 0.210938 0.593750 0.275000 0.593750 0.279687 0.620833 0.320312 0.654167 0.240625 0.654167 0.234375
8 0.777083 0.323438 0.710417 0.368750 0.737500 0.457812 0.727083 0.484375 0.695833 0.479688 0.670833 0.446875 0.608333 0.543750 0.660417 0.664062 0.677083 0.659375 0.662500 0.679688 0.810417 0.775000 0.820833 0.651563 0.779167 0.654688 0.737500 0.637500 0.708333 0.673437 0.681250 0.671875 0.729167 0.623438 0.779167 0.650000 0.839583 0.629687 0.864583 0.531250 0.854167 0.510938 0.739583 0.462500 0.818750 0.415625
8 0.354167 0.415625 0.347917 0.418750 0.345833 0.417188 0.345833 0.437500 0.339583 0.445312 0.341667 0.470313 0.345833 0.475000 0.347917 0.489062 0.368750 0.492188 0.370833 0.490625 0.368750 0.489062 0.368750 0.471875 0.366667 0.470313 0.366667 0.453125 0.364583 0.451562 0.362500 0.415625
8 0.375000 0.517187 0.360417 0.517187 0.350000 0.520312 0.341667 0.520312 0.302083 0.532812 0.304167 0.562500 0.335417 0.559375 0.337500 0.560938 0.337500 0.576563 0.339583 0.579687 0.377083 0.579687 0.375000 0.573438
8 0.533333 0.798437 0.535417 0.890625 0.552083 0.921875 0.568750 0.875000 0.587500 0.873438 0.608333 0.876562 0.593750 0.846875 0.550000 0.839063 0.545833 0.834375 0.545833 0.807813 0.550000 0.804688 0.585417 0.803125