1 0.014583 0.014062 0.020833 0.356250 0.110417 0.346875 0.302083 0.357812 0.316667 0.339063 0.370833 0.312500 0.289583 0.309375 0.233333 0.285937 0.177083 0.282813 0.133333 0.290625 0.077083 0.284375 0.054167 0.303125 0.031250 0.018750
1 0.014583 0.390625 0.016667 0.504687 0.027083 0.504687 0.037500 0.490625 0.054167 0.482812 0.089583 0.482812 0.122917 0.490625 0.162500 0.489062 0.195833 0.495313 0.233333 0.485938 0.247917 0.487500 0.258333 0.495313 0.264583 0.482812 0.254167 0.457812 0.062500 0.459375
1 0.302083 0.457812 0.308333 0.468750 0.306250 0.484375 0.310417 0.487500 0.314583 0.484375 0.331250 0.484375 0.345833 0.498437 0.350000 0.498437 0.381250 0.484375 0.400000 0.484375 0.420833 0.478125 0.445833 0.476562 0.452083 0.457812
1 0.016667 0.523438 0.020833 0.600000 0.066667 0.595312 0.083333 0.606250 0.120833 0.601562 0.133333 0.617188 0.247917 0.612500 0.264583 0.621875 0.270833 0.642187 0.287500 0.648438 0.291667 0.696875 0.331250 0.693750 0.358333 0.590625 0.281250 0.604688 0.195833 0.600000 0.152083 0.590625 0.118750 0.565625 0.091667 0.565625 0.085417 0.556250 0.050000 0.559375
1 0.418750 0.898438 0.370833 0.881250 0.337500 0.854688 0.320833 0.860937 0.310417 0.879687 0.287500 0.890625 0.020833 0.921875 0.018750 0.985937 0.395833 0.981250 0.393750 0.945312 0.414583 0.934375
2 0.702083 0.012500 0.568750 0.015625 0.560417 0.075000 0.585417 0.076563 0.600000 0.087500 0.627083 0.092188 0.643750 0.070312 0.677083 0.045313 0.689583 0.017188
2 0.777083 0.023438 0.820833 0.037500 0.825000 0.037500 0.835417 0.042188 0.870833 0.051562 0.891667 0.059375 0.879167 0.037500 0.847917 0.026563 0.843750 0.026563 0.829167 0.020312 0.825000 0.020312 0.810417 0.014062 0.793750 0.015625
2 0.735417 0.050000 0.891667 0.096875 0.893750 0.076563 0.785417 0.042188 0.758333 0.035937
2 0.706250 0.079687 0.729167 0.085938 0.747917 0.085938 0.772917 0.101562 0.887500 0.134375 0.883333 0.125000 0.883333 0.115625 0.887500 0.110937 0.885417 0.107813 0.741667 0.064062 0.725000 0.062500
2 0.739583 0.160938 0.697917 0.360938 0.718750 0.373437 0.766667 0.375000 0.772917 0.418750 0.877083 0.487500 0.981250 0.214062
2 0.687500 0.371875 0.687500 0.375000 0.681250 0.385938 0.681250 0.390625 0.679167 0.392188 0.679167 0.395312 0.677083 0.396875 0.677083 0.400000 0.675000 0.401563 0.675000 0.404687 0.668750 0.415625 0.666667 0.425000 0.681250 0.425000 0.685417 0.426562 0.689583 0.429688 0.695833 0.440625 0.695833 0.395312 0.697917 0.393750 0.697917 0.387500 0.702083 0.381250 0.689583 0.371875
2 0.918750 0.404687 0.841667 0.600000 0.895833 0.470313 0.954167 0.490625 0.952083 0.412500 0.983333 0.407813 0.968750 0.785937 0.931250 0.837500 0.804167 0.703125 0.791667 0.728125 0.977083 0.918750 0.985417 0.401563
2 0.768750 0.428125 0.770833 0.501562 0.695833 0.500000 0.693750 0.465625 0.662500 0.467187 0.641667 0.517187 0.772917 0.656250 0.841667 0.482812
2 0.633333 0.523438 0.606250 0.654688 0.720833 0.823438 0.764583 0.670313
3 0.475000 0.367188 0.414583 0.389062 0.291667 0.406250 0.164583 0.409375 0.160417 0.432813 0.454167 0.440625
3 0.366667 0.604688 0.364583 0.679688 0.383333 0.692187 0.408333 0.776563 0.402083 0.860937 0.414583 0.885938 0.443750 0.873438 0.425000 0.932813 0.445833 0.985937 0.816667 0.987500 0.743750 0.876562 0.681250 0.890625 0.639583 0.921875 0.618750 0.914062 0.616667 0.879687 0.572917 0.817187 0.554167 0.818750 0.545833 0.715625 0.522917 0.696875 0.533333 0.676562 0.593750 0.679688 0.543750 0.606250 0.427083 0.593750
3 0.275000 0.657812 0.016667 0.671875 0.014583 0.910937 0.304167 0.873438
5 0.631250 0.092188 0.643750 0.121875 0.691667 0.095312 0.712500 0.095312 0.733333 0.115625 0.766667 0.115625 0.795833 0.128125 0.889583 0.140625 0.902083 0.162500 0.937500 0.167187 0.958333 0.140625 0.989583 0.146875 0.989583 0.040625 0.914583 0.014062 0.712500 0.012500
5 0.414583 0.015625 0.345833 0.017188 0.333333 0.185937 0.320833 0.229687 0.350000 0.237500 0.381250 0.270312 0.418750 0.262500 0.431250 0.240625 0.433333 0.193750 0.416667 0.181250 0.414583 0.137500 0.397917 0.120312 0.404167 0.110937 0.418750 0.106250 0.420833 0.071875 0.410417 0.034375
5 0.516667 0.189063 0.460417 0.179688 0.441667 0.182812 0.431250 0.310937 0.327083 0.345313 0.302083 0.401563 0.422917 0.384375 0.425000 0.365625 0.427083 0.378125 0.475000 0.365625 0.495833 0.367188 0.485417 0.331250 0.487500 0.282813 0.504167 0.265625
5 0.541667 0.682813 0.533333 0.696875 0.550000 0.710938 0.558333 0.732813 0.564583 0.800000 0.614583 0.856250 0.622917 0.907812 0.639583 0.918750 0.660417 0.912500 0.675000 0.887500 0.741667 0.873438 0.625000 0.684375 0.585417 0.696875 0.575000 0.682813
6 0.562500 0.012500 0.437500 0.015625 0.445833 0.021875 0.441667 0.026563 0.445833 0.056250 0.437500 0.082813 0.452083 0.089062 0.452083 0.112500 0.439583 0.118750 0.437500 0.148438 0.422917 0.145313 0.420833 0.179688 0.437500 0.192188 0.443750 0.170312 0.502083 0.175000 0.497917 0.153125 0.512500 0.081250 0.525000 0.073437 0.547917 0.075000
6 0.983333 0.157813 0.900000 0.170312 0.885417 0.142188 0.679167 0.112500 0.654167 0.120312 0.675000 0.129688 0.679167 0.181250 0.639583 0.312500 0.620833 0.317187 0.641667 0.325000 0.656250 0.367188 0.629167 0.418750 0.658333 0.420312 0.735417 0.153125 0.983333 0.209375
6 0.770833 0.426562 0.845833 0.484375 0.781250 0.650000 0.789583 0.660937 0.781250 0.685938 0.791667 0.698438 0.795833 0.675000 0.872917 0.492188 0.785417 0.429688
6 0.654167 0.464063 0.633333 0.467187 0.629167 0.500000 0.622917 0.507812 0.610417 0.509375 0.570833 0.590625 0.570833 0.596875 0.602083 0.648438 0.616667 0.562500
6 0.770833 0.707812 0.718750 0.832812 0.820833 0.985937 0.966667 0.989062 0.966667 0.918750 0.779167 0.726562
7 0.064583 0.010937 0.079167 0.168750 0.133333 0.181250 0.064583 0.181250 0.070833 0.278125 0.243750 0.276563 0.245833 0.260938 0.300000 0.245312 0.310417 0.273438 0.297917 0.251563 0.252083 0.264062 0.254167 0.292188 0.295833 0.303125 0.316667 0.289062 0.391667 0.300000 0.418750 0.290625 0.410417 0.273438 0.339583 0.270312 0.293750 0.242188 0.145833 0.196875 0.289583 0.226562 0.322917 0.248437 0.339583 0.237500 0.316667 0.232812 0.341667 0.015625
7 0.108333 0.301562 0.108333 0.310937 0.110417 0.312500 0.110417 0.325000 0.112500 0.326562 0.127083 0.326562 0.129167 0.328125 0.147917 0.328125 0.150000 0.329688 0.152083 0.329688 0.152083 0.301562
7 0.166667 0.300000 0.166667 0.315625 0.168750 0.317187 0.168750 0.334375 0.170833 0.337500 0.245833 0.337500 0.243750 0.335938 0.243750 0.331250 0.241667 0.329688 0.241667 0.325000 0.239583 0.323438 0.233333 0.300000
7 0.070833 0.406250 0.287500 0.393750 0.297917 0.367188 0.087500 0.353125
8 0.579167 0.079687 0.537500 0.079687 0.531250 0.081250 0.518750 0.090625 0.506250 0.162500 0.512500 0.171875 0.520833 0.176563 0.527083 0.115625 0.539583 0.104687 0.558333 0.101562 0.577083 0.093750 0.585417 0.087500
8 0.625000 0.117188 0.616667 0.226562 0.585417 0.248437 0.591667 0.300000 0.564583 0.334375 0.545833 0.414062 0.514583 0.407813 0.500000 0.439063 0.510417 0.395312 0.495833 0.385938 0.462500 0.410937 0.464583 0.506250 0.506250 0.495313 0.520833 0.509375 0.539583 0.456250 0.516667 0.445312 0.543750 0.453125 0.527083 0.526563 0.556250 0.589063 0.608333 0.500000 0.583333 0.429688 0.597917 0.420312 0.622917 0.426562 0.616667 0.393750 0.650000 0.360938 0.606250 0.317187 0.664583 0.178125 0.662500 0.129688
8 0.522917 0.196875 0.520833 0.220313 0.516667 0.218750 0.506250 0.284375 0.531250 0.321875 0.531250 0.251563 0.535417 0.251563 0.539583 0.318750 0.556250 0.332812 0.568750 0.317187 0.566667 0.271875 0.558333 0.248437 0.570833 0.237500 0.543750 0.195312
8 0.491667 0.293750 0.487500 0.301562 0.487500 0.331250 0.493750 0.339063 0.500000 0.378125 0.516667 0.398438 0.539583 0.406250 0.543750 0.395312 0.552083 0.340625 0.531250 0.335938 0.522917 0.331250 0.512500 0.315625 0.506250 0.298438
8 0.764583 0.379687 0.706250 0.387500 0.700000 0.495313 0.764583 0.500000
8 0.981250 0.407813 0.954167 0.412500 0.956250 0.490625 0.897917 0.470313 0.802083 0.695312 0.931250 0.835938 0.966667 0.785937
8 0.593750 0.451562 0.597917 0.454688 0.604167 0.454688 0.606250 0.456250 0.612500 0.456250 0.620833 0.451562 0.622917 0.453125 0.664583 0.454688 0.666667 0.456250 0.672917 0.453125 0.677083 0.457812 0.685417 0.454688 0.689583 0.454688 0.691667 0.448438 0.695833 0.443750 0.693750 0.439063 0.685417 0.432813 0.679167 0.431250 0.627083 0.431250 0.622917 0.434375 0.618750 0.429688 0.604167 0.429688 0.600000 0.431250 0.593750 0.437500
8 0.033333 0.517187 0.050000 0.546875 0.120833 0.557813 0.145833 0.576563 0.210417 0.595312 0.308333 0.596875 0.310417 0.590625 0.345833 0.590625 0.360417 0.578125 0.533333 0.573438 0.495833 0.507812 0.462500 0.509375 0.447917 0.482812 0.343750 0.504687 0.333333 0.490625 0.304167 0.495313 0.287500 0.451562 0.260417 0.454688 0.270833 0.479688 0.264583 0.496875 0.139583 0.509375 0.114583 0.496875 0.056250 0.492188
8 0.356250 0.690625 0.372917 0.726562 0.370833 0.728125 0.368750 0.754687 0.366667 0.756250 0.366667 0.767187 0.364583 0.768750 0.364583 0.778125 0.377083 0.773438 0.381250 0.773438 0.381250 0.768750 0.379167 0.767187 0.379167 0.721875 0.377083 0.720312 0.377083 0.714063 0.372917 0.706250 0.370833 0.693750 0.368750 0.692187
8 0.352083 0.784375 0.352083 0.787500 0.350000 0.789062 0.350000 0.832812 0.352083 0.834375 0.352083 0.842188 0.354167 0.843750 0.354167 0.850000 0.356250 0.851562 0.356250 0.859375 0.366667 0.859375 0.377083 0.856250 0.385417 0.856250 0.385417 0.851562 0.393750 0.834375 0.393750 0.806250 0.387500 0.796875 0.368750 0.784375
8 0.429167 0.943750 0.425000 0.943750 0.418750 0.946875 0.414583 0.946875 0.412500 0.948438 0.408333 0.948438 0.406250 0.950000 0.404167 0.950000 0.404167 0.965625 0.406250 0.967188 0.406250 0.984375 0.408333 0.985937 0.410417 0.984375 0.445833 0.984375 0.443750 0.982813 0.443750 0.979688 0.441667 0.978125 0.441667 0.975000 0.439583 0.973437 0.439583 0.968750 0.437500 0.967188 0.437500 0.964063 0.435417 0.962500 0.435417 0.957812 0.433333 0.956250 0.433333 0.953125 0.431250 0.951563