1 0.014583 0.014062 0.016667 0.137500 0.812500 0.207813 0.804167 0.109375 0.779167 0.103125 0.758333 0.015625 0.318750 0.014062 0.318750 0.051562 0.437500 0.068750 0.127083 0.034375 0.114583 0.014062
1 0.018750 0.410937 0.016667 0.578125 0.914583 0.582812 0.875000 0.456250
1 0.927083 0.651563 0.914583 0.587500 0.027083 0.590625 0.018750 0.654688
2 0.770833 0.015625 0.789583 0.098438 0.820833 0.115625 0.822917 0.232812 0.925000 0.582812 0.931250 0.653125 0.987500 0.651563 0.991667 0.014062
3 0.016667 0.656250 0.014583 0.987500 0.989583 0.987500 0.987500 0.656250
7 0.114583 0.029687 0.314583 0.053125 0.312500 0.014062 0.118750 0.014062
7 0.016667 0.143750 0.018750 0.400000 0.875000 0.445312 0.808333 0.217187
7 0.035417 0.457812 0.031250 0.460938 0.031250 0.468750 0.027083 0.478125 0.027083 0.510938 0.054167 0.512500 0.056250 0.514063 0.072917 0.514063 0.075000 0.515625 0.093750 0.515625 0.097917 0.517187 0.095833 0.514063 0.095833 0.492188 0.091667 0.485938 0.087500 0.471875 0.060417 0.454688 0.043750 0.454688
8 0.981250 0.664062 0.891667 0.670313 0.891667 0.701563 0.939583 0.893750 0.939583 0.940625 0.950000 0.979688 0.985417 0.976562
8 0.747917 0.670313 0.806250 0.957812 0.802083 0.978125 0.912500 0.985937 0.887500 0.906250 0.883333 0.856250 0.860417 0.771875 0.856250 0.670313
8 0.112500 0.673437 0.033333 0.673437 0.027083 0.734375 0.031250 0.982813 0.068750 0.981250 0.075000 0.976562 0.116667 0.689062
8 0.258333 0.671875 0.127083 0.675000 0.097917 0.984375 0.243750 0.976562
8 0.575000 0.673437 0.462500 0.678125 0.456250 0.820312 0.477083 0.979688 0.602083 0.979688 0.587500 0.812500 0.570833 0.721875
8 0.297917 0.678125 0.345833 0.704687 0.335417 0.778125 0.295833 0.814062 0.262500 0.979688 0.431250 0.971875 0.437500 0.676562
8 0.612500 0.678125 0.610417 0.704687 0.625000 0.756250 0.635417 0.971875 0.758333 0.964063 0.725000 0.795313 0.722917 0.676562