1 0.560417 0.196875 0.560417 0.228125 0.708333 0.273438 0.810417 0.285937 0.829167 0.225000
1 0.018750 0.357812 0.014583 0.987500 0.547917 0.982813 0.541667 0.956250 0.581250 0.893750 0.522917 0.887500 0.489583 0.757812 0.506250 0.689062 0.454167 0.643750 0.350000 0.640625 0.343750 0.528125 0.429167 0.521875 0.431250 0.493750 0.487500 0.492188 0.475000 0.381250
1 0.729167 0.682813 0.750000 0.746875 0.783333 0.773438 0.831250 0.892187 0.889583 0.885938 0.864583 0.834375 0.914583 0.760938 0.883333 0.681250
2 0.935417 0.128125 0.887500 0.228125 0.835417 0.229687 0.812500 0.279687 0.881250 0.364062 0.893750 0.407813 0.914583 0.407813 0.900000 0.323438 0.929167 0.296875 0.939583 0.314063 0.922917 0.335938 0.935417 0.381250 0.985417 0.334375 0.985417 0.259375 0.962500 0.232812 0.966667 0.215625 0.933333 0.204688 0.935417 0.187500 0.925000 0.179688
2 0.854167 0.454688 0.833333 0.495313 0.783333 0.546875 0.733333 0.637500 0.745833 0.651563 0.891667 0.657812 0.887500 0.685938 0.920833 0.762500 0.952083 0.734375 0.987500 0.734375 0.987500 0.482812 0.939583 0.454688 0.933333 0.506250 0.947917 0.535937 0.920833 0.550000 0.895833 0.546875 0.887500 0.454688
5 0.485417 0.229687 0.497917 0.315625 0.614583 0.357812 0.629167 0.385938 0.687500 0.407813 0.679167 0.453125 0.712500 0.509375 0.791667 0.521875 0.852083 0.451562 0.895833 0.451562 0.900000 0.542188 0.941667 0.537500 0.935417 0.456250 0.987500 0.475000 0.987500 0.428125 0.956250 0.418750 0.987500 0.337500 0.931250 0.389062 0.929167 0.300000 0.904167 0.323438 0.916667 0.407813 0.889583 0.409375 0.877083 0.365625 0.812500 0.292188 0.697917 0.275000 0.554167 0.229687
6 0.556250 0.348437 0.562500 0.387500 0.541667 0.396875 0.560417 0.409375 0.552083 0.443750 0.560417 0.448438 0.577083 0.485938 0.566667 0.515625 0.566667 0.539062 0.595833 0.475000 0.645833 0.556250 0.654167 0.556250 0.583333 0.425000 0.618750 0.392188 0.618750 0.381250 0.608333 0.365625
6 0.595833 0.648438 0.620833 0.646875 0.637500 0.659375 0.662500 0.745313 0.708333 0.737500 0.725000 0.746875 0.741667 0.746875 0.718750 0.679688 0.885417 0.678125 0.891667 0.662500 0.710417 0.659375 0.656250 0.570312 0.650000 0.600000 0.631250 0.626562
6 0.735417 0.984375 0.872917 0.987500 0.858333 0.973437 0.864583 0.962500 0.891667 0.948438 0.925000 0.942187 0.977083 0.895312 0.985417 0.896875 0.985417 0.885938 0.825000 0.896875 0.806250 0.860937 0.820833 0.901563 0.818750 0.925000 0.731250 0.956250
7 0.014583 0.128125 0.883333 0.225000 0.979167 0.014062 0.012500 0.010937
7 0.014583 0.140625 0.018750 0.350000 0.479167 0.378125 0.487500 0.320312 0.479167 0.226562 0.556250 0.218750 0.550000 0.196875
7 0.614583 0.401563 0.593750 0.426562 0.591667 0.434375 0.647917 0.531250 0.677083 0.500000 0.679167 0.493750
8 0.491667 0.326562 0.491667 0.331250 0.489583 0.332812 0.489583 0.337500 0.487500 0.339063 0.487500 0.343750 0.485417 0.345313 0.485417 0.350000 0.483333 0.351562 0.483333 0.356250 0.481250 0.357812 0.481250 0.362500 0.479167 0.364062 0.479167 0.370313 0.489583 0.385938 0.489583 0.382812 0.491667 0.381250 0.491667 0.378125 0.495833 0.371875 0.495833 0.367188 0.497917 0.365625 0.497917 0.362500 0.512500 0.353125 0.510417 0.348437 0.506250 0.345313 0.504167 0.340625 0.500000 0.337500 0.497917 0.332812
8 0.545833 0.359375 0.539583 0.359375 0.500000 0.368750 0.500000 0.379687 0.497917 0.381250 0.493750 0.414062 0.489583 0.426562 0.489583 0.437500 0.500000 0.448438 0.500000 0.443750 0.506250 0.432813 0.520833 0.392188 0.522917 0.390625 0.554167 0.390625
8 0.527083 0.398438 0.520833 0.443750 0.539583 0.445312 0.541667 0.448438 0.527083 0.453125 0.520833 0.457812 0.520833 0.473437 0.537500 0.507812 0.560417 0.512500 0.570833 0.496875 0.566667 0.475000 0.554167 0.448438 0.541667 0.446875 0.547917 0.412500
8 0.595833 0.476562 0.564583 0.570312 0.566667 0.584375 0.591667 0.640625 0.595833 0.640625 0.606250 0.629687 0.606250 0.623438 0.618750 0.623438 0.652083 0.579687 0.647917 0.562500 0.629167 0.565625 0.618750 0.564062 0.639583 0.548437
8 0.431250 0.495313 0.433333 0.507812 0.435417 0.509375 0.437500 0.521875 0.439583 0.523438 0.491667 0.523438 0.493750 0.525000 0.497917 0.525000 0.506250 0.518750 0.508333 0.518750 0.506250 0.517187 0.506250 0.506250 0.504167 0.504687 0.504167 0.496875 0.497917 0.496875 0.495833 0.495313
8 0.481250 0.528125 0.350000 0.532812 0.358333 0.643750 0.518750 0.637500 0.522917 0.604688 0.460417 0.603125 0.454167 0.595312 0.456250 0.590625 0.510417 0.579687
8 0.464583 0.653125 0.489583 0.685938 0.527083 0.660937 0.493750 0.743750 0.525000 0.884375 0.600000 0.885938 0.604167 0.875000 0.606250 0.898438 0.585417 0.893750 0.545833 0.954687 0.552083 0.984375 0.729167 0.985937 0.718750 0.959375 0.687500 0.976562 0.743750 0.884375 0.735417 0.831250 0.750000 0.915625 0.720833 0.945312 0.814583 0.921875 0.779167 0.775000 0.745833 0.750000 0.712500 0.750000 0.710417 0.798437 0.697917 0.742188 0.672917 0.826563 0.627083 0.651563 0.556250 0.653125 0.581250 0.632812 0.539583 0.631250
8 0.952083 0.742188 0.933333 0.759375 0.933333 0.762500 0.968750 0.798437 0.987500 0.820312 0.987500 0.742188
8 0.910417 0.767187 0.870833 0.832812 0.870833 0.837500 0.902083 0.887500 0.977083 0.829687 0.977083 0.826563
8 0.977083 0.896875 0.904167 0.962500 0.904167 0.985937 0.906250 0.989062 0.908333 0.987500 0.989583 0.984375 0.987500 0.976562 0.987500 0.906250