1 0.012500 0.196875 0.302083 0.239063 0.320833 0.217187 0.339583 0.243750 0.387500 0.262500 0.389583 0.282813 0.535417 0.250000 0.539583 0.168750 0.666667 0.107813 0.685417 0.068750 0.802083 0.014062 0.014583 0.010937
1 0.400000 0.334375 0.370833 0.334375 0.345833 0.479688 0.387500 0.465625
1 0.302083 0.890625 0.302083 0.904688 0.300000 0.906250 0.295833 0.946875 0.383333 0.931250 0.368750 0.912500 0.350000 0.912500 0.345833 0.914062 0.318750 0.887500 0.312500 0.887500
2 0.983333 0.273438 0.879167 0.312500 0.981250 0.335938 0.979167 0.360938 0.887500 0.360938 0.858333 0.559375 0.756250 0.559375 0.793750 0.598437 0.983333 0.587500
2 0.985417 0.612500 0.895833 0.632812 0.862500 0.753125 0.977083 0.793750 0.968750 0.807813 0.754167 0.778125 0.706250 0.807813 0.681250 0.800000 0.560417 0.851562 0.554167 0.929688 0.668750 0.915625 0.610417 0.850000 0.672917 0.843750 0.752083 0.901563 0.835417 0.892187 0.864583 0.915625 0.847917 0.918750 0.887500 0.934375 0.868750 0.985937 0.762500 0.987500 0.987500 0.987500
3 0.881250 0.937500 0.827083 0.926562 0.543750 0.970312 0.533333 0.985937 0.520833 0.973437 0.477083 0.979688 0.466667 0.985937 0.864583 0.982813
3 0.306250 0.981250 0.306250 0.989062 0.316667 0.989062 0.318750 0.987500 0.429167 0.987500 0.431250 0.989062 0.406250 0.957812 0.364583 0.957812 0.362500 0.959375 0.356250 0.959375
5 0.983333 0.595312 0.781250 0.604688 0.745833 0.560938 0.643750 0.562500 0.541667 0.581250 0.464583 0.639063 0.418750 0.728125 0.416667 0.784375 0.441667 0.851562 0.475000 0.865625 0.533333 0.856250 0.756250 0.771875 0.975000 0.796875 0.860417 0.768750 0.854167 0.757812 0.881250 0.629687 0.985417 0.607813
6 0.431250 0.284375 0.427083 0.332812 0.402083 0.345313 0.402083 0.432813 0.422917 0.435937 0.433333 0.409375 0.454167 0.404687 0.479167 0.310937 0.545833 0.307813 0.514583 0.471875 0.454167 0.450000 0.512500 0.517187 0.512500 0.598437 0.537500 0.564062 0.597917 0.554688 0.843750 0.557813 0.879167 0.362500 0.968750 0.351562 0.893750 0.329688 0.568750 0.292188 0.562500 0.256250
6 0.372917 0.578125 0.377083 0.587500 0.377083 0.642187 0.375000 0.643750 0.375000 0.665625 0.397917 0.667188 0.400000 0.668750 0.397917 0.654688 0.391667 0.642187 0.391667 0.626562 0.393750 0.625000 0.391667 0.623438 0.391667 0.582812 0.393750 0.581250 0.385417 0.581250
6 0.418750 0.721875 0.412500 0.721875 0.410417 0.723437 0.404167 0.723437 0.402083 0.725000 0.393750 0.725000 0.391667 0.726562 0.385417 0.726562 0.385417 0.729688 0.389583 0.734375 0.389583 0.737500 0.391667 0.739062 0.391667 0.740625 0.393750 0.742188 0.395833 0.746875 0.400000 0.750000 0.400000 0.751562 0.404167 0.754687 0.404167 0.756250 0.406250 0.757812 0.406250 0.746875 0.408333 0.745313 0.408333 0.740625 0.410417 0.739062 0.410417 0.734375 0.412500 0.732813 0.414583 0.728125 0.418750 0.725000
6 0.387500 0.776563 0.381250 0.776563 0.381250 0.809375 0.387500 0.804688 0.389583 0.804688 0.389583 0.803125 0.391667 0.801562 0.391667 0.800000 0.393750 0.798437 0.393750 0.796875 0.395833 0.795313 0.395833 0.784375 0.397917 0.782812 0.397917 0.779688 0.395833 0.779688 0.393750 0.778125 0.389583 0.778125
6 0.379167 0.812500 0.377083 0.909375 0.435417 0.985937 0.514583 0.971875 0.533333 0.984375 0.543750 0.968750 0.862500 0.915625 0.835417 0.893750 0.752083 0.903125 0.681250 0.850000 0.660417 0.845312 0.612500 0.851562 0.670833 0.915625 0.552083 0.931250 0.550000 0.857813 0.447917 0.868750 0.422917 0.884375 0.395833 0.860937
7 0.014583 0.271875 0.014583 0.610937 0.116667 0.614062 0.116667 0.606250 0.222917 0.603125 0.260417 0.301562
7 0.016667 0.689062 0.014583 0.985937 0.164583 0.968750 0.179167 0.825000 0.100000 0.828125 0.106250 0.731250 0.091667 0.728125 0.072917 0.740625 0.056250 0.726562 0.077083 0.709375 0.102083 0.715625 0.108333 0.687500
8 0.681250 0.101562 0.735417 0.079687 0.833333 0.103125 0.891667 0.078125 0.833333 0.053125 0.827083 0.025000 0.839583 0.050000 0.864583 0.050000 0.895833 0.065625 0.914583 0.096875 0.970833 0.087500 0.989583 0.095312 0.989583 0.014062 0.822917 0.014062 0.693750 0.071875
8 0.558333 0.171875 0.556250 0.254687 0.566667 0.256250 0.568750 0.267188 0.822917 0.293750 0.981250 0.267188 0.983333 0.143750 0.735417 0.087500
8 0.435417 0.439063 0.400000 0.467187 0.383333 0.514063 0.381250 0.478125 0.316667 0.490625 0.316667 0.512500 0.333333 0.510938 0.337500 0.556250 0.381250 0.565625 0.385417 0.562500 0.416667 0.584375 0.447917 0.618750 0.472917 0.634375 0.508333 0.607813 0.504167 0.520312
8 0.125000 0.609375 0.108333 0.821875 0.331250 0.812500 0.347917 0.723437 0.425000 0.718750 0.454167 0.648438 0.433333 0.653125 0.422917 0.671875 0.356250 0.670313 0.358333 0.615625
8 0.372917 0.739062 0.358333 0.748438 0.333333 0.829687 0.308333 0.828125 0.308333 0.885938 0.327083 0.885938 0.341667 0.906250 0.372917 0.895312
8 0.404167 0.776563 0.402083 0.796875 0.387500 0.810938 0.387500 0.817187 0.397917 0.837500 0.406250 0.860937 0.422917 0.879687 0.445833 0.864062 0.441667 0.859375