1 0.366667 0.493750 0.331250 0.978125 0.300000 0.985937 0.518750 0.985937 0.541667 0.939062 0.593750 0.934375 0.556250 0.859375 0.693750 0.823438 0.695833 0.787500 0.541667 0.809375 0.360417 0.770312 0.366667 0.625000 0.508333 0.604688 0.700000 0.615625 0.697917 0.578125 0.656250 0.578125 0.647917 0.598437 0.445833 0.592188 0.429167 0.495313
2 0.833333 0.014062 0.852083 0.315625 0.902083 0.331250 0.887500 0.367188 0.829167 0.365625 0.833333 0.537500 0.889583 0.537500 0.893750 0.573438 0.714583 0.576563 0.714583 0.621875 0.837500 0.635938 0.829167 0.759375 0.702083 0.784375 0.700000 0.814062 0.766667 0.828125 0.779167 0.903125 0.872917 0.932813 0.891667 0.973437 0.989583 0.987500 0.989583 0.015625
6 0.597917 0.279687 0.608333 0.310937 0.591667 0.331250 0.591667 0.418750 0.606250 0.437500 0.600000 0.468750 0.568750 0.482812 0.589583 0.535937 0.529167 0.584375 0.643750 0.595312 0.645833 0.567187 0.887500 0.571875 0.881250 0.542188 0.660417 0.528125 0.662500 0.346875 0.675000 0.335938 0.889583 0.362500 0.895833 0.332812 0.666667 0.285937 0.662500 0.260938
7 0.014583 0.010937 0.016667 0.185937 0.597917 0.276563 0.633333 0.254687 0.666667 0.254687 0.668750 0.279687 0.847917 0.318750 0.829167 0.023438 0.670833 0.010937
7 0.020833 0.195312 0.014583 0.985937 0.268750 0.989062 0.325000 0.976562 0.358333 0.493750 0.314583 0.479688 0.325000 0.315625 0.366667 0.279687 0.370833 0.251563
8 0.406250 0.257812 0.331250 0.310937 0.331250 0.484375 0.429167 0.490625 0.481250 0.473437 0.591667 0.465625 0.600000 0.431250 0.585417 0.420312 0.585417 0.315625 0.604167 0.307813 0.597917 0.281250
8 0.677083 0.359375 0.670833 0.521875 0.816667 0.532812 0.833333 0.504687 0.818750 0.493750 0.822917 0.364062 0.727083 0.350000
8 0.572917 0.484375 0.535417 0.479688 0.477083 0.479688 0.437500 0.495313 0.437500 0.539062 0.452083 0.590625 0.512500 0.589063 0.541667 0.554688 0.570833 0.546875 0.575000 0.518750
8 0.368750 0.632812 0.358333 0.684375 0.364583 0.768750 0.552083 0.801562 0.589583 0.790625 0.827083 0.759375 0.827083 0.634375 0.700000 0.623438 0.583333 0.623438 0.560417 0.610937 0.495833 0.610937 0.454167 0.623438
8 0.752083 0.828125 0.720833 0.812500 0.708333 0.817187 0.689583 0.834375 0.570833 0.860937 0.606250 0.932813 0.777083 0.901563
8 0.797917 0.857813 0.789583 0.864062 0.795833 0.900000 0.816667 0.903125 0.808333 0.890625 0.820833 0.871875 0.839583 0.878125 0.858333 0.892187 0.870833 0.915625 0.889583 0.929688 0.902083 0.956250 0.904167 0.975000 0.920833 0.976562 0.904167 0.939062 0.900000 0.909375 0.868750 0.890625 0.864583 0.876562 0.847917 0.860937
8 0.154167 0.890625 0.147917 0.950000 0.150000 0.948438 0.262500 0.945312 0.264583 0.893750 0.266667 0.892187
8 0.872917 0.939062 0.791667 0.912500 0.756250 0.909375 0.545833 0.951563 0.535417 0.987500 0.877083 0.982813