1 0.014583 0.223438 0.014583 0.326562 0.239583 0.325000 0.220833 0.303125 0.050000 0.295312 0.037500 0.268750 0.037500 0.231250
1 0.364583 0.406250 0.360417 0.412500 0.339583 0.409375 0.339583 0.717188 0.385417 0.696875 0.416667 0.709375 0.433333 0.700000 0.414583 0.668750 0.410417 0.618750 0.441667 0.623438 0.445833 0.610937 0.491667 0.593750 0.420833 0.582812 0.412500 0.575000 0.485417 0.551562 0.452083 0.550000 0.460417 0.532812 0.450000 0.512500 0.481250 0.485938 0.470833 0.456250 0.447917 0.456250 0.410417 0.439063 0.395833 0.445312 0.375000 0.431250
1 0.018750 0.745313 0.016667 0.885938 0.608333 0.853125 0.620833 0.826563 0.647917 0.829687 0.654167 0.846875 0.987500 0.837500 0.987500 0.765625 0.825000 0.762500 0.806250 0.731250 0.258333 0.798437 0.287500 0.725000
1 0.985417 0.987500 0.979167 0.907812 0.025000 0.968750 0.014583 0.985937
2 0.985417 0.381250 0.931250 0.381250 0.818750 0.437500 0.831250 0.595312 0.893750 0.634375 0.893750 0.659375 0.933333 0.660937 0.935417 0.625000 0.989583 0.606250
3 0.016667 0.737500 0.291667 0.721875 0.268750 0.359375 0.508333 0.382812 0.512500 0.359375 0.556250 0.379687 0.985417 0.375000 0.983333 0.203125 0.202083 0.162500 0.193750 0.206250 0.264583 0.359375 0.247917 0.331250 0.016667 0.337500
3 0.516667 0.367188 0.533333 0.590625 0.447917 0.612500 0.443750 0.634375 0.416667 0.623438 0.431250 0.715625 0.529167 0.706250 0.531250 0.671875 0.550000 0.706250 0.695833 0.695312 0.718750 0.723437 0.797917 0.717188 0.831250 0.670313 0.810417 0.440625 0.543750 0.440625 0.545833 0.696875 0.537500 0.432813 0.806250 0.437500 0.920833 0.384375 0.585417 0.384375 0.541667 0.426562 0.570833 0.384375
7 0.018750 0.010937 0.016667 0.140625 0.987500 0.203125 0.985417 0.020312
7 0.518750 0.454688 0.508333 0.467187 0.508333 0.551562 0.510417 0.553125 0.510417 0.578125 0.512500 0.581250 0.527083 0.582812 0.525000 0.579687
7 0.993750 0.845312 0.943750 0.837500 0.647917 0.850000 0.652083 0.834375 0.620833 0.828125 0.608333 0.854688 0.014583 0.890625 0.012500 0.960938 0.247917 0.957812 0.985417 0.906250
8 0.016667 0.148438 0.014583 0.215625 0.043750 0.226562 0.043750 0.270312 0.056250 0.292188 0.222917 0.300000 0.189583 0.232812 0.197917 0.232812 0.183333 0.207813 0.170833 0.201562 0.172917 0.159375
8 0.333333 0.362500 0.335417 0.393750 0.354167 0.404687 0.370833 0.395312 0.379167 0.428125 0.402083 0.437500 0.414583 0.410937 0.412500 0.434375 0.445833 0.420312 0.514583 0.417188 0.512500 0.385938 0.493750 0.385938 0.414583 0.367188 0.414583 0.393750 0.400000 0.367188 0.379167 0.362500
8 0.518750 0.420312 0.495833 0.421875 0.493750 0.423438 0.472917 0.425000 0.470833 0.426562 0.460417 0.426562 0.458333 0.428125 0.443750 0.428125 0.431250 0.437500 0.427083 0.445312 0.437500 0.445312 0.450000 0.450000 0.522917 0.450000 0.520833 0.448438
8 0.485417 0.462500 0.485417 0.468750 0.487500 0.470313 0.487500 0.493750 0.458333 0.517187 0.460417 0.525000 0.464583 0.529688 0.462500 0.531250 0.460417 0.551562 0.477083 0.545313 0.504167 0.540625 0.504167 0.468750
8 0.420833 0.576563 0.420833 0.581250 0.427083 0.581250 0.429167 0.582812 0.435417 0.582812 0.437500 0.584375 0.445833 0.584375 0.447917 0.585938 0.454167 0.585938 0.456250 0.587500 0.500000 0.587500 0.502083 0.589063 0.506250 0.589063 0.504167 0.587500 0.504167 0.582812 0.502083 0.581250 0.502083 0.576563 0.500000 0.575000 0.497917 0.565625 0.493750 0.565625 0.491667 0.564062 0.443750 0.564062
8 0.827083 0.609375 0.829167 0.667188 0.889583 0.667188 0.835417 0.670313 0.818750 0.681250 0.808333 0.698438 0.808333 0.717188 0.822917 0.756250 0.852083 0.764063 0.987500 0.760938 0.989583 0.740625 0.972917 0.728125 0.989583 0.731250 0.991667 0.612500 0.939583 0.631250 0.939583 0.665625 0.891667 0.667188 0.889583 0.637500 0.850000 0.614062
8 0.458333 0.617188 0.458333 0.637500 0.470833 0.646875 0.470833 0.648438 0.475000 0.648438 0.481250 0.651563 0.502083 0.651563 0.508333 0.646875 0.510417 0.646875 0.510417 0.642187 0.508333 0.640625 0.497917 0.637500 0.487500 0.631250 0.485417 0.631250 0.483333 0.629687 0.481250 0.629687 0.479167 0.628125 0.468750 0.625000
8 0.425000 0.646875 0.425000 0.648438 0.429167 0.653125 0.429167 0.656250 0.431250 0.657812 0.437500 0.668750 0.447917 0.678125 0.447917 0.679688 0.462500 0.679688 0.464583 0.678125 0.477083 0.678125 0.475000 0.673437 0.470833 0.670313 0.470833 0.668750 0.466667 0.665625 0.466667 0.664062 0.462500 0.660937 0.462500 0.659375 0.458333 0.656250 0.458333 0.654688 0.454167 0.651563 0.454167 0.650000 0.450000 0.646875 0.450000 0.645312 0.443750 0.639063 0.441667 0.640625 0.435417 0.640625 0.433333 0.642187 0.431250 0.642187
8 0.802083 0.729688 0.793750 0.717188 0.454167 0.764063 0.454167 0.771875 0.458333 0.775000