1 0.327083 0.014062 0.322917 0.479688 0.443750 0.473437 0.447917 0.510938 0.531250 0.518750 0.533333 0.453125 0.554167 0.442187 0.595833 0.298438 0.664583 0.303125 0.683333 0.259375 0.554167 0.245312 0.527083 0.210938 0.518750 0.156250 0.537500 0.017188
1 0.514583 0.523438 0.464583 0.523438 0.470833 0.578125 0.450000 0.618750 0.435417 0.626562 0.418750 0.753125 0.427083 0.732813 0.441667 0.721875 0.468750 0.715625 0.556250 0.712500 0.556250 0.706250 0.537500 0.701563 0.539583 0.671875 0.547917 0.667188 0.560417 0.681250 0.579167 0.668750 0.575000 0.662500 0.550000 0.662500 0.529167 0.650000 0.525000 0.642187 0.537500 0.632812 0.506250 0.604688 0.514583 0.590625 0.535417 0.587500 0.539583 0.565625 0.487500 0.550000 0.479167 0.539062 0.489583 0.528125
1 0.335417 0.853125 0.331250 0.984375 0.420833 0.982813 0.393750 0.975000 0.383333 0.964063 0.385417 0.960938 0.433333 0.960938 0.445833 0.965625 0.445833 0.937500 0.400000 0.921875 0.391667 0.912500 0.393750 0.895312 0.389583 0.884375 0.416667 0.860937 0.393750 0.850000
3 0.012500 0.010937 0.014583 0.604688 0.318750 0.600000 0.316667 0.010937
3 0.989583 0.010937 0.866667 0.017188 0.839583 0.078125 0.795833 0.087500 0.810417 0.148438 0.916667 0.148438 0.931250 0.481250 0.754167 0.448438 0.806250 0.265625 0.689583 0.267188 0.687500 0.314063 0.743750 0.326562 0.722917 0.387500 0.752083 0.409375 0.677083 0.517187 0.708333 0.585938 0.652083 0.635938 0.666667 0.734375 0.722917 0.765625 0.602083 0.987500 0.985417 0.989062
3 0.464583 0.835938 0.458333 0.882812 0.470833 0.892187 0.472917 0.917188 0.460417 0.937500 0.458333 0.959375 0.470833 0.967188 0.472917 0.987500 0.564583 0.982813 0.543750 0.889063 0.529167 0.845312 0.502083 0.837500
3 0.325000 0.843750 0.016667 0.856250 0.016667 0.987500 0.318750 0.985937
7 0.454167 0.521875 0.329167 0.521875 0.327083 0.603125 0.018750 0.609375 0.014583 0.645312 0.047917 0.640625 0.014583 0.650000 0.020833 0.743750 0.152083 0.771875 0.283333 0.767187 0.300000 0.745313 0.354167 0.720312 0.343750 0.701563 0.360417 0.687500 0.329167 0.656250 0.350000 0.642187 0.352083 0.625000 0.320833 0.604688 0.437500 0.617188 0.464583 0.587500
7 0.547917 0.675000 0.547917 0.689062 0.545833 0.690625 0.545833 0.693750 0.543750 0.695312 0.543750 0.698438 0.547917 0.698438 0.550000 0.700000 0.554167 0.700000 0.556250 0.701563 0.560417 0.701563 0.562500 0.703125 0.568750 0.703125 0.570833 0.704687 0.579167 0.698438 0.579167 0.693750 0.581250 0.692187 0.581250 0.685938 0.579167 0.684375 0.579167 0.682813 0.575000 0.679688 0.575000 0.682813 0.572917 0.684375 0.572917 0.687500 0.570833 0.689062 0.568750 0.689062 0.566667 0.690625 0.558333 0.690625 0.554167 0.687500 0.554167 0.679688
7 0.516667 0.715625 0.466667 0.721875 0.439583 0.731250 0.418750 0.770312 0.422917 0.796875 0.431250 0.810938 0.456250 0.821875 0.491667 0.831250 0.508333 0.828125 0.508333 0.817187 0.483333 0.817187 0.464583 0.812500 0.443750 0.792188 0.439583 0.768750 0.450000 0.748438 0.481250 0.731250 0.527083 0.729688
7 0.016667 0.748438 0.014583 0.851562 0.231250 0.834375 0.418750 0.848437 0.377083 0.789062 0.275000 0.803125
7 0.681250 0.818750 0.641667 0.875000 0.616667 0.887500 0.591667 0.868750 0.547917 0.851562 0.575000 0.987500 0.597917 0.987500 0.687500 0.843750
8 0.545833 0.062500 0.560417 0.070312 0.600000 0.065625 0.604167 0.070312 0.812500 0.082813 0.833333 0.068750 0.858333 0.014062 0.552083 0.015625 0.545833 0.018750
8 0.545833 0.076563 0.531250 0.185937 0.570833 0.239063 0.643750 0.248437 0.608333 0.235938 0.604167 0.220313 0.620833 0.215625 0.616667 0.234375 0.666667 0.251563 0.810417 0.254687 0.756250 0.448438 0.929167 0.481250 0.914583 0.148438 0.875000 0.154687 0.858333 0.143750 0.772917 0.175000 0.766667 0.201562 0.783333 0.218750 0.768750 0.218750 0.762500 0.175000 0.802083 0.159375 0.814583 0.121875 0.791667 0.087500
8 0.585417 0.334375 0.581250 0.353125 0.583333 0.378125 0.587500 0.381250 0.610417 0.381250 0.618750 0.384375 0.708333 0.387500 0.722917 0.378125 0.722917 0.371875 0.731250 0.360938 0.735417 0.343750 0.727083 0.331250 0.720833 0.329688 0.593750 0.326562
8 0.570833 0.423438 0.570833 0.437500 0.577083 0.450000 0.706250 0.453125 0.712500 0.435937 0.710417 0.431250 0.743750 0.432813 0.741667 0.396875 0.658333 0.400000 0.658333 0.431250 0.654167 0.429688 0.650000 0.400000 0.581250 0.396875
8 0.535417 0.453125 0.535417 0.462500 0.529167 0.475000 0.529167 0.493750 0.533333 0.501562 0.689583 0.507812 0.702083 0.495313 0.706250 0.473437 0.702083 0.459375
8 0.750000 0.471875 0.731250 0.475000 0.735417 0.493750 0.716667 0.546875 0.722917 0.596875 0.689583 0.635938 0.689583 0.648438 0.697917 0.651563 0.722917 0.615625 0.737500 0.637500 0.752083 0.648438 0.783333 0.640625 0.804167 0.612500 0.800000 0.520312 0.785417 0.492188 0.762500 0.482812 0.752083 0.485938
8 0.491667 0.532812 0.489583 0.545313 0.518750 0.545313 0.554167 0.562500 0.560417 0.534375 0.560417 0.589063 0.537500 0.592188 0.514583 0.607813 0.543750 0.623438 0.610417 0.629687 0.604167 0.706250 0.614583 0.726562 0.629167 0.728125 0.666667 0.706250 0.662500 0.656250 0.627083 0.626562 0.608333 0.626562 0.620833 0.617188 0.633333 0.625000 0.656250 0.623438 0.656250 0.609375 0.639583 0.607813 0.631250 0.593750 0.564583 0.592188 0.697917 0.589063 0.706250 0.543750 0.683333 0.542188 0.679167 0.525000 0.529167 0.525000 0.520833 0.534375
8 0.358333 0.698438 0.358333 0.700000 0.356250 0.701563 0.356250 0.709375 0.360417 0.714063 0.372917 0.714063 0.377083 0.717188 0.379167 0.715625 0.391667 0.715625 0.391667 0.700000 0.393750 0.698438 0.391667 0.696875 0.389583 0.696875 0.387500 0.695312 0.385417 0.695312 0.383333 0.693750 0.381250 0.693750 0.379167 0.692187 0.377083 0.692187 0.370833 0.696875 0.362500 0.696875 0.360417 0.698438
8 0.591667 0.690625 0.527083 0.740625 0.525000 0.764063 0.550000 0.842188 0.618750 0.879687 0.670833 0.834375 0.677083 0.809375 0.633333 0.821875 0.610417 0.812500 0.600000 0.775000 0.606250 0.746875 0.612500 0.745313 0.614583 0.810938 0.622917 0.817187 0.697917 0.800000 0.708333 0.754687 0.693750 0.743750 0.656250 0.743750 0.643750 0.729688 0.606250 0.731250
8 0.391667 0.742188 0.387500 0.734375 0.383333 0.734375 0.377083 0.737500 0.364583 0.737500 0.356250 0.729688 0.347917 0.735937 0.333333 0.740625 0.329167 0.743750 0.310417 0.746875 0.295833 0.754687 0.293750 0.764063 0.297917 0.765625 0.341667 0.765625 0.352083 0.768750 0.381250 0.770312 0.387500 0.767187 0.391667 0.767187 0.391667 0.759375 0.393750 0.757812 0.391667 0.756250
8 0.395833 0.892187 0.395833 0.906250 0.400000 0.909375 0.433333 0.923437 0.437500 0.926562 0.441667 0.926562 0.456250 0.931250 0.462500 0.931250 0.468750 0.918750 0.468750 0.912500 0.447917 0.893750 0.450000 0.870313