1 0.602083 0.015625 0.566667 0.203125 0.633333 0.204688 0.664583 0.198437 0.687500 0.206250 0.720833 0.193750 0.733333 0.210938 0.777083 0.221875 0.829167 0.014062
1 0.070833 0.206250 0.083333 0.256250 0.345833 0.281250 0.354167 0.303125 0.352083 0.356250 0.418750 0.362500 0.418750 0.321875 0.427083 0.304688 0.416667 0.285937 0.375000 0.289062 0.356250 0.271875 0.358333 0.206250 0.204167 0.200000 0.200000 0.226562 0.112500 0.206250 0.093750 0.210938
1 0.052083 0.256250 0.014583 0.256250 0.014583 0.301562 0.014583 0.300000 0.022917 0.292188 0.025000 0.287500 0.033333 0.279687 0.035417 0.275000 0.039583 0.271875 0.039583 0.270312 0.043750 0.267188 0.045833 0.262500
1 0.897917 0.764063 0.627083 0.756250 0.666667 0.590625 0.620833 0.584375 0.583333 0.603125 0.570833 0.756250 0.291667 0.767187 0.256250 0.743750 0.264583 0.637500 0.147917 0.618750 0.183333 0.632812 0.189583 0.762500 0.108333 0.768750 0.081250 0.753125 0.058333 0.634375 0.135417 0.617188 0.106250 0.590625 0.018750 0.587500 0.016667 0.803125
1 0.812500 0.910937 0.760417 0.787500 0.231250 0.798437 0.218750 0.837500 0.045833 0.932813 0.020833 0.840625 0.016667 0.957812 0.406250 0.917188
1 0.212500 0.803125 0.025000 0.807813 0.052083 0.915625 0.214583 0.831250
2 0.841667 0.010937 0.777083 0.223438 0.827083 0.217187 0.964583 0.285937 0.960417 0.325000 0.987500 0.350000 0.987500 0.010937
2 0.987500 0.651563 0.927083 0.765625 0.910417 0.767187 0.902083 0.778125 0.768750 0.784375 0.835417 0.921875 0.985417 0.912500
3 0.066667 0.257812 0.016667 0.301562 0.016667 0.385938 0.125000 0.393750 0.125000 0.373437 0.187500 0.265625
3 0.564583 0.293750 0.608333 0.364062 0.652083 0.364062 0.885417 0.420312 0.987500 0.421875 0.987500 0.362500 0.931250 0.306250
3 0.589583 0.617188 0.560417 0.612500 0.558333 0.620313 0.525000 0.632812 0.491667 0.626562 0.454167 0.639063 0.270833 0.637500 0.256250 0.675000 0.270833 0.698438 0.264583 0.745313 0.291667 0.762500 0.564583 0.753125
3 0.089583 0.617188 0.060417 0.634375 0.083333 0.753125 0.108333 0.767187 0.187500 0.762500 0.191667 0.732813 0.183333 0.721875 0.187500 0.690625 0.175000 0.670313 0.181250 0.632812 0.141667 0.617188 0.120833 0.629687
3 0.985417 0.915625 0.779167 0.926562 0.406250 0.923437 0.047917 0.957812 0.012500 0.979688 0.016667 0.989062 0.987500 0.987500
7 0.039583 0.010937 0.056250 0.185937 0.093750 0.209375 0.108333 0.200000 0.193750 0.223438 0.202083 0.192188 0.472917 0.212500 0.506250 0.196875 0.554167 0.196875 0.591667 0.012500 0.177083 0.014062 0.193750 0.060938 0.185417 0.150000 0.185417 0.064062 0.166667 0.010937
8 0.014583 0.417188 0.014583 0.500000 0.052083 0.501562 0.152083 0.614062 0.525000 0.631250 0.620833 0.582812 0.985417 0.595312 0.985417 0.525000 0.802083 0.498437 0.989583 0.492188 0.989583 0.429688 0.525000 0.364062 0.537500 0.282813 0.600000 0.264062 0.522917 0.198437 0.500000 0.239063 0.497917 0.218750 0.358333 0.232812 0.372917 0.282813 0.452083 0.285937 0.497917 0.256250 0.518750 0.325000 0.495833 0.342187 0.485417 0.293750 0.447917 0.339063 0.518750 0.364062 0.335417 0.367188 0.341667 0.282813 0.193750 0.273438 0.145833 0.362500 0.325000 0.365625 0.158333 0.379687 0.083333 0.451562
8 0.739583 0.267188 0.677083 0.242188 0.685417 0.237500 0.737500 0.237500 0.727083 0.218750 0.722917 0.200000 0.683333 0.212500 0.664583 0.204688 0.656250 0.204688 0.585417 0.220313 0.585417 0.235938 0.614583 0.242188 0.635417 0.257812 0.689583 0.268750
8 0.668750 0.604688 0.631250 0.756250 0.914583 0.756250 0.979167 0.610937