1 0.720833 0.015625 0.454167 0.017188 0.416667 0.289062 0.397917 0.331250 0.377083 0.332812 0.372917 0.439063 0.431250 0.428125 0.462500 0.400000 0.443750 0.375000 0.454167 0.325000 0.522917 0.337500 0.531250 0.267188 0.666667 0.279687 0.716667 0.106250
1 0.025000 0.518750 0.016667 0.990625 0.902083 0.982813 0.789583 0.775000 0.212500 0.781250 0.195833 0.710938 0.075000 0.707812 0.052083 0.682813 0.077083 0.606250 0.050000 0.603125 0.066667 0.520312
2 0.868750 0.650000 0.793750 0.751562 0.795833 0.779688 0.841667 0.876562 0.856250 0.892187 0.875000 0.895312 0.912500 0.984375 0.902083 0.989062 0.987500 0.989062 0.981250 0.650000
3 0.989583 0.478125 0.935417 0.498437 0.810417 0.468750 0.675000 0.264062 0.677083 0.401563 0.627083 0.468750 0.718750 0.482812 0.718750 0.531250 0.652083 0.545313 0.700000 0.668750 0.641667 0.545313 0.439583 0.515625 0.625000 0.476562 0.358333 0.473437 0.366667 0.329688 0.014583 0.307813 0.018750 0.514063 0.214583 0.518750 0.212500 0.779688 0.777083 0.770312 0.868750 0.651563 0.708333 0.662500 0.812500 0.500000 0.733333 0.650000 0.987500 0.643750
7 0.533333 0.271875 0.525000 0.337500 0.554167 0.362500 0.652083 0.364062 0.664583 0.284375
7 0.235417 0.834375 0.220833 0.834375 0.218750 0.835938 0.200000 0.835938 0.197917 0.837500 0.179167 0.837500 0.177083 0.839063 0.177083 0.867188 0.179167 0.865625 0.204167 0.865625 0.206250 0.864062 0.231250 0.864062 0.231250 0.856250 0.233333 0.854688 0.233333 0.845312 0.235417 0.843750
8 0.014583 0.014062 0.014583 0.304688 0.397917 0.325000 0.414583 0.289062 0.452083 0.012500
8 0.733333 0.012500 0.712500 0.084375 0.722917 0.104687 0.675000 0.253125 0.822917 0.468750 0.935417 0.492188 0.987500 0.412500 0.983333 0.015625
8 0.368750 0.464063 0.447917 0.475000 0.535417 0.428125 0.554167 0.407813 0.556250 0.428125 0.643750 0.440625 0.656250 0.432813 0.668750 0.406250 0.670833 0.371875 0.654167 0.365625 0.552083 0.365625 0.554167 0.407813 0.547917 0.370313 0.525000 0.340625 0.489583 0.326562 0.456250 0.328125 0.445833 0.375000 0.462500 0.389062 0.466667 0.412500 0.420833 0.437500 0.385417 0.437500
8 0.587500 0.448438 0.587500 0.453125 0.585417 0.454688 0.585417 0.457812 0.583333 0.459375 0.583333 0.464063 0.631250 0.464063 0.631250 0.446875 0.593750 0.446875 0.591667 0.448438
8 0.443750 0.503125 0.443750 0.515625 0.525000 0.515625 0.589583 0.528125 0.712500 0.528125 0.714583 0.506250 0.706250 0.492188 0.558333 0.489062 0.529167 0.501562
8 0.058333 0.559375 0.204167 0.556250 0.204167 0.525000 0.070833 0.520312
8 0.193750 0.559375 0.054167 0.562500 0.056250 0.601562 0.079167 0.604688 0.068750 0.614062 0.072917 0.643750 0.052083 0.676562 0.068750 0.700000 0.097917 0.706250 0.191667 0.703125 0.179167 0.634375
8 0.412500 0.914062 0.150000 0.934375 0.152083 0.987500 0.412500 0.987500