1 0.018750 0.187500 0.018750 0.220313 0.652083 0.295312 0.687500 0.270312 0.687500 0.250000 0.608333 0.239063 0.639583 0.154687 0.208333 0.082813 0.179167 0.209375
1 0.016667 0.696875 0.081250 0.703125 0.087500 0.807813 0.116667 0.795313 0.137500 0.657812 0.268750 0.659375 0.295833 0.592188 0.637500 0.600000 0.629167 0.531250 0.016667 0.517187 0.018750 0.575000 0.072917 0.576563 0.077083 0.610937 0.020833 0.615625
1 0.081250 0.814062 0.079167 0.984375 0.250000 0.989062 0.281250 0.981250 0.291667 0.970312 0.272917 0.954687 0.210417 0.953125 0.195833 0.948438 0.195833 0.932813 0.227083 0.920313 0.218750 0.901563 0.193750 0.903125 0.177083 0.889063 0.179167 0.832812 0.154167 0.814062 0.127083 0.809375
2 0.741667 0.017188 0.695833 0.271875 0.652083 0.304688 0.458333 0.285937 0.487500 0.334375 0.445833 0.343750 0.477083 0.381250 0.591667 0.393750 0.627083 0.375000 0.710417 0.398438 0.720833 0.414062 0.664583 0.489062 0.606250 0.470313 0.647917 0.529688 0.641667 0.610937 0.985417 0.760938 0.987500 0.014062
3 0.302083 0.596875 0.627083 0.985937 0.985417 0.987500 0.983333 0.768750 0.595833 0.595312
3 0.027083 0.706250 0.014583 0.984375 0.064583 0.987500 0.068750 0.795313 0.077083 0.706250
5 0.250000 0.260938 0.241667 0.318750 0.364583 0.318750 0.481250 0.328125 0.479167 0.318750 0.452083 0.309375 0.450000 0.275000
7 0.014583 0.015625 0.014583 0.040625 0.679167 0.150000 0.706250 0.134375 0.720833 0.015625
7 0.018750 0.228125 0.018750 0.296875 0.077083 0.298438 0.081250 0.300000 0.087500 0.240625 0.089583 0.239063 0.087500 0.237500
7 0.233333 0.356250 0.206250 0.343750 0.185417 0.354688 0.154167 0.357812 0.018750 0.345313 0.020833 0.445312 0.114583 0.465625 0.018750 0.451562 0.018750 0.512500 0.216667 0.510938 0.193750 0.481250 0.195833 0.429688 0.222917 0.407813
7 0.281250 0.667188 0.143750 0.671875 0.135417 0.795313 0.152083 0.800000 0.147917 0.732813 0.181250 0.704687 0.197917 0.704687 0.208333 0.712500 0.233333 0.745313 0.233333 0.754687 0.277083 0.753125 0.275000 0.743750 0.252083 0.731250 0.252083 0.709375 0.260417 0.685938 0.279167 0.675000
7 0.445833 0.839063 0.439583 0.845312 0.427083 0.889063 0.429167 0.921875 0.435417 0.940625 0.435417 0.984375 0.543750 0.985937
8 0.014583 0.059375 0.014583 0.173438 0.183333 0.195312 0.193750 0.078125
8 0.143750 0.306250 0.143750 0.309375 0.145833 0.310937 0.145833 0.312500 0.152083 0.320312 0.160417 0.320312 0.168750 0.326562 0.168750 0.328125 0.172917 0.328125 0.175000 0.329688 0.179167 0.329688 0.181250 0.331250 0.185417 0.331250 0.185417 0.298438 0.183333 0.298438 0.181250 0.296875 0.164583 0.296875 0.160417 0.300000 0.158333 0.300000 0.156250 0.301562 0.154167 0.301562 0.150000 0.304688
8 0.239583 0.368750 0.235417 0.435937 0.272917 0.453125 0.268750 0.440625 0.300000 0.454688 0.322917 0.504687 0.443750 0.517187 0.589583 0.520312 0.602083 0.510938 0.604167 0.490625 0.506250 0.492188 0.572917 0.484375 0.589583 0.462500 0.581250 0.448438 0.554167 0.440625 0.554167 0.420312 0.620833 0.421875 0.620833 0.398438 0.439583 0.385938 0.335417 0.390625 0.312500 0.406250 0.287500 0.400000 0.258333 0.414062 0.279167 0.376563 0.268750 0.354688
8 0.625000 0.376563 0.620833 0.381250 0.633333 0.392188 0.635417 0.410937 0.622917 0.440625 0.622917 0.450000 0.635417 0.468750 0.656250 0.481250 0.662500 0.476562 0.668750 0.465625 0.677083 0.462500 0.677083 0.454688 0.668750 0.446875 0.668750 0.434375 0.672917 0.425000 0.687500 0.423438 0.697917 0.414062 0.708333 0.412500 0.708333 0.409375 0.695833 0.403125 0.685417 0.403125 0.679167 0.406250 0.660417 0.406250 0.643750 0.393750 0.639583 0.385938
8 0.018750 0.581250 0.016667 0.584375 0.016667 0.610937 0.060417 0.610937 0.062500 0.612500 0.066667 0.612500 0.066667 0.606250 0.068750 0.604688 0.068750 0.596875 0.070833 0.595312 0.070833 0.589063 0.072917 0.587500 0.072917 0.579687 0.022917 0.579687
8 0.331250 0.703125 0.329167 0.704687 0.329167 0.718750 0.327083 0.720312 0.322917 0.754687 0.316667 0.771875 0.316667 0.782812 0.331250 0.801562 0.341667 0.804688 0.358333 0.787500 0.358333 0.784375 0.370833 0.765625 0.352083 0.726562 0.343750 0.703125
8 0.197917 0.706250 0.181250 0.706250 0.160417 0.720312 0.152083 0.732813 0.152083 0.750000 0.154167 0.751562 0.152083 0.754687 0.152083 0.782812 0.160417 0.793750 0.168750 0.795313 0.197917 0.784375 0.231250 0.750000 0.231250 0.745313 0.216667 0.723437
8 0.306250 0.800000 0.262500 0.801562 0.250000 0.795313 0.245833 0.787500 0.241667 0.792188 0.231250 0.782812 0.227083 0.790625 0.200000 0.792188 0.183333 0.842188 0.181250 0.879687 0.191667 0.893750 0.204167 0.895312 0.227083 0.890625 0.233333 0.865625 0.252083 0.843750 0.275000 0.837500 0.279167 0.821875 0.285417 0.814062 0.293750 0.810938 0.314583 0.810938
8 0.412500 0.807813 0.343750 0.812500 0.335417 0.850000 0.258333 0.848437 0.260417 0.887500 0.235417 0.885938 0.237500 0.920313 0.206250 0.934375 0.204167 0.945312 0.343750 0.943750 0.354167 0.929688 0.362500 0.987500 0.395833 0.987500 0.422917 0.975000 0.408333 0.903125 0.364583 0.892187 0.356250 0.928125 0.345833 0.909375 0.245833 0.914062 0.345833 0.904688 0.339583 0.885938 0.308333 0.893750 0.260417 0.889063 0.368750 0.878125 0.370833 0.859375 0.341667 0.854688 0.425000 0.856250
8 0.287500 0.818750 0.287500 0.828125 0.289583 0.829687 0.289583 0.832812 0.327083 0.832812 0.327083 0.817187 0.289583 0.817187