1 0.012500 0.010937 0.016667 0.696875 0.345833 0.695312 0.360417 0.784375 0.018750 0.798437 0.014583 0.984375 0.641667 0.985937 0.677083 0.885938 0.468750 0.590625 0.502083 0.378125 0.597917 0.337500 0.462500 0.320312 0.412500 0.285937 0.454167 0.264062 0.235417 0.250000 0.210417 0.157813 0.183333 0.192188 0.125000 0.173438 0.137500 0.075000 0.060417 0.060938
2 0.989583 0.014062 0.772917 0.017188 0.770833 0.057813 0.800000 0.059375 0.791667 0.231250 0.985417 0.170312
2 0.987500 0.179688 0.800000 0.239063 0.889583 0.254687 0.920833 0.271875 0.987500 0.271875
2 0.985417 0.304688 0.941667 0.314063 0.941667 0.478125 0.985417 0.478125
2 0.695833 0.351562 0.612500 0.364062 0.600000 0.475000 0.597917 0.371875 0.554167 0.376563 0.547917 0.471875 0.600000 0.485938 0.606250 0.482812 0.681250 0.498437
2 0.512500 0.379687 0.510417 0.382812 0.508333 0.462500 0.537500 0.475000 0.541667 0.409375 0.543750 0.407813 0.543750 0.387500 0.545833 0.385938
2 0.752083 0.503125 0.733333 0.648438 0.814583 0.640625 0.856250 0.640625 0.868750 0.537500
3 0.047917 0.014062 0.047917 0.026563 0.064583 0.054688 0.197917 0.073437 0.206250 0.014062
3 0.216667 0.014062 0.237500 0.240625 0.489583 0.259375 0.479167 0.234375 0.541667 0.190625 0.652083 0.232812 0.781250 0.246875 0.783333 0.062500 0.541667 0.029687 0.245833 0.017188 0.554167 0.026563 0.754167 0.056250 0.760417 0.015625
5 0.454167 0.275000 0.481250 0.314063 0.662500 0.340625 0.775000 0.331250 0.589583 0.290625 0.785417 0.318750 0.781250 0.354688 0.866667 0.417188 0.929167 0.501562 0.987500 0.501562 0.989583 0.482812 0.939583 0.482812 0.935417 0.307813 0.987500 0.296875 0.985417 0.276563 0.647917 0.234375 0.541667 0.192188 0.485417 0.245312 0.589583 0.290625 0.479167 0.267188
5 0.418750 0.285937 0.422917 0.289062 0.429167 0.290625 0.433333 0.293750 0.435417 0.293750 0.445833 0.300000 0.452083 0.301562 0.456250 0.304688 0.458333 0.304688 0.468750 0.310937 0.466667 0.309375 0.466667 0.301562 0.464583 0.300000 0.464583 0.298438 0.462500 0.296875 0.462500 0.295312 0.460417 0.293750 0.460417 0.292188 0.458333 0.290625 0.458333 0.289062 0.456250 0.287500 0.456250 0.285937 0.454167 0.284375 0.454167 0.282813 0.452083 0.281250 0.447917 0.273438 0.441667 0.275000 0.437500 0.278125 0.431250 0.279687 0.427083 0.282813 0.425000 0.282813
5 0.602083 0.354688 0.608333 0.354688 0.610417 0.353125 0.616667 0.353125 0.618750 0.351562 0.625000 0.351562 0.627083 0.350000 0.631250 0.350000 0.633333 0.348437 0.639583 0.348437 0.641667 0.346875 0.647917 0.346875 0.650000 0.345313 0.656250 0.345313 0.658333 0.343750 0.662500 0.343750 0.654167 0.343750 0.652083 0.342187 0.645833 0.342187 0.643750 0.340625 0.635417 0.340625 0.633333 0.339063 0.625000 0.339063 0.622917 0.337500 0.616667 0.337500 0.614583 0.335938 0.606250 0.335938 0.606250 0.342187 0.604167 0.343750 0.604167 0.348437 0.602083 0.350000
5 0.985417 0.639063 0.845833 0.642187 0.697917 0.659375 0.710417 0.809375 0.693750 0.892187 0.656250 0.982813 0.775000 0.985937 0.985417 0.964063
6 0.764583 0.343750 0.706250 0.350000 0.685417 0.503125 0.522917 0.479688 0.489583 0.417188 0.489583 0.581250 0.510417 0.534375 0.547917 0.534375 0.562500 0.562500 0.600000 0.553125 0.591667 0.603125 0.558333 0.584375 0.550000 0.626562 0.520833 0.631250 0.495833 0.609375 0.500000 0.645312 0.685417 0.881250 0.683333 0.704687 0.718750 0.648438 0.741667 0.500000 0.870833 0.532812 0.866667 0.634375 0.970833 0.634375 0.958333 0.540625 0.987500 0.526563 0.987500 0.509375 0.929167 0.504687
7 0.108333 0.400000 0.108333 0.442187 0.110417 0.443750 0.110417 0.446875 0.170833 0.446875 0.170833 0.398438 0.114583 0.398438 0.112500 0.400000
7 0.018750 0.703125 0.016667 0.790625 0.347917 0.779688 0.341667 0.701563
8 0.143750 0.081250 0.145833 0.096875 0.133333 0.106250 0.143750 0.129688 0.143750 0.148438 0.137500 0.165625 0.158333 0.162500 0.166667 0.173438 0.191667 0.181250 0.193750 0.153125 0.197917 0.148438 0.208333 0.148438 0.206250 0.114063 0.187500 0.103125 0.183333 0.085938 0.172917 0.078125 0.150000 0.087500
8 0.512500 0.500000 0.512500 0.531250 0.545833 0.531250 0.545833 0.529688 0.552083 0.521875 0.550000 0.520312 0.550000 0.507812 0.545833 0.504687 0.533333 0.504687 0.531250 0.506250 0.527083 0.506250 0.522917 0.503125 0.520833 0.503125 0.518750 0.501562
8 0.510417 0.535937 0.485417 0.600000 0.520833 0.629687 0.547917 0.626562 0.558333 0.582812 0.589583 0.603125 0.597917 0.553125 0.562500 0.564062 0.547917 0.535937
8 0.245833 0.893750 0.220833 0.893750 0.218750 0.895312 0.191667 0.895312 0.189583 0.896875 0.162500 0.896875 0.158333 0.898438 0.152083 0.932813 0.156250 0.931250 0.245833 0.929688