1 0.414583 0.015625 0.987500 0.114063 0.987500 0.060938 0.922917 0.018750
1 0.250000 0.090625 0.239583 0.168750 0.193750 0.168750 0.168750 0.253125 0.158333 0.410937 0.239583 0.421875 0.220833 0.468750 0.212500 0.662500 0.300000 0.671875 0.310417 0.690625 0.306250 0.550000 0.247917 0.546875 0.220833 0.510938 0.306250 0.493750 0.335417 0.412500 0.293750 0.379687 0.345833 0.362500 0.339583 0.314063 0.358333 0.309375 0.360417 0.264062 0.297917 0.221875 0.293750 0.192188 0.310417 0.179688 0.360417 0.184375 0.356250 0.125000 0.310417 0.121875 0.306250 0.096875
1 0.275000 0.985937 0.841667 0.981250 0.835417 0.973437 0.772917 0.968750 0.762500 0.956250 0.689583 0.957812 0.535417 0.939062 0.495833 0.943750 0.452083 0.934375 0.364583 0.943750 0.337500 0.965625 0.295833 0.967188
1 0.014583 0.987500 0.250000 0.985937 0.152083 0.971875 0.133333 0.964063 0.129167 0.959375 0.025000 0.967188
2 0.695833 0.437500 0.633333 0.537500 0.739583 0.768750 0.787500 0.764063 0.985417 0.800000 0.989583 0.503125 0.762500 0.520312 0.725000 0.490625 0.722917 0.437500
2 0.989583 0.984375 0.987500 0.834375 0.981250 0.842188 0.947917 0.839063 0.912500 0.848437 0.854167 0.839063 0.775000 0.837500 0.760417 0.845312 0.777083 0.879687 0.954167 0.912500 0.979167 0.935938
3 0.375000 0.110937 0.362500 0.150000 0.362500 0.157813 0.372917 0.179688 0.383333 0.182812 0.402083 0.184375 0.420833 0.192188 0.443750 0.184375 0.452083 0.185937 0.450000 0.178125 0.420833 0.170312 0.397917 0.154687 0.402083 0.131250 0.412500 0.114063
3 0.018750 0.214062 0.016667 0.821875 0.083333 0.821875 0.125000 0.746875 0.195833 0.718750 0.229167 0.420312 0.150000 0.414062 0.141667 0.282813 0.087500 0.234375
3 0.435417 0.295312 0.389583 0.487500 0.372917 0.412500 0.341667 0.415625 0.327083 0.489062 0.360417 0.500000 0.345833 0.546875 0.322917 0.548437 0.325000 0.685938 0.375000 0.748438 0.404167 0.746875 0.393750 0.576563 0.404167 0.609375 0.664583 0.617188 0.620833 0.537500 0.693750 0.439063 0.485417 0.423438 0.450000 0.300000
3 0.404167 0.612500 0.414583 0.746875 0.483333 0.742188 0.514583 0.757812 0.562500 0.746875 0.616667 0.767187 0.718750 0.762500 0.666667 0.625000
3 0.764583 0.876562 0.752083 0.839063 0.739583 0.837500 0.720833 0.831250 0.704167 0.831250 0.612500 0.850000
7 0.416667 0.285937 0.414583 0.285937 0.414583 0.289062 0.412500 0.290625 0.410417 0.303125 0.408333 0.304688 0.408333 0.309375 0.406250 0.310937 0.406250 0.315625 0.404167 0.317187 0.404167 0.323438 0.402083 0.325000 0.402083 0.343750 0.404167 0.345313 0.404167 0.359375 0.404167 0.356250 0.406250 0.354688 0.406250 0.348437 0.408333 0.346875 0.408333 0.342187 0.410417 0.340625 0.410417 0.334375 0.412500 0.332812 0.412500 0.328125 0.414583 0.326562 0.414583 0.321875 0.416667 0.320312 0.416667 0.314063 0.418750 0.312500 0.418750 0.307813 0.420833 0.306250 0.420833 0.301562 0.422917 0.300000 0.422917 0.293750 0.425000 0.292188 0.425000 0.287500 0.418750 0.287500
7 0.343750 0.315625 0.343750 0.331250 0.381250 0.331250 0.383333 0.332812 0.389583 0.329688 0.393750 0.329688 0.391667 0.328125 0.391667 0.314063 0.389583 0.314063 0.387500 0.312500 0.347917 0.312500
7 0.391667 0.350000 0.391667 0.364062 0.389583 0.365625 0.389583 0.379687 0.387500 0.381250 0.387500 0.415625 0.389583 0.417188 0.389583 0.437500 0.393750 0.429688 0.393750 0.425000 0.397917 0.418750 0.397917 0.414062 0.402083 0.407813 0.402083 0.403125 0.408333 0.390625 0.408333 0.385938 0.412500 0.379687
8 0.035417 0.059375 0.050000 0.220313 0.093750 0.226562 0.135417 0.279687 0.164583 0.281250 0.168750 0.243750 0.193750 0.164062 0.195833 0.079687
8 0.316667 0.098438 0.316667 0.106250 0.318750 0.107813 0.318750 0.118750 0.320833 0.120312 0.335417 0.120312 0.337500 0.121875 0.354167 0.121875 0.356250 0.123438 0.356250 0.120312 0.360417 0.115625 0.360417 0.112500 0.362500 0.110937 0.362500 0.107813 0.358333 0.107813 0.356250 0.106250 0.350000 0.106250 0.347917 0.104687 0.343750 0.104687 0.341667 0.103125 0.335417 0.103125 0.333333 0.101562 0.329167 0.101562 0.327083 0.100000 0.322917 0.100000 0.320833 0.098438
8 0.425000 0.112500 0.412500 0.160938 0.489583 0.189063 0.510417 0.175000 0.541667 0.178125 0.514583 0.179688 0.491667 0.196875 0.468750 0.184375 0.458333 0.195312 0.316667 0.190625 0.304167 0.223438 0.358333 0.264062 0.379167 0.257812 0.389583 0.284375 0.441667 0.290625 0.443750 0.270312 0.458333 0.270312 0.485417 0.414062 0.572917 0.192188 0.539583 0.179688 0.581250 0.182812 0.593750 0.139062
8 0.608333 0.143750 0.506250 0.418750 0.727083 0.435937 0.727083 0.489062 0.770833 0.518750 0.989583 0.496875 0.987500 0.371875 0.954167 0.370313 0.947917 0.350000 0.985417 0.362500 0.981250 0.200000
8 0.295833 0.379687 0.295833 0.387500 0.304167 0.390625 0.320833 0.393750 0.333333 0.403125 0.333333 0.404687 0.341667 0.404687 0.343750 0.406250 0.360417 0.407813 0.362500 0.409375 0.375000 0.409375 0.377083 0.379687 0.366667 0.379687 0.364583 0.378125 0.356250 0.378125 0.354167 0.376563 0.341667 0.376563 0.327083 0.384375 0.312500 0.379687
8 0.272917 0.462500 0.272917 0.478125 0.302083 0.478125 0.302083 0.471875 0.304167 0.470313 0.304167 0.462500 0.289583 0.462500 0.287500 0.460938 0.275000 0.460938
8 0.358333 0.500000 0.354167 0.498437 0.316667 0.498437 0.300000 0.501562 0.254167 0.501562 0.250000 0.507812 0.237500 0.507812 0.229167 0.510938 0.229167 0.525000 0.237500 0.532812 0.254167 0.532812 0.256250 0.539062 0.262500 0.540625 0.308333 0.542188 0.316667 0.545313 0.337500 0.546875 0.347917 0.542188 0.354167 0.529688 0.356250 0.501562
8 0.014583 0.825000 0.012500 0.931250 0.102083 0.903125 0.131250 0.960938 0.272917 0.987500 0.291667 0.957812 0.335417 0.964063 0.368750 0.914062 0.983333 0.989062 0.979167 0.943750 0.933333 0.907812 0.600000 0.848437 0.712500 0.826563 0.912500 0.846875 0.977083 0.837500 0.970833 0.798437 0.787500 0.770312 0.610417 0.771875 0.564583 0.751562 0.364583 0.753125 0.339583 0.704687 0.260417 0.704687 0.293750 0.704687 0.295833 0.673437 0.208333 0.670313 0.204167 0.720312 0.125000 0.751562 0.095833 0.815625 0.064583 0.834375