1 0.014583 0.010937 0.014583 0.276563 0.985417 0.370313 0.983333 0.296875 0.664583 0.212500 0.660417 0.195312 0.047917 0.101562 0.054167 0.010937
1 0.247917 0.307813 0.241667 0.412500 0.220833 0.414062 0.204167 0.487500 0.237500 0.525000 0.300000 0.525000 0.287500 0.492188 0.264583 0.492188 0.262500 0.456250 0.306250 0.443750 0.314583 0.415625 0.352083 0.403125 0.350000 0.379687 0.310417 0.376563 0.306250 0.364062 0.258333 0.335938 0.295833 0.326562 0.385417 0.334375 0.391667 0.317187
1 0.162500 0.600000 0.154167 0.659375 0.227083 0.660937 0.231250 0.707812 0.216667 0.746875 0.235417 0.743750 0.245833 0.735937 0.327083 0.742188 0.352083 0.731250 0.366667 0.654688 0.364583 0.637500 0.279167 0.625000 0.237500 0.625000
1 0.225000 0.784375 0.206250 0.920313 0.320833 0.918750 0.320833 0.987500 0.377083 0.985937 0.350000 0.803125 0.275000 0.795313
2 0.712500 0.014062 0.670833 0.209375 0.741667 0.235938 0.987500 0.290625 0.987500 0.015625
2 0.716667 0.615625 0.658333 0.754687 0.806250 0.984375 0.987500 0.987500 0.983333 0.653125 0.802083 0.678125 0.741667 0.659375
3 0.016667 0.279687 0.016667 0.982813 0.183333 0.985937 0.222917 0.667188 0.145833 0.664062 0.156250 0.576563 0.066667 0.501562 0.131250 0.460938 0.127083 0.442187 0.083333 0.431250 0.079167 0.289062
3 0.227083 0.303125 0.225000 0.306250 0.225000 0.337500 0.222917 0.339063 0.220833 0.403125 0.231250 0.406250 0.231250 0.393750 0.233333 0.392188 0.233333 0.379687 0.235417 0.378125 0.235417 0.365625 0.237500 0.364062 0.237500 0.350000 0.239583 0.348437 0.239583 0.335938 0.241667 0.334375 0.241667 0.321875 0.243750 0.320312 0.243750 0.304688
3 0.366667 0.367188 0.366667 0.373437 0.362500 0.381250 0.362500 0.387500 0.358333 0.395312 0.354167 0.415625 0.356250 0.414062 0.435417 0.410937 0.437500 0.389062 0.439583 0.387500 0.439583 0.375000 0.420833 0.368750 0.416667 0.368750 0.406250 0.364062 0.387500 0.364062 0.385417 0.365625 0.368750 0.365625
3 0.704167 0.620313 0.456250 0.640625 0.416667 0.653125 0.397917 0.746875 0.416667 0.842188 0.700000 0.835938 0.650000 0.748438
3 0.366667 0.664062 0.358333 0.725000 0.362500 0.773438 0.354167 0.804688 0.385417 0.985937 0.431250 0.985937 0.389583 0.771875 0.391667 0.721875
3 0.795833 0.989062 0.712500 0.843750 0.414583 0.848437 0.443750 0.987500
7 0.056250 0.015625 0.058333 0.103125 0.670833 0.190625 0.702083 0.015625
7 0.316667 0.364062 0.318750 0.364062 0.320833 0.365625 0.325000 0.365625 0.327083 0.367188 0.331250 0.367188 0.333333 0.368750 0.337500 0.365625 0.339583 0.365625 0.345833 0.360938 0.347917 0.360938 0.352083 0.357812 0.354167 0.357812 0.356250 0.356250 0.320833 0.356250 0.318750 0.357812 0.316667 0.357812
7 0.375000 0.640625 0.377083 0.656250 0.379167 0.657812 0.379167 0.665625 0.381250 0.667188 0.381250 0.676562 0.383333 0.678125 0.383333 0.685938 0.385417 0.687500 0.385417 0.695312 0.387500 0.696875 0.387500 0.704687 0.389583 0.706250 0.389583 0.714063 0.391667 0.695312 0.393750 0.693750 0.393750 0.684375 0.395833 0.682813 0.395833 0.673437 0.397917 0.671875 0.397917 0.662500 0.400000 0.660937 0.400000 0.650000
7 0.254167 0.718750 0.254167 0.720312 0.304167 0.720312 0.306250 0.721875 0.310417 0.721875 0.310417 0.715625 0.312500 0.714063 0.312500 0.706250 0.310417 0.704687 0.270833 0.704687 0.264583 0.709375 0.264583 0.710938
8 0.089583 0.292188 0.095833 0.431250 0.131250 0.431250 0.156250 0.478125 0.195833 0.489062 0.210417 0.409375 0.218750 0.303125
8 0.070833 0.504687 0.218750 0.610937 0.447917 0.640625 0.710417 0.612500 0.487500 0.603125 0.475000 0.568750 0.508333 0.601562 0.568750 0.329688 0.402083 0.321875 0.466667 0.407813 0.458333 0.481250 0.462500 0.412500 0.320833 0.415625 0.320833 0.451562 0.370833 0.471875 0.372917 0.509375 0.431250 0.504687 0.425000 0.476562 0.456250 0.481250 0.468750 0.554688 0.456250 0.534375 0.341667 0.529688 0.335417 0.465625 0.300000 0.450000 0.302083 0.531250 0.237500 0.531250 0.133333 0.468750
8 0.275000 0.339063 0.304167 0.353125 0.358333 0.354688 0.360417 0.356250 0.375000 0.356250 0.377083 0.357812 0.391667 0.357812 0.393750 0.359375 0.402083 0.351562 0.397917 0.346875 0.383333 0.340625 0.358333 0.340625 0.356250 0.339063 0.335417 0.337500 0.333333 0.335938 0.312500 0.334375 0.310417 0.332812 0.297917 0.332812
8 0.577083 0.337500 0.520833 0.598437 0.725000 0.601562 0.758333 0.487500 0.729167 0.601562 0.754167 0.659375 0.816667 0.675000 0.985417 0.643750 0.983333 0.521875 0.904167 0.493750 0.987500 0.514063 0.983333 0.371875
8 0.285417 0.467187 0.283333 0.467187 0.281250 0.468750 0.279167 0.468750 0.277083 0.470313 0.275000 0.470313 0.270833 0.473437 0.270833 0.481250 0.272917 0.482812 0.272917 0.484375 0.279167 0.489062 0.281250 0.487500 0.287500 0.487500 0.289583 0.485938 0.293750 0.485938 0.291667 0.484375 0.291667 0.481250 0.289583 0.479688 0.289583 0.476562 0.287500 0.475000 0.287500 0.471875 0.285417 0.470313
8 0.218750 0.757812 0.225000 0.770312 0.235417 0.776563 0.254167 0.781250 0.347917 0.793750 0.360417 0.773438 0.352083 0.745313 0.325000 0.748438 0.285417 0.748438 0.243750 0.742188 0.237500 0.753125
8 0.314583 0.928125 0.204167 0.929688 0.197917 0.932813 0.195833 0.987500 0.197917 0.985937 0.310417 0.982813 0.312500 0.929688