1 0.018750 0.014062 0.014583 0.432813 0.035417 0.406250 0.729167 0.439063 0.733333 0.392188 0.658333 0.398438 0.606250 0.378125 0.608333 0.296875 0.587500 0.275000 0.604167 0.198437 0.260417 0.131250 0.210417 0.143750 0.175000 0.120312 0.110417 0.112500 0.093750 0.018750 0.114583 0.014062
1 0.133333 0.014062 0.137500 0.014062 0.139583 0.015625 0.145833 0.015625 0.147917 0.017188 0.154167 0.017188 0.156250 0.018750 0.160417 0.018750 0.162500 0.020312 0.168750 0.020312 0.177083 0.023438 0.191667 0.025000 0.200000 0.028125 0.218750 0.028125 0.216667 0.026563 0.216667 0.020312 0.214583 0.018750 0.214583 0.014062
1 0.345833 0.796875 0.087500 0.815625 0.070833 0.920313 0.045833 0.989062 0.258333 0.989062 0.381250 0.965625
2 0.833333 0.217187 0.868750 0.225000 0.845833 0.303125 0.768750 0.306250 0.827083 0.318750 0.829167 0.382812 0.804167 0.393750 0.743750 0.390625 0.733333 0.445312 0.870833 0.535937 0.870833 0.548437 0.897917 0.562500 0.879167 0.601562 0.914583 0.603125 0.893750 0.618750 0.985417 0.687500 0.987500 0.221875
3 0.487500 0.015625 0.468750 0.157813 0.439583 0.159375 0.718750 0.154687 0.502083 0.170312 0.616667 0.193750 0.650000 0.185937 0.752083 0.204688 0.985417 0.217187 0.981250 0.079687 0.897917 0.050000 0.902083 0.089062 0.841667 0.064062 0.760417 0.153125 0.818750 0.062500 0.829167 0.010937
3 0.016667 0.751562 0.047917 0.718750 0.068750 0.720312 0.079167 0.809375 0.416667 0.787500 0.450000 0.592188 0.870833 0.600000 0.887500 0.560938 0.708333 0.442187 0.035417 0.414062 0.016667 0.454688
3 0.985417 0.790625 0.587500 0.814062 0.664583 0.982813 0.987500 0.989062
3 0.545833 0.793750 0.500000 0.960938 0.575000 0.956250 0.595833 0.985937 0.662500 0.987500 0.575000 0.814062 0.558333 0.793750
7 0.839583 0.014062 0.829167 0.057813 0.868750 0.057813 0.872917 0.070312 0.885417 0.079687 0.900000 0.081250 0.887500 0.062500 0.891667 0.042188 0.956250 0.071875 0.989583 0.067188 0.987500 0.014062
8 0.104167 0.028125 0.097917 0.071875 0.106250 0.096875 0.122917 0.109375 0.177083 0.112500 0.193750 0.132812 0.214583 0.137500 0.250000 0.129688 0.289583 0.078125 0.289583 0.134375 0.454167 0.156250 0.475000 0.012500 0.297917 0.010937 0.289583 0.078125 0.283333 0.040625 0.258333 0.045313 0.127083 0.015625
8 0.614583 0.195312 0.595833 0.237500 0.595833 0.268750 0.629167 0.301562 0.618750 0.304688 0.610417 0.326562 0.620833 0.376563 0.658333 0.390625 0.672917 0.384375 0.806250 0.389062 0.822917 0.379687 0.831250 0.337500 0.820833 0.318750 0.683333 0.296875 0.843750 0.300000 0.866667 0.225000 0.650000 0.187500
8 0.416667 0.509375 0.416667 0.528125 0.479167 0.532812 0.556250 0.545313 0.566667 0.531250 0.575000 0.503125 0.562500 0.500000 0.558333 0.493750 0.514583 0.493750 0.487500 0.465625 0.479167 0.465625 0.429167 0.493750
8 0.391667 0.965625 0.493750 0.964063 0.547917 0.770312 0.593750 0.770312 0.550000 0.784375 0.587500 0.809375 0.983333 0.785937 0.979167 0.692187 0.883333 0.612500 0.906250 0.604688 0.552083 0.603125 0.589583 0.670313 0.535417 0.593750 0.458333 0.598437 0.422917 0.790625 0.360417 0.804688
8 0.064583 0.723437 0.047917 0.723437 0.016667 0.754687 0.014583 0.985937 0.041667 0.982813 0.072917 0.867188 0.077083 0.815625
8 0.581250 0.985937 0.568750 0.960938 0.320833 0.984375