1 0.120833 0.014062 0.122917 0.153125 0.222917 0.160938 0.227083 0.214062 0.337500 0.228125 0.335417 0.200000 0.310417 0.179688 0.329167 0.014062
1 0.202083 0.465625 0.208333 0.725000 0.220833 0.735937 0.295833 0.732813 0.291667 0.657812 0.266667 0.623438 0.304167 0.589063 0.304167 0.562500 0.322917 0.554688 0.306250 0.540625 0.316667 0.514063 0.291667 0.496875 0.281250 0.467187
1 0.325000 0.731250 0.341667 0.979688 0.452083 0.985937 0.454167 0.965625 0.441667 0.925000 0.420833 0.909375 0.393750 0.901563 0.395833 0.856250 0.350000 0.826563 0.354167 0.812500 0.377083 0.809375 0.370833 0.795313 0.377083 0.771875 0.425000 0.767187 0.404167 0.728125 0.368750 0.743750
2 0.987500 0.387500 0.970833 0.401563 0.920833 0.393750 0.847917 0.462500 0.866667 0.478125 0.987500 0.687500
3 0.795833 0.017188 0.987500 0.225000 0.987500 0.014062
3 0.204167 0.162500 0.120833 0.162500 0.110417 0.250000 0.014583 0.240625 0.016667 0.704687 0.106250 0.717188 0.195833 0.698438 0.191667 0.403125 0.212500 0.251563
3 0.350000 0.203125 0.347917 0.231250 0.327083 0.289062 0.327083 0.298438 0.343750 0.339063 0.439583 0.343750 0.475000 0.264062 0.450000 0.206250
3 0.475000 0.275000 0.397917 0.401563 0.406250 0.440625 0.458333 0.464063 0.437500 0.521875 0.456250 0.628125 0.485417 0.598437 0.595833 0.985937 0.627083 0.985937 0.543750 0.656250 0.639583 0.987500 0.989583 0.989062 0.985417 0.696875 0.856250 0.473437 0.489583 0.453125 0.522917 0.364062
3 0.379167 0.350000 0.387500 0.356250 0.389583 0.356250 0.395833 0.362500 0.395833 0.373437 0.393750 0.375000 0.389583 0.375000 0.397917 0.375000 0.400000 0.376563 0.408333 0.376563 0.410417 0.378125 0.420833 0.378125 0.422917 0.379687 0.422917 0.376563 0.425000 0.375000 0.425000 0.371875 0.427083 0.370313 0.429167 0.362500 0.433333 0.357812 0.435417 0.350000
3 0.493750 0.446875 0.841667 0.465625 0.902083 0.396875 0.529167 0.376563
3 0.318750 0.518750 0.314583 0.540625 0.327083 0.557813 0.308333 0.567187 0.308333 0.587500 0.281250 0.607813 0.272917 0.634375 0.300000 0.657812 0.300000 0.706250 0.314583 0.706250 0.300000 0.704687 0.308333 0.668750 0.339583 0.645312 0.381250 0.635938 0.383333 0.656250 0.352083 0.664062 0.362500 0.692187 0.347917 0.704687 0.358333 0.715625 0.383333 0.704687 0.420833 0.701563 0.445833 0.681250 0.450000 0.615625 0.431250 0.525000 0.393750 0.531250 0.368750 0.520312 0.352083 0.529688 0.335417 0.518750
7 0.441667 0.454688 0.420833 0.445312 0.408333 0.445312 0.314583 0.456250 0.297917 0.471875 0.293750 0.479688 0.314583 0.510938 0.352083 0.523438 0.362500 0.515625 0.370833 0.514063 0.425000 0.514063 0.441667 0.504687 0.447917 0.468750
7 0.483333 0.601562 0.458333 0.645312 0.458333 0.678125 0.416667 0.718750 0.447917 0.798437 0.445833 0.867188 0.485417 0.984375 0.591667 0.987500
7 0.268750 0.784375 0.268750 0.792188 0.018750 0.800000 0.014583 0.989062 0.295833 0.982813 0.287500 0.940625 0.245833 0.942187 0.250000 0.923437 0.291667 0.914062 0.291667 0.901563 0.235417 0.904688 0.237500 0.889063 0.293750 0.878125
7 0.410417 0.792188 0.391667 0.798437 0.391667 0.817187 0.381250 0.826563 0.381250 0.829687 0.387500 0.839063 0.397917 0.846875 0.404167 0.857813 0.418750 0.867188 0.422917 0.867188 0.437500 0.878125 0.439583 0.890625 0.435417 0.910937 0.447917 0.915625 0.454167 0.906250 0.445833 0.878125 0.437500 0.867188 0.429167 0.845312 0.429167 0.801562 0.420833 0.798437 0.418750 0.792188
8 0.014583 0.010937 0.016667 0.231250 0.050000 0.231250 0.108333 0.242188 0.110417 0.014062
8 0.345833 0.015625 0.325000 0.182812 0.462500 0.203125 0.516667 0.356250 0.556250 0.370313 0.720833 0.012500
8 0.729167 0.017188 0.570833 0.365625 0.977083 0.393750 0.985417 0.237500 0.789583 0.017188
8 0.387500 0.359375 0.368750 0.346875 0.339583 0.345313 0.329167 0.323438 0.322917 0.332812 0.295833 0.345313 0.277083 0.375000 0.243750 0.375000 0.243750 0.409375 0.250000 0.409375 0.262500 0.423438 0.277083 0.426562 0.302083 0.414062 0.312500 0.375000 0.304167 0.375000 0.304167 0.371875 0.312500 0.368750 0.329167 0.370313 0.327083 0.395312 0.331250 0.401563 0.356250 0.387500 0.383333 0.378125 0.391667 0.368750
8 0.379167 0.635938 0.339583 0.646875 0.310417 0.668750 0.302083 0.681250 0.302083 0.704687 0.341667 0.706250 0.360417 0.692187 0.358333 0.690625 0.358333 0.681250 0.350000 0.670313 0.350000 0.664062 0.358333 0.659375 0.370833 0.656250 0.381250 0.656250 0.379167 0.653125
8 0.310417 0.887500 0.287500 0.887500 0.285417 0.889063 0.262500 0.889063 0.260417 0.890625 0.241667 0.890625 0.239583 0.892187 0.237500 0.892187 0.237500 0.901563 0.241667 0.901563 0.243750 0.900000 0.312500 0.900000 0.310417 0.898438