1 0.860417 0.039062 0.831250 0.010937 0.472917 0.017188 0.806250 0.087500 0.806250 0.068750
1 0.035417 0.135937 0.062500 0.175000 0.458333 0.307813 0.572917 0.262500 0.210417 0.210938 0.212500 0.160938
1 0.035417 0.156250 0.027083 0.254687 0.410417 0.301562 0.054167 0.179688
1 0.506250 0.310937 0.666667 0.339063 0.675000 0.337500 0.666667 0.279687 0.618750 0.270312 0.600000 0.268750
2 0.983333 0.039062 0.935417 0.039062 0.847917 0.082813 0.843750 0.117188 0.718750 0.204688 0.702083 0.339063 0.806250 0.346875 0.814583 0.381250 0.922917 0.389062 0.862500 0.867188 0.987500 0.854688
3 0.018750 0.300000 0.016667 0.987500 0.685417 0.987500 0.702083 0.793750 0.754167 0.790625 0.789583 0.825000 0.779167 0.857813 0.706250 0.851562 0.856250 0.868750 0.916667 0.395312
6 0.710417 0.857813 0.693750 0.982813 0.989583 0.985937 0.985417 0.860937 0.785417 0.879687 0.756250 0.851562
7 0.012500 0.014062 0.020833 0.126563 0.402083 0.190625 0.222917 0.164062 0.222917 0.207813 0.662500 0.268750 0.702083 0.239063 0.408333 0.189063 0.664583 0.228125 0.800000 0.148438 0.185417 0.014062
7 0.702083 0.262500 0.681250 0.279687 0.681250 0.331250 0.683333 0.332812 0.683333 0.337500 0.691667 0.340625 0.691667 0.326562 0.693750 0.325000 0.693750 0.310937 0.695833 0.309375 0.695833 0.295312 0.697917 0.293750 0.697917 0.279687 0.700000 0.278125 0.700000 0.264062
8 0.031250 0.350000 0.025000 0.406250 0.166667 0.414062 0.170833 0.359375
8 0.268750 0.364062 0.268750 0.382812 0.272917 0.385938 0.293750 0.385938 0.295833 0.387500 0.316667 0.387500 0.318750 0.389062 0.339583 0.389062 0.341667 0.390625 0.362500 0.390625 0.364583 0.392188 0.372917 0.387500 0.375000 0.364062 0.370833 0.362500 0.270833 0.360938
8 0.410417 0.371875 0.393750 0.501562 0.550000 0.506250 0.564583 0.382812
8 0.233333 0.392188 0.233333 0.440625 0.362500 0.451562 0.366667 0.442187 0.370833 0.406250 0.360417 0.396875
8 0.387500 0.517187 0.372917 0.645312 0.525000 0.645312 0.541667 0.521875
8 0.595833 0.550000 0.595833 0.554688 0.602083 0.559375 0.608333 0.559375 0.614583 0.567187 0.681250 0.568750 0.685417 0.570312 0.685417 0.568750 0.693750 0.562500 0.693750 0.554688 0.687500 0.548437 0.685417 0.543750 0.679167 0.540625 0.618750 0.540625 0.616667 0.542188 0.612500 0.542188 0.608333 0.545313 0.597917 0.545313 0.597917 0.548437
8 0.731250 0.564062 0.731250 0.571875 0.752083 0.576563 0.777083 0.585938 0.804167 0.585938 0.806250 0.587500 0.833333 0.587500 0.837500 0.589063 0.841667 0.585938 0.845833 0.578125 0.841667 0.560938 0.760417 0.560938 0.752083 0.564062
8 0.593750 0.581250 0.593750 0.582812 0.602083 0.587500 0.610417 0.587500 0.612500 0.589063 0.612500 0.596875 0.641667 0.596875 0.643750 0.598437 0.675000 0.598437 0.679167 0.600000 0.683333 0.598437 0.683333 0.595312 0.687500 0.589063 0.687500 0.585938 0.681250 0.576563 0.670833 0.573438 0.614583 0.573438 0.608333 0.578125 0.597917 0.578125
8 0.622917 0.604688 0.629167 0.612500 0.629167 0.617188 0.631250 0.618750 0.629167 0.620313 0.629167 0.628125 0.635417 0.632812 0.637500 0.632812 0.668750 0.651563 0.670833 0.650000 0.683333 0.650000 0.687500 0.646875 0.693750 0.645312 0.693750 0.639063 0.695833 0.637500 0.695833 0.632812 0.697917 0.631250 0.695833 0.629687 0.695833 0.625000 0.693750 0.623438 0.650000 0.606250 0.641667 0.606250 0.639583 0.604688
8 0.258333 0.670313 0.189583 0.656250 0.177083 0.662500 0.162500 0.759375 0.162500 0.784375 0.189583 0.781250 0.208333 0.775000 0.258333 0.771875 0.262500 0.768750 0.266667 0.676562
8 0.554167 0.664062 0.547917 0.740625 0.579167 0.775000 0.587500 0.778125 0.604167 0.767187 0.627083 0.770312 0.685417 0.757812 0.687500 0.665625 0.654167 0.662500
8 0.820833 0.668750 0.716667 0.673437 0.706250 0.746875 0.808333 0.746875 0.818750 0.742188 0.833333 0.717188 0.833333 0.696875
8 0.754167 0.792188 0.702083 0.795313 0.702083 0.807813 0.693750 0.846875 0.693750 0.859375 0.700000 0.864062 0.704167 0.845312 0.712500 0.842188 0.758333 0.842188 0.768750 0.851562 0.779167 0.856250 0.787500 0.825000 0.785417 0.814062 0.770833 0.806250
8 0.637500 0.796875 0.539583 0.801562 0.541667 0.834375 0.575000 0.878125 0.656250 0.873438 0.656250 0.853125 0.666667 0.823438
8 0.254167 0.817187 0.254167 0.825000 0.256250 0.826563 0.256250 0.834375 0.258333 0.835938 0.302083 0.835938 0.304167 0.837500 0.308333 0.837500 0.310417 0.829687 0.314583 0.825000 0.310417 0.820312 0.310417 0.817187
8 0.237500 0.848437 0.239583 0.876562 0.241667 0.878125 0.245833 0.878125 0.247917 0.876562 0.314583 0.876562 0.314583 0.870313 0.316667 0.868750 0.314583 0.867188 0.314583 0.857813 0.312500 0.856250 0.310417 0.846875 0.243750 0.846875 0.241667 0.848437
8 0.310417 0.885938 0.306250 0.881250 0.256250 0.882812 0.254167 0.884375 0.231250 0.884375 0.229167 0.885938 0.204167 0.885938 0.202083 0.887500 0.204167 0.906250 0.208333 0.907812 0.210417 0.906250 0.308333 0.904688 0.312500 0.895312 0.310417 0.893750