1 0.872917 0.012500 0.833333 0.010937 0.785417 0.132812 0.854167 0.129688 0.839583 0.117188 0.839583 0.109375 0.814583 0.106250 0.812500 0.100000 0.825000 0.057813 0.856250 0.057813 0.862500 0.025000
1 0.560417 0.020312 0.552083 0.162500 0.570833 0.156250 0.664583 0.162500 0.689583 0.150000 0.685417 0.139062 0.700000 0.100000 0.689583 0.098438 0.670833 0.121875 0.629167 0.103125 0.670833 0.076563 0.662500 0.073437 0.635417 0.029687 0.604167 0.029687 0.591667 0.020312
1 0.554167 0.210938 0.556250 0.209375 0.579167 0.209375 0.581250 0.207813 0.622917 0.206250 0.645833 0.203125 0.693750 0.203125 0.689583 0.195312 0.677083 0.195312 0.672917 0.192188 0.672917 0.189063 0.600000 0.187500 0.597917 0.189063 0.577083 0.189063 0.572917 0.190625 0.558333 0.184375 0.558333 0.195312
1 0.556250 0.232812 0.556250 0.320312 0.627083 0.317187 0.625000 0.314063 0.633333 0.304688 0.639583 0.284375 0.641667 0.250000 0.654167 0.245312 0.654167 0.240625 0.572917 0.239063
1 0.525000 0.356250 0.029167 0.376563 0.058333 0.368750 0.018750 0.317187 0.020833 0.859375 0.072917 0.856250 0.108333 0.392188
1 0.789583 0.542188 0.495833 0.557813 0.137500 0.557813 0.108333 0.853125 0.850000 0.809375
3 0.752083 0.012500 0.760417 0.015625 0.758333 0.065625 0.722917 0.101562 0.702083 0.098438 0.687500 0.143750 0.708333 0.145313 0.731250 0.187500 0.800000 0.187500 0.812500 0.179688 0.827083 0.179688 0.843750 0.192188 0.883333 0.185937 0.900000 0.170312 0.900000 0.159375 0.864583 0.137500 0.785417 0.140625 0.764583 0.173438 0.754167 0.176563 0.827083 0.010937
3 0.545833 0.021875 0.543750 0.070312 0.418750 0.060938 0.410417 0.075000 0.397917 0.037500 0.464583 0.023438 0.252083 0.031250 0.260417 0.057813 0.202083 0.060938 0.266667 0.060938 0.287500 0.156250 0.129167 0.157813 0.116667 0.123438 0.245833 0.115625 0.089583 0.098438 0.089583 0.078125 0.131250 0.081250 0.141667 0.065625 0.079167 0.071875 0.047917 0.037500 0.022917 0.037500 0.018750 0.151562 0.043750 0.151562 0.052083 0.173438 0.018750 0.185937 0.068750 0.184375 0.085417 0.214062 0.510417 0.184375 0.504167 0.154687 0.547917 0.167187 0.545833 0.137500 0.441667 0.137500 0.422917 0.106250 0.543750 0.104687 0.545833 0.132812
3 0.989583 0.170312 0.933333 0.175000 0.870833 0.223438 0.839583 0.210938 0.820833 0.221875 0.741667 0.204688 0.781250 0.381250 0.741667 0.475000 0.706250 0.521875 0.981250 0.501562
3 0.704167 0.200000 0.708333 0.225000 0.687500 0.240625 0.675000 0.268750 0.681250 0.287500 0.654167 0.331250 0.664583 0.345313 0.702083 0.285937 0.729167 0.384375 0.683333 0.462500 0.658333 0.362500 0.652083 0.375000 0.683333 0.523438 0.708333 0.515625 0.772917 0.389062 0.737500 0.206250
7 0.887500 0.010937 0.877083 0.020312 0.866667 0.059375 0.866667 0.068750 0.881250 0.092188 0.904167 0.107813 0.937500 0.121875 0.985417 0.128125 0.989583 0.010937
7 0.914583 0.150000 0.914583 0.171875 0.916667 0.173438 0.933333 0.173438 0.935417 0.171875 0.941667 0.171875 0.943750 0.170312 0.950000 0.170312 0.952083 0.168750 0.958333 0.168750 0.960417 0.167187 0.968750 0.167187 0.970833 0.165625 0.985417 0.164062 0.985417 0.140625 0.981250 0.139062 0.937500 0.139062 0.935417 0.140625 0.931250 0.140625
7 0.543750 0.185937 0.106250 0.206250 0.085417 0.218750 0.075000 0.207813 0.014583 0.210938 0.016667 0.312500 0.066667 0.373437 0.541667 0.354688 0.545833 0.239063 0.529167 0.215625 0.552083 0.214062
7 0.675000 0.237500 0.662500 0.237500 0.662500 0.248437 0.660417 0.250000 0.643750 0.250000 0.641667 0.284375 0.637500 0.292188 0.635417 0.304688 0.631250 0.307813 0.627083 0.315625 0.658333 0.321875 0.660417 0.312500 0.670833 0.292188 0.670833 0.268750 0.685417 0.251563
7 0.702083 0.287500 0.666667 0.346875 0.683333 0.456250 0.727083 0.384375
7 0.114583 0.395312 0.079167 0.853125 0.127083 0.551562 0.800000 0.540625 0.854167 0.814062 0.016667 0.862500 0.014583 0.987500 0.989583 0.989062 0.989583 0.546875 0.931250 0.550000 0.966667 0.720312 0.920833 0.548437 0.827083 0.542188 0.987500 0.542188 0.989583 0.503125 0.679167 0.526563 0.650000 0.381250 0.152083 0.390625 0.129167 0.528125
8 0.595833 0.015625 0.602083 0.025000 0.629167 0.021875 0.652083 0.023438 0.666667 0.070312 0.752083 0.068750 0.758333 0.015625
8 0.541667 0.020312 0.470833 0.021875 0.450000 0.035937 0.412500 0.042188 0.400000 0.037500 0.410417 0.073437 0.418750 0.059375 0.452083 0.059375 0.472917 0.068750 0.543750 0.068750
8 0.250000 0.031250 0.047917 0.039062 0.079167 0.070312 0.143750 0.065625 0.131250 0.082813 0.089583 0.079687 0.089583 0.096875 0.127083 0.098438 0.156250 0.114063 0.247917 0.115625 0.116667 0.125000 0.129167 0.156250 0.287500 0.154687 0.264583 0.060938 0.200000 0.060938 0.260417 0.056250
8 0.914583 0.115625 0.868750 0.084375 0.858333 0.060938 0.829167 0.060938 0.816667 0.104687 0.843750 0.107813 0.904167 0.160938 0.872917 0.204688 0.829167 0.184375 0.808333 0.185937 0.802083 0.195312 0.731250 0.195312 0.704167 0.146875 0.675000 0.157813 0.666667 0.176563 0.647917 0.162500 0.579167 0.162500 0.556250 0.171875 0.514583 0.167187 0.518750 0.182812 0.675000 0.187500 0.827083 0.218750 0.841667 0.209375 0.866667 0.220313 0.912500 0.196875 0.914583 0.146875 0.870833 0.112500
8 0.635417 0.104687 0.664583 0.117188 0.689583 0.089062 0.693750 0.089062 0.722917 0.100000 0.725000 0.095312 0.741667 0.076563 0.677083 0.076563
8 0.425000 0.106250 0.422917 0.125000 0.441667 0.135937 0.545833 0.135937 0.543750 0.132812 0.543750 0.106250
8 0.014583 0.154687 0.014583 0.164062 0.012500 0.165625 0.012500 0.173438 0.050000 0.173438 0.047917 0.171875 0.047917 0.167187 0.045833 0.165625 0.045833 0.159375 0.043750 0.157813 0.043750 0.153125 0.018750 0.153125 0.016667 0.154687
8 0.016667 0.189063 0.016667 0.210938 0.018750 0.209375 0.043750 0.209375 0.045833 0.207813 0.070833 0.207813 0.070833 0.206250 0.068750 0.204688 0.068750 0.185937 0.022917 0.185937
8 0.704167 0.209375 0.681250 0.206250 0.645833 0.206250 0.583333 0.210938 0.572917 0.217187 0.547917 0.218750 0.545833 0.215625 0.539583 0.215625 0.537500 0.234375 0.543750 0.235938 0.547917 0.229687 0.568750 0.229687 0.583333 0.237500 0.702083 0.229687
8 0.650000 0.335938 0.647917 0.334375 0.647917 0.326562 0.645833 0.325000 0.645833 0.320312 0.641667 0.320312 0.639583 0.318750 0.622917 0.318750 0.620833 0.320312 0.597917 0.320312 0.581250 0.326562 0.562500 0.326562 0.562500 0.337500 0.589583 0.337500 0.597917 0.343750 0.600000 0.342187 0.608333 0.342187 0.610417 0.340625 0.618750 0.340625 0.620833 0.339063 0.629167 0.339063 0.631250 0.337500
8 0.518750 0.365625 0.560417 0.378125 0.564583 0.376563 0.652083 0.371875 0.650000 0.368750 0.650000 0.346875 0.579167 0.346875 0.545833 0.354688