1 0.262500 0.014062 0.304167 0.101562 0.293750 0.107813 0.343750 0.134375 0.362500 0.229687 0.331250 0.226562 0.368750 0.317187 0.572917 0.303125 0.568750 0.250000 0.652083 0.245312 0.697917 0.228125 0.691667 0.176563 0.716667 0.103125 0.710417 0.082813 0.566667 0.092188 0.543750 0.043750 0.570833 0.012500
3 0.335417 0.142188 0.300000 0.142188 0.291667 0.125000 0.022917 0.143750 0.018750 0.360938 0.341667 0.328125 0.320833 0.218750 0.362500 0.231250
7 0.235417 0.010937 0.018750 0.023438 0.016667 0.137500 0.275000 0.118750
7 0.747917 0.015625 0.722917 0.092188 0.787500 0.301562 0.806250 0.301562 0.777083 0.309375 0.760417 0.293750 0.766667 0.260938 0.714583 0.293750 0.779167 0.331250 0.945833 0.334375 0.968750 0.484375 0.941667 0.440625 0.939583 0.342187 0.872917 0.354688 0.956250 0.639063 0.985417 0.639063 0.985417 0.284375 0.964583 0.264062 0.945833 0.287500 0.883333 0.289062 0.987500 0.257812 0.987500 0.014062
7 0.716667 0.129688 0.710417 0.167187 0.704167 0.175000 0.704167 0.182812 0.712500 0.204688 0.727083 0.231250 0.752083 0.203125 0.747917 0.198437
7 0.845833 0.346875 0.739583 0.357812 0.710417 0.303125 0.708333 0.348437 0.685417 0.312500 0.539583 0.307813 0.014583 0.375000 0.016667 0.732813 0.683333 0.665625 0.706250 0.606250 0.689583 0.668750 0.016667 0.740625 0.014583 0.984375 0.987500 0.987500 0.987500 0.643750 0.852083 0.648438 0.950000 0.634375
8 0.725000 0.017188 0.579167 0.021875 0.568750 0.051562 0.550000 0.059375 0.575000 0.071875 0.579167 0.084375 0.722917 0.075000
8 0.266667 0.162500 0.262500 0.162500 0.256250 0.165625 0.252083 0.165625 0.250000 0.167187 0.247917 0.167187 0.247917 0.168750 0.245833 0.170312 0.245833 0.185937 0.243750 0.187500 0.243750 0.207813 0.258333 0.207813 0.260417 0.206250 0.272917 0.206250 0.270833 0.204688 0.270833 0.190625 0.268750 0.189063 0.268750 0.175000 0.266667 0.173438
8 0.256250 0.226562 0.268750 0.235938 0.268750 0.237500 0.272917 0.242188 0.272917 0.245312 0.275000 0.246875 0.275000 0.248437 0.277083 0.250000 0.277083 0.251563 0.291667 0.251563 0.289583 0.250000 0.289583 0.248437 0.287500 0.246875 0.287500 0.245312 0.285417 0.243750 0.285417 0.242188 0.283333 0.240625 0.283333 0.239063 0.281250 0.237500 0.281250 0.235938 0.279167 0.234375 0.279167 0.232812 0.277083 0.231250 0.277083 0.229687 0.275000 0.228125 0.275000 0.226562 0.272917 0.225000 0.272917 0.223438 0.268750 0.223438 0.266667 0.225000 0.262500 0.225000 0.260417 0.226562
8 0.747917 0.240625 0.700000 0.240625 0.683333 0.248437 0.666667 0.246875 0.664583 0.257812 0.635417 0.256250 0.600000 0.264062 0.579167 0.264062 0.572917 0.275000 0.581250 0.284375 0.600000 0.281250 0.591667 0.287500 0.579167 0.287500 0.579167 0.301562 0.591667 0.312500 0.700000 0.304688 0.708333 0.279687 0.643750 0.278125 0.670833 0.270312 0.708333 0.270312 0.700000 0.267188 0.702083 0.264062 0.750000 0.264062
8 0.035417 0.250000 0.035417 0.260938 0.047917 0.260938 0.050000 0.259375 0.060417 0.259375 0.062500 0.257812 0.072917 0.257812 0.075000 0.256250 0.083333 0.256250 0.075000 0.256250 0.072917 0.254687 0.064583 0.254687 0.062500 0.253125 0.054167 0.253125 0.052083 0.251563 0.043750 0.251563 0.041667 0.250000
8 0.054167 0.268750 0.054167 0.271875 0.056250 0.273438 0.056250 0.278125 0.058333 0.279687 0.060417 0.278125 0.081250 0.278125 0.083333 0.276563 0.102083 0.276563 0.100000 0.275000 0.100000 0.273438 0.097917 0.271875 0.097917 0.270312 0.093750 0.265625 0.077083 0.265625 0.075000 0.267188 0.056250 0.267188
8 0.275000 0.267188 0.272917 0.265625 0.266667 0.265625 0.264583 0.267188 0.260417 0.267188 0.258333 0.268750 0.247917 0.270312 0.235417 0.275000 0.214583 0.275000 0.210417 0.276563 0.204167 0.281250 0.204167 0.282813 0.227083 0.300000 0.227083 0.301562 0.239583 0.301562 0.239583 0.298438 0.241667 0.296875 0.241667 0.293750 0.243750 0.290625 0.250000 0.285937 0.252083 0.285937 0.275000 0.268750
8 0.118750 0.292188 0.091667 0.292188 0.091667 0.295312 0.093750 0.296875 0.091667 0.298438 0.081250 0.298438 0.079167 0.296875 0.072917 0.296875 0.070833 0.295312 0.066667 0.295312 0.066667 0.310937 0.068750 0.312500 0.068750 0.317187 0.070833 0.318750 0.085417 0.318750 0.093750 0.312500 0.095833 0.312500 0.097917 0.314063 0.100000 0.312500 0.104167 0.312500 0.110417 0.309375 0.114583 0.309375 0.116667 0.307813 0.127083 0.306250 0.122917 0.301562 0.122917 0.298438 0.120833 0.296875