1 0.014583 0.014062 0.014583 0.318750 0.068750 0.160938 0.104167 0.181250 0.014583 0.359375 0.016667 0.420312 0.058333 0.437500 0.620833 0.389062 0.581250 0.373437 0.608333 0.298438 0.658333 0.296875 0.662500 0.331250 0.689583 0.339063 0.681250 0.282813 0.758333 0.273438 0.706250 0.256250 0.772917 0.195312 0.700000 0.100000 0.706250 0.048437 0.681250 0.015625 0.381250 0.015625 0.383333 0.076563 0.077083 0.092188
1 0.643750 0.387500 0.793750 0.376563 0.791667 0.375000 0.791667 0.362500 0.670833 0.360938 0.662500 0.370313 0.658333 0.384375
1 0.983333 0.476562 0.025000 0.520312 0.016667 0.753125 0.104167 0.726562 0.145833 0.768750 0.372917 0.757812 0.395833 0.740625 0.518750 0.775000 0.733333 0.764063 0.793750 0.781250 0.785417 0.823438 0.983333 0.757812
7 0.741667 0.029687 0.720833 0.064062 0.733333 0.139062 0.802083 0.170312 0.902083 0.159375 0.947917 0.143750 0.985417 0.226562 0.987500 0.039062 0.952083 0.010937 0.772917 0.012500
7 0.045833 0.014062 0.083333 0.084375 0.360417 0.078125 0.375000 0.071875 0.360417 0.012500
7 0.947917 0.156250 0.854167 0.170312 0.885417 0.175000 0.883333 0.198437 0.900000 0.243750 0.877083 0.254687 0.862500 0.243750 0.835417 0.242188 0.822917 0.251563 0.820833 0.264062 0.812500 0.265625 0.791667 0.320312 0.800000 0.379687 0.987500 0.365625 0.985417 0.232812 0.979167 0.239063
7 0.085417 0.160938 0.070833 0.160938 0.070833 0.181250 0.014583 0.320312 0.014583 0.357812 0.087500 0.192188 0.102083 0.190625 0.102083 0.181250
7 0.985417 0.373437 0.016667 0.435937 0.016667 0.514063 0.987500 0.465625
8 0.862500 0.185937 0.827083 0.185937 0.825000 0.187500 0.785417 0.187500 0.781250 0.189063 0.777083 0.192188 0.777083 0.193750 0.783333 0.198437 0.783333 0.200000 0.806250 0.200000 0.808333 0.201562 0.816667 0.201562 0.818750 0.203125 0.825000 0.203125 0.827083 0.204688 0.837500 0.196875 0.862500 0.196875
8 0.847917 0.206250 0.847917 0.207813 0.845833 0.209375 0.845833 0.210938 0.843750 0.212500 0.843750 0.214062 0.841667 0.215625 0.841667 0.217187 0.839583 0.218750 0.839583 0.220313 0.837500 0.221875 0.837500 0.223438 0.835417 0.225000 0.835417 0.226562 0.833333 0.228125 0.833333 0.229687 0.843750 0.229687 0.845833 0.231250 0.860417 0.231250 0.862500 0.232812 0.862500 0.226562 0.864583 0.225000 0.864583 0.220313 0.866667 0.218750 0.866667 0.212500 0.868750 0.210938 0.868750 0.206250
8 0.718750 0.235938 0.718750 0.248437 0.727083 0.262500 0.808333 0.262500 0.818750 0.264062 0.818750 0.239063 0.812500 0.237500 0.820833 0.235938 0.820833 0.214062 0.816667 0.212500 0.747917 0.209375 0.752083 0.234375 0.750000 0.235938
8 0.881250 0.221875 0.877083 0.225000 0.877083 0.226562 0.872917 0.229687 0.872917 0.231250 0.866667 0.235938 0.866667 0.239063 0.872917 0.243750 0.872917 0.245312 0.881250 0.251563 0.881250 0.253125 0.881250 0.250000 0.883333 0.248437 0.883333 0.243750 0.885417 0.242188 0.885417 0.239063 0.887500 0.237500 0.887500 0.234375 0.889583 0.232812 0.887500 0.231250 0.887500 0.229687 0.885417 0.228125 0.885417 0.226562 0.883333 0.225000 0.883333 0.223438
8 0.685417 0.287500 0.685417 0.300000 0.695833 0.303125 0.704167 0.303125 0.706250 0.304688 0.800000 0.304688 0.800000 0.284375 0.710417 0.284375 0.710417 0.289062 0.708333 0.290625 0.700000 0.287500
8 0.618750 0.310937 0.618750 0.337500 0.643750 0.337500 0.643750 0.331250 0.645833 0.329688 0.645833 0.325000 0.647917 0.323438 0.647917 0.317187 0.635417 0.317187 0.633333 0.318750 0.629167 0.315625 0.627083 0.315625 0.622917 0.312500 0.620833 0.312500
8 0.708333 0.310937 0.708333 0.328125 0.712500 0.326562 0.752083 0.326562 0.754167 0.325000 0.789583 0.325000 0.787500 0.323438 0.787500 0.310937
8 0.554167 0.320312 0.522917 0.320312 0.504167 0.331250 0.500000 0.339063 0.500000 0.357812 0.504167 0.365625 0.508333 0.367188 0.493750 0.371875 0.504167 0.381250 0.545833 0.370313 0.535417 0.359375 0.531250 0.359375 0.516667 0.365625 0.512500 0.364062 0.516667 0.360938 0.552083 0.348437 0.552083 0.321875
8 0.695833 0.332812 0.695833 0.340625 0.697917 0.342187 0.712500 0.342187 0.718750 0.346875 0.722917 0.346875 0.725000 0.345313 0.789583 0.345313 0.785417 0.339063 0.783333 0.329688 0.718750 0.329688 0.716667 0.331250 0.704167 0.331250 0.702083 0.332812
8 0.589583 0.351562 0.589583 0.357812 0.591667 0.359375 0.591667 0.364062 0.593750 0.365625 0.595833 0.364062 0.622917 0.364062 0.625000 0.362500 0.650000 0.362500 0.650000 0.342187 0.606250 0.342187 0.604167 0.343750 0.600000 0.343750
8 0.395833 0.356250 0.377083 0.356250 0.366667 0.350000 0.356250 0.350000 0.277083 0.365625 0.281250 0.398438 0.297917 0.398438 0.329167 0.393750 0.372917 0.390625 0.375000 0.385938 0.381250 0.381250 0.395833 0.379687
8 0.020833 0.762500 0.018750 0.984375 0.985417 0.987500 0.987500 0.825000 0.781250 0.843750 0.764583 0.826563 0.793750 0.796875 0.772917 0.779688 0.541667 0.787500 0.418750 0.745313 0.387500 0.765625 0.147917 0.776563 0.100000 0.737500