1 0.987500 0.010937 0.839583 0.014062 0.818750 0.018750 0.793750 0.031250 0.743750 0.042188 0.735417 0.103125 0.989583 0.087500
1 0.718750 0.046875 0.558333 0.062500 0.558333 0.423438 0.608333 0.431250 0.650000 0.376563 0.662500 0.306250 0.687500 0.310937 0.675000 0.376563 0.987500 0.357812 0.981250 0.323438 0.700000 0.312500 0.639583 0.284375 0.681250 0.107813 0.704167 0.104687
1 0.643750 0.535937 0.981250 0.523438 0.922917 0.517187 0.881250 0.496875 0.672917 0.496875 0.683333 0.507812
1 0.014583 0.987500 0.037500 0.987500 0.108333 0.745313 0.064583 0.701563 0.133333 0.709375 0.147917 0.685938 0.141667 0.709375 0.964583 0.676562 0.077083 0.642187 0.016667 0.587500
3 0.012500 0.014062 0.014583 0.542188 0.585417 0.546875 0.679167 0.507812 0.547917 0.432813 0.543750 0.064062 0.741667 0.042188 0.827083 0.014062
7 0.987500 0.679688 0.139583 0.728125 0.047917 0.989062 0.987500 0.989062
8 0.712500 0.048437 0.702083 0.117188 0.733333 0.129688 0.706250 0.126563 0.695833 0.110937 0.645833 0.282813 0.693750 0.309375 0.983333 0.321875 0.989583 0.093750 0.741667 0.107813 0.733333 0.126563 0.741667 0.043750
8 0.358333 0.068750 0.375000 0.165625 0.383333 0.178125 0.402083 0.195312 0.481250 0.207813 0.460417 0.170312 0.460417 0.134375 0.445833 0.067188
8 0.331250 0.195312 0.331250 0.271875 0.485417 0.257812 0.475000 0.209375
8 0.514583 0.331250 0.422917 0.318750 0.504167 0.325000 0.481250 0.271875 0.335417 0.281250 0.335417 0.304688 0.366667 0.310937 0.362500 0.312500 0.362500 0.342187 0.510417 0.360938
8 0.662500 0.307813 0.620833 0.484375 0.643750 0.495313 0.881250 0.495313 0.914583 0.510938 0.989583 0.515625 0.985417 0.364062 0.675000 0.378125 0.685417 0.310937
8 0.310417 0.343750 0.331250 0.389062 0.322917 0.395312 0.337500 0.406250 0.360417 0.406250 0.370833 0.418750 0.391667 0.418750 0.408333 0.423438 0.418750 0.420312 0.418750 0.393750 0.508333 0.398438 0.508333 0.367188
8 0.433333 0.445312 0.443750 0.445312 0.445833 0.443750 0.454167 0.443750 0.456250 0.442187 0.464583 0.442187 0.466667 0.440625 0.506250 0.435937 0.520833 0.414062 0.520833 0.410937 0.506250 0.410937 0.504167 0.409375 0.489583 0.409375 0.487500 0.407813 0.475000 0.407813 0.472917 0.406250 0.458333 0.406250 0.456250 0.404687 0.429167 0.403125 0.431250 0.429688 0.433333 0.431250
8 0.506250 0.451562 0.506250 0.493750 0.508333 0.495313 0.508333 0.500000 0.518750 0.507812 0.518750 0.451562
8 0.391667 0.453125 0.395833 0.468750 0.397917 0.470313 0.487500 0.470313 0.487500 0.467187 0.495833 0.453125
8 0.379167 0.484375 0.377083 0.509375 0.389583 0.509375 0.402083 0.523438 0.516667 0.529688 0.514583 0.510938 0.495833 0.496875 0.495833 0.473437 0.406250 0.475000
8 0.987500 0.529688 0.645833 0.545313 0.633333 0.564062 0.681250 0.593750 0.566667 0.559375 0.016667 0.551562 0.016667 0.585938 0.077083 0.632812 0.652083 0.668750 0.979167 0.673437
8 0.066667 0.704687 0.070833 0.706250 0.110417 0.735937 0.116667 0.732813 0.127083 0.731250 0.133333 0.728125 0.143750 0.726562 0.150000 0.723437 0.160417 0.721875 0.166667 0.718750 0.185417 0.714063 0.168750 0.714063 0.166667 0.712500 0.152083 0.712500 0.150000 0.710938 0.133333 0.710938 0.131250 0.709375 0.116667 0.709375 0.114583 0.707812