1 0.925000 0.118750 0.866667 0.087500 0.850000 0.100000 0.816667 0.095312 0.768750 0.056250 0.608333 0.054688 0.608333 0.012500 0.543750 0.015625 0.527083 0.307813 0.566667 0.303125 0.568750 0.282813 0.639583 0.265625 0.641667 0.225000 0.610417 0.225000 0.581250 0.207813 0.564583 0.185937 0.568750 0.170312 0.795833 0.118750
1 0.012500 0.182812 0.020833 0.593750 0.064583 0.259375
1 0.618750 0.398438 0.591667 0.398438 0.591667 0.362500 0.579167 0.362500 0.577083 0.376563 0.562500 0.375000 0.527083 0.314063 0.518750 0.442187 0.070833 0.459375 0.062500 0.440625 0.045833 0.440625 0.043750 0.465625 0.070833 0.485938 0.622917 0.446875
1 0.987500 0.812500 0.287500 0.829687 0.014583 0.817187 0.014583 0.989062 0.989583 0.984375
3 0.252083 0.010937 0.264583 0.089062 0.531250 0.089062 0.529167 0.012500
7 0.825000 0.014062 0.852083 0.065625 0.925000 0.112500 0.989583 0.115625 0.987500 0.010937
7 0.012500 0.014062 0.012500 0.043750 0.035417 0.078125 0.164583 0.070312 0.145833 0.014062
7 0.241667 0.014062 0.154167 0.014062 0.168750 0.076563 0.027083 0.084375 0.014583 0.060938 0.012500 0.178125 0.072917 0.260938 0.054167 0.429688 0.122917 0.107813 0.137500 0.109375 0.122917 0.237500 0.441667 0.231250 0.433333 0.195312 0.354167 0.176563 0.360417 0.160938 0.431250 0.154687 0.387500 0.142188 0.389583 0.109375 0.422917 0.095312 0.256250 0.095312 0.239583 0.053125 0.218750 0.051562 0.245833 0.035937
7 0.985417 0.323438 0.777083 0.339063 0.702083 0.246875 0.647917 0.229687 0.639583 0.276563 0.677083 0.279687 0.679167 0.307813 0.635417 0.315625 0.664583 0.331250 0.556250 0.359375 0.600000 0.360938 0.600000 0.393750 0.629167 0.359375 0.654167 0.507812 0.625000 0.454688 0.056250 0.487500 0.016667 0.806250 0.287500 0.828125 0.983333 0.804688 0.966667 0.428125 0.781250 0.428125 0.725000 0.515625 0.666667 0.518750 0.722917 0.509375 0.779167 0.423438 0.987500 0.410937
7 0.522917 0.232812 0.112500 0.246875 0.068750 0.456250 0.516667 0.439063
8 0.610417 0.053125 0.777083 0.051562 0.797917 0.025000 0.714583 0.021875 0.697917 0.012500 0.614583 0.014062 0.610417 0.015625
8 0.525000 0.093750 0.437500 0.100000 0.445833 0.132812 0.452083 0.229687 0.522917 0.229687
8 0.985417 0.121875 0.795833 0.120312 0.683333 0.146875 0.677083 0.153125 0.612500 0.157813 0.597917 0.171875 0.572917 0.171875 0.568750 0.182812 0.587500 0.207813 0.610417 0.218750 0.660417 0.223438 0.672917 0.234375 0.954167 0.221875 0.970833 0.212500 0.989583 0.165625
8 0.675000 0.279687 0.608333 0.278125 0.604167 0.307813 0.600000 0.304688 0.600000 0.289062 0.579167 0.289062 0.577083 0.309375 0.535417 0.312500 0.539583 0.334375 0.547917 0.340625 0.552083 0.320312 0.577083 0.320312 0.583333 0.332812 0.662500 0.331250 0.662500 0.317187 0.610417 0.315625 0.614583 0.312500 0.677083 0.307813