1 0.475000 0.121875 0.547917 0.126563 0.531250 0.082813 0.556250 0.014062 0.747917 0.025000 0.745833 0.015625 0.470833 0.012500
1 0.987500 0.323438 0.860417 0.326562 0.783333 0.292188 0.741667 0.314063 0.706250 0.271875 0.522917 0.271875 0.531250 0.218750 0.468750 0.212500 0.456250 0.259375 0.518750 0.268750 0.512500 0.331250 0.454167 0.325000 0.429167 0.651563 0.022917 0.678125 0.018750 0.701563 0.552083 0.667188 0.510417 0.573438 0.470833 0.567187 0.489583 0.528125 0.452083 0.542188 0.489583 0.492188 0.564583 0.482812 0.566667 0.437500 0.481250 0.396875 0.543750 0.356250 0.708333 0.329688 0.916667 0.342187 0.885417 0.434375 0.600000 0.439063 0.704167 0.534375 0.987500 0.523438
1 0.370833 0.315625 0.372917 0.439063 0.447917 0.442187 0.447917 0.315625
7 0.783333 0.012500 0.779167 0.018750 0.831250 0.037500 0.818750 0.093750 0.747917 0.182812 0.743750 0.221875 0.770833 0.279687 0.854167 0.321875 0.987500 0.318750 0.985417 0.046875 0.895833 0.060938 0.985417 0.040625 0.983333 0.010937
7 0.014583 0.110937 0.016667 0.154687 0.083333 0.165625 0.112500 0.293750 0.062500 0.293750 0.104167 0.292188 0.075000 0.168750 0.014583 0.159375 0.027083 0.442187 0.368750 0.439063 0.366667 0.310937 0.347917 0.309375 0.454167 0.309375 0.452083 0.165625 0.272917 0.159375 0.362500 0.157813 0.347917 0.121875
7 0.462500 0.268750 0.460417 0.270312 0.458333 0.328125 0.502083 0.329688 0.506250 0.331250 0.510417 0.287500 0.512500 0.285937 0.512500 0.271875 0.514583 0.270312 0.508333 0.268750
7 0.989583 0.532812 0.689583 0.540625 0.650000 0.467187 0.572917 0.435937 0.566667 0.482812 0.604167 0.485938 0.560417 0.518750 0.583333 0.540625 0.475000 0.568750 0.531250 0.601562 0.552083 0.562500 0.550000 0.643750 0.606250 0.753125 0.708333 0.657812 0.700000 0.703125 0.625000 0.757812 0.550000 0.671875 0.016667 0.703125 0.014583 0.989062 0.989583 0.987500 0.956250 0.670313 0.893750 0.640625 0.710417 0.650000 0.987500 0.621875
7 0.441667 0.446875 0.022917 0.450000 0.014583 0.675000 0.422917 0.648438
8 0.558333 0.020312 0.541667 0.079687 0.552083 0.131250 0.781250 0.129688 0.789583 0.057813 0.760417 0.032812
8 0.533333 0.160938 0.550000 0.181250 0.575000 0.182812 0.614583 0.196875 0.618750 0.204688 0.608333 0.221875 0.627083 0.228125 0.533333 0.225000 0.525000 0.264062 0.693750 0.267188 0.700000 0.248437 0.725000 0.234375 0.737500 0.235938 0.739583 0.176563 0.762500 0.137500 0.612500 0.135937
8 0.593750 0.364062 0.591667 0.432813 0.885417 0.431250 0.902083 0.418750 0.918750 0.364062 0.912500 0.345313 0.808333 0.335938 0.706250 0.335938 0.627083 0.348437
8 0.489583 0.381250 0.489583 0.392188 0.500000 0.400000 0.512500 0.417188 0.547917 0.434375 0.585417 0.434375 0.585417 0.365625 0.587500 0.357812 0.543750 0.357812 0.518750 0.376563 0.497917 0.376563
8 0.602083 0.485938 0.527083 0.484375 0.525000 0.503125 0.520833 0.492188 0.497917 0.495313 0.479167 0.515625 0.456250 0.518750 0.458333 0.543750 0.464583 0.543750 0.466667 0.525000 0.489583 0.525000 0.500000 0.540625 0.581250 0.540625 0.585417 0.520312 0.556250 0.518750 0.602083 0.510938