1 0.989583 0.014062 0.906250 0.014062 0.835417 0.168750 0.750000 0.217187 0.608333 0.189063 0.697917 0.145313 0.602083 0.126563 0.656250 0.012500 0.591667 0.012500 0.597917 0.254687 0.641667 0.226562 0.637500 0.279687 0.600000 0.271875 0.610417 0.573438 0.418750 0.584375 0.372917 0.931250 0.135417 0.943750 0.104167 0.781250 0.012500 0.971875 0.983333 0.907812 0.983333 0.856250 0.714583 0.882812 0.610417 0.635938 0.989583 0.531250 0.987500 0.484375 0.635417 0.420312 0.802083 0.278125 0.987500 0.284375
1 0.012500 0.087500 0.016667 0.582812 0.079167 0.532812
1 0.987500 0.910937 0.016667 0.973437 0.014583 0.987500 0.989583 0.987500
3 0.395833 0.539062 0.279167 0.545313 0.112500 0.760938 0.137500 0.940625 0.368750 0.925000 0.416667 0.642187
3 0.204167 0.545313 0.077083 0.543750 0.016667 0.593750 0.014583 0.904688 0.112500 0.751562 0.214583 0.620313
7 0.897917 0.014062 0.743750 0.015625 0.737500 0.034375 0.714583 0.040625 0.716667 0.048437 0.735417 0.051562 0.747917 0.071875 0.710417 0.075000 0.722917 0.103125 0.743750 0.107813 0.752083 0.115625 0.760417 0.187500 0.712500 0.193750 0.712500 0.203125 0.752083 0.209375 0.829167 0.167187 0.883333 0.060938
7 0.014583 0.018750 0.089583 0.535937 0.210417 0.539062 0.212500 0.553125 0.395833 0.537500 0.412500 0.578125 0.602083 0.570312 0.587500 0.015625
7 0.627083 0.042188 0.627083 0.073437 0.731250 0.068750 0.731250 0.053125 0.712500 0.053125 0.710417 0.043750 0.697917 0.031250 0.685417 0.031250 0.683333 0.050000 0.641667 0.048437 0.639583 0.045313 0.658333 0.017188 0.641667 0.021875 0.639583 0.040625
7 0.604167 0.226562 0.600000 0.228125 0.600000 0.270312 0.602083 0.271875 0.602083 0.276563 0.614583 0.276563 0.616667 0.278125 0.633333 0.278125 0.635417 0.279687 0.635417 0.256250 0.637500 0.254687 0.637500 0.228125 0.639583 0.226562
7 0.802083 0.279687 0.795833 0.312500 0.814583 0.314063 0.818750 0.329688 0.825000 0.328125 0.804167 0.359375 0.804167 0.409375 0.827083 0.443750 0.864583 0.462500 0.925000 0.473437 0.981250 0.475000 0.987500 0.468750 0.985417 0.290625 0.914583 0.289062 0.864583 0.303125 0.835417 0.318750 0.847917 0.303125 0.887500 0.289062 0.845833 0.285937 0.835417 0.278125
7 0.985417 0.531250 0.970833 0.518750 0.885417 0.537500 0.889583 0.550000 0.858333 0.567187 0.854167 0.579687 0.877083 0.596875 0.952083 0.589063 0.918750 0.564062 0.918750 0.553125 0.979167 0.542188
8 0.612500 0.082813 0.608333 0.107813 0.610417 0.123438 0.639583 0.131250 0.720833 0.137500 0.718750 0.093750 0.650000 0.096875 0.645833 0.098438 0.645833 0.109375 0.627083 0.118750 0.618750 0.110937 0.618750 0.106250 0.629167 0.085938
8 0.743750 0.115625 0.727083 0.142188 0.731250 0.171875 0.729167 0.185937 0.722917 0.153125 0.622917 0.159375 0.614583 0.190625 0.695833 0.185937 0.756250 0.187500
8 0.697917 0.334375 0.687500 0.354688 0.704167 0.367188 0.704167 0.384375 0.716667 0.382812 0.785417 0.384375 0.812500 0.339063 0.812500 0.320312 0.720833 0.320312
8 0.643750 0.415625 0.643750 0.421875 0.677083 0.431250 0.704167 0.434375 0.795833 0.426562 0.793750 0.395312 0.683333 0.395312 0.675000 0.403125 0.647917 0.406250
8 0.775000 0.437500 0.775000 0.442187 0.772917 0.443750 0.772917 0.446875 0.770833 0.448438 0.770833 0.453125 0.768750 0.454688 0.768750 0.459375 0.766667 0.460938 0.766667 0.465625 0.775000 0.465625 0.777083 0.467187 0.789583 0.467187 0.791667 0.468750 0.802083 0.468750 0.804167 0.470313 0.804167 0.460938 0.806250 0.459375 0.806250 0.450000 0.808333 0.448438 0.808333 0.437500
8 0.987500 0.595312 0.691667 0.617188 0.735417 0.682813 0.647917 0.607813 0.716667 0.681250 0.779167 0.800000 0.725000 0.834375 0.770833 0.800000 0.745833 0.740625 0.650000 0.625000 0.618750 0.640625 0.681250 0.750000 0.689583 0.828125 0.725000 0.839063 0.718750 0.879687 0.741667 0.890625 0.745833 0.828125 0.797917 0.806250 0.760417 0.718750 0.808333 0.806250 0.752083 0.829687 0.752083 0.854688 0.985417 0.850000