1 0.014583 0.014062 0.016667 0.295312 0.987500 0.282813 0.985417 0.014062
1 0.985417 0.287500 0.018750 0.300000 0.045833 0.354688 0.025000 0.375000 0.081250 0.375000 0.056250 0.448438 0.104167 0.448438 0.110417 0.475000 0.039583 0.475000 0.058333 0.500000 0.020833 0.523438 0.016667 0.326562 0.016667 0.575000 0.704167 0.556250 0.777083 0.479688 0.850000 0.484375 0.933333 0.548437 0.987500 0.551562
1 0.558333 0.567187 0.614583 0.982813 0.989583 0.987500 0.981250 0.921875 0.937500 0.962500 0.839583 0.978125 0.764583 0.943750 0.616667 0.946875 0.629167 0.860937 0.597917 0.850000 0.597917 0.792188 0.625000 0.787500 0.625000 0.810938 0.733333 0.793750 0.722917 0.775000 0.614583 0.771875 0.629167 0.706250 0.679167 0.723437 0.695833 0.709375 0.695833 0.640625 0.650000 0.628125 0.641667 0.587500 0.702083 0.565625
7 0.018750 0.320312 0.022917 0.523438 0.031250 0.520312 0.033333 0.506250 0.050000 0.507812 0.056250 0.500000 0.039583 0.473437 0.072917 0.467187 0.108333 0.475000 0.106250 0.451562 0.100000 0.448438 0.077083 0.448438 0.066667 0.454688 0.054167 0.448438 0.054167 0.432813 0.077083 0.417188 0.077083 0.409375 0.060417 0.406250 0.056250 0.396875 0.079167 0.385938 0.079167 0.375000 0.058333 0.365625 0.027083 0.371875 0.043750 0.354688 0.027083 0.353125 0.033333 0.331250
7 0.791667 0.484375 0.735417 0.521875 0.714583 0.568750 0.743750 0.575000 0.743750 0.632812 0.779167 0.671875 0.777083 0.695312 0.752083 0.723437 0.718750 0.715625 0.679167 0.740625 0.652083 0.729688 0.654167 0.712500 0.633333 0.718750 0.620833 0.767187 0.735417 0.767187 0.789583 0.814062 0.825000 0.812500 0.887500 0.942187 0.856250 0.960938 0.825000 0.929688 0.791667 0.950000 0.829167 0.970312 0.870833 0.973437 0.916667 0.962500 0.979167 0.909375 0.985417 0.632812 0.937500 0.562500 0.847917 0.495313
7 0.543750 0.571875 0.014583 0.584375 0.016667 0.985937 0.606250 0.987500
8 0.068750 0.337500 0.081250 0.365625 0.112500 0.371875 0.152083 0.370313 0.150000 0.365625 0.158333 0.357812 0.168750 0.370313 0.181250 0.375000 0.231250 0.376563 0.233333 0.350000 0.175000 0.351562 0.164583 0.357812 0.160417 0.356250 0.185417 0.337500 0.181250 0.321875 0.154167 0.312500 0.141667 0.304688 0.120833 0.314063 0.114583 0.326562 0.093750 0.328125
8 0.139583 0.398438 0.139583 0.403125 0.156250 0.412500 0.170833 0.412500 0.185417 0.418750 0.227083 0.418750 0.227083 0.404687 0.229167 0.403125 0.229167 0.389062 0.231250 0.387500 0.177083 0.387500 0.162500 0.395312 0.143750 0.395312
8 0.127083 0.437500 0.127083 0.442187 0.137500 0.445312 0.145833 0.445312 0.147917 0.446875 0.152083 0.445312 0.220833 0.445312 0.220833 0.426562 0.222917 0.425000 0.172917 0.425000 0.170833 0.426562 0.164583 0.426562 0.154167 0.434375 0.135417 0.434375
8 0.239583 0.435937 0.222917 0.460938 0.225000 0.467187 0.218750 0.476562 0.206250 0.484375 0.222917 0.500000 0.237500 0.503125 0.266667 0.518750 0.291667 0.521875 0.329167 0.520312 0.350000 0.507812 0.364583 0.475000 0.358333 0.467187 0.345833 0.459375 0.329167 0.460938 0.304167 0.451562 0.266667 0.426562
8 0.650000 0.581250 0.654167 0.626562 0.656250 0.628125 0.677083 0.632812 0.685417 0.631250 0.743750 0.631250 0.741667 0.625000 0.741667 0.579687 0.658333 0.579687
8 0.722917 0.634375 0.716667 0.637500 0.706250 0.651563 0.702083 0.681250 0.718750 0.712500 0.725000 0.715625 0.731250 0.715625 0.752083 0.721875 0.760417 0.703125 0.775000 0.679688 0.745833 0.634375
8 0.608333 0.795313 0.602083 0.843750 0.647917 0.848437 0.670833 0.857813 0.789583 0.850000 0.793750 0.835938 0.797917 0.862500 0.856250 0.959375 0.885417 0.942187 0.806250 0.814062 0.793750 0.818750 0.791667 0.835938 0.789583 0.815625 0.770833 0.796875 0.654167 0.809375 0.620833 0.821875 0.620833 0.793750
8 0.789583 0.878125 0.781250 0.860937 0.643750 0.864062 0.639583 0.865625 0.650000 0.885938 0.652083 0.884375 0.677083 0.884375 0.679167 0.882812
8 0.825000 0.918750 0.802083 0.885938 0.675000 0.901563 0.645833 0.896875 0.625000 0.945312 0.652083 0.946875 0.675000 0.931250 0.712500 0.932813