1 0.987500 0.014062 0.518750 0.015625 0.975000 0.018750 0.970833 0.046875 0.862500 0.107813 0.456250 0.106250 0.443750 0.134375 0.035417 0.104687 0.014583 0.032812 0.025000 0.564062 0.087500 0.531250 0.129167 0.553125 0.177083 0.523438 0.547917 0.509375 0.585417 0.603125 0.681250 0.625000 0.587500 0.587500 0.656250 0.578125 0.579167 0.526563 0.614583 0.485938 0.602083 0.373437 0.916667 0.365625 0.920833 0.131250 0.981250 0.103125
1 0.604167 0.648438 0.727083 0.960938 0.889583 0.915625 0.925000 0.946875 0.900000 0.896875 0.797917 0.898438 0.785417 0.882812 0.737500 0.864062 0.737500 0.826563 0.779167 0.840625 0.841667 0.825000 0.837500 0.815625 0.793750 0.809375 0.768750 0.773438 0.727083 0.790625 0.712500 0.757812 0.727083 0.735937 0.727083 0.692187 0.706250 0.681250 0.689583 0.646875 0.645833 0.640625
1 0.991667 0.964063 0.070833 0.985937 0.989583 0.990625
2 0.981250 0.104687 0.929167 0.123438 0.920833 0.365625 0.985417 0.381250 0.987500 0.140625
3 0.987500 0.501562 0.983333 0.385938 0.908333 0.365625 0.656250 0.376563
3 0.606250 0.373437 0.612500 0.450000 0.610417 0.396875 0.627083 0.393750 0.679167 0.462500 0.683333 0.521875 0.668750 0.554688 0.645833 0.542188 0.650000 0.573438 0.685417 0.576563 0.704167 0.656250 0.754167 0.635938 0.733333 0.717188 0.752083 0.678125 0.770833 0.693750 0.750000 0.710938 0.766667 0.742188 0.835417 0.748438 0.791667 0.782812 0.770833 0.775000 0.795833 0.806250 0.914583 0.826563 0.929167 0.957812 0.985417 0.954687 0.983333 0.820312 0.960417 0.860937 0.941667 0.839063 0.983333 0.779688 0.983333 0.510938
3 0.733333 0.735937 0.731250 0.742188 0.722917 0.753125 0.722917 0.759375 0.741667 0.787500 0.743750 0.787500 0.764583 0.771875 0.756250 0.765625 0.737500 0.765625 0.735417 0.767187 0.733333 0.765625 0.733333 0.757812 0.737500 0.754687 0.739583 0.756250 0.752083 0.756250 0.739583 0.748438 0.739583 0.745313
7 0.397917 0.078125 0.456250 0.095312 0.456250 0.104687 0.862500 0.106250 0.968750 0.046875 0.975000 0.020312 0.518750 0.020312 0.531250 0.062500 0.525000 0.085938 0.462500 0.090625
7 0.020833 0.037500 0.035417 0.103125 0.135417 0.103125 0.062500 0.053125 0.058333 0.053125
7 0.520833 0.187500 0.175000 0.198437 0.195833 0.359375 0.529167 0.350000
7 0.647917 0.418750 0.635417 0.425000 0.625000 0.456250 0.627083 0.504687 0.639583 0.528125 0.635417 0.529688 0.622917 0.520312 0.612500 0.489062 0.589583 0.493750 0.587500 0.525000 0.614583 0.551562 0.643750 0.550000 0.645833 0.540625 0.654167 0.553125 0.668750 0.553125 0.681250 0.521875 0.677083 0.462500
7 0.545833 0.512500 0.179167 0.526563 0.033333 0.632812 0.112500 0.557813 0.075000 0.535937 0.016667 0.570312 0.016667 0.987500 0.712500 0.965625 0.591667 0.648438 0.481250 0.648438 0.497917 0.610937 0.575000 0.603125
7 0.816667 0.520312 0.781250 0.559375 0.785417 0.692187 0.814583 0.698438 0.818750 0.726562 0.804167 0.734375 0.802083 0.695312 0.754167 0.704687 0.752083 0.723437 0.750000 0.703125 0.768750 0.693750 0.752083 0.679688 0.735417 0.701563 0.735417 0.737500 0.754167 0.756250 0.735417 0.765625 0.791667 0.781250 0.800000 0.767187 0.835417 0.760938 0.833333 0.748438 0.760417 0.735937 0.831250 0.739062 0.841667 0.759375 0.868750 0.757812 0.804167 0.771875 0.806250 0.803125 0.864583 0.804688 0.877083 0.765625 0.879167 0.804688 0.866667 0.809375 0.889583 0.818750 0.929167 0.796875 0.941667 0.692187 0.897917 0.571875 0.841667 0.520312
8 0.014583 0.010937 0.018750 0.035937 0.062500 0.051562 0.175000 0.129688 0.331250 0.120312 0.443750 0.132812 0.456250 0.096875 0.404167 0.078125 0.462500 0.089062 0.525000 0.084375 0.516667 0.015625
8 0.627083 0.395312 0.612500 0.396875 0.612500 0.417188 0.614583 0.418750 0.614583 0.457812 0.618750 0.457812 0.620833 0.459375 0.620833 0.456250 0.622917 0.454688 0.622917 0.451562 0.625000 0.450000 0.625000 0.446875 0.627083 0.445312 0.627083 0.442187 0.629167 0.440625 0.629167 0.437500 0.633333 0.431250 0.633333 0.414062 0.631250 0.412500 0.631250 0.407813 0.629167 0.406250
8 0.572917 0.484375 0.560417 0.465625 0.527083 0.445312 0.412500 0.459375 0.412500 0.492188 0.510417 0.490625
8 0.589583 0.587500 0.614583 0.603125 0.650000 0.603125 0.652083 0.604688 0.656250 0.604688 0.658333 0.603125 0.679167 0.601562 0.679167 0.595312 0.681250 0.593750 0.683333 0.579687 0.602083 0.579687
8 0.714583 0.584375 0.712500 0.585938 0.702083 0.589063 0.702083 0.612500 0.704167 0.614062 0.714583 0.631250 0.716667 0.632812 0.722917 0.632812 0.725000 0.634375 0.731250 0.634375 0.733333 0.635938 0.733333 0.631250 0.735417 0.629687 0.735417 0.625000 0.737500 0.623438 0.737500 0.618750 0.739583 0.617188 0.739583 0.609375 0.733333 0.603125 0.731250 0.598437 0.727083 0.595312 0.727083 0.593750 0.720833 0.587500 0.720833 0.585938 0.718750 0.584375
8 0.483333 0.648438 0.600000 0.648438 0.645833 0.639063 0.658333 0.639063 0.687500 0.646875 0.706250 0.645312 0.697917 0.625000 0.662500 0.628125 0.620833 0.625000 0.600000 0.609375 0.543750 0.598437 0.495833 0.614062
8 0.752083 0.635938 0.745833 0.635938 0.743750 0.637500 0.737500 0.637500 0.735417 0.639063 0.729167 0.639063 0.727083 0.640625 0.720833 0.640625 0.718750 0.642187 0.712500 0.642187 0.710417 0.643750 0.710417 0.646875 0.708333 0.648438 0.708333 0.653125 0.706250 0.654688 0.706250 0.673437 0.710417 0.678125 0.731250 0.685938 0.743750 0.665625 0.750000 0.659375 0.750000 0.637500
8 0.987500 0.776563 0.943750 0.835938 0.945833 0.842188 0.958333 0.854688 0.960417 0.859375 0.960417 0.856250 0.964583 0.851562 0.970833 0.835938 0.981250 0.820312 0.987500 0.814062
8 0.927083 0.853125 0.912500 0.826563 0.808333 0.831250 0.772917 0.845312 0.739583 0.828125 0.739583 0.864062 0.762500 0.878125 0.787500 0.879687 0.797917 0.889063 0.908333 0.887500
8 0.912500 0.954687 0.891667 0.923437 0.885417 0.921875 0.731250 0.970312 0.895833 0.957812