1 0.020833 0.015625 0.020833 0.050000 0.743750 0.162500 0.764583 0.134375 0.741667 0.112500 0.181250 0.015625
1 0.191667 0.014062 0.302083 0.028125 0.362500 0.018750 0.385417 0.039062 0.495833 0.035937 0.518750 0.067188 0.560417 0.070312 0.602083 0.015625
1 0.029167 0.195312 0.020833 0.665625 0.197917 0.709375 0.264583 0.779688 0.218750 0.879687 0.018750 0.985937 0.575000 0.982813 0.441667 0.973437 0.527083 0.915625 0.472917 0.851562 0.522917 0.795313 0.412500 0.798437 0.560417 0.465625 0.652083 0.479688 0.841667 0.715625 0.827083 0.945312 0.987500 0.987500 0.983333 0.706250 0.935417 0.654688 0.825000 0.654688 0.766667 0.565625 0.904167 0.542188 0.981250 0.446875 0.975000 0.325000 0.233333 0.243750 0.981250 0.300000
2 0.760417 0.015625 0.706250 0.103125 0.745833 0.109375 0.770833 0.135937 0.743750 0.168750 0.854167 0.273438 0.952083 0.278125 0.983333 0.296875 0.989583 0.010937
2 0.750000 0.015625 0.600000 0.018750 0.575000 0.071875 0.581250 0.064062 0.589583 0.060938 0.704167 0.100000
2 0.983333 0.459375 0.908333 0.542188 0.887500 0.550000 0.983333 0.534375
7 0.316667 0.028125 0.318750 0.028125 0.320833 0.029687 0.325000 0.029687 0.327083 0.031250 0.331250 0.031250 0.333333 0.032812 0.339583 0.032812 0.341667 0.034375 0.345833 0.034375 0.347917 0.035937 0.352083 0.035937 0.354167 0.037500 0.358333 0.037500 0.360417 0.039062 0.364583 0.039062 0.366667 0.040625 0.370833 0.040625 0.372917 0.042188 0.377083 0.042188 0.379167 0.043750 0.383333 0.043750 0.379167 0.040625 0.379167 0.039062 0.375000 0.035937 0.375000 0.034375 0.370833 0.031250 0.370833 0.029687 0.362500 0.021875 0.354167 0.021875 0.352083 0.023438 0.345833 0.023438 0.343750 0.025000 0.335417 0.025000 0.333333 0.026563 0.327083 0.026563 0.325000 0.028125
7 0.018750 0.054688 0.020833 0.210938 0.022917 0.190625 0.856250 0.278125 0.743750 0.171875
7 0.227083 0.500000 0.260417 0.501562 0.262500 0.503125 0.279167 0.503125 0.281250 0.504687 0.300000 0.504687 0.302083 0.506250 0.304167 0.500000 0.318750 0.479688 0.318750 0.476562 0.308333 0.476562 0.306250 0.475000 0.297917 0.475000 0.295833 0.473437 0.250000 0.473437 0.247917 0.471875 0.231250 0.468750
7 0.556250 0.471875 0.518750 0.495313 0.450000 0.639063 0.470833 0.709375 0.497917 0.718750 0.460417 0.723437 0.433333 0.690625 0.454167 0.734375 0.502083 0.750000 0.512500 0.726562 0.520833 0.768750 0.435417 0.775000 0.462500 0.748438 0.443750 0.737500 0.416667 0.782812 0.475000 0.800000 0.529167 0.779688 0.518750 0.828125 0.477083 0.851562 0.497917 0.909375 0.510417 0.854688 0.543750 0.865625 0.518750 0.862500 0.535417 0.917188 0.591667 0.925000 0.606250 0.956250 0.560417 0.964063 0.577083 0.984375 0.766667 0.984375 0.843750 0.918750 0.858333 0.870313 0.827083 0.703125 0.650000 0.479688
7 0.022917 0.668750 0.014583 0.982813 0.093750 0.962500 0.216667 0.879687 0.252083 0.835938 0.262500 0.767187 0.197917 0.710938 0.116667 0.678125
8 0.402083 0.042188 0.408333 0.054688 0.433333 0.056250 0.435417 0.057813 0.447917 0.057813 0.450000 0.059375 0.462500 0.059375 0.464583 0.060938 0.477083 0.060938 0.479167 0.062500 0.493750 0.062500 0.495833 0.064062 0.508333 0.064062 0.510417 0.065625 0.500000 0.043750 0.491667 0.043750 0.489583 0.042188
8 0.977083 0.653125 0.989583 0.543750 0.870833 0.557813 0.783333 0.551562 0.768750 0.562500 0.825000 0.653125
8 0.368750 0.604688 0.277083 0.612500 0.266667 0.635938 0.237500 0.643750 0.239583 0.671875 0.268750 0.681250 0.310417 0.681250 0.291667 0.668750 0.293750 0.667188 0.329167 0.667188 0.350000 0.650000 0.375000 0.650000
8 0.604167 0.956250 0.589583 0.931250 0.533333 0.925000 0.518750 0.925000 0.460417 0.946875 0.450000 0.945312 0.450000 0.932813 0.433333 0.948438 0.433333 0.951563 0.445833 0.962500 0.445833 0.971875 0.460417 0.964063 0.466667 0.964063 0.491667 0.973437 0.547917 0.960938
8 0.354167 0.960938 0.354167 0.962500 0.370833 0.978125 0.370833 0.979688 0.422917 0.979688 0.414583 0.968750 0.414583 0.965625 0.408333 0.957812 0.408333 0.954687 0.402083 0.946875 0.402083 0.943750 0.395833 0.934375 0.393750 0.934375