2 0.902083 0.768750 0.856250 0.875000 0.989583 0.989062 0.983333 0.767187
3 0.916667 0.014062 0.543750 0.018750 0.522917 0.115625 0.618750 0.139062 0.633333 0.170312 0.612500 0.192188 0.516667 0.179688 0.468750 0.381250 0.562500 0.395312 0.577083 0.420312 0.556250 0.445312 0.456250 0.440625 0.456250 0.464063 0.545833 0.498437 0.527083 0.570312 0.429167 0.560938 0.385417 0.720312 0.483333 0.743750 0.375000 0.765625 0.335417 0.965625 0.383333 0.962500 0.385417 0.910937 0.452083 0.934375 0.368750 0.987500 0.589583 0.987500
3 0.916667 0.093750 0.777083 0.518750 0.908333 0.528125 0.768750 0.526563 0.693750 0.756250 0.983333 0.754687 0.985417 0.342187 0.906250 0.507812 0.987500 0.323438 0.987500 0.112500
7 0.012500 0.014062 0.014583 0.989062 0.320833 0.987500 0.362500 0.720312 0.416667 0.570312 0.379167 0.503125 0.445833 0.440625 0.391667 0.406250 0.450000 0.401563 0.504167 0.190625 0.489583 0.150000 0.512500 0.146875 0.537500 0.017188
7 0.716667 0.148438 0.693750 0.157813 0.662500 0.187500 0.633333 0.257812 0.627083 0.290625 0.610417 0.320312 0.602083 0.403125 0.627083 0.437500 0.652083 0.434375 0.681250 0.410937 0.712500 0.359375 0.729167 0.307813 0.752083 0.203125 0.739583 0.164062
7 0.522917 0.207813 0.522917 0.218750 0.531250 0.231250 0.533333 0.226562 0.541667 0.221875 0.568750 0.221875 0.600000 0.243750 0.616667 0.229687 0.618750 0.214062 0.597917 0.200000 0.589583 0.204688 0.579167 0.215625 0.577083 0.214062 0.552083 0.212500 0.550000 0.210938 0.547917 0.190625 0.537500 0.200000
7 0.512500 0.273438 0.512500 0.276563 0.510417 0.278125 0.510417 0.284375 0.514583 0.284375 0.516667 0.285937 0.527083 0.287500 0.533333 0.290625 0.537500 0.290625 0.550000 0.295312 0.554167 0.298438 0.568750 0.303125 0.572917 0.306250 0.577083 0.306250 0.579167 0.303125 0.581250 0.287500 0.583333 0.285937 0.583333 0.278125 0.585417 0.276563 0.583333 0.273438 0.554167 0.273438 0.552083 0.275000 0.547917 0.270312 0.514583 0.271875
7 0.493750 0.337500 0.487500 0.345313 0.487500 0.348437 0.504167 0.362500 0.516667 0.354688 0.529167 0.354688 0.566667 0.378125 0.568750 0.362500 0.570833 0.360938 0.570833 0.346875 0.572917 0.345313 0.566667 0.332812 0.550000 0.334375 0.531250 0.342187 0.522917 0.339063 0.518750 0.335938 0.516667 0.328125 0.512500 0.328125 0.500000 0.332812
7 0.810417 0.760938 0.685417 0.757812 0.612500 0.985937 0.722917 0.981250
8 0.689583 0.056250 0.666667 0.062500 0.627083 0.103125 0.627083 0.129688 0.645833 0.151562 0.675000 0.137500 0.695833 0.103125 0.704167 0.078125 0.704167 0.070312
8 0.495833 0.153125 0.495833 0.159375 0.520833 0.167187 0.512500 0.168750 0.514583 0.173438 0.612500 0.190625 0.622917 0.168750 0.614583 0.143750 0.531250 0.121875 0.525000 0.123438 0.518750 0.132812 0.512500 0.151562 0.531250 0.154687 0.533333 0.157813 0.531250 0.159375
8 0.139583 0.335938 0.139583 0.343750 0.137500 0.345313 0.137500 0.354688 0.135417 0.356250 0.135417 0.364062 0.143750 0.364062 0.145833 0.365625 0.154167 0.365625 0.156250 0.367188 0.166667 0.367188 0.168750 0.368750 0.179167 0.368750 0.181250 0.370313 0.181250 0.360938 0.183333 0.359375 0.183333 0.348437 0.185417 0.346875 0.185417 0.335938
8 0.397917 0.404687 0.406250 0.412500 0.454167 0.421875 0.470833 0.440625 0.533333 0.440625 0.556250 0.443750 0.572917 0.418750 0.564583 0.401563 0.541667 0.393750 0.477083 0.389062 0.468750 0.385938 0.462500 0.385938 0.456250 0.401563 0.450000 0.403125 0.402083 0.400000
8 0.410417 0.473437 0.406250 0.501562 0.389583 0.503125 0.402083 0.515625 0.395833 0.537500 0.425000 0.553125 0.525000 0.565625 0.539583 0.490625 0.506250 0.476562
8 0.108333 0.532812 0.095833 0.621875 0.370833 0.631250 0.383333 0.542188
8 0.464583 0.609375 0.466667 0.610937 0.466667 0.614062 0.468750 0.615625 0.468750 0.617188 0.475000 0.621875 0.479167 0.621875 0.481250 0.623438 0.481250 0.632812 0.479167 0.634375 0.477083 0.639063 0.475000 0.640625 0.472917 0.640625 0.472917 0.642187 0.500000 0.642187 0.500000 0.640625 0.506250 0.632812 0.504167 0.631250 0.504167 0.623438 0.506250 0.621875 0.508333 0.621875 0.508333 0.615625 0.506250 0.614062 0.487500 0.614062 0.485417 0.612500 0.481250 0.612500 0.477083 0.609375
8 0.125000 0.628125 0.114583 0.628125 0.112500 0.629687 0.112500 0.639063 0.110417 0.640625 0.108333 0.659375 0.106250 0.660937 0.106250 0.668750 0.104167 0.670313 0.102083 0.690625 0.100000 0.692187 0.100000 0.700000 0.097917 0.701563 0.097917 0.712500 0.112500 0.712500 0.112500 0.701563 0.114583 0.700000 0.114583 0.690625 0.116667 0.689062 0.116667 0.678125 0.118750 0.676562 0.118750 0.665625 0.120833 0.664062
8 0.458333 0.679688 0.460417 0.682813 0.458333 0.684375 0.458333 0.687500 0.456250 0.689062 0.456250 0.692187 0.454167 0.693750 0.450000 0.706250 0.485417 0.720312 0.489583 0.718750 0.491667 0.715625 0.485417 0.707812 0.485417 0.693750 0.489583 0.690625 0.500000 0.690625 0.502083 0.689062 0.508333 0.689062 0.504167 0.689062 0.491667 0.684375 0.487500 0.684375 0.481250 0.679688
8 0.364583 0.725000 0.364583 0.746875 0.372917 0.762500 0.385417 0.751562 0.416667 0.762500 0.450000 0.751562 0.477083 0.751562 0.479167 0.735937 0.452083 0.725000 0.427083 0.725000 0.408333 0.720312 0.400000 0.720312 0.387500 0.729688 0.372917 0.720312
8 0.410417 0.790625 0.410417 0.792188 0.408333 0.793750 0.408333 0.796875 0.406250 0.798437 0.406250 0.804688 0.408333 0.806250 0.408333 0.809375 0.410417 0.810938 0.418750 0.810938 0.420833 0.812500 0.429167 0.812500 0.431250 0.814062 0.439583 0.814062 0.441667 0.815625 0.447917 0.812500 0.452083 0.812500 0.452083 0.809375 0.454167 0.807813 0.454167 0.806250 0.458333 0.803125 0.456250 0.801562 0.456250 0.795313 0.454167 0.793750 0.452083 0.793750 0.437500 0.787500 0.431250 0.787500 0.429167 0.785937 0.418750 0.785937 0.416667 0.787500 0.414583 0.787500
8 0.445833 0.918750 0.435417 0.910937 0.385417 0.912500 0.381250 0.928125 0.385417 0.962500 0.381250 0.964063 0.375000 0.956250 0.358333 0.956250 0.364583 0.962500 0.362500 0.965625 0.354167 0.959375 0.343750 0.960938 0.329167 0.973437 0.331250 0.985937 0.366667 0.987500 0.402083 0.976562 0.402083 0.960938 0.387500 0.960938 0.397917 0.953125 0.443750 0.948438 0.450000 0.934375