1 0.016667 0.492188 0.016667 0.532812 0.300000 0.539062 0.262500 0.684375 0.016667 0.684375 0.016667 0.701563 0.375000 0.693750 0.410417 0.668750 0.462500 0.668750 0.437500 0.664062 0.452083 0.640625 0.460417 0.657812 0.425000 0.528125
2 0.983333 0.676562 0.927083 0.725000 0.856250 0.723437 0.872917 0.800000 0.860417 0.867188 0.762500 0.857813 0.756250 0.882812 0.795833 0.989062 0.985417 0.987500
3 0.572917 0.012500 0.397917 0.465625 0.464583 0.479688 0.468750 0.421875 0.525000 0.437500 0.525000 0.468750 0.468750 0.479688 0.475000 0.523438 0.387500 0.492188 0.377083 0.523438 0.429167 0.526563 0.497917 0.743750 0.608333 0.612500 0.529167 0.720312 0.922917 0.714063 0.979167 0.665625 0.979167 0.515625 0.910417 0.448438 0.827083 0.520312 0.989583 0.335938 0.983333 0.303125 0.875000 0.285937 0.987500 0.150000 0.987500 0.014062
3 0.987500 0.157813 0.887500 0.284375 0.985417 0.300000
7 0.016667 0.010937 0.014583 0.484375 0.379167 0.509375 0.568750 0.015625
7 0.016667 0.534375 0.016667 0.682813 0.262500 0.682813 0.297917 0.539062
7 0.845833 0.720312 0.522917 0.718750 0.508333 0.737500 0.595833 0.731250 0.487500 0.746875 0.472917 0.670313 0.418750 0.670313 0.406250 0.707812 0.391667 0.690625 0.368750 0.707812 0.016667 0.704687 0.018750 0.985937 0.708333 0.984375 0.604167 0.760938 0.627083 0.825000 0.712500 0.884375 0.756250 0.848437 0.860417 0.859375
8 0.635417 0.079687 0.620833 0.090625 0.633333 0.109375 0.633333 0.115625 0.625000 0.132812 0.625000 0.137500 0.670833 0.139062 0.675000 0.110937 0.683333 0.093750 0.685417 0.082813 0.668750 0.081250 0.666667 0.079687
8 0.602083 0.175000 0.587500 0.184375 0.587500 0.200000 0.589583 0.201562 0.583333 0.210938 0.579167 0.223438 0.595833 0.225000 0.597917 0.226562 0.606250 0.226562 0.608333 0.228125 0.616667 0.228125 0.618750 0.229687 0.625000 0.220313 0.637500 0.207813 0.639583 0.192188 0.606250 0.175000
8 0.493750 0.234375 0.495833 0.254687 0.502083 0.259375 0.508333 0.268750 0.550000 0.268750 0.552083 0.267188 0.566667 0.267188 0.570833 0.264062 0.583333 0.264062 0.587500 0.267188 0.597917 0.267188 0.604167 0.251563 0.597917 0.242188 0.579167 0.242188 0.575000 0.239063 0.570833 0.239063 0.560417 0.232812 0.539583 0.225000 0.514583 0.225000
8 0.525000 0.300000 0.508333 0.310937 0.508333 0.326562 0.525000 0.339063 0.537500 0.339063 0.539583 0.340625 0.554167 0.340625 0.556250 0.342187 0.556250 0.335938 0.558333 0.334375 0.558333 0.329688 0.560417 0.328125 0.560417 0.321875 0.562500 0.320312 0.562500 0.314063 0.564583 0.312500 0.564583 0.303125 0.554167 0.303125 0.552083 0.301562 0.539583 0.301562 0.537500 0.300000
8 0.522917 0.437500 0.464583 0.423438 0.454167 0.440625 0.454167 0.460938 0.466667 0.479688 0.464583 0.481250 0.435417 0.464063 0.400000 0.465625 0.389583 0.482812 0.391667 0.509375 0.439583 0.514063 0.475000 0.521875 0.479167 0.489062 0.466667 0.479688 0.522917 0.468750