1 0.016667 0.751562 0.016667 0.990625 0.710417 0.985937 0.754167 0.946875 0.689583 0.887500 0.408333 0.918750 0.402083 0.934375 0.333333 0.912500 0.327083 0.826563 0.272917 0.803125 0.202083 0.801562 0.189583 0.878125 0.072917 0.881250 0.166667 0.776563 0.297917 0.782812 0.308333 0.743750
2 0.985417 0.637500 0.981250 0.640625 0.981250 0.642187 0.975000 0.646875 0.975000 0.648438 0.968750 0.653125 0.968750 0.656250 0.975000 0.660937 0.975000 0.662500 0.981250 0.667188 0.981250 0.668750 0.985417 0.671875
2 0.985417 0.678125 0.970833 0.698438 0.914583 0.703125 0.904167 0.710938 0.925000 0.718750 0.935417 0.753125 0.929167 0.784375 0.939583 0.823438 0.914583 0.870313 0.872917 0.910937 0.727083 0.892187 0.762500 0.950000 0.727083 0.982813 0.989583 0.989062
3 0.945833 0.014062 0.735417 0.017188 0.712500 0.070312 0.612500 0.075000 0.625000 0.207813 0.566667 0.223438 0.602083 0.256250 0.545833 0.293750 0.556250 0.378125 0.372917 0.760938 0.379167 0.920313 0.554167 0.648438 0.406250 0.915625 0.550000 0.900000 0.577083 0.729688 0.531250 0.718750 0.897917 0.710938 0.983333 0.673437 0.983333 0.607813 0.583333 0.606250 0.685417 0.548437 0.641667 0.596875 0.979167 0.603125 0.985417 0.160938 0.889583 0.151562 0.827083 0.370313 0.718750 0.515625
3 0.962500 0.015625 0.958333 0.017188 0.900000 0.107813 0.900000 0.145313 0.981250 0.154687 0.985417 0.015625
5 0.922917 0.718750 0.581250 0.721875 0.575000 0.815625 0.554167 0.850000 0.554167 0.900000 0.579167 0.904688 0.687500 0.879687 0.872917 0.909375 0.933333 0.823438 0.927083 0.787500 0.933333 0.753125
7 0.552083 0.167187 0.550000 0.179688 0.543750 0.181250 0.539583 0.178125 0.541667 0.190625 0.539583 0.201562 0.541667 0.203125 0.539583 0.212500 0.535417 0.215625 0.539583 0.221875 0.543750 0.221875 0.547917 0.214062 0.545833 0.206250 0.550000 0.204688 0.554167 0.207813 0.562500 0.201562 0.577083 0.203125 0.593750 0.201562 0.610417 0.218750 0.618750 0.214062 0.618750 0.196875 0.622917 0.193750 0.616667 0.184375 0.593750 0.184375 0.575000 0.187500 0.558333 0.187500 0.556250 0.184375 0.564583 0.175000 0.564583 0.170312 0.558333 0.167187
7 0.681250 0.195312 0.616667 0.278125 0.602083 0.328125 0.587500 0.418750 0.591667 0.442187 0.606250 0.467187 0.639583 0.462500 0.672917 0.431250 0.708333 0.337500 0.714583 0.248437 0.704167 0.217187
7 0.485417 0.282813 0.500000 0.290625 0.506250 0.300000 0.510417 0.301562 0.525000 0.300000 0.522917 0.287500 0.510417 0.278125 0.516667 0.271875 0.537500 0.265625 0.581250 0.271875 0.593750 0.267188 0.595833 0.248437 0.587500 0.239063 0.497917 0.239063 0.489583 0.243750 0.489583 0.250000 0.500000 0.254687 0.485417 0.271875
7 0.568750 0.303125 0.564583 0.300000 0.554167 0.300000 0.552083 0.301562 0.541667 0.301562 0.539583 0.303125 0.525000 0.303125 0.520833 0.306250 0.510417 0.306250 0.500000 0.303125 0.500000 0.317187 0.504167 0.320312 0.500000 0.326562 0.500000 0.329688 0.504167 0.329688 0.506250 0.331250 0.510417 0.325000 0.518750 0.318750 0.520833 0.318750 0.522917 0.315625 0.527083 0.318750 0.531250 0.318750 0.537500 0.321875 0.543750 0.321875 0.550000 0.328125 0.556250 0.328125 0.562500 0.325000 0.564583 0.317187 0.570833 0.307813 0.568750 0.306250
8 0.606250 0.057813 0.612500 0.062500 0.627083 0.065625 0.708333 0.065625 0.722917 0.050000 0.729167 0.032812 0.729167 0.015625 0.722917 0.014062 0.627083 0.012500 0.620833 0.034375
8 0.535417 0.087500 0.531250 0.090625 0.535417 0.093750 0.535417 0.110937 0.527083 0.117188 0.527083 0.121875 0.535417 0.129688 0.537500 0.137500 0.527083 0.146875 0.522917 0.146875 0.525000 0.151562 0.535417 0.153125 0.545833 0.150000 0.575000 0.150000 0.600000 0.153125 0.606250 0.151562 0.614583 0.142188 0.616667 0.132812 0.616667 0.115625 0.604167 0.104687 0.554167 0.092188 0.547917 0.089062
8 0.514583 0.343750 0.422917 0.351562 0.422917 0.384375 0.395833 0.382812 0.400000 0.429688 0.385417 0.451562 0.331250 0.462500 0.347917 0.489062 0.381250 0.478125 0.408333 0.517187 0.387500 0.517187 0.372917 0.589063 0.439583 0.612500 0.475000 0.529688 0.414583 0.520312 0.479167 0.523438 0.518750 0.437500 0.414583 0.428125 0.522917 0.426562 0.522917 0.403125 0.547917 0.385938 0.550000 0.356250
8 0.418750 0.623438 0.416667 0.625000 0.414583 0.625000 0.414583 0.626562 0.416667 0.628125 0.416667 0.632812 0.418750 0.634375 0.418750 0.640625 0.420833 0.642187 0.420833 0.653125 0.429167 0.653125 0.429167 0.645312 0.431250 0.643750 0.431250 0.634375 0.433333 0.632812 0.433333 0.623438
8 0.410417 0.628125 0.410417 0.676562 0.368750 0.746875 0.325000 0.745313 0.297917 0.784375 0.166667 0.778125 0.072917 0.879687 0.189583 0.876562 0.187500 0.840625 0.202083 0.800000 0.272917 0.801562 0.314583 0.826563 0.362500 0.825000 0.366667 0.748438 0.381250 0.757812 0.422917 0.664062
8 0.377083 0.834375 0.375000 0.834375 0.372917 0.835938 0.368750 0.835938 0.366667 0.837500 0.364583 0.837500 0.362500 0.839063 0.360417 0.839063 0.358333 0.840625 0.356250 0.840625 0.354167 0.842188 0.352083 0.842188 0.352083 0.851562 0.354167 0.853125 0.354167 0.864062 0.356250 0.865625 0.375000 0.865625 0.377083 0.867188 0.379167 0.867188 0.379167 0.864062 0.377083 0.862500
8 0.245833 0.876562 0.208333 0.878125 0.206250 0.879687 0.187500 0.879687 0.185417 0.881250 0.185417 0.918750 0.187500 0.920313 0.187500 0.923437 0.191667 0.921875 0.241667 0.921875 0.243750 0.878125
8 0.181250 0.881250 0.143750 0.882812 0.141667 0.884375 0.122917 0.884375 0.118750 0.889063 0.118750 0.929688 0.120833 0.928125 0.175000 0.926562 0.177083 0.898438 0.179167 0.896875 0.179167 0.882812