1 0.016667 0.017188 0.356250 0.090625 0.385417 0.976562 0.485417 0.987500 0.581250 0.935938 0.520833 0.815625 0.564583 0.760938 0.477083 0.746875 0.479167 0.704687 0.552083 0.714063 0.414583 0.614062 0.416667 0.579687 0.516667 0.589063 0.456250 0.567187 0.435417 0.451562 0.493750 0.470313 0.493750 0.450000 0.400000 0.425000 0.400000 0.389062 0.445833 0.387500 0.416667 0.314063 0.479167 0.326562 0.372917 0.225000 0.443750 0.225000 0.570833 0.015625 0.410417 0.017188 0.379167 0.046875 0.183333 0.012500 0.177083 0.053125 0.108333 0.035937 0.106250 0.010937
2 0.987500 0.014062 0.839583 0.015625 0.775000 0.100000 0.891667 0.120312 0.910417 0.153125 0.983333 0.045313
2 0.989583 0.073437 0.927083 0.146875 0.983333 0.278125
3 0.558333 0.067188 0.508333 0.157813 0.514583 0.190625 0.550000 0.135937 0.585417 0.231250 0.545833 0.318750 0.502083 0.326562 0.539583 0.409375 0.510417 0.451562 0.539583 0.468750 0.589583 0.626562 0.589583 0.710938 0.614583 0.685938 0.695833 0.706250 0.752083 0.884375 0.731250 0.981250 0.793750 0.981250
3 0.585417 0.070312 0.810417 0.979688 0.987500 0.989062 0.985417 0.312500 0.885417 0.126563
7 0.829167 0.014062 0.579167 0.018750 0.583333 0.060938 0.770833 0.092188
7 0.016667 0.045313 0.016667 0.984375 0.375000 0.987500 0.343750 0.095312
7 0.560417 0.146875 0.545833 0.148438 0.520833 0.187500 0.502083 0.232812 0.502083 0.239063 0.516667 0.259375 0.502083 0.312500 0.516667 0.317187 0.539583 0.314063 0.575000 0.228125 0.570833 0.182812
7 0.479167 0.253125 0.479167 0.267188 0.477083 0.268750 0.477083 0.289062 0.483333 0.295312 0.483333 0.296875 0.487500 0.300000 0.487500 0.301562 0.491667 0.304688 0.491667 0.306250 0.491667 0.300000 0.493750 0.298438 0.493750 0.293750 0.495833 0.292188 0.495833 0.285937 0.497917 0.284375 0.497917 0.278125 0.500000 0.276563 0.500000 0.271875 0.502083 0.270312 0.502083 0.260938 0.493750 0.254687 0.487500 0.254687 0.485417 0.253125
7 0.643750 0.700000 0.614583 0.706250 0.600000 0.721875 0.579167 0.792188 0.608333 0.828125 0.604167 0.870313 0.625000 0.920313 0.622917 0.925000 0.602083 0.926562 0.625000 0.976562 0.704167 0.981250 0.722917 0.951563 0.729167 0.882812 0.714583 0.782812 0.670833 0.707812
7 0.535417 0.812500 0.535417 0.842188 0.558333 0.846875 0.562500 0.850000 0.562500 0.868750 0.554167 0.879687 0.554167 0.884375 0.577083 0.906250 0.618750 0.915625 0.595833 0.873438 0.597917 0.840625 0.585417 0.807813
8 0.168750 0.010937 0.154167 0.010937 0.152083 0.012500 0.133333 0.012500 0.125000 0.023438 0.125000 0.035937 0.172917 0.035937 0.175000 0.037500 0.179167 0.037500 0.177083 0.035937 0.177083 0.034375 0.172917 0.029687 0.172917 0.026563 0.168750 0.021875
8 0.291667 0.015625 0.297917 0.015625 0.300000 0.017188 0.304167 0.017188 0.318750 0.021875 0.325000 0.021875 0.327083 0.023438 0.331250 0.023438 0.333333 0.025000 0.337500 0.025000 0.352083 0.029687 0.358333 0.029687 0.372917 0.034375 0.372917 0.032812 0.391667 0.017188 0.383333 0.017188 0.381250 0.015625
8 0.431250 0.321875 0.429167 0.323438 0.429167 0.343750 0.447917 0.351562 0.450000 0.350000 0.460417 0.350000 0.462500 0.351562 0.450000 0.360938 0.454167 0.379687 0.456250 0.381250 0.460417 0.379687 0.500000 0.379687 0.504167 0.354688 0.487500 0.348437 0.489583 0.346875 0.500000 0.346875 0.489583 0.328125
8 0.412500 0.403125 0.412500 0.421875 0.425000 0.421875 0.445833 0.432813 0.458333 0.432813 0.460417 0.434375 0.472917 0.434375 0.475000 0.435937 0.487500 0.435937 0.504167 0.439063 0.522917 0.439063 0.522917 0.398438 0.514583 0.398438 0.512500 0.396875 0.437500 0.396875 0.431250 0.400000 0.414583 0.400000
8 0.452083 0.468750 0.454167 0.518750 0.456250 0.520312 0.527083 0.503125 0.527083 0.476562 0.525000 0.475000 0.510417 0.475000 0.508333 0.473437 0.495833 0.473437 0.493750 0.471875
8 0.550000 0.515625 0.489583 0.520312 0.454167 0.532812 0.466667 0.551562 0.470833 0.567187 0.472917 0.568750 0.535417 0.573438 0.537500 0.575000 0.552083 0.559375 0.550000 0.554688
8 0.418750 0.604688 0.427083 0.621875 0.443750 0.621875 0.454167 0.625000 0.458333 0.628125 0.458333 0.607813 0.460417 0.606250 0.479167 0.606250 0.481250 0.604688 0.491667 0.604688 0.493750 0.603125 0.504167 0.603125 0.506250 0.601562 0.516667 0.601562 0.518750 0.600000 0.529167 0.600000 0.533333 0.598437 0.460417 0.598437 0.450000 0.606250 0.447917 0.604688 0.427083 0.603125 0.425000 0.601562 0.418750 0.601562
8 0.587500 0.626562 0.572917 0.606250 0.520833 0.612500 0.495833 0.610937 0.483333 0.625000 0.479167 0.623438 0.475000 0.617188 0.458333 0.634375 0.458333 0.639063 0.464583 0.646875 0.481250 0.650000 0.502083 0.650000 0.504167 0.651563 0.564583 0.650000 0.564583 0.637500 0.560417 0.635938 0.572917 0.634375 0.587500 0.637500
8 0.522917 0.667188 0.516667 0.676562 0.516667 0.679688 0.514583 0.681250 0.514583 0.693750 0.516667 0.695312 0.527083 0.695312 0.529167 0.696875 0.543750 0.696875 0.545833 0.698438 0.558333 0.698438 0.560417 0.700000 0.575000 0.700000 0.577083 0.701563 0.572917 0.695312 0.572917 0.690625 0.568750 0.684375 0.568750 0.679688 0.566667 0.678125 0.564583 0.670313 0.560417 0.668750 0.541667 0.668750 0.539583 0.667188
8 0.495833 0.745313 0.497917 0.746875 0.564583 0.746875 0.566667 0.748438 0.572917 0.748438 0.572917 0.745313 0.579167 0.735937 0.583333 0.725000 0.577083 0.725000 0.575000 0.723437 0.493750 0.723437