1 0.020833 0.014062 0.027083 0.303125 0.272917 0.303125 0.356250 0.340625 0.316667 0.384375 0.106250 0.368750 0.085417 0.403125 0.066667 0.321875 0.016667 0.310937 0.016667 0.543750 0.275000 0.564062 0.312500 0.985937 0.522917 0.987500 0.429167 0.962500 0.389583 0.826563 0.470833 0.823438 0.458333 0.782812 0.341667 0.765625 0.447917 0.735937 0.389583 0.726562 0.352083 0.668750 0.427083 0.651563 0.372917 0.592188 0.275000 0.570312 0.285417 0.537500 0.366667 0.551562 0.462500 0.393750 0.495833 0.404687 0.470833 0.356250 0.564583 0.042188 0.502083 0.015625
2 0.985417 0.015625 0.891667 0.010937 0.664583 0.423438 0.775000 0.428125 0.789583 0.448438 0.868750 0.318750 0.916667 0.315625 0.985417 0.357812
2 0.881250 0.321875 0.858333 0.342187 0.800000 0.462500 0.920833 0.607813 0.939583 0.579687 0.956250 0.567187 0.987500 0.560938 0.987500 0.365625 0.912500 0.321875
3 0.458333 0.412500 0.433333 0.478125 0.441667 0.501562 0.447917 0.484375 0.481250 0.487500 0.506250 0.587500 0.487500 0.701563 0.464583 0.701563 0.454167 0.725000 0.479167 0.728125 0.472917 0.812500 0.491667 0.815625 0.552083 0.928125 0.510417 0.964063 0.520833 0.979688 0.691667 0.982813
3 0.483333 0.417188 0.731250 0.985937 0.985417 0.987500 0.987500 0.709375 0.935417 0.667188 0.914583 0.610937 0.777083 0.443750
7 0.845833 0.059375 0.689583 0.015625 0.668750 0.017188 0.668750 0.032812 0.641667 0.053125 0.606250 0.045313 0.481250 0.351562 0.506250 0.414062 0.652083 0.425000
7 0.022917 0.412500 0.025000 0.523438 0.118750 0.528125 0.133333 0.457812 0.131250 0.443750 0.147917 0.429688 0.135417 0.420312
7 0.454167 0.485938 0.443750 0.503125 0.429167 0.554688 0.429167 0.585938 0.416667 0.587500 0.414583 0.601562 0.422917 0.610937 0.406250 0.612500 0.406250 0.637500 0.441667 0.639063 0.443750 0.614062 0.445833 0.637500 0.481250 0.643750 0.497917 0.600000 0.500000 0.537500 0.479167 0.487500
7 0.018750 0.556250 0.014583 0.987500 0.302083 0.979688 0.272917 0.564062
8 0.372917 0.062500 0.358333 0.082813 0.329167 0.225000 0.318750 0.228125 0.322917 0.243750 0.343750 0.240625 0.383333 0.079687
8 0.077083 0.318750 0.077083 0.342187 0.083333 0.356250 0.106250 0.362500 0.172917 0.365625 0.222917 0.375000 0.262500 0.371875 0.300000 0.384375 0.314583 0.350000 0.314583 0.335938 0.287500 0.323438 0.275000 0.312500 0.254167 0.315625 0.235417 0.310937 0.116667 0.301562 0.091667 0.309375
8 0.214583 0.420312 0.208333 0.429688 0.208333 0.435937 0.214583 0.450000 0.212500 0.456250 0.212500 0.503125 0.208333 0.506250 0.204167 0.514063 0.220833 0.526563 0.225000 0.428125
8 0.389583 0.528125 0.389583 0.529688 0.385417 0.534375 0.385417 0.545313 0.387500 0.546875 0.387500 0.556250 0.406250 0.556250 0.408333 0.554688 0.422917 0.554688 0.422917 0.546875 0.425000 0.545313 0.425000 0.534375 0.420833 0.534375 0.418750 0.532812 0.412500 0.532812 0.410417 0.531250 0.404167 0.531250 0.402083 0.529688 0.397917 0.529688 0.395833 0.528125
8 0.291667 0.545313 0.291667 0.559375 0.293750 0.560938 0.293750 0.578125 0.295833 0.579687 0.354167 0.579687 0.356250 0.575000 0.360417 0.571875 0.364583 0.565625 0.364583 0.564062 0.335417 0.553125 0.331250 0.553125 0.325000 0.550000 0.320833 0.550000 0.318750 0.548437 0.310417 0.548437 0.308333 0.546875 0.300000 0.546875 0.297917 0.545313
8 0.379167 0.564062 0.379167 0.573438 0.393750 0.584375 0.420833 0.584375 0.420833 0.582812 0.418750 0.581250 0.418750 0.562500 0.383333 0.562500 0.381250 0.564062
8 0.954167 0.582812 0.929167 0.601562 0.927083 0.621875 0.943750 0.654688 0.979167 0.689062 0.983333 0.700000 0.983333 0.573438
8 0.379167 0.585938 0.379167 0.589063 0.381250 0.590625 0.381250 0.595312 0.383333 0.596875 0.383333 0.601562 0.385417 0.603125 0.391667 0.603125 0.393750 0.604688 0.404167 0.604688 0.406250 0.606250 0.406250 0.600000 0.408333 0.598437 0.406250 0.596875 0.406250 0.590625 0.404167 0.589063 0.395833 0.589063 0.393750 0.587500 0.387500 0.587500 0.385417 0.585938
8 0.364583 0.662500 0.370833 0.679688 0.379167 0.679688 0.383333 0.682813 0.385417 0.687500 0.387500 0.685938 0.402083 0.685938 0.402083 0.676562 0.404167 0.675000 0.410417 0.675000 0.418750 0.678125 0.435417 0.679688 0.445833 0.682813 0.443750 0.681250 0.441667 0.656250 0.391667 0.656250 0.389583 0.657812 0.381250 0.657812 0.377083 0.665625 0.375000 0.664062
8 0.456250 0.660937 0.454167 0.662500 0.454167 0.670313 0.452083 0.671875 0.452083 0.681250 0.460417 0.687500 0.460417 0.689062 0.466667 0.693750 0.466667 0.695312 0.470833 0.698438 0.470833 0.700000 0.479167 0.700000 0.479167 0.657812 0.472917 0.657812 0.470833 0.659375 0.464583 0.659375 0.462500 0.660937
8 0.460417 0.715625 0.458333 0.714063 0.458333 0.707812 0.456250 0.706250 0.456250 0.700000 0.454167 0.698438 0.454167 0.693750 0.447917 0.690625 0.433333 0.690625 0.431250 0.692187 0.418750 0.692187 0.416667 0.693750 0.406250 0.693750 0.404167 0.695312 0.391667 0.695312 0.391667 0.701563 0.393750 0.703125 0.393750 0.707812 0.395833 0.709375 0.395833 0.714063 0.397917 0.715625
8 0.472917 0.737500 0.433333 0.740625 0.377083 0.748438 0.345833 0.748438 0.347917 0.767187 0.368750 0.770312 0.383333 0.789062 0.468750 0.773438 0.470833 0.739062
8 0.491667 0.818750 0.481250 0.826563 0.416667 0.832812 0.408333 0.826563 0.400000 0.832812 0.404167 0.896875 0.429167 0.879687 0.420833 0.900000 0.400000 0.920313 0.420833 0.934375 0.429167 0.960938 0.506250 0.956250 0.541667 0.929688 0.518750 0.871875 0.502083 0.868750 0.497917 0.829687