1 0.016667 0.014062 0.022917 0.028125 0.856250 0.182812 0.866667 0.157813 0.989583 0.139062 0.981250 0.014062 0.645833 0.014062 0.927083 0.081250 0.835417 0.107813 0.410417 0.014062
1 0.252083 0.125000 0.231250 0.257812 0.620833 0.312500 0.635417 0.342187 0.675000 0.204688 0.433333 0.159375 0.433333 0.203125 0.416667 0.248437 0.395833 0.250000 0.389583 0.231250 0.410417 0.184375 0.404167 0.153125
1 0.018750 0.235938 0.018750 0.268750 0.189583 0.293750 0.195833 0.262500
1 0.018750 0.307813 0.018750 0.376563 0.735417 0.450000 0.758333 0.392188 0.043750 0.303125
1 0.018750 0.389062 0.018750 0.740625 0.056250 0.723437 0.258333 0.720312 0.279167 0.740625 0.370833 0.737500 0.285417 0.743750 0.268750 0.792188 0.068750 0.790625 0.058333 0.837500 0.020833 0.842188 0.022917 0.857813 0.091667 0.859375 0.068750 0.990625 0.360417 0.985937 0.431250 0.798437 0.481250 0.809375 0.431250 0.726562 0.502083 0.468750 0.420833 0.435937
2 0.981250 0.156250 0.866667 0.187500 0.818750 0.398438 0.850000 0.210938 0.800000 0.215625 0.772917 0.254687 0.791667 0.210938 0.720833 0.192188 0.685417 0.265625 0.683333 0.209375 0.643750 0.345313 0.772917 0.381250 0.645833 0.806250 0.777083 0.796875 0.797917 0.825000 0.816667 0.735937 0.806250 0.832812 0.970833 0.987500 0.987500 0.732813 0.935417 0.709375 0.981250 0.725000 0.985417 0.420312 0.822917 0.404687 0.987500 0.417188
3 0.027083 0.779688 0.025000 0.781250 0.022917 0.839063 0.047917 0.839063 0.052083 0.840625 0.052083 0.835938 0.054167 0.834375 0.056250 0.825000 0.060417 0.818750 0.062500 0.793750 0.039583 0.784375 0.035417 0.784375
3 0.466667 0.815625 0.556250 0.984375 0.968750 0.987500 0.768750 0.804688
3 0.431250 0.809375 0.412500 0.904688 0.427083 0.912500 0.427083 0.923437 0.433333 0.910937 0.460417 0.900000 0.487500 0.935938 0.500000 0.984375 0.547917 0.985937 0.460417 0.818750 0.450000 0.810938
7 0.408333 0.015625 0.835417 0.106250 0.927083 0.082813 0.637500 0.012500
7 0.016667 0.064062 0.020833 0.229687 0.200000 0.260938 0.214583 0.100000
7 0.431250 0.423438 0.431250 0.425000 0.429167 0.426562 0.429167 0.429688 0.422917 0.437500 0.422917 0.440625 0.425000 0.442187 0.427083 0.442187 0.431250 0.445312 0.437500 0.446875 0.441667 0.450000 0.447917 0.451562 0.452083 0.454688 0.462500 0.454688 0.462500 0.439063 0.464583 0.437500 0.477083 0.437500 0.454167 0.426562 0.447917 0.426562 0.445833 0.425000 0.439583 0.425000 0.437500 0.423438
7 0.525000 0.434375 0.514583 0.440625 0.568750 0.443750 0.570833 0.460938 0.541667 0.470313 0.508333 0.465625 0.437500 0.734375 0.489583 0.812500 0.635417 0.807813 0.735417 0.451562
7 0.077083 0.864062 0.066667 0.864062 0.064583 0.865625 0.050000 0.865625 0.047917 0.867188 0.033333 0.867188 0.031250 0.868750 0.016667 0.868750 0.014583 0.870313 0.014583 0.879687 0.012500 0.881250 0.012500 0.887500 0.022917 0.887500 0.025000 0.885938 0.033333 0.885938 0.035417 0.884375 0.043750 0.884375 0.045833 0.882812 0.054167 0.882812 0.056250 0.881250 0.064583 0.881250 0.070833 0.878125
7 0.460417 0.901563 0.433333 0.915625 0.420833 0.948438 0.412500 0.985937 0.487500 0.985937 0.497917 0.987500 0.477083 0.925000
8 0.412500 0.148438 0.406250 0.153125 0.408333 0.173438 0.412500 0.184375 0.406250 0.198437 0.402083 0.217187 0.391667 0.231250 0.391667 0.239063 0.395833 0.248437 0.414583 0.248437 0.427083 0.209375 0.431250 0.203125 0.431250 0.184375 0.433333 0.182812 0.433333 0.164062 0.435417 0.162500
8 0.464583 0.439063 0.464583 0.457812 0.483333 0.459375 0.495833 0.462500 0.506250 0.462500 0.518750 0.465625 0.529167 0.465625 0.541667 0.468750 0.547917 0.465625 0.568750 0.460938 0.568750 0.445312 0.564583 0.443750 0.539583 0.443750 0.537500 0.442187
8 0.310417 0.490625 0.306250 0.506250 0.291667 0.615625 0.285417 0.640625 0.302083 0.643750 0.335417 0.503125 0.335417 0.493750
8 0.277083 0.737500 0.258333 0.721875 0.060417 0.728125 0.037500 0.743750 0.035417 0.782812 0.097917 0.789062 0.216667 0.782812 0.272917 0.789062 0.279167 0.760938
8 0.075000 0.881250 0.014583 0.889063 0.014583 0.987500 0.062500 0.984375
8 0.425000 0.912500 0.410417 0.917188 0.406250 0.920313 0.404167 0.929688 0.400000 0.935938 0.400000 0.962500 0.397917 0.964063 0.397917 0.984375 0.412500 0.979688 0.414583 0.964063 0.416667 0.962500 0.416667 0.956250 0.418750 0.954687 0.418750 0.948438 0.420833 0.946875 0.420833 0.939062 0.422917 0.937500 0.422917 0.931250 0.425000 0.929688
8 0.364583 0.964063 0.364583 0.982813 0.366667 0.984375 0.366667 0.985937 0.389583 0.985937 0.391667 0.987500 0.393750 0.987500 0.391667 0.985937 0.391667 0.975000 0.389583 0.973437 0.389583 0.964063