1 0.014583 0.096875 0.016667 0.915625 0.062500 0.917188 0.072917 0.870313 0.147917 0.817187 0.304167 0.837500 0.318750 0.817187 0.354167 0.851562 0.512500 0.850000 0.535417 0.801562 0.591667 0.817187 0.587500 0.684375 0.660417 0.600000 0.750000 0.604688 0.766667 0.493750 0.739583 0.468750 0.783333 0.382812 0.779167 0.290625
2 0.987500 0.254687 0.791667 0.295312 0.795833 0.350000 0.777083 0.443750 0.758333 0.476562 0.758333 0.485938 0.770833 0.495313 0.945833 0.512500 0.989583 0.510938
2 0.768750 0.501562 0.756250 0.606250 0.791667 0.625000 0.800000 0.640625 0.893750 0.623438 0.920833 0.626562 0.950000 0.714063 0.939583 0.810938 0.985417 0.809375 0.983333 0.526563
3 0.987500 0.989062 0.989583 0.810938 0.589583 0.831250 0.802083 0.987500
3 0.541667 0.818750 0.500000 0.985937 0.787500 0.984375
3 0.318750 0.821875 0.316667 0.840625 0.337500 0.873438 0.325000 0.926562 0.350000 0.925000 0.402083 0.984375 0.481250 0.984375 0.447917 0.981250 0.333333 0.826563
7 0.989583 0.010937 0.018750 0.014062 0.012500 0.089062 0.650000 0.243750 0.985417 0.114063
7 0.987500 0.128125 0.658333 0.246875 0.689583 0.265625 0.793750 0.293750 0.985417 0.250000
7 0.916667 0.628125 0.797917 0.643750 0.729167 0.601562 0.660417 0.601562 0.627083 0.623438 0.587500 0.698438 0.602083 0.815625 0.581250 0.823438 0.535417 0.806250 0.516667 0.851562 0.356250 0.856250 0.450000 0.978125 0.483333 0.984375 0.456250 0.985937 0.491667 0.987500 0.535417 0.810938 0.581250 0.829687 0.931250 0.810938 0.947917 0.756250
7 0.020833 0.921875 0.016667 0.929688 0.016667 0.987500 0.106250 0.987500 0.108333 0.989062 0.106250 0.987500 0.106250 0.968750 0.066667 0.934375 0.050000 0.921875
7 0.270833 0.989062 0.268750 0.987500 0.268750 0.985937 0.262500 0.978125 0.256250 0.978125 0.254167 0.979688 0.247917 0.979688 0.245833 0.981250 0.239583 0.981250 0.237500 0.982813 0.231250 0.982813 0.229167 0.984375 0.222917 0.984375 0.220833 0.985937 0.202083 0.985937 0.202083 0.987500 0.243750 0.987500 0.245833 0.989062
8 0.135417 0.204688 0.135417 0.210938 0.143750 0.217187 0.143750 0.218750 0.143750 0.215625 0.145833 0.214062 0.145833 0.212500 0.150000 0.207813 0.158333 0.207813 0.160417 0.209375 0.168750 0.209375 0.170833 0.210938 0.179167 0.210938 0.181250 0.212500 0.179167 0.210938 0.179167 0.207813 0.177083 0.206250 0.177083 0.204688 0.172917 0.201562 0.170833 0.201562 0.164583 0.198437 0.143750 0.198437
8 0.152083 0.212500 0.087500 0.517187 0.114583 0.525000 0.129167 0.509375 0.112500 0.504687 0.541667 0.532812 0.568750 0.453125 0.552083 0.431250 0.156250 0.357812 0.533333 0.406250 0.562500 0.401563 0.587500 0.295312
8 0.075000 0.556250 0.072917 0.570312 0.095833 0.581250 0.095833 0.604688 0.062500 0.665625 0.050000 0.750000 0.379167 0.756250 0.504167 0.737500 0.502083 0.645312 0.104167 0.607813 0.102083 0.584375 0.118750 0.564062
8 0.072917 0.754687 0.066667 0.754687 0.066667 0.775000 0.064583 0.776563 0.062500 0.775000 0.050000 0.775000 0.039583 0.781250 0.039583 0.784375 0.037500 0.785937 0.037500 0.790625 0.041667 0.796875 0.045833 0.800000 0.047917 0.804688 0.064583 0.804688 0.066667 0.806250 0.079167 0.796875 0.079167 0.792188 0.081250 0.790625 0.081250 0.782812 0.070833 0.775000
8 0.147917 0.818750 0.075000 0.875000 0.062500 0.895312 0.064583 0.929688 0.106250 0.960938 0.106250 0.989062 0.200000 0.989062 0.222917 0.935938 0.250000 0.903125 0.258333 0.901563 0.250000 0.928125 0.270833 0.932813 0.275000 0.918750 0.314583 0.920313 0.322917 0.876562 0.306250 0.853125 0.250000 0.854688 0.254167 0.885938 0.237500 0.859375 0.214583 0.842188
8 0.285417 0.928125 0.277083 0.989062 0.402083 0.989062 0.354167 0.929688