1 0.933333 0.406250 0.243750 0.354688 0.237500 0.775000 0.016667 0.789062 0.014583 0.962500 0.320833 0.939062 0.289583 0.846875 0.370833 0.818750 0.427083 0.842188 0.445833 0.767187 0.297917 0.757812 0.316667 0.665625 0.558333 0.681250 0.539583 0.767187 0.779167 0.764063
1 0.983333 0.896875 0.018750 0.965625 0.016667 0.990625 0.987500 0.987500
2 0.985417 0.260938 0.935417 0.409375 0.777083 0.756250 0.858333 0.848437 0.866667 0.814062 0.839583 0.785937 0.839583 0.756250 0.960417 0.482812 0.981250 0.481250
2 0.972917 0.487500 0.847917 0.753125 0.850000 0.782812 0.875000 0.814062 0.891667 0.787500 0.985417 0.762500
3 0.220833 0.171875 0.216667 0.173438 0.206250 0.304688 0.225000 0.304688 0.231250 0.176563
3 0.487500 0.201562 0.458333 0.325000 0.866667 0.359375 0.904167 0.254687
3 0.481250 0.768750 0.547917 0.910937 0.864583 0.895312 0.860417 0.860937 0.779167 0.768750 0.550000 0.757812 0.550000 0.767187 0.537500 0.771875
3 0.450000 0.768750 0.431250 0.823438 0.441667 0.840625 0.460417 0.832812 0.464583 0.834375 0.466667 0.867188 0.475000 0.884375 0.445833 0.912500 0.537500 0.912500 0.475000 0.768750
7 0.016667 0.014062 0.016667 0.139062 0.977083 0.265625 0.977083 0.078125 0.470833 0.015625
7 0.022917 0.348437 0.018750 0.531250 0.118750 0.535937 0.018750 0.535937 0.018750 0.784375 0.222917 0.778125 0.254167 0.542188 0.225000 0.539062 0.235417 0.364062
7 0.983333 0.767187 0.943750 0.773438 0.893750 0.792188 0.881250 0.817187 0.875000 0.842188 0.875000 0.884375 0.879167 0.896875 0.981250 0.895312
8 0.152083 0.164062 0.150000 0.165625 0.147917 0.201562 0.200000 0.203125 0.204167 0.204688 0.204167 0.195312 0.206250 0.193750 0.206250 0.184375 0.208333 0.182812 0.208333 0.170312 0.197917 0.170312 0.195833 0.168750 0.185417 0.168750 0.183333 0.167187 0.175000 0.167187 0.172917 0.165625
8 0.093750 0.178125 0.093750 0.182812 0.095833 0.184375 0.095833 0.189063 0.097917 0.190625 0.097917 0.195312 0.100000 0.196875 0.131250 0.196875 0.137500 0.200000 0.139583 0.198437 0.141667 0.198437 0.139583 0.196875 0.139583 0.189063 0.137500 0.187500 0.137500 0.179688 0.135417 0.178125
8 0.370833 0.235938 0.372917 0.235938 0.377083 0.239063 0.379167 0.239063 0.387500 0.245312 0.389583 0.250000 0.406250 0.250000 0.408333 0.251563 0.425000 0.251563 0.429167 0.248437 0.427083 0.246875 0.427083 0.239063 0.425000 0.237500 0.425000 0.231250 0.400000 0.231250 0.397917 0.232812 0.387500 0.232812 0.385417 0.234375 0.379167 0.234375 0.377083 0.235938
8 0.370833 0.264062 0.372917 0.268750 0.387500 0.281250 0.404167 0.282813 0.406250 0.284375 0.412500 0.284375 0.414583 0.285937 0.420833 0.285937 0.422917 0.287500 0.422917 0.285937 0.429167 0.281250 0.435417 0.281250 0.437500 0.282813 0.443750 0.282813 0.445833 0.284375 0.454167 0.284375 0.458333 0.278125 0.458333 0.273438 0.450000 0.267188 0.425000 0.265625 0.422917 0.264062 0.412500 0.264062 0.410417 0.262500 0.400000 0.262500 0.397917 0.260938 0.385417 0.260938 0.375000 0.265625
8 0.064583 0.282813 0.072917 0.289062 0.083333 0.290625 0.100000 0.296875 0.166667 0.296875 0.150000 0.295312 0.147917 0.293750 0.131250 0.292188 0.129167 0.290625 0.120833 0.290625 0.118750 0.289062 0.112500 0.289062 0.110417 0.287500 0.083333 0.287500 0.081250 0.285937 0.075000 0.285937 0.072917 0.284375 0.066667 0.284375
8 0.314583 0.293750 0.318750 0.301562 0.333333 0.301562 0.339583 0.306250 0.339583 0.307813 0.347917 0.307813 0.350000 0.309375 0.358333 0.309375 0.360417 0.310937 0.372917 0.310937 0.375000 0.312500 0.389583 0.312500 0.391667 0.314063 0.400000 0.314063 0.402083 0.315625 0.402083 0.310937 0.410417 0.304688 0.412500 0.304688 0.410417 0.303125 0.410417 0.292188 0.406250 0.290625 0.385417 0.290625 0.383333 0.289062 0.337500 0.287500 0.329167 0.295312 0.327083 0.293750
8 0.320833 0.560938 0.314583 0.662500 0.572917 0.679688 0.579167 0.664062 0.570833 0.646875 0.585417 0.615625 0.600000 0.604688 0.591667 0.590625 0.477083 0.576563 0.468750 0.564062 0.458333 0.560938
8 0.316667 0.667188 0.293750 0.706250 0.293750 0.739062 0.302083 0.759375 0.537500 0.770312 0.560417 0.690625 0.558333 0.682813
8 0.377083 0.825000 0.337500 0.835938 0.327083 0.856250 0.297917 0.854688 0.300000 0.882812 0.318750 0.887500 0.337500 0.904688 0.368750 0.909375 0.335417 0.921875 0.329167 0.932813 0.341667 0.939062 0.381250 0.935938 0.408333 0.918750 0.427083 0.914062 0.427083 0.893750 0.412500 0.860937 0.389583 0.843750
8 0.454167 0.839063 0.429167 0.871875 0.429167 0.887500 0.431250 0.889063 0.433333 0.921875 0.472917 0.884375 0.466667 0.873438 0.466667 0.868750 0.460417 0.857813 0.460417 0.853125 0.458333 0.851562