1 0.022917 0.014062 0.014583 0.014062 0.014583 0.096875 0.022917 0.084375 0.022917 0.079687 0.025000 0.078125 0.025000 0.073437 0.027083 0.071875 0.027083 0.067188 0.029167 0.065625 0.029167 0.060938 0.033333 0.053125 0.033333 0.042188 0.031250 0.040625 0.031250 0.035937 0.029167 0.034375 0.029167 0.029687 0.025000 0.023438
1 0.379167 0.278125 0.622917 0.337500 0.970833 0.014062 0.431250 0.015625 0.516667 0.043750 0.525000 0.075000 0.487500 0.087500 0.466667 0.123438 0.460417 0.182812 0.429167 0.182812 0.425000 0.210938
1 0.025000 0.237500 0.020833 0.342187 0.047917 0.331250 0.137500 0.318750 0.147917 0.340625 0.181250 0.345313 0.218750 0.271875 0.093750 0.237500
1 0.014583 0.378125 0.016667 0.985937 0.047917 0.975000 0.089583 0.915625 0.141667 0.898438 0.216667 0.900000 0.195833 0.700000 0.168750 0.715625 0.193750 0.660937 0.150000 0.606250 0.166667 0.595312 0.185417 0.612500 0.177083 0.551562 0.081250 0.525000 0.093750 0.509375 0.122917 0.512500 0.172917 0.493750 0.172917 0.442187 0.156250 0.425000 0.095833 0.415625
2 0.983333 0.010937 0.641667 0.337500 0.718750 0.528125 0.741667 0.475000 0.777083 0.439063 0.837500 0.410937 0.956250 0.417188 0.985417 0.429688
3 0.227083 0.271875 0.183333 0.346875 0.193750 0.360938 0.243750 0.354688 0.254167 0.423438 0.197917 0.456250 0.181250 0.446875 0.204167 0.535937 0.189583 0.562500 0.268750 0.464063 0.329167 0.714063 0.225000 0.782812 0.200000 0.695312 0.222917 0.901563 0.254167 0.928125 0.350000 0.837500 0.406250 0.854688 0.287500 0.290625
3 0.297917 0.293750 0.414583 0.853125 0.450000 0.870313 0.466667 0.814062 0.550000 0.795313 0.797917 0.696875 0.758333 0.650000 0.639583 0.343750 0.381250 0.285937 0.358333 0.300000
7 0.843750 0.417188 0.760417 0.465625 0.737500 0.517187 0.741667 0.604688 0.804167 0.700000 0.554167 0.796875 0.770833 0.779688 0.818750 0.792188 0.843750 0.828125 0.829167 0.879687 0.793750 0.910937 0.750000 0.904688 0.729167 0.982813 0.968750 0.987500 0.987500 0.964063 0.985417 0.435937 0.958333 0.421875
7 0.266667 0.467187 0.202083 0.556250 0.202083 0.610937 0.212500 0.618750 0.191667 0.623438 0.166667 0.596875 0.158333 0.606250 0.164583 0.623438 0.208333 0.660937 0.177083 0.679688 0.172917 0.714063 0.181250 0.714063 0.191667 0.690625 0.220833 0.690625 0.227083 0.776563 0.314583 0.714063
8 0.031250 0.010937 0.033333 0.082813 0.091667 0.098438 0.035417 0.087500 0.020833 0.106250 0.020833 0.234375 0.102083 0.237500 0.358333 0.298438 0.420833 0.210938 0.414583 0.192188 0.200000 0.128125 0.454167 0.182812 0.462500 0.118750 0.485417 0.087500 0.516667 0.076563 0.518750 0.050000 0.400000 0.014062
8 0.193750 0.368750 0.168750 0.350000 0.137500 0.343750 0.135417 0.321875 0.058333 0.332812 0.035417 0.346875 0.014583 0.348437 0.014583 0.375000 0.102083 0.412500 0.143750 0.415625 0.158333 0.392188
8 0.241667 0.354688 0.189583 0.384375 0.191667 0.429688 0.193750 0.431250 0.193750 0.453125 0.195833 0.454688 0.250000 0.431250 0.247917 0.428125 0.247917 0.410937 0.245833 0.409375
8 0.160417 0.417188 0.160417 0.428125 0.158333 0.429688 0.158333 0.439063 0.168750 0.439063 0.170833 0.440625 0.183333 0.440625 0.185417 0.442187 0.183333 0.440625 0.183333 0.428125 0.181250 0.426562 0.181250 0.417188
8 0.195833 0.540625 0.191667 0.529688 0.187500 0.501562 0.154167 0.501562 0.137500 0.506250 0.118750 0.517187 0.112500 0.517187 0.108333 0.514063 0.108333 0.510938 0.100000 0.510938 0.091667 0.523438 0.091667 0.526563 0.127083 0.528125 0.133333 0.531250 0.133333 0.540625 0.164583 0.548437
8 0.837500 0.825000 0.818750 0.793750 0.770833 0.781250 0.650000 0.798437 0.647917 0.823438 0.645833 0.806250 0.614583 0.795313 0.464583 0.823438 0.447917 0.879687 0.350000 0.839063 0.277083 0.895312 0.237500 0.976562 0.245833 0.925000 0.210417 0.907812 0.150000 0.904688 0.091667 0.920313 0.027083 0.987500 0.729167 0.979688 0.739583 0.903125 0.687500 0.862500 0.741667 0.900000 0.802083 0.903125 0.829167 0.873438