1 0.179167 0.010937 0.414583 0.059375 0.410417 0.014062
1 0.014583 0.473437 0.035417 0.468750 0.039583 0.498437 0.110417 0.467187 0.085417 0.489062 0.097917 0.512500 0.158333 0.528125 0.360417 0.540625 0.379167 0.500000 0.364583 0.406250 0.420833 0.398438 0.431250 0.346875 0.893750 0.392188 0.939583 0.298438 0.916667 0.281250 0.016667 0.157813 0.014583 0.350000 0.154167 0.359375 0.141667 0.462500 0.014583 0.454688
1 0.039583 0.596875 0.045833 0.632812 0.212500 0.629687 0.256250 0.846875 0.447917 0.835938 0.425000 0.825000 0.460417 0.801562 0.414583 0.776563 0.422917 0.762500 0.389583 0.675000 0.339583 0.653125 0.354167 0.642187 0.383333 0.642187 0.387500 0.629687 0.320833 0.623438 0.318750 0.603125 0.389583 0.595312 0.352083 0.565625 0.279167 0.559375 0.120833 0.573438
1 0.985417 0.789062 0.014583 0.887500 0.014583 0.987500 0.989583 0.987500
2 0.612500 0.020312 0.529167 0.223438 0.925000 0.279687 0.947917 0.301562 0.912500 0.400000 0.987500 0.464063 0.987500 0.010937 0.627083 0.014062 0.679167 0.025000 0.610417 0.189063 0.666667 0.028125
3 0.437500 0.354688 0.427083 0.395312 0.477083 0.504687 0.437500 0.557813 0.420833 0.618750 0.447917 0.625000 0.456250 0.643750 0.431250 0.696875 0.487500 0.700000 0.483333 0.731250 0.447917 0.740625 0.497917 0.743750 0.491667 0.790625 0.531250 0.792188 0.535417 0.829687 0.866667 0.798437 0.452083 0.356250
3 0.456250 0.356250 0.877083 0.793750 0.987500 0.781250 0.989583 0.476562 0.910417 0.404687
7 0.012500 0.014062 0.016667 0.151562 0.208333 0.176563 0.189583 0.167187 0.204167 0.037500 0.227083 0.029687 0.229167 0.067188 0.422917 0.114063 0.402083 0.178125 0.216667 0.151562 0.212500 0.176563 0.412500 0.203125 0.441667 0.068750 0.158333 0.014062
7 0.420833 0.012500 0.420833 0.054688 0.452083 0.067188 0.422917 0.204688 0.527083 0.223438 0.602083 0.015625
7 0.016667 0.357812 0.014583 0.443750 0.133333 0.454688 0.147917 0.367188
7 0.262500 0.451562 0.262500 0.459375 0.260417 0.460938 0.258333 0.478125 0.302083 0.479688 0.304167 0.481250 0.327083 0.481250 0.331250 0.482812 0.331250 0.476562 0.333333 0.475000 0.335417 0.462500 0.337500 0.460938 0.337500 0.456250 0.335417 0.454688 0.312500 0.454688 0.310417 0.453125
7 0.516667 0.543750 0.485417 0.573438 0.475000 0.621875 0.483333 0.675000 0.500000 0.731250 0.525000 0.767187 0.550000 0.784375 0.577083 0.782812 0.597917 0.768750 0.608333 0.725000 0.608333 0.656250 0.589583 0.604688 0.556250 0.556250
7 0.202083 0.632812 0.020833 0.635938 0.014583 0.879687 0.243750 0.854688
7 0.397917 0.707812 0.418750 0.726562 0.422917 0.746875 0.458333 0.770312 0.420833 0.775000 0.445833 0.792188 0.462500 0.787500 0.481250 0.789062 0.493750 0.785937 0.500000 0.770312 0.495833 0.745313 0.460417 0.750000 0.443750 0.742188 0.445833 0.728125 0.475000 0.732813 0.481250 0.723437 0.479167 0.704687 0.462500 0.701563 0.420833 0.701563 0.414583 0.707812
7 0.529167 0.796875 0.514583 0.790625 0.504167 0.790625 0.491667 0.793750 0.470833 0.795313 0.464583 0.803125 0.447917 0.809375 0.445833 0.823438 0.450000 0.832812 0.452083 0.834375 0.466667 0.834375 0.466667 0.823438 0.468750 0.821875 0.481250 0.826563 0.493750 0.823438 0.514583 0.821875 0.525000 0.829687 0.533333 0.821875 0.529167 0.814062
8 0.206250 0.037500 0.193750 0.168750 0.210417 0.176563 0.216667 0.150000 0.389583 0.179688 0.402083 0.176563 0.420833 0.107813 0.229167 0.068750 0.227083 0.031250
8 0.431250 0.398438 0.368750 0.407813 0.383333 0.501562 0.360417 0.554688 0.354167 0.546875 0.160417 0.534375 0.150000 0.570312 0.220833 0.557813 0.325000 0.554688 0.358333 0.559375 0.366667 0.571875 0.420833 0.598437 0.437500 0.548437 0.468750 0.503125 0.437500 0.442187
8 0.022917 0.473437 0.016667 0.476562 0.022917 0.626562 0.039583 0.626562 0.022917 0.601562 0.064583 0.582812 0.095833 0.578125 0.135417 0.565625 0.150000 0.532812 0.089583 0.515625 0.089583 0.501562 0.079167 0.484375 0.039583 0.501562 0.025000 0.496875
8 0.322917 0.604688 0.327083 0.617188 0.339583 0.625000 0.406250 0.626562 0.395833 0.631250 0.393750 0.645312 0.385417 0.645312 0.379167 0.650000 0.352083 0.648438 0.347917 0.654688 0.354167 0.660937 0.387500 0.665625 0.400000 0.678125 0.418750 0.689062 0.443750 0.684375 0.452083 0.664062 0.450000 0.628125 0.427083 0.621875 0.414583 0.623438 0.414583 0.603125 0.341667 0.600000
8 0.602083 0.814062 0.735417 0.801562 0.687500 0.779688 0.687500 0.757812 0.685417 0.756250 0.660417 0.751562 0.647917 0.751562 0.616667 0.760938 0.612500 0.803125