1 0.014583 0.014062 0.016667 0.171875 0.320833 0.225000 0.335417 0.139062 0.262500 0.132812 0.268750 0.100000 0.291667 0.092188 0.281250 0.054688 0.122917 0.015625
1 0.139583 0.014062 0.262500 0.043750 0.254167 0.034375 0.260417 0.021875 0.285417 0.031250 0.304167 0.031250 0.318750 0.017188 0.347917 0.046875 0.377083 0.042188 0.404167 0.062500 0.479167 0.048437 0.395833 0.017188
1 0.400000 0.015625 0.662500 0.107813 0.754167 0.079687 0.770833 0.020312
1 0.014583 0.685938 0.037500 0.725000 0.497917 0.668750 0.716667 0.857813 0.016667 0.989062 0.525000 0.987500 0.527083 0.945312 0.747917 0.884375 0.822917 0.957812 0.752083 0.984375 0.968750 0.985937 0.506250 0.639063 0.293750 0.635938
1 0.525000 0.637500 0.872917 0.904688 0.829167 0.846875 0.541667 0.634375
2 0.937500 0.014062 0.781250 0.015625 0.772917 0.017188 0.772917 0.029687
2 0.987500 0.014062 0.775000 0.039062 0.743750 0.092188 0.666667 0.112500 0.539583 0.471875 0.675000 0.539062 0.541667 0.485938 0.547917 0.550000 0.587500 0.559375 0.610417 0.590625 0.604167 0.621875 0.541667 0.632812 0.831250 0.843750 0.804167 0.728125 0.868750 0.675000 0.987500 0.665625
7 0.279167 0.031250 0.291667 0.045313 0.285417 0.056250 0.308333 0.071875 0.310417 0.067188 0.314583 0.064062 0.316667 0.065625 0.318750 0.076563 0.306250 0.100000 0.325000 0.106250 0.320833 0.101562 0.320833 0.093750 0.329167 0.068750 0.329167 0.060938 0.318750 0.057813 0.322917 0.054688 0.341667 0.051562 0.345833 0.048437 0.318750 0.025000 0.312500 0.042188
7 0.656250 0.110937 0.502083 0.053125 0.397917 0.065625 0.325000 0.223438 0.429167 0.254687 0.020833 0.178125 0.020833 0.245312 0.381250 0.307813 0.339583 0.410937 0.020833 0.381250 0.022917 0.500000 0.356250 0.509375 0.420833 0.290625 0.358333 0.551562 0.354167 0.518750 0.022917 0.506250 0.022917 0.585938 0.197917 0.573438 0.187500 0.550000 0.466667 0.575000 0.379167 0.525000 0.535417 0.510938
7 0.389583 0.059375 0.360417 0.059375 0.360417 0.065625 0.358333 0.067188 0.358333 0.073437 0.356250 0.075000 0.356250 0.082813 0.354167 0.084375 0.354167 0.090625 0.352083 0.092188 0.352083 0.098438 0.350000 0.100000 0.350000 0.107813 0.358333 0.117188 0.360417 0.121875 0.379167 0.112500 0.379167 0.098438 0.370833 0.101562 0.368750 0.098438 0.372917 0.093750 0.379167 0.078125 0.391667 0.064062 0.391667 0.060938
7 0.710417 0.860937 0.497917 0.676562 0.485417 0.692187 0.025000 0.729688 0.016667 0.965625 0.643750 0.856250 0.697917 0.868750
7 0.900000 0.676562 0.856250 0.689062 0.820833 0.720312 0.808333 0.751562 0.806250 0.790625 0.858333 0.876562 0.908333 0.929688 0.979167 0.989062 0.989583 0.989062 0.981250 0.681250
7 0.816667 0.959375 0.754167 0.898438 0.743750 0.893750 0.591667 0.943750 0.558333 0.962500 0.564583 0.951563 0.554167 0.948438 0.541667 0.956250 0.541667 0.965625 0.554167 0.964063 0.539583 0.981250 0.745833 0.984375
8 0.275000 0.103125 0.275000 0.125000 0.291667 0.126563 0.293750 0.128125 0.302083 0.128125 0.304167 0.129688 0.314583 0.129688 0.316667 0.131250 0.325000 0.131250 0.327083 0.132812 0.335417 0.132812 0.337500 0.134375 0.360417 0.134375 0.360417 0.123438 0.354167 0.120312 0.350000 0.120312 0.333333 0.114063 0.322917 0.112500 0.316667 0.109375 0.312500 0.109375 0.295833 0.103125
8 0.020833 0.246875 0.018750 0.379687 0.339583 0.409375 0.356250 0.393750 0.379167 0.315625 0.362500 0.293750
8 0.381250 0.525000 0.381250 0.535937 0.400000 0.535937 0.404167 0.543750 0.412500 0.550000 0.543750 0.551562 0.545833 0.525000 0.522917 0.509375 0.414583 0.507812 0.402083 0.517187
8 0.387500 0.623438 0.364583 0.585938 0.329167 0.581250 0.354167 0.581250 0.343750 0.564062 0.262500 0.560938 0.279167 0.575000 0.214583 0.554688 0.189583 0.554688 0.189583 0.560938 0.231250 0.573438 0.258333 0.573438 0.260417 0.581250 0.095833 0.576563 0.022917 0.587500 0.020833 0.682813 0.072917 0.684375 0.189583 0.659375 0.272917 0.631250
8 0.593750 0.579687 0.579167 0.565625 0.556250 0.554688 0.470833 0.557813 0.472917 0.579687 0.433333 0.578125 0.391667 0.587500 0.387500 0.612500 0.395833 0.621875 0.395833 0.628125 0.479167 0.635938 0.487500 0.632812 0.539583 0.629687 0.593750 0.612500 0.597917 0.601562