1 0.018750 0.159375 0.016667 0.329688 0.275000 0.346875 0.275000 0.332812 0.306250 0.321875 0.320833 0.340625 0.310417 0.350000 0.677083 0.375000 0.725000 0.239063
1 0.708333 0.409375 0.731250 0.432813 0.741667 0.456250 0.777083 0.503125 0.797917 0.521875 0.814583 0.528125 0.843750 0.523438 0.883333 0.506250 0.929167 0.500000 0.952083 0.492188 0.897917 0.435937 0.868750 0.421875
1 0.022917 0.615625 0.525000 0.621875 0.562500 0.521875 0.525000 0.578125 0.508333 0.487500 0.539583 0.467187 0.577083 0.471875 0.575000 0.493750 0.585417 0.464063 0.025000 0.432813
1 0.022917 0.625000 0.022917 0.695312 0.539583 0.714063 0.522917 0.629687
2 0.920833 0.014062 0.839583 0.167187 0.908333 0.193750 0.854167 0.240625 0.847917 0.415625 0.870833 0.417188 0.933333 0.448438 0.987500 0.498437 0.987500 0.014062
2 0.741667 0.240625 0.691667 0.375000 0.825000 0.393750 0.839583 0.245312
2 0.577083 0.473437 0.529167 0.468750 0.510417 0.487500 0.525000 0.576563 0.554167 0.521875 0.552083 0.518750 0.541667 0.515625 0.537500 0.510938 0.558333 0.493750 0.568750 0.493750
3 0.916667 0.017188 0.602083 0.020312 0.572917 0.140625 0.837500 0.170312
7 0.012500 0.014062 0.018750 0.034375 0.479167 0.090625 0.481250 0.015625
7 0.025000 0.089062 0.016667 0.150000 0.847917 0.235938 0.887500 0.196875 0.839583 0.179688
7 0.287500 0.226562 0.287500 0.231250 0.285417 0.232812 0.285417 0.239063 0.283333 0.240625 0.283333 0.245312 0.281250 0.246875 0.281250 0.253125 0.283333 0.253125 0.285417 0.254687 0.291667 0.254687 0.293750 0.256250 0.297917 0.256250 0.300000 0.257812 0.304167 0.257812 0.306250 0.259375 0.314583 0.253125 0.316667 0.253125 0.322917 0.248437 0.325000 0.248437 0.322917 0.246875 0.322917 0.242188 0.320833 0.240625 0.320833 0.235938 0.314583 0.232812 0.310417 0.232812 0.308333 0.231250 0.304167 0.231250 0.297917 0.228125 0.293750 0.228125 0.291667 0.226562
7 0.029167 0.265625 0.018750 0.293750 0.018750 0.300000 0.022917 0.306250 0.047917 0.309375 0.054167 0.314063 0.054167 0.326562 0.083333 0.329688 0.081250 0.323438 0.081250 0.281250 0.066667 0.281250 0.054167 0.284375 0.045833 0.298438 0.029167 0.295312 0.027083 0.292188 0.050000 0.268750 0.047917 0.262500
7 0.412500 0.276563 0.408333 0.276563 0.402083 0.273438 0.397917 0.273438 0.389583 0.270312 0.383333 0.270312 0.360417 0.282813 0.360417 0.289062 0.358333 0.290625 0.358333 0.295312 0.356250 0.296875 0.356250 0.304688 0.375000 0.318750 0.377083 0.317187 0.404167 0.315625 0.408333 0.303125 0.414583 0.293750 0.414583 0.278125
7 0.281250 0.282813 0.281250 0.287500 0.279167 0.289062 0.279167 0.292188 0.277083 0.293750 0.277083 0.298438 0.279167 0.298438 0.281250 0.300000 0.283333 0.300000 0.289583 0.303125 0.293750 0.303125 0.300000 0.306250 0.302083 0.304688 0.304167 0.304688 0.306250 0.303125 0.308333 0.303125 0.310417 0.301562 0.312500 0.301562 0.314583 0.300000 0.320833 0.298438 0.318750 0.296875 0.318750 0.293750 0.316667 0.292188 0.316667 0.289062 0.314583 0.287500 0.314583 0.284375 0.312500 0.282813 0.312500 0.281250 0.285417 0.281250 0.283333 0.282813
7 0.318750 0.340625 0.316667 0.339063 0.316667 0.337500 0.314583 0.335938 0.314583 0.334375 0.312500 0.332812 0.312500 0.331250 0.310417 0.329688 0.308333 0.325000 0.306250 0.323438 0.300000 0.323438 0.297917 0.325000 0.293750 0.325000 0.291667 0.326562 0.289583 0.326562 0.287500 0.328125 0.281250 0.329688 0.277083 0.332812 0.277083 0.335938 0.275000 0.337500 0.275000 0.340625 0.272917 0.342187 0.272917 0.345313 0.275000 0.345313 0.277083 0.346875 0.281250 0.346875 0.283333 0.348437 0.287500 0.348437 0.289583 0.350000 0.291667 0.350000 0.293750 0.351562 0.297917 0.351562 0.300000 0.353125 0.304167 0.350000 0.306250 0.350000 0.312500 0.345313 0.314583 0.345313 0.318750 0.342187
7 0.689583 0.403125 0.645833 0.465625 0.687500 0.504687 0.645833 0.510938 0.593750 0.545313 0.564583 0.528125 0.547917 0.573438 0.581250 0.615625 0.579167 0.695312 0.652083 0.985937 0.927083 0.989062 0.927083 0.964063 0.870833 0.959375 0.989583 0.946875 0.985417 0.787500 0.962500 0.754687 0.897917 0.792188 0.906250 0.818750 0.877083 0.798437 0.825000 0.814062 0.777083 0.798437 0.714583 0.687500 0.708333 0.637500 0.787500 0.531250
7 0.025000 0.715625 0.020833 0.987500 0.595833 0.982813 0.529167 0.720312
8 0.539583 0.512500 0.560417 0.521875 0.566667 0.518750 0.579167 0.518750 0.581250 0.520312 0.591667 0.520312 0.600000 0.523438 0.606250 0.523438 0.614583 0.526563 0.639583 0.526563 0.639583 0.514063 0.662500 0.496875 0.660417 0.495313 0.625000 0.495313 0.622917 0.493750 0.558333 0.495313
8 0.966667 0.501562 0.822917 0.528125 0.768750 0.550000 0.731250 0.645312 0.727083 0.693750 0.750000 0.701563 0.793750 0.796875 0.816667 0.812500 0.864583 0.803125 0.922917 0.773438 0.943750 0.750000 0.985417 0.742188 0.989583 0.510938