1 0.014583 0.010937 0.022917 0.523438 0.420833 0.523438 0.433333 0.481250 0.385417 0.484375 0.354167 0.460938 0.356250 0.412500 0.412500 0.276563 0.462500 0.275000 0.512500 0.235938 0.618750 0.229687 0.637500 0.254687 0.979167 0.278125 0.985417 0.010937
1 0.435417 0.517187 0.439583 0.531250 0.456250 0.534375 0.479167 0.621875 0.483333 0.607813 0.550000 0.607813 0.533333 0.607813 0.514583 0.592188 0.489583 0.592188 0.477083 0.581250 0.483333 0.564062 0.500000 0.564062 0.510417 0.573438 0.520833 0.559375 0.529167 0.556250 0.525000 0.542188 0.472917 0.540625 0.450000 0.518750
1 0.489583 0.654688 0.491667 0.667188 0.493750 0.668750 0.493750 0.675000 0.495833 0.676562 0.495833 0.682813 0.500000 0.682813 0.506250 0.679688 0.522917 0.676562 0.535417 0.671875 0.552083 0.671875 0.554167 0.673437 0.575000 0.675000 0.568750 0.657812 0.495833 0.659375 0.493750 0.660937 0.489583 0.657812
1 0.593750 0.726562 0.510417 0.728125 0.527083 0.789062 0.562500 0.778125 0.556250 0.765625 0.558333 0.750000 0.577083 0.750000 0.577083 0.775000 0.610417 0.776563 0.612500 0.789062 0.616667 0.789062
1 0.533333 0.809375 0.535417 0.825000 0.537500 0.826563 0.541667 0.826563 0.550000 0.829687 0.556250 0.829687 0.558333 0.831250 0.562500 0.829687 0.587500 0.829687 0.597917 0.825000 0.602083 0.825000 0.608333 0.817187 0.608333 0.815625 0.593750 0.806250 0.583333 0.806250 0.581250 0.807813 0.575000 0.807813 0.572917 0.806250 0.572917 0.800000 0.577083 0.796875 0.585417 0.795313 0.554167 0.795313 0.550000 0.796875
1 0.541667 0.848437 0.583333 0.984375 0.604167 0.985937 0.625000 0.971875 0.679167 0.964063 0.654167 0.895312 0.637500 0.896875 0.629167 0.885938 0.618750 0.885938 0.641667 0.931250 0.635417 0.945312 0.620833 0.942187 0.600000 0.893750 0.597917 0.870313 0.631250 0.864062 0.633333 0.856250 0.610417 0.848437
3 0.614583 0.239063 0.629167 0.307813 0.585417 0.328125 0.627083 0.354688 0.566667 0.381250 0.670833 0.384375 0.658333 0.414062 0.568750 0.385938 0.558333 0.410937 0.710417 0.414062 0.735417 0.475000 0.679167 0.503125 0.700000 0.451562 0.543750 0.450000 0.581250 0.462500 0.535417 0.475000 0.658333 0.487500 0.652083 0.520312 0.525000 0.509375 0.560417 0.523438 0.531250 0.556250 0.652083 0.553125 0.668750 0.590625 0.552083 0.607813 0.612500 0.681250 0.618750 0.785937 0.616667 0.660937 0.672917 0.768750 0.654167 0.642187 0.691667 0.559375 0.741667 0.548437 0.831250 0.639063 0.906250 0.887500 0.872917 0.925000 0.793750 0.926562 0.677083 0.779688 0.685417 0.962500 0.904167 0.953125 0.987500 0.985937 0.939583 0.976562 0.987500 0.939062 0.983333 0.709375
3 0.643750 0.264062 0.981250 0.695312 0.979167 0.284375
7 0.016667 0.528125 0.016667 0.987500 0.579167 0.984375 0.541667 0.846875 0.635417 0.856250 0.600000 0.870313 0.635417 0.943750 0.616667 0.885938 0.683333 0.893750 0.664583 0.803125 0.577083 0.776563 0.577083 0.751562 0.527083 0.790625 0.495833 0.712500 0.431250 0.714063 0.435417 0.692187 0.493750 0.684375 0.483333 0.640625 0.439583 0.628125 0.479167 0.623438 0.454167 0.534375
7 0.708333 0.548437 0.689583 0.564062 0.681250 0.603125 0.656250 0.642187 0.656250 0.695312 0.693750 0.823438 0.743750 0.893750 0.793750 0.925000 0.829167 0.928125 0.847917 0.917188 0.827083 0.904688 0.820833 0.882812 0.845833 0.868750 0.868750 0.867188 0.877083 0.845312 0.864583 0.721875 0.829167 0.639063 0.781250 0.575000 0.741667 0.550000
8 0.518750 0.240625 0.518750 0.250000 0.522917 0.253125 0.547917 0.262500 0.564583 0.265625 0.570833 0.268750 0.587500 0.271875 0.600000 0.276563 0.600000 0.259375 0.604167 0.251563 0.604167 0.245312 0.602083 0.243750 0.575000 0.243750 0.572917 0.242188
8 0.470833 0.265625 0.485417 0.273438 0.489583 0.273438 0.504167 0.279687 0.577083 0.281250 0.572917 0.281250 0.570833 0.279687 0.566667 0.279687 0.564583 0.278125 0.560417 0.278125 0.558333 0.276563 0.554167 0.276563 0.552083 0.275000 0.547917 0.275000 0.545833 0.273438 0.541667 0.273438 0.539583 0.271875 0.535417 0.271875 0.533333 0.270312 0.529167 0.270312 0.527083 0.268750 0.522917 0.268750 0.508333 0.264062 0.477083 0.264062 0.475000 0.265625
8 0.618750 0.289062 0.583333 0.282813 0.550000 0.287500 0.554167 0.320312 0.547917 0.321875 0.512500 0.312500 0.489583 0.312500 0.483333 0.342187 0.558333 0.343750 0.577083 0.348437 0.593750 0.367188 0.620833 0.365625 0.629167 0.342187 0.627083 0.335938 0.612500 0.329688 0.597917 0.332812 0.554167 0.321875 0.604167 0.323438 0.627083 0.307813
8 0.477083 0.301562 0.420833 0.292188 0.400000 0.340625 0.400000 0.379687 0.379167 0.395312 0.362500 0.421875 0.362500 0.462500 0.389583 0.476562 0.439583 0.476562 0.441667 0.454688 0.460417 0.442187 0.487500 0.432813 0.518750 0.406250 0.533333 0.381250 0.533333 0.360938 0.506250 0.360938 0.475000 0.345313 0.468750 0.329688
8 0.025000 0.346875 0.035417 0.382812 0.056250 0.403125 0.087500 0.421875 0.131250 0.429688 0.181250 0.417188 0.195833 0.385938 0.168750 0.340625 0.141667 0.334375 0.120833 0.323438 0.081250 0.323438 0.052083 0.332812 0.041667 0.346875
8 0.562500 0.382812 0.589583 0.392188 0.606250 0.406250 0.643750 0.409375 0.645833 0.410937 0.656250 0.410937 0.658333 0.412500 0.658333 0.407813 0.666667 0.390625 0.668750 0.379687 0.662500 0.379687 0.654167 0.376563 0.616667 0.370313 0.606250 0.379687 0.581250 0.379687 0.579167 0.381250
8 0.445833 0.514063 0.472917 0.539062 0.550000 0.542188 0.558333 0.523438 0.512500 0.509375 0.495833 0.484375 0.510417 0.470313 0.537500 0.470313 0.579167 0.457812 0.531250 0.446875 0.700000 0.450000 0.668750 0.484375 0.679167 0.501562 0.733333 0.475000 0.708333 0.443750 0.714583 0.417188 0.535417 0.412500 0.522917 0.448438 0.497917 0.431250 0.445833 0.467187
8 0.506250 0.485938 0.512500 0.501562 0.533333 0.512500 0.562500 0.517187 0.652083 0.518750 0.656250 0.487500 0.647917 0.484375 0.577083 0.468750 0.564583 0.468750 0.535417 0.476562 0.518750 0.476562
8 0.666667 0.590625 0.652083 0.554688 0.533333 0.556250 0.522917 0.559375 0.510417 0.575000 0.500000 0.565625 0.483333 0.565625 0.479167 0.581250 0.489583 0.590625 0.514583 0.590625 0.533333 0.606250 0.654167 0.607813
8 0.441667 0.626562 0.443750 0.629687 0.464583 0.637500 0.481250 0.637500 0.485417 0.640625 0.493750 0.659375 0.495833 0.657812 0.572917 0.656250 0.589583 0.631250 0.589583 0.628125 0.562500 0.609375 0.483333 0.609375 0.481250 0.625000 0.445833 0.623438
8 0.618750 0.660937 0.622917 0.707812 0.641667 0.754687 0.639583 0.778125 0.654167 0.793750 0.666667 0.795313 0.675000 0.785937 0.677083 0.771875 0.654167 0.764063 0.654167 0.726562 0.645833 0.714063 0.643750 0.693750 0.633333 0.660937
8 0.610417 0.681250 0.552083 0.673437 0.535417 0.673437 0.493750 0.685938 0.475000 0.681250 0.472917 0.693750 0.435417 0.693750 0.431250 0.707812 0.433333 0.714063 0.452083 0.704687 0.468750 0.704687 0.475000 0.710938 0.495833 0.710938 0.506250 0.726562 0.591667 0.726562 0.612500 0.717188
8 0.847917 0.870313 0.822917 0.882812 0.843750 0.914062 0.850000 0.917188 0.860417 0.918750 0.872917 0.923437 0.893750 0.912500 0.900000 0.910937 0.900000 0.904688 0.904167 0.896875 0.904167 0.887500 0.889583 0.875000 0.889583 0.873438 0.883333 0.868750
8 0.943750 0.945312 0.943750 0.948438 0.941667 0.950000 0.941667 0.976562 0.945833 0.976562 0.947917 0.978125 0.954167 0.978125 0.956250 0.979688 0.962500 0.979688 0.964583 0.981250 0.970833 0.981250 0.972917 0.982813 0.979167 0.982813 0.981250 0.984375 0.987500 0.984375 0.989583 0.985937 0.989583 0.982813 0.987500 0.981250 0.987500 0.940625 0.979167 0.940625 0.977083 0.942187 0.966667 0.942187 0.964583 0.943750 0.956250 0.943750 0.954167 0.945312
8 0.935417 0.987500 0.904167 0.954687 0.693750 0.962500 0.625000 0.973437 0.606250 0.985937