1 0.014583 0.014062 0.014583 0.026563 0.989583 0.092188 0.989583 0.014062
1 0.012500 0.167187 0.016667 0.564062 0.383333 0.532812 0.397917 0.507812 0.435417 0.503125 0.443750 0.468750 0.514583 0.464063 0.518750 0.409375 0.545833 0.375000 0.645833 0.371875 0.641667 0.184375 0.614583 0.181250 0.595833 0.226562
2 0.908333 0.093750 0.835417 0.120312 0.814583 0.276563 0.827083 0.125000 0.672917 0.164062 0.668750 0.323438 0.664583 0.178125 0.647917 0.179688 0.650000 0.410937 0.702083 0.404687 0.716667 0.415625 0.714583 0.470313 0.922917 0.504687 0.991667 0.489062 0.991667 0.110937
2 0.754167 0.590625 0.856250 0.648438 0.981250 0.625000 0.981250 0.603125
3 0.452083 0.470313 0.447917 0.629687 0.468750 0.642187 0.514583 0.585938 0.647917 0.684375 0.702083 0.832812 0.666667 0.937500 0.695833 0.985937 0.793750 0.985937 0.766667 0.832812 0.818750 0.798437 0.985417 0.935938 0.979167 0.804688 0.508333 0.506250 0.760417 0.660937 0.843750 0.643750 0.572917 0.520312 0.577083 0.481250 0.733333 0.506250 0.791667 0.492188 0.714583 0.471875
3 0.770833 0.662500 0.983333 0.798437 0.983333 0.629687
5 0.589583 0.489062 0.591667 0.518750 0.739583 0.584375 0.983333 0.593750 0.987500 0.493750 0.922917 0.510938 0.850000 0.495313 0.741667 0.509375
7 0.012500 0.162500 0.602083 0.217187 0.610417 0.171875 0.643750 0.175000 0.722917 0.126563 0.810417 0.126563 0.808333 0.107813 0.829167 0.090625 0.014583 0.028125
7 0.016667 0.184375 0.016667 0.453125 0.262500 0.459375 0.239583 0.195312
7 0.541667 0.385938 0.529167 0.406250 0.531250 0.470313 0.704167 0.465625 0.716667 0.426562 0.714583 0.415625 0.704167 0.407813 0.637500 0.415625 0.625000 0.420312 0.622917 0.392188 0.614583 0.385938 0.604167 0.382812
7 0.427083 0.504687 0.425000 0.506250 0.425000 0.509375 0.427083 0.510938 0.427083 0.512500 0.431250 0.515625 0.431250 0.517187 0.435417 0.520312 0.435417 0.521875 0.439583 0.525000 0.439583 0.526563 0.443750 0.529688 0.443750 0.531250 0.443750 0.507812 0.445833 0.506250 0.443750 0.504687
7 0.462500 0.568750 0.462500 0.581250 0.464583 0.582812 0.464583 0.596875 0.466667 0.598437 0.466667 0.601562 0.468750 0.603125 0.477083 0.617188 0.479167 0.617188 0.491667 0.607813 0.491667 0.589063 0.493750 0.587500 0.493750 0.585938 0.491667 0.584375 0.491667 0.576563 0.489583 0.575000 0.489583 0.568750
7 0.422917 0.606250 0.400000 0.623438 0.400000 0.634375 0.420833 0.665625 0.450000 0.673437 0.479167 0.660937 0.479167 0.646875 0.454167 0.640625 0.418750 0.640625 0.416667 0.639063 0.416667 0.628125 0.420833 0.625000 0.433333 0.621875
7 0.397917 0.660937 0.018750 0.690625 0.016667 0.987500 0.570833 0.984375
7 0.777083 0.825000 0.768750 0.832812 0.764583 0.898438 0.793750 0.984375 0.987500 0.987500 0.983333 0.934375 0.875000 0.835938 0.822917 0.800000
8 0.291667 0.248437 0.295833 0.332812 0.525000 0.325000 0.535417 0.287500 0.522917 0.256250
8 0.300000 0.342187 0.304167 0.414062 0.512500 0.409375 0.522917 0.384375 0.522917 0.340625
8 0.397917 0.514063 0.395833 0.515625 0.395833 0.528125 0.393750 0.529688 0.389583 0.526563 0.385417 0.526563 0.385417 0.529688 0.402083 0.539062 0.404167 0.550000 0.408333 0.553125 0.414583 0.537500 0.416667 0.535937 0.418750 0.537500 0.416667 0.554688 0.429167 0.582812 0.441667 0.582812 0.441667 0.542188 0.443750 0.539062 0.431250 0.528125 0.420833 0.526563 0.431250 0.525000 0.431250 0.523438 0.418750 0.514063
8 0.237500 0.540625 0.250000 0.593750 0.364583 0.601562 0.368750 0.582812 0.418750 0.585938 0.375000 0.537500
8 0.197917 0.582812 0.158333 0.573438 0.139583 0.589063 0.110417 0.589063 0.108333 0.590625 0.047917 0.589063 0.056250 0.609375 0.062500 0.607813 0.197917 0.606250
8 0.520833 0.592188 0.510417 0.614062 0.614583 0.695312 0.606250 0.770312 0.631250 0.750000 0.639583 0.687500
8 0.302083 0.631250 0.300000 0.629687 0.300000 0.628125 0.297917 0.626562 0.297917 0.625000 0.295833 0.623438 0.293750 0.618750 0.281250 0.618750 0.279167 0.620313 0.266667 0.620313 0.264583 0.621875 0.250000 0.621875 0.247917 0.623438 0.247917 0.626562 0.245833 0.628125 0.245833 0.631250
8 0.160417 0.634375 0.179167 0.634375 0.181250 0.632812 0.197917 0.632812 0.200000 0.631250 0.216667 0.631250 0.216667 0.625000 0.168750 0.625000 0.166667 0.626562 0.162500 0.626562 0.162500 0.629687 0.160417 0.631250
8 0.647917 0.751562 0.629167 0.760938 0.629167 0.770312 0.614583 0.773438 0.568750 0.865625 0.606250 0.920313 0.635417 0.926562 0.652083 0.937500 0.695833 0.843750