1 0.018750 0.015625 0.020833 0.171875 0.366667 0.184375 0.025000 0.175000 0.025000 0.201562 0.164583 0.214062 0.195833 0.853125 0.018750 0.875000 0.018750 0.985937 0.125000 0.942187 0.297917 0.984375 0.037500 0.985937 0.843750 0.987500 0.500000 0.835938 0.560417 0.825000 0.420833 0.214062 0.506250 0.053125 0.566667 0.139062 0.568750 0.018750
1 0.752083 0.748438 0.693750 0.771875 0.687500 0.776563 0.691667 0.785937 0.706250 0.800000 0.704167 0.810938 0.718750 0.837500 0.772917 0.803125 0.768750 0.796875
3 0.756250 0.017188 0.791667 0.215625 0.987500 0.229687 0.939583 0.017188
3 0.791667 0.246875 0.835417 0.554688 0.987500 0.556250 0.985417 0.256250
3 0.985417 0.593750 0.839583 0.598437 0.906250 0.939062 0.989583 0.935938
7 0.566667 0.021875 0.570833 0.145313 0.475000 0.148438 0.422917 0.214062 0.472917 0.370313 0.529167 0.746875 0.566667 0.826563 0.627083 0.843750 0.635417 0.875000 0.697917 0.906250 0.697917 0.859375 0.789583 0.831250 0.829167 0.887500 0.795833 0.937500 0.760417 0.937500 0.879167 0.985937 0.720833 0.018750
7 0.016667 0.204688 0.018750 0.231250 0.125000 0.242188 0.156250 0.810938 0.114583 0.250000 0.018750 0.242188 0.031250 0.865625 0.191667 0.843750 0.154167 0.215625
8 0.506250 0.054688 0.470833 0.110937 0.472917 0.125000 0.483333 0.156250 0.541667 0.126563 0.537500 0.121875
8 0.637500 0.103125 0.620833 0.159375 0.654167 0.210938 0.645833 0.218750 0.645833 0.223438 0.654167 0.234375 0.658333 0.253125 0.695833 0.248437 0.697917 0.232812 0.689583 0.207813 0.660417 0.206250 0.654167 0.210938 0.652083 0.209375 0.658333 0.168750
8 0.691667 0.310937 0.587500 0.337500 0.585417 0.376563 0.600000 0.407813 0.604167 0.443750 0.622917 0.493750 0.716667 0.479688 0.712500 0.471875 0.710417 0.323438
8 0.652083 0.546875 0.635417 0.565625 0.614583 0.603125 0.614583 0.621875 0.652083 0.662500 0.689583 0.675000 0.697917 0.692187 0.722917 0.720312 0.739583 0.706250 0.764583 0.714063 0.775000 0.707812 0.737500 0.642187 0.739583 0.617188 0.689583 0.629687 0.683333 0.628125
8 0.697917 0.718750 0.691667 0.723437 0.691667 0.725000 0.681250 0.732813 0.681250 0.734375 0.672917 0.740625 0.672917 0.742188 0.677083 0.742188 0.679167 0.743750 0.683333 0.743750 0.685417 0.745313 0.691667 0.745313 0.693750 0.746875 0.700000 0.746875 0.702083 0.748438 0.706250 0.748438 0.708333 0.750000 0.714583 0.750000 0.716667 0.751562 0.716667 0.745313 0.718750 0.743750 0.718750 0.739062 0.720833 0.737500 0.720833 0.735937 0.722917 0.734375 0.727083 0.726562 0.725000 0.726562 0.722917 0.725000 0.718750 0.725000 0.712500 0.721875 0.708333 0.721875 0.702083 0.718750
8 0.539583 0.834375 0.539583 0.846875 0.541667 0.848437 0.566667 0.851562 0.539583 0.873438 0.591667 0.892187 0.618750 0.878125 0.643750 0.871875 0.631250 0.848437 0.583333 0.826563 0.558333 0.828125
8 0.754167 0.832812 0.700000 0.859375 0.695833 0.901563 0.727083 0.935938 0.795833 0.935938 0.816667 0.909375 0.827083 0.887500 0.791667 0.834375
8 0.025000 0.985937 0.297917 0.982813 0.272917 0.962500 0.235417 0.950000 0.154167 0.968750 0.120833 0.943750 0.060417 0.959375