1 0.260417 0.328125 0.210417 0.339063 0.179167 0.315625 0.018750 0.315625 0.018750 0.409375 0.020833 0.400000 0.179167 0.404687 0.181250 0.598437 0.018750 0.604688 0.018750 0.725000 0.147917 0.665625 0.235417 0.651563 0.272917 0.632812 0.281250 0.562500 0.231250 0.551562 0.235417 0.531250 0.285417 0.535937
1 0.731250 0.690625 0.685417 0.660937 0.431250 0.679688 0.460417 0.725000 0.489583 0.757812 0.600000 0.756250 0.620833 0.703125 0.622917 0.679688 0.635417 0.679688 0.652083 0.695312
1 0.516667 0.906250 0.452083 0.843750 0.022917 0.864062 0.014583 0.987500 0.477083 0.987500 0.483333 0.928125
2 0.935417 0.148438 0.979167 0.264062 0.897917 0.310937 0.872917 0.303125 0.852083 0.325000 0.797917 0.329688 0.664583 0.418750 0.681250 0.637500 0.702083 0.598437 0.816667 0.596875 0.879167 0.645312 0.870833 0.676562 0.839583 0.682813 0.985417 0.862500 0.985417 0.153125
3 0.385417 0.087500 0.391667 0.185937 0.352083 0.207813 0.341667 0.254687 0.379167 0.273438 0.337500 0.273438 0.327083 0.318750 0.362500 0.467187 0.337500 0.479688 0.356250 0.521875 0.322917 0.628125 0.597917 0.607813 0.587500 0.656250 0.412500 0.657812 0.416667 0.678125 0.683333 0.656250 0.652083 0.426562 0.789583 0.329688 0.897917 0.304688 0.970833 0.259375 0.925000 0.150000
3 0.622917 0.684375 0.618750 0.729688 0.625000 0.723437 0.639583 0.764063 0.610417 0.793750 0.589583 0.871875 0.622917 0.889063 0.704167 0.985937 0.706250 0.934375 0.741667 0.946875 0.747917 0.985937 0.712500 0.985937 0.814583 0.985937 0.639583 0.684375
3 0.656250 0.695312 0.822917 0.984375 0.983333 0.989062 0.987500 0.873438 0.837500 0.693750 0.764583 0.700000 0.739583 0.690625
7 0.014583 0.015625 0.012500 0.043750 0.983333 0.145313 0.987500 0.014062
7 0.018750 0.051562 0.016667 0.310937 0.179167 0.310937 0.181250 0.300000 0.210417 0.337500 0.241667 0.325000 0.322917 0.315625 0.316667 0.298438 0.264583 0.301562 0.210417 0.279687 0.181250 0.300000 0.197917 0.275000 0.239583 0.279687 0.220833 0.196875 0.237500 0.195312 0.237500 0.162500 0.252083 0.154687 0.266667 0.078125
7 0.020833 0.401563 0.016667 0.604688 0.181250 0.596875 0.177083 0.404687
7 0.672917 0.814062 0.645833 0.835938 0.645833 0.839063 0.693750 0.909375 0.716667 0.893750 0.706250 0.878125
7 0.700000 0.987500 0.652083 0.928125 0.600000 0.885938 0.491667 0.926562 0.487500 0.943750 0.489583 0.985937
8 0.268750 0.114063 0.275000 0.117188 0.277083 0.115625 0.285417 0.115625 0.293750 0.118750 0.302083 0.126563 0.360417 0.128125 0.362500 0.129688 0.364583 0.129688 0.366667 0.126563 0.366667 0.118750 0.368750 0.117188 0.368750 0.110937 0.366667 0.109375 0.341667 0.107813 0.339583 0.106250 0.329167 0.106250 0.327083 0.104687 0.316667 0.104687 0.314583 0.103125 0.302083 0.103125 0.287500 0.110937 0.272917 0.110937
8 0.325000 0.146875 0.325000 0.148438 0.322917 0.150000 0.322917 0.151562 0.318750 0.156250 0.318750 0.160938 0.322917 0.165625 0.356250 0.165625 0.358333 0.167187 0.362500 0.167187 0.362500 0.157813 0.360417 0.156250 0.360417 0.154687 0.356250 0.151562 0.350000 0.151562 0.347917 0.150000 0.341667 0.150000 0.339583 0.148438 0.333333 0.148438 0.331250 0.146875
8 0.250000 0.175000 0.256250 0.184375 0.283333 0.184375 0.287500 0.190625 0.295833 0.190625 0.297917 0.192188 0.325000 0.193750 0.327083 0.195312 0.366667 0.198437 0.368750 0.200000 0.377083 0.190625 0.377083 0.179688 0.375000 0.173438 0.370833 0.171875 0.289583 0.167187 0.277083 0.176563 0.275000 0.175000
8 0.233333 0.198437 0.231250 0.204688 0.250000 0.264062 0.272917 0.250000 0.277083 0.251563 0.270833 0.300000 0.316667 0.296875 0.325000 0.312500 0.339583 0.207813 0.262500 0.198437
8 0.339583 0.257812 0.339583 0.273438 0.341667 0.275000 0.375000 0.275000 0.377083 0.273438 0.375000 0.271875 0.375000 0.262500 0.372917 0.260938 0.366667 0.260938 0.364583 0.259375 0.360417 0.259375 0.358333 0.257812 0.352083 0.257812 0.350000 0.256250 0.341667 0.256250
8 0.322917 0.317187 0.306250 0.318750 0.304167 0.320312 0.300000 0.320312 0.297917 0.321875 0.293750 0.321875 0.291667 0.323438 0.287500 0.323438 0.285417 0.325000 0.268750 0.328125 0.270833 0.362500 0.277083 0.362500 0.285417 0.359375 0.291667 0.359375 0.293750 0.357812 0.297917 0.357812 0.306250 0.354688 0.318750 0.353125 0.318750 0.342187 0.320833 0.340625 0.320833 0.328125 0.322917 0.326562
8 0.329167 0.360938 0.285417 0.370313 0.285417 0.629687 0.314583 0.628125 0.331250 0.607813 0.335417 0.564062 0.354167 0.521875 0.335417 0.476562 0.360417 0.467187 0.356250 0.395312 0.341667 0.396875
8 0.250000 0.532812 0.241667 0.539062 0.241667 0.557813 0.268750 0.557813 0.270833 0.559375 0.272917 0.559375 0.272917 0.539062 0.270833 0.537500 0.266667 0.537500 0.260417 0.534375 0.256250 0.534375 0.254167 0.532812
8 0.702083 0.600000 0.685417 0.632812 0.689583 0.651563 0.762500 0.695312 0.768750 0.687500 0.868750 0.676562 0.877083 0.645312 0.816667 0.598437
8 0.595833 0.610937 0.254167 0.637500 0.237500 0.653125 0.310417 0.651563 0.141667 0.670313 0.016667 0.734375 0.020833 0.857813 0.420833 0.843750 0.458333 0.825000 0.479167 0.771875 0.579167 0.879687 0.602083 0.759375 0.485417 0.762500 0.372917 0.648438 0.581250 0.654688
8 0.627083 0.728125 0.625000 0.729688 0.625000 0.731250 0.620833 0.734375 0.618750 0.739062 0.614583 0.742188 0.614583 0.743750 0.610417 0.746875 0.610417 0.748438 0.608333 0.750000 0.608333 0.754687 0.610417 0.756250 0.610417 0.759375 0.612500 0.760938 0.612500 0.764063 0.614583 0.765625 0.614583 0.768750 0.616667 0.770312 0.616667 0.773438 0.618750 0.775000 0.618750 0.776563 0.620833 0.776563 0.637500 0.764063 0.635417 0.762500 0.635417 0.756250 0.633333 0.754687 0.633333 0.750000 0.631250 0.748438 0.631250 0.742188 0.629167 0.740625 0.629167 0.734375 0.627083 0.732813
8 0.645833 0.848437 0.641667 0.879687 0.637500 0.890625 0.637500 0.901563 0.697917 0.951563 0.695833 0.948438 0.693750 0.915625
8 0.706250 0.935938 0.706250 0.950000 0.704167 0.951563 0.704167 0.970312 0.706250 0.971875 0.706250 0.978125 0.708333 0.979688 0.708333 0.984375 0.710417 0.985937 0.712500 0.984375 0.747917 0.984375 0.745833 0.982813 0.745833 0.965625 0.743750 0.964063 0.743750 0.950000