1 0.018750 0.095312 0.014583 0.771875 0.208333 0.762500 0.237500 0.982813 0.985417 0.984375 0.983333 0.903125 0.885417 0.814062 0.835417 0.706250 0.791667 0.765625 0.722917 0.739062 0.708333 0.760938 0.502083 0.775000 0.450000 0.673437 0.629167 0.385938 0.833333 0.404687 0.579167 0.192188
3 0.712500 0.015625 0.679167 0.092188 0.637500 0.120312 0.625000 0.179688 0.610417 0.193750 0.583333 0.193750 0.983333 0.507812 0.989583 0.090625 0.866667 0.173438 0.766667 0.178125 0.737500 0.153125 0.727083 0.018750
7 0.016667 0.014062 0.016667 0.087500 0.406250 0.156250 0.385417 0.129688 0.345833 0.121875 0.325000 0.103125 0.370833 0.042188 0.400000 0.057813 0.370833 0.084375 0.383333 0.092188 0.429167 0.089062 0.439583 0.068750 0.597917 0.104687 0.583333 0.070312 0.604167 0.015625
7 0.989583 0.014062 0.735417 0.017188 0.737500 0.112500 0.745833 0.142188 0.772917 0.171875 0.808333 0.176563 0.854167 0.170312 0.939583 0.121875 0.983333 0.084375 0.989583 0.067188
7 0.618750 0.395312 0.504167 0.640625 0.556250 0.584375 0.660417 0.539062 0.779167 0.526563 0.897917 0.551562 0.722917 0.537500 0.595833 0.570312 0.520833 0.634375 0.533333 0.700000 0.681250 0.723437 0.841667 0.693750 0.902083 0.823438 0.985417 0.896875 0.985417 0.598437 0.964583 0.585938 0.985417 0.565625 0.902083 0.548437 0.939583 0.495313 0.839583 0.417188
7 0.291667 0.442187 0.127083 0.445312 0.120833 0.571875 0.264583 0.567187
7 0.825000 0.715625 0.783333 0.715625 0.781250 0.717188 0.733333 0.725000 0.733333 0.729688 0.735417 0.731250 0.735417 0.735937 0.743750 0.756250 0.752083 0.762500 0.754167 0.760938 0.777083 0.759375 0.789583 0.756250 0.800000 0.756250 0.818750 0.743750 0.825000 0.732813 0.831250 0.726562
7 0.195833 0.773438 0.016667 0.784375 0.014583 0.984375 0.227083 0.984375
8 0.704167 0.015625 0.614583 0.015625 0.597917 0.045313 0.591667 0.073437 0.591667 0.084375 0.602083 0.098438 0.633333 0.110937 0.660417 0.103125 0.687500 0.064062 0.704167 0.028125
8 0.333333 0.098438 0.341667 0.114063 0.383333 0.120312 0.391667 0.129688 0.410417 0.135937 0.422917 0.160938 0.585417 0.189063 0.608333 0.189063 0.633333 0.131250 0.627083 0.115625 0.441667 0.078125 0.431250 0.100000 0.395833 0.098438 0.383333 0.106250 0.356250 0.092188 0.385417 0.057813 0.368750 0.054688 0.350000 0.090625 0.337500 0.092188
8 0.468750 0.632812 0.458333 0.676562 0.502083 0.764063 0.716667 0.753125 0.718750 0.728125 0.591667 0.721875 0.570833 0.707812 0.535417 0.709375 0.520833 0.696875 0.493750 0.631250