1 0.018750 0.473437 0.014583 0.696875 0.377083 0.706250 0.379167 0.985937 0.406250 0.985937 0.406250 0.834375 0.385417 0.825000 0.404167 0.800000 0.425000 0.985937 0.885417 0.987500 0.862500 0.840625 0.768750 0.856250 0.731250 0.837500 0.727083 0.751562 0.814583 0.748438 0.800000 0.684375 0.422917 0.670313 0.406250 0.501562
2 0.983333 0.606250 0.802083 0.682813 0.822917 0.750000 0.883333 0.754687 0.908333 0.809375 0.889583 0.840625 0.866667 0.840625 0.891667 0.989062 0.989583 0.989062
3 0.985417 0.264062 0.683333 0.220313 0.600000 0.321875 0.602083 0.334375 0.627083 0.337500 0.625000 0.356250 0.566667 0.417188 0.520833 0.418750 0.512500 0.429688 0.535417 0.431250 0.543750 0.450000 0.529167 0.464063 0.487500 0.459375 0.458333 0.495313 0.481250 0.668750 0.987500 0.325000
3 0.987500 0.343750 0.487500 0.670313 0.793750 0.679688 0.985417 0.596875
7 0.983333 0.010937 0.016667 0.015625 0.014583 0.464063 0.408333 0.495313 0.445833 0.440625 0.422917 0.453125 0.418750 0.425000 0.458333 0.423438 0.606250 0.212500 0.183333 0.145313 0.985417 0.256250
7 0.587500 0.315625 0.579167 0.317187 0.560417 0.339063 0.541667 0.348437 0.520833 0.367188 0.522917 0.412500 0.527083 0.417188 0.566667 0.415625 0.570833 0.398438 0.597917 0.378125 0.610417 0.365625 0.610417 0.362500 0.622917 0.356250 0.625000 0.337500 0.602083 0.335938 0.597917 0.332812 0.597917 0.321875
7 0.670833 0.370313 0.643750 0.370313 0.633333 0.375000 0.589583 0.412500 0.579167 0.428125 0.572917 0.446875 0.572917 0.503125 0.577083 0.515625 0.589583 0.528125 0.600000 0.529688 0.612500 0.526563 0.652083 0.496875 0.662500 0.475000 0.683333 0.398438 0.681250 0.382812
7 0.018750 0.698438 0.014583 0.987500 0.366667 0.987500 0.368750 0.707812
8 0.695833 0.356250 0.664583 0.471875 0.720833 0.498437 0.752083 0.368750
8 0.420833 0.425000 0.420833 0.450000 0.422917 0.451562 0.433333 0.450000 0.439583 0.439063 0.445833 0.437500 0.450000 0.440625 0.454167 0.451562 0.516667 0.460938 0.527083 0.464063 0.541667 0.450000 0.535417 0.432813 0.531250 0.431250 0.458333 0.428125 0.452083 0.421875 0.425000 0.421875
8 0.516667 0.495313 0.510417 0.514063 0.502083 0.529688 0.500000 0.540625 0.537500 0.595312 0.539583 0.585938 0.554167 0.554688 0.554167 0.548437
8 0.314583 0.601562 0.337500 0.601562 0.339583 0.603125 0.364583 0.603125 0.368750 0.604688 0.381250 0.585938 0.381250 0.582812 0.375000 0.582812 0.372917 0.581250 0.360417 0.581250 0.358333 0.579687 0.314583 0.579687
8 0.735417 0.759375 0.733333 0.784375 0.741667 0.831250 0.766667 0.843750 0.814583 0.831250 0.883333 0.831250 0.900000 0.810938 0.866667 0.754687 0.835417 0.762500 0.820833 0.756250 0.787500 0.754687 0.775000 0.745313 0.750000 0.746875
8 0.400000 0.801562 0.387500 0.809375 0.387500 0.825000 0.391667 0.829687 0.397917 0.825000 0.408333 0.834375 0.408333 0.987500 0.422917 0.987500 0.420833 0.817187 0.410417 0.806250