1 0.012500 0.010937 0.014583 0.039062 0.985417 0.107813 0.989583 0.014062
1 0.014583 0.071875 0.014583 0.137500 0.035417 0.139062 0.025000 0.351562 0.612500 0.364062 0.872917 0.392188 0.906250 0.373437 0.910417 0.254687 0.820833 0.292188 0.779167 0.268750 0.754167 0.192188 0.412500 0.189063 0.377083 0.165625 0.060417 0.143750 0.364583 0.159375 0.379167 0.109375 0.135417 0.084375 0.175000 0.092188 0.187500 0.140625 0.031250 0.137500
1 0.710417 0.185937 0.981250 0.207813 0.981250 0.157813 0.741667 0.134375
1 0.029167 0.357812 0.072917 0.393750 0.072917 0.395312 0.087500 0.406250 0.087500 0.407813 0.087500 0.403125 0.085417 0.401563 0.085417 0.357812
1 0.095833 0.360938 0.095833 0.412500 0.572917 0.387500 0.566667 0.371875
1 0.018750 0.382812 0.016667 0.385938 0.016667 0.437500 0.077083 0.439063 0.079167 0.440625 0.079167 0.439063 0.070833 0.432813 0.056250 0.417188
1 0.014583 0.470313 0.016667 0.714063 0.293750 0.709375 0.066667 0.709375 0.083333 0.484375 0.385417 0.493750 0.375000 0.707812 0.456250 0.710938 0.464583 0.678125 0.389583 0.667188 0.391667 0.512500 0.525000 0.509375 0.414583 0.485938
1 0.679167 0.545313 0.529167 0.510938 0.545833 0.518750 0.539583 0.587500 0.483333 0.590625 0.475000 0.570312 0.433333 0.570312 0.431250 0.590625 0.412500 0.593750 0.433333 0.595312 0.435417 0.670313 0.443750 0.571875 0.472917 0.573438 0.489583 0.609375 0.670833 0.609375 0.681250 0.598437
1 0.683333 0.634375 0.679167 0.629687 0.487500 0.634375 0.479167 0.668750 0.443750 0.670313 0.481250 0.670313 0.489583 0.637500 0.589583 0.637500 0.591667 0.646875 0.583333 0.668750 0.487500 0.670313 0.685417 0.668750
1 0.987500 0.851562 0.018750 0.889063 0.014583 0.989062 0.987500 0.989062
2 0.981250 0.264062 0.912500 0.259375 0.916667 0.371875 0.866667 0.398438 0.812500 0.390625 0.702083 0.451562 0.683333 0.592188 0.737500 0.590625 0.741667 0.657812 0.687500 0.653125 0.693750 0.665625 0.781250 0.659375 0.981250 0.689062
3 0.983333 0.696875 0.789583 0.667188 0.468750 0.676562 0.537500 0.693750 0.464583 0.681250 0.460417 0.718750 0.502083 0.739062 0.506250 0.760938 0.593750 0.760938 0.600000 0.714063 0.602083 0.760938 0.977083 0.745313
7 0.018750 0.067188 0.018750 0.087500 0.031250 0.135937 0.187500 0.139062 0.170833 0.090625
7 0.027083 0.160938 0.033333 0.256250 0.187500 0.271875 0.191667 0.173438
7 0.229167 0.181250 0.222917 0.265625 0.379167 0.278125 0.381250 0.190625 0.245833 0.179688
7 0.756250 0.193750 0.789583 0.278125 0.812500 0.281250 0.839583 0.275000 0.881250 0.256250 0.883333 0.251563 0.945833 0.256250 0.975000 0.262500 0.987500 0.260938 0.987500 0.210938
7 0.022917 0.362500 0.020833 0.376563 0.060417 0.412500 0.083333 0.435937 0.083333 0.412500 0.081250 0.409375
7 0.587500 0.440625 0.702083 0.446875 0.814583 0.387500 0.739583 0.381250 0.587500 0.376563 0.597917 0.384375 0.627083 0.385938 0.635417 0.393750 0.635417 0.404687 0.589583 0.432813
7 0.625000 0.390625 0.091667 0.417188 0.089583 0.437500 0.585417 0.421875
7 0.014583 0.443750 0.018750 0.471875 0.283333 0.487500 0.435417 0.484375 0.681250 0.540625 0.697917 0.450000
7 0.083333 0.485938 0.068750 0.709375 0.372917 0.707812 0.385417 0.495313
7 0.014583 0.778125 0.510417 0.765625 0.458333 0.729688 0.016667 0.717188
8 0.379167 0.173438 0.412500 0.185937 0.635417 0.184375 0.666667 0.201562 0.695833 0.187500 0.729167 0.132812 0.387500 0.106250
8 0.268750 0.309375 0.268750 0.321875 0.291667 0.321875 0.293750 0.323438 0.318750 0.323438 0.320833 0.325000 0.322917 0.325000 0.322917 0.310937 0.318750 0.310937 0.316667 0.309375
8 0.527083 0.510938 0.393750 0.512500 0.393750 0.589063 0.400000 0.596875 0.391667 0.667188 0.433333 0.670313 0.431250 0.595312 0.410417 0.593750 0.429167 0.590625 0.433333 0.568750 0.475000 0.568750 0.483333 0.589063 0.539583 0.585938 0.543750 0.518750
8 0.441667 0.575000 0.441667 0.670313 0.477083 0.668750 0.485417 0.634375 0.493750 0.631250 0.679167 0.628125 0.697917 0.653125 0.737500 0.654688 0.735417 0.593750 0.689583 0.595312 0.670833 0.610937 0.489583 0.610937 0.470833 0.573438
8 0.485417 0.593750 0.489583 0.600000 0.489583 0.603125 0.493750 0.607813 0.500000 0.607813 0.502083 0.606250 0.587500 0.606250 0.585417 0.604688 0.562500 0.604688 0.560417 0.603125 0.560417 0.589063 0.537500 0.589063 0.535417 0.590625 0.512500 0.590625 0.510417 0.592188 0.487500 0.592188
8 0.483333 0.670313 0.487500 0.668750 0.583333 0.667188 0.587500 0.648438 0.589583 0.646875 0.589583 0.639063 0.489583 0.639063