1 0.939583 0.040625 0.868750 0.014062 0.720833 0.017188 0.697917 0.126563 0.727083 0.137500 0.727083 0.148438 0.754167 0.153125 0.768750 0.179688 0.856250 0.175000 0.922917 0.150000
1 0.889583 0.232812 0.858333 0.234375 0.810417 0.231250 0.758333 0.248437 0.747917 0.271875 0.727083 0.293750 0.887500 0.296875
2 0.979167 0.014062 0.968750 0.017188 0.943750 0.143750 0.985417 0.150000 0.985417 0.014062
2 0.908333 0.260938 0.891667 0.303125 0.931250 0.318750 0.987500 0.337500 0.985417 0.331250 0.985417 0.282813
3 0.016667 0.320312 0.016667 0.675000 0.383333 0.662500 0.385417 0.609375 0.452083 0.604688 0.452083 0.553125 0.539583 0.551562 0.577083 0.451562 0.547917 0.401563 0.608333 0.504687 0.618750 0.681250 0.585417 0.698438 0.614583 0.756250 0.664583 0.748438 0.664583 0.789062 0.625000 0.782812 0.695833 0.843750 0.683333 0.912500 0.727083 0.892187 0.750000 0.929688 0.691667 0.943750 0.710417 0.978125 0.989583 0.987500 0.987500 0.640625 0.720833 0.425000 0.989583 0.634375 0.983333 0.340625 0.872917 0.300000 0.525000 0.293750 0.554167 0.329688 0.516667 0.295312 0.491667 0.329688
7 0.387500 0.012500 0.014583 0.015625 0.020833 0.317187 0.397917 0.314063
7 0.697917 0.564062 0.685417 0.571875 0.677083 0.589063 0.668750 0.646875 0.675000 0.701563 0.712500 0.815625 0.752083 0.871875 0.781250 0.882812 0.797917 0.864062 0.804167 0.817187 0.797917 0.712500 0.783333 0.664062 0.741667 0.593750
7 0.568750 0.720312 0.566667 0.739062 0.575000 0.748438 0.579167 0.760938 0.579167 0.771875 0.631250 0.775000 0.641667 0.787500 0.656250 0.792188 0.664583 0.762500 0.662500 0.751562 0.656250 0.748438 0.650000 0.748438 0.620833 0.762500 0.589583 0.760938 0.577083 0.742188 0.577083 0.737500 0.583333 0.729688 0.583333 0.720312
7 0.552083 0.764063 0.529167 0.782812 0.525000 0.792188 0.527083 0.823438 0.566667 0.857813 0.564583 0.862500 0.552083 0.859375 0.550000 0.867188 0.558333 0.870313 0.583333 0.867188 0.608333 0.878125 0.693750 0.879687 0.697917 0.859375 0.681250 0.829687 0.668750 0.835938 0.604167 0.837500 0.568750 0.831250 0.545833 0.815625 0.545833 0.803125 0.570833 0.784375 0.564583 0.765625
7 0.727083 0.896875 0.718750 0.896875 0.693750 0.915625 0.654167 0.923437 0.643750 0.920313 0.635417 0.925000 0.637500 0.934375 0.645833 0.939062 0.650000 0.967188 0.656250 0.975000 0.658333 0.984375 0.666667 0.985937 0.675000 0.982813 0.675000 0.968750 0.664583 0.960938 0.664583 0.939062 0.693750 0.937500 0.727083 0.950000 0.739583 0.951563 0.745833 0.932813 0.743750 0.920313
8 0.420833 0.015625 0.422917 0.126563 0.493750 0.129688 0.497917 0.085938 0.581250 0.092188 0.500000 0.093750 0.491667 0.275000 0.718750 0.287500 0.752083 0.226562 0.591667 0.226562 0.581250 0.250000 0.587500 0.223438 0.900000 0.220313 0.918750 0.254687 0.985417 0.276563 0.985417 0.157813 0.937500 0.151562 0.916667 0.181250 0.587500 0.182812 0.585417 0.131250 0.625000 0.132812 0.591667 0.134375 0.595833 0.182812 0.758333 0.181250 0.710417 0.134375 0.675000 0.134375 0.704167 0.012500
8 0.425000 0.131250 0.422917 0.175000 0.427083 0.268750 0.487500 0.270312 0.491667 0.134375
8 0.556250 0.473437 0.543750 0.553125 0.558333 0.559375 0.562500 0.573438 0.575000 0.582812 0.593750 0.585938 0.604167 0.532812 0.604167 0.520312 0.600000 0.515625 0.602083 0.500000 0.591667 0.490625 0.591667 0.481250 0.581250 0.473437
8 0.456250 0.557813 0.458333 0.610937 0.391667 0.612500 0.377083 0.646875 0.397917 0.676562 0.456250 0.653125 0.466667 0.696875 0.508333 0.695312 0.497917 0.681250 0.510417 0.673437 0.506250 0.685938 0.514583 0.703125 0.520833 0.701563 0.516667 0.689062 0.522917 0.682813 0.587500 0.685938 0.600000 0.704687 0.608333 0.676562 0.593750 0.657812 0.583333 0.679688 0.531250 0.678125 0.533333 0.587500 0.520833 0.559375