1 0.012500 0.014062 0.022917 0.259375 0.343750 0.262500 0.335417 0.087500 0.345833 0.085938 0.339583 0.073437 0.272917 0.070312 0.272917 0.014062
1 0.983333 0.775000 0.618750 0.664062 0.500000 0.665625 0.591667 0.675000 0.687500 0.760938 0.497917 0.785937 0.510417 0.828125 0.189583 0.868750 0.189583 0.890625 0.270833 0.889063 0.281250 0.953125 0.110417 0.971875 0.156250 0.695312 0.022917 0.698438 0.014583 0.901563 0.047917 0.912500 0.012500 0.984375 0.722917 0.981250 0.762500 0.935938 0.806250 0.939062 0.856250 0.987500 0.989583 0.982813
2 0.985417 0.212500 0.793750 0.296875 0.758333 0.296875 0.754167 0.375000 0.727083 0.396875 0.650000 0.385938 0.656250 0.654688 0.643750 0.662500 0.812500 0.703125 0.816667 0.607813 0.852083 0.565625 0.987500 0.557813
3 0.989583 0.010937 0.537500 0.014062 0.381250 0.262500 0.793750 0.287500 0.985417 0.198437
3 0.522917 0.014062 0.427083 0.012500 0.391667 0.134375 0.366667 0.148438 0.341667 0.093750 0.350000 0.267188 0.368750 0.271875 0.527083 0.017188
5 0.870833 0.565625 0.866667 0.606250 0.829167 0.623438 0.831250 0.707812 0.964583 0.739062 0.985417 0.739062 0.987500 0.560938
7 0.425000 0.015625 0.375000 0.015625 0.368750 0.017188 0.364583 0.023438 0.360417 0.050000 0.360417 0.082813 0.368750 0.142188 0.387500 0.134375 0.410417 0.081250
7 0.014583 0.265625 0.014583 0.690625 0.472917 0.654688 0.435417 0.625000 0.416667 0.273438
7 0.431250 0.276563 0.445833 0.629687 0.514583 0.662500 0.650000 0.651563 0.641667 0.389062 0.608333 0.412500 0.556250 0.417188 0.554167 0.406250 0.608333 0.406250 0.641667 0.378125 0.731250 0.387500 0.750000 0.371875 0.752083 0.293750 0.579167 0.275000 0.533333 0.300000 0.552083 0.278125
8 0.281250 0.037500 0.281250 0.071875 0.283333 0.070312 0.316667 0.070312 0.318750 0.068750 0.347917 0.068750 0.345833 0.065625 0.345833 0.048437 0.343750 0.046875 0.335417 0.046875 0.333333 0.045313 0.327083 0.045313 0.325000 0.043750 0.316667 0.043750 0.314583 0.042188 0.308333 0.042188 0.306250 0.040625 0.297917 0.040625 0.295833 0.039062
8 0.510417 0.681250 0.489583 0.659375 0.168750 0.681250 0.162500 0.718750
8 0.683333 0.742188 0.658333 0.737500 0.591667 0.681250 0.152083 0.728125 0.129167 0.826563 0.133333 0.839063 0.185417 0.834375 0.187500 0.862500 0.506250 0.818750 0.487500 0.778125 0.683333 0.757812
8 0.266667 0.890625 0.127083 0.895312 0.122917 0.900000 0.120833 0.968750 0.279167 0.953125