1 0.535417 0.017188 0.527083 0.125000 0.614583 0.126563 0.629167 0.015625
1 0.556250 0.740625 0.495833 0.745313 0.470833 0.687500 0.020833 0.706250 0.016667 0.987500 0.637500 0.985937
3 0.991667 0.014062 0.783333 0.015625 0.793750 0.103125 0.702083 0.167187 0.737500 0.223438 0.704167 0.339063 0.675000 0.337500 0.622917 0.418750 0.566667 0.740625 0.643750 0.985937 0.672917 0.987500 0.893750 0.693750 0.691667 0.970312 0.987500 0.939062
7 0.014583 0.010937 0.018750 0.703125 0.443750 0.675000 0.468750 0.609375 0.420833 0.606250 0.410417 0.584375 0.477083 0.557813 0.427083 0.554688 0.402083 0.525000 0.414583 0.464063 0.462500 0.456250 0.445833 0.418750 0.487500 0.409375 0.504167 0.360938 0.462500 0.279687 0.368750 0.276563 0.347917 0.250000 0.456250 0.220313 0.491667 0.171875 0.458333 0.164062 0.464583 0.129688 0.518750 0.120312 0.522917 0.017188
7 0.466667 0.162500 0.637500 0.167187 0.629167 0.128125 0.612500 0.126563 0.475000 0.126563
7 0.670833 0.528125 0.645833 0.528125 0.627083 0.548437 0.608333 0.615625 0.614583 0.750000 0.635417 0.790625 0.654167 0.806250 0.677083 0.803125 0.702083 0.771875 0.718750 0.706250 0.720833 0.628125 0.700000 0.562500
7 0.616667 0.539062 0.593750 0.537500 0.575000 0.542188 0.570833 0.546875 0.556250 0.545313 0.522917 0.551562 0.516667 0.556250 0.508333 0.570312 0.508333 0.585938 0.516667 0.581250 0.518750 0.571875 0.525000 0.567187 0.552083 0.560938 0.560417 0.570312 0.570833 0.570312 0.575000 0.573438 0.572917 0.579687 0.577083 0.581250 0.575000 0.584375 0.583333 0.596875 0.583333 0.606250 0.602083 0.575000 0.604167 0.551562
7 0.987500 0.990625 0.987500 0.946875 0.966667 0.948438 0.964583 0.960938 0.954167 0.970312 0.918750 0.971875 0.904167 0.967188 0.887500 0.956250 0.866667 0.960938 0.883333 0.989062 0.975000 0.989062
8 0.758333 0.015625 0.637500 0.021875 0.639583 0.075000 0.618750 0.112500 0.616667 0.126563 0.631250 0.128125 0.635417 0.151562 0.643750 0.160938 0.700000 0.160938 0.712500 0.167187 0.793750 0.060938 0.775000 0.043750
8 0.470833 0.181250 0.458333 0.223438 0.485417 0.220313 0.491667 0.225000 0.485417 0.264062 0.493750 0.276563 0.462500 0.275000 0.491667 0.325000 0.702083 0.328125 0.731250 0.228125 0.727083 0.209375 0.687500 0.173438 0.533333 0.173438
8 0.504167 0.342187 0.512500 0.356250 0.647917 0.368750 0.664583 0.356250 0.666667 0.337500 0.525000 0.337500 0.510417 0.329688 0.506250 0.329688
8 0.493750 0.381250 0.493750 0.393750 0.506250 0.412500 0.631250 0.406250 0.629167 0.371875 0.535417 0.371875 0.520833 0.364062 0.506250 0.364062
8 0.447917 0.418750 0.450000 0.451562 0.614583 0.442187 0.616667 0.415625 0.466667 0.415625 0.464583 0.420312
8 0.591667 0.448438 0.427083 0.464063 0.418750 0.478125 0.429167 0.503125 0.414583 0.512500 0.414583 0.542188 0.447917 0.554688 0.477083 0.556250 0.489583 0.570312 0.481250 0.579687 0.433333 0.584375 0.425000 0.604688 0.539583 0.606250 0.556250 0.595312 0.560417 0.573438 0.552083 0.562500 0.520833 0.571875 0.516667 0.592188 0.495833 0.565625 0.512500 0.550000 0.535417 0.540625 0.570833 0.545313 0.600000 0.484375 0.602083 0.459375
8 0.489583 0.629687 0.483333 0.712500 0.491667 0.739062 0.497917 0.743750 0.570833 0.735937 0.581250 0.729688 0.591667 0.654688 0.577083 0.632812 0.564583 0.629687