1 0.545833 0.046875 0.497917 0.134375 0.622917 0.146875 0.618750 0.167187 0.575000 0.209375 0.952083 0.253125 0.987500 0.237500 0.987500 0.062500 0.956250 0.060938 0.956250 0.032812 0.797917 0.015625 0.729167 0.067188
1 0.091667 0.590625 0.089583 0.659375 0.104167 0.670313 0.618750 0.682813 0.633333 0.668750 0.656250 0.668750 0.670833 0.526563 0.275000 0.507812 0.260417 0.604688
1 0.014583 0.773438 0.014583 0.817187 0.941667 0.818750 0.868750 0.775000
1 0.016667 0.875000 0.939583 0.871875 0.943750 0.825000 0.016667 0.820312
2 0.989583 0.239063 0.902083 0.698438 0.908333 0.712500 0.983333 0.754687
2 0.900000 0.712500 0.889583 0.765625 0.983333 0.821875 0.979167 0.882812 0.941667 0.901563 0.922917 0.985937 0.985417 0.987500 0.985417 0.760938
5 0.947917 0.014062 0.945833 0.015625 0.966667 0.029687 0.964583 0.031250 0.964583 0.045313 0.962500 0.046875 0.962500 0.059375 0.964583 0.057813 0.987500 0.057813 0.987500 0.014062
7 0.014583 0.010937 0.014583 0.084375 0.491667 0.132812 0.535417 0.048437 0.297917 0.014062
7 0.329167 0.010937 0.727083 0.064062 0.779167 0.015625
7 0.012500 0.089062 0.014583 0.156250 0.031250 0.162500 0.562500 0.210938 0.612500 0.151562
7 0.135417 0.214062 0.097917 0.493750 0.756250 0.523438 0.681250 0.532812 0.668750 0.701563 0.739583 0.750000 0.881250 0.764063 0.972917 0.268750 0.814583 0.262500 0.764583 0.503125 0.787500 0.264062
7 0.066667 0.326562 0.047917 0.326562 0.037500 0.576563 0.054167 0.578125 0.072917 0.334375
7 0.095833 0.500000 0.091667 0.575000 0.227083 0.573438 0.239583 0.560938 0.243750 0.529688 0.231250 0.520312 0.231250 0.515625 0.241667 0.506250 0.239583 0.503125 0.127083 0.498437
7 0.635417 0.671875 0.633333 0.673437 0.633333 0.675000 0.627083 0.682813 0.627083 0.685938 0.625000 0.687500 0.625000 0.715625 0.629167 0.715625 0.631250 0.717188 0.635417 0.717188 0.637500 0.718750 0.643750 0.718750 0.645833 0.720312 0.650000 0.720312 0.652083 0.721875 0.652083 0.710938 0.654167 0.709375 0.654167 0.698438 0.656250 0.696875 0.656250 0.682813 0.658333 0.681250 0.650000 0.676562
7 0.537500 0.709375 0.570833 0.721875 0.606250 0.721875 0.610417 0.723437 0.610417 0.709375 0.612500 0.707812 0.610417 0.704687 0.593750 0.692187 0.581250 0.692187 0.579167 0.693750 0.564583 0.693750 0.554167 0.700000 0.552083 0.700000
7 0.020833 0.985937 0.918750 0.989062 0.931250 0.901563 0.954167 0.889063 0.016667 0.890625
8 0.672917 0.295312 0.672917 0.296875 0.675000 0.298438 0.679167 0.298438 0.681250 0.300000 0.683333 0.300000 0.685417 0.301562 0.687500 0.301562 0.693750 0.304688 0.697917 0.304688 0.700000 0.306250 0.702083 0.306250 0.704167 0.307813 0.706250 0.307813 0.712500 0.310937 0.712500 0.303125 0.714583 0.301562 0.714583 0.292188 0.712500 0.290625 0.704167 0.290625 0.702083 0.289062 0.691667 0.289062 0.689583 0.287500 0.681250 0.287500 0.677083 0.290625 0.677083 0.292188
8 0.625000 0.312500 0.625000 0.314063 0.629167 0.315625 0.635417 0.315625 0.650000 0.320312 0.656250 0.320312 0.658333 0.321875 0.662500 0.321875 0.670833 0.325000 0.677083 0.325000 0.691667 0.329688 0.697917 0.329688 0.706250 0.332812 0.708333 0.312500 0.704167 0.312500 0.702083 0.310937 0.697917 0.310937 0.695833 0.309375 0.691667 0.309375 0.689583 0.307813 0.685417 0.307813 0.683333 0.306250 0.679167 0.306250 0.677083 0.304688 0.672917 0.304688 0.670833 0.303125 0.666667 0.303125 0.664583 0.301562 0.660417 0.301562 0.645833 0.296875 0.641667 0.296875
8 0.175000 0.348437 0.187500 0.365625 0.206250 0.367188 0.208333 0.368750 0.216667 0.368750 0.218750 0.370313 0.229167 0.370313 0.231250 0.371875 0.239583 0.371875 0.241667 0.373437 0.252083 0.373437 0.254167 0.375000 0.262500 0.375000 0.264583 0.376563 0.264583 0.373437 0.272917 0.357812 0.272917 0.353125 0.258333 0.353125 0.256250 0.351562 0.243750 0.351562 0.241667 0.350000 0.227083 0.350000 0.225000 0.348437 0.210417 0.348437 0.208333 0.346875 0.177083 0.346875
8 0.175000 0.384375 0.189583 0.387500 0.191667 0.389062 0.195833 0.389062 0.197917 0.390625 0.202083 0.390625 0.208333 0.393750 0.212500 0.393750 0.227083 0.398438 0.233333 0.398438 0.247917 0.403125 0.254167 0.403125 0.262500 0.406250 0.262500 0.382812 0.264583 0.381250 0.262500 0.379687 0.250000 0.379687 0.247917 0.378125 0.235417 0.378125 0.233333 0.376563 0.220833 0.376563 0.218750 0.375000 0.206250 0.375000 0.204167 0.373437 0.189583 0.373437
8 0.187500 0.467187 0.187500 0.468750 0.189583 0.470313 0.195833 0.471875 0.200000 0.475000 0.220833 0.475000 0.222917 0.476562 0.245833 0.476562 0.247917 0.478125 0.250000 0.478125 0.250000 0.471875 0.252083 0.470313 0.252083 0.462500 0.237500 0.462500 0.235417 0.460938 0.208333 0.460938 0.206250 0.462500 0.191667 0.462500