1 0.016667 0.059375 0.016667 0.132812 0.064583 0.151562 0.458333 0.154687 0.456250 0.101562 0.416667 0.103125 0.391667 0.089062 0.414583 0.068750 0.443750 0.067188
1 0.014583 0.142188 0.014583 0.196875 0.050000 0.217187 0.095833 0.285937 0.120833 0.332812 0.135417 0.437500 0.147917 0.435937 0.129167 0.300000 0.097917 0.226562 0.058333 0.170312 0.029167 0.145313
1 0.895833 0.446875 0.814583 0.470313 0.716667 0.434375 0.122917 0.448438 0.016667 0.478125 0.018750 0.695312 0.777083 0.673437 0.016667 0.703125 0.058333 0.848437 0.322917 0.834375 0.054167 0.854688 0.014583 0.982813 0.631250 0.984375 0.562500 0.820312 0.564583 0.700000 0.852083 0.681250
1 0.016667 0.735937 0.016667 0.956250 0.050000 0.851562
2 0.991667 0.143750 0.972917 0.168750 0.839583 0.232812 0.847917 0.245312 0.889583 0.237500 0.843750 0.295312 0.822917 0.287500 0.843750 0.246875 0.720833 0.248437 0.731250 0.315625 0.775000 0.314063 0.722917 0.323438 0.727083 0.423438 0.897917 0.442187 0.854167 0.696875 0.985417 0.803125
3 0.797917 0.015625 0.777083 0.015625 0.743750 0.035937 0.727083 0.032812 0.716667 0.015625 0.685417 0.017188 0.685417 0.065625 0.675000 0.070312 0.670833 0.068750 0.670833 0.131250 0.677083 0.135937 0.800000 0.017188
3 0.872917 0.050000 0.787500 0.046875 0.700000 0.126563 0.770833 0.131250
3 0.985417 0.050000 0.889583 0.050000 0.793750 0.126563 0.985417 0.126563
3 0.545833 0.126563 0.556250 0.226562 0.629167 0.146875 0.575000 0.225000 0.829167 0.226562 0.972917 0.167187 0.979167 0.139062 0.637500 0.142188 0.631250 0.068750 0.604167 0.070312 0.602083 0.128125 0.585417 0.157813 0.570833 0.143750 0.572917 0.107813
3 0.652083 0.692187 0.675000 0.723437 0.695833 0.723437 0.679167 0.729688 0.702083 0.765625 0.760417 0.762500 0.733333 0.720312 0.772917 0.764063 0.635417 0.773438 0.666667 0.821875 0.950000 0.804688 0.666667 0.831250 0.693750 0.884375 0.854167 0.879687 0.800000 0.889063 0.862500 0.982813 0.989583 0.990625 0.983333 0.879687 0.908333 0.882812 0.952083 0.945312 0.891667 0.879687 0.989583 0.875000 0.981250 0.803125 0.816667 0.684375
3 0.591667 0.701563 0.602083 0.726562 0.604167 0.728125 0.606250 0.726562 0.620833 0.728125 0.608333 0.729688 0.608333 0.732813 0.631250 0.768750 0.691667 0.762500 0.666667 0.725000 0.656250 0.721875 0.637500 0.700000 0.595833 0.700000
3 0.566667 0.704687 0.564583 0.820312 0.637500 0.985937 0.735417 0.979688
3 0.704167 0.896875 0.743750 0.984375 0.852083 0.982813 0.789583 0.893750
5 0.887500 0.237500 0.872917 0.240625 0.870833 0.242188 0.866667 0.242188 0.864583 0.243750 0.860417 0.243750 0.858333 0.245312 0.850000 0.245312 0.835417 0.251563 0.827083 0.257812 0.825000 0.260938 0.825000 0.287500 0.829167 0.293750 0.843750 0.293750 0.843750 0.284375 0.845833 0.282813 0.847917 0.271875 0.860417 0.262500 0.866667 0.253125
7 0.585417 0.015625 0.556250 0.015625 0.545833 0.018750 0.533333 0.026563 0.520833 0.042188 0.520833 0.051562 0.518750 0.053125 0.518750 0.064062 0.527083 0.078125 0.539583 0.068750 0.531250 0.060938 0.535417 0.045313 0.558333 0.031250 0.564583 0.029687 0.577083 0.029687 0.585417 0.026563
7 0.581250 0.064062 0.579167 0.067188 0.579167 0.081250 0.577083 0.082813 0.577083 0.096875 0.575000 0.098438 0.572917 0.137500 0.581250 0.150000 0.585417 0.150000 0.585417 0.145313 0.589583 0.139062 0.589583 0.121875 0.595833 0.115625 0.595833 0.110937 0.600000 0.103125 0.600000 0.073437 0.602083 0.070312 0.600000 0.068750 0.589583 0.068750
7 0.470833 0.220313 0.466667 0.157813 0.106250 0.162500 0.139583 0.218750
7 0.150000 0.245312 0.177083 0.320312 0.560417 0.312500 0.556250 0.273438 0.500000 0.260938 0.520833 0.246875
7 0.722917 0.254687 0.581250 0.245312 0.600000 0.246875 0.604167 0.259375 0.566667 0.265625 0.564583 0.300000 0.579167 0.301562 0.554167 0.342187 0.183333 0.345313 0.193750 0.420312 0.564583 0.417188 0.566667 0.437500 0.714583 0.434375
7 0.020833 0.287500 0.016667 0.468750 0.072917 0.457812
7 0.397917 0.757812 0.385417 0.750000 0.370833 0.751562 0.370833 0.737500 0.352083 0.745313 0.350000 0.757812 0.322917 0.739062 0.289583 0.739062 0.258333 0.756250 0.254167 0.762500 0.260417 0.776563 0.266667 0.782812 0.312500 0.798437 0.347917 0.773438 0.391667 0.773438
7 0.639583 0.848437 0.637500 0.848437 0.627083 0.856250 0.625000 0.856250 0.614583 0.865625 0.614583 0.892187 0.620833 0.898438 0.622917 0.903125 0.631250 0.910937 0.633333 0.915625 0.641667 0.909375 0.643750 0.909375 0.652083 0.903125 0.654167 0.903125 0.654167 0.875000 0.650000 0.870313 0.650000 0.867188 0.645833 0.862500 0.645833 0.859375 0.641667 0.854688
8 0.570833 0.034375 0.583333 0.051562 0.612500 0.062500 0.643750 0.062500 0.645833 0.064062 0.679167 0.064062 0.683333 0.065625 0.681250 0.060938 0.681250 0.023438 0.679167 0.021875 0.670833 0.021875 0.641667 0.015625 0.589583 0.017188 0.587500 0.018750 0.587500 0.026563
8 0.985417 0.176563 0.960417 0.214062 0.900000 0.232812 0.891667 0.246875 0.870833 0.260938 0.856250 0.290625 0.856250 0.309375 0.872917 0.334375 0.918750 0.350000 0.987500 0.362500
8 0.502083 0.260938 0.522917 0.260938 0.525000 0.262500 0.529167 0.262500 0.541667 0.271875 0.564583 0.271875 0.564583 0.265625 0.568750 0.262500 0.572917 0.262500 0.581250 0.259375 0.602083 0.259375 0.600000 0.257812 0.600000 0.248437 0.595833 0.246875 0.572917 0.246875 0.570833 0.245312 0.525000 0.245312 0.518750 0.254687