1 0.016667 0.042188 0.016667 0.371875 0.156250 0.382812 0.200000 0.310937 0.245833 0.296875 0.604167 0.307813 0.612500 0.298438 0.720833 0.300000 0.743750 0.165625 0.566667 0.153125 0.564583 0.115625 0.537500 0.090625
1 0.018750 0.607813 0.054167 0.609375 0.060417 0.592188 0.529167 0.595312 0.556250 0.439063 0.547917 0.539062 0.575000 0.539062 0.604167 0.484375 0.856250 0.490625 0.879167 0.432813 0.016667 0.401563
2 0.768750 0.154687 0.756250 0.159375 0.733333 0.307813 0.881250 0.431250 0.860417 0.501562 0.887500 0.514063 0.985417 0.620313 0.985417 0.393750 0.947917 0.387500 0.985417 0.385938 0.989583 0.162500 0.847917 0.142188 0.814583 0.168750
3 0.608333 0.485938 0.589583 0.531250 0.595833 0.559375 0.579167 0.568750 0.579167 0.581250 0.589583 0.595312 0.581250 0.607813 0.591667 0.609375 0.593750 0.626562 0.604167 0.621875 0.608333 0.560938 0.618750 0.559375 0.629167 0.584375 0.631250 0.626562 0.625000 0.648438 0.610417 0.645312 0.616667 0.660937 0.627083 0.646875 0.650000 0.678125 0.633333 0.718750 0.639583 0.731250 0.620833 0.737500 0.627083 0.743750 0.750000 0.743750 0.618750 0.492188
3 0.625000 0.495313 0.752083 0.737500 0.983333 0.739062 0.989583 0.637500 0.858333 0.501562 0.835417 0.492188
6 0.733333 0.114063 0.981250 0.157813 0.983333 0.125000 0.739583 0.107813
7 0.568750 0.150000 0.579167 0.153125 0.675000 0.151562 0.685417 0.156250 0.739583 0.162500 0.766667 0.146875 0.814583 0.164062 0.835417 0.137500 0.727083 0.114063 0.725000 0.101562 0.581250 0.092188 0.583333 0.101562 0.570833 0.112500
7 0.158333 0.379687 0.845833 0.417188 0.722917 0.306250 0.629167 0.306250 0.618750 0.315625 0.247917 0.300000 0.200000 0.318750
7 0.014583 0.762500 0.560417 0.746875 0.537500 0.654688 0.608333 0.662500 0.606250 0.625000 0.552083 0.639063 0.554167 0.607813 0.529167 0.614062 0.512500 0.600000 0.066667 0.595312 0.018750 0.690625
7 0.985417 0.835938 0.022917 0.854688 0.014583 0.989062 0.989583 0.987500
8 0.591667 0.545313 0.575000 0.545313 0.572917 0.546875 0.554167 0.546875 0.552083 0.548437 0.552083 0.562500 0.585417 0.562500 0.587500 0.564062 0.589583 0.564062 0.589583 0.562500 0.593750 0.557813 0.593750 0.551562 0.591667 0.550000
8 0.543750 0.598437 0.543750 0.600000 0.560417 0.600000 0.562500 0.601562 0.579167 0.601562 0.579167 0.600000 0.581250 0.598437 0.581250 0.596875 0.583333 0.595312 0.581250 0.593750 0.581250 0.587500 0.579167 0.585938 0.577083 0.585938 0.575000 0.584375 0.552083 0.584375 0.552083 0.585938 0.550000 0.587500 0.550000 0.589063 0.547917 0.590625 0.547917 0.592188 0.545833 0.593750 0.545833 0.596875
8 0.627083 0.648438 0.612500 0.682813 0.608333 0.676562 0.558333 0.681250 0.556250 0.700000 0.622917 0.701563 0.622917 0.696875 0.629167 0.703125 0.556250 0.706250 0.568750 0.726562 0.637500 0.731250 0.627083 0.704687 0.629167 0.703125 0.635417 0.709375 0.647917 0.678125