1 0.014583 0.014062 0.016667 0.467187 0.643750 0.496875 0.941667 0.376563 0.822917 0.365625 0.777083 0.381250 0.741667 0.103125 0.781250 0.071875 0.731250 0.059375 0.727083 0.012500
1 0.016667 0.471875 0.014583 0.948438 0.516667 0.896875 0.522917 0.867188 0.664583 0.853125 0.675000 0.646875 0.552083 0.679688 0.420833 0.687500 0.414583 0.635938 0.377083 0.618750 0.447917 0.534375 0.560417 0.556250 0.593750 0.537500 0.652083 0.550000 0.643750 0.503125
2 0.958333 0.378125 0.656250 0.498437 0.650000 0.510938 0.666667 0.559375 0.747917 0.562500 0.783333 0.601562 0.752083 0.648438 0.683333 0.640625 0.670833 0.853125 0.987500 0.967188 0.985417 0.378125
3 0.793750 0.078125 0.754167 0.106250 0.793750 0.373437 0.820833 0.357812 0.983333 0.373437 0.987500 0.081250 0.925000 0.106250 0.904167 0.106250
7 0.510417 0.434375 0.522917 0.456250 0.527083 0.456250 0.535417 0.453125 0.537500 0.454688 0.535417 0.457812 0.550000 0.467187 0.591667 0.451562 0.587500 0.446875 0.583333 0.435937 0.575000 0.437500 0.568750 0.440625 0.543750 0.440625 0.541667 0.439063 0.535417 0.439063 0.533333 0.437500
7 0.431250 0.548437 0.433333 0.625000 0.429167 0.629687 0.429167 0.660937 0.433333 0.684375 0.552083 0.676562 0.566667 0.653125 0.537500 0.642187 0.550000 0.556250
7 0.552083 0.575000 0.550000 0.642187 0.579167 0.654688 0.620833 0.654688 0.668750 0.637500 0.714583 0.648438 0.745833 0.645312 0.770833 0.621875 0.777083 0.590625 0.747917 0.568750 0.681250 0.575000 0.666667 0.562500 0.633333 0.546875 0.583333 0.546875 0.556250 0.567187
7 0.985417 0.975000 0.660417 0.859375 0.522917 0.873438 0.560417 0.895312 0.020833 0.950000 0.014583 0.987500 0.691667 0.982813 0.610417 0.925000 0.710417 0.982813 0.981250 0.989062
8 0.739583 0.012500 0.739583 0.059375 0.914583 0.098438 0.987500 0.076563 0.989583 0.014062 0.908333 0.010937
8 0.166667 0.112500 0.181250 0.125000 0.179167 0.200000 0.252083 0.225000 0.485417 0.259375 0.281250 0.235938 0.164583 0.192188 0.181250 0.350000 0.506250 0.375000 0.531250 0.337500 0.472917 0.326562 0.566667 0.334375 0.595833 0.320312 0.620833 0.265625 0.550000 0.264062 0.589583 0.260938 0.616667 0.231250 0.606250 0.218750 0.433333 0.193750 0.427083 0.146875 0.214583 0.148438 0.197917 0.106250
8 0.393750 0.604688 0.393750 0.609375 0.391667 0.610937 0.391667 0.617188 0.389583 0.618750 0.389583 0.623438 0.391667 0.625000 0.391667 0.626562 0.425000 0.626562 0.427083 0.628125 0.429167 0.628125 0.429167 0.626562 0.431250 0.625000 0.431250 0.609375 0.408333 0.609375 0.406250 0.610937 0.404167 0.610937 0.395833 0.604688