1 0.593750 0.015625 0.554167 0.015625 0.550000 0.209375 0.606250 0.198437 0.618750 0.179688 0.616667 0.159375 0.554167 0.156250 0.562500 0.139062 0.572917 0.131250 0.570833 0.103125 0.577083 0.093750 0.620833 0.090625 0.622917 0.048437 0.608333 0.051562 0.591667 0.045313 0.585417 0.023438
1 0.556250 0.339063 0.554167 0.340625 0.552083 0.390625 0.587500 0.390625 0.589583 0.392188 0.593750 0.392188 0.593750 0.373437 0.595833 0.371875 0.581250 0.367188 0.581250 0.364062 0.589583 0.351562 0.591667 0.339063
1 0.022917 0.703125 0.022917 0.773438 0.410417 0.767187 0.018750 0.778125 0.016667 0.985937 0.641667 0.984375 0.687500 0.803125 0.727083 0.795313 0.835417 0.803125 0.868750 0.829687 0.912500 0.818750 0.989583 0.864062 0.983333 0.701563
3 0.647917 0.015625 0.647917 0.029687 0.633333 0.053125 0.633333 0.087500 0.643750 0.098438 0.643750 0.114063 0.675000 0.112500 0.687500 0.123438 0.687500 0.129688 0.691667 0.131250 0.720833 0.103125 0.718750 0.015625
3 0.729167 0.017188 0.725000 0.125000 0.687500 0.140625 0.708333 0.414062 0.987500 0.406250 0.987500 0.023438
3 0.016667 0.393750 0.016667 0.475000 0.641667 0.487500 0.643750 0.660937 0.029167 0.668750 0.016667 0.648438 0.016667 0.700000 0.987500 0.695312 0.981250 0.439063
7 0.014583 0.014062 0.016667 0.389062 0.537500 0.404687 0.537500 0.332812 0.510417 0.325000 0.541667 0.290625 0.504167 0.290625 0.537500 0.250000 0.485417 0.246875 0.477083 0.218750 0.537500 0.207813 0.539583 0.012500
7 0.666667 0.114063 0.610417 0.204688 0.620833 0.256250 0.608333 0.276563 0.620833 0.301562 0.610417 0.304688 0.606250 0.293750 0.589583 0.298438 0.610417 0.304688 0.602083 0.314063 0.620833 0.323438 0.620833 0.337500 0.610417 0.326562 0.537500 0.323438 0.583333 0.307813 0.579167 0.301562 0.529167 0.312500 0.520833 0.325000 0.612500 0.335938 0.600000 0.351562 0.620833 0.365625 0.602083 0.379687 0.604167 0.393750 0.627083 0.409375 0.687500 0.414062 0.677083 0.120312
7 0.016667 0.476562 0.018750 0.667188 0.643750 0.659375 0.641667 0.489062
7 0.860417 0.764063 0.870833 0.779688 0.883333 0.787500 0.887500 0.787500 0.895833 0.790625 0.904167 0.790625 0.906250 0.789062 0.920833 0.789062 0.925000 0.785937 0.931250 0.784375 0.931250 0.782812 0.935417 0.779688 0.935417 0.773438 0.937500 0.771875 0.935417 0.770312 0.935417 0.765625 0.929167 0.760938 0.897917 0.760938 0.895833 0.762500 0.862500 0.762500
7 0.695833 0.806250 0.689583 0.885938 0.679167 0.904688 0.693750 0.981250 0.706250 0.985937 0.987500 0.990625 0.983333 0.867188 0.962500 0.865625 0.920833 0.846875 0.912500 0.829687 0.897917 0.820312 0.883333 0.820312 0.864583 0.834375 0.841667 0.812500 0.800000 0.801562 0.716667 0.800000
8 0.606250 0.015625 0.606250 0.023438 0.604167 0.025000 0.604167 0.040625 0.612500 0.040625 0.614583 0.042188 0.625000 0.042188 0.627083 0.043750 0.633333 0.043750 0.635417 0.039062 0.639583 0.035937 0.639583 0.017188 0.641667 0.015625
8 0.637500 0.096875 0.608333 0.098438 0.606250 0.100000 0.591667 0.100000 0.579167 0.109375 0.579167 0.134375 0.639583 0.134375 0.639583 0.131250 0.637500 0.129688
8 0.562500 0.150000 0.585417 0.150000 0.587500 0.151562 0.614583 0.151562 0.616667 0.153125 0.618750 0.153125 0.622917 0.150000 0.629167 0.148438 0.631250 0.140625 0.627083 0.140625 0.625000 0.139062 0.566667 0.139062 0.566667 0.140625 0.564583 0.142188 0.564583 0.145313 0.562500 0.146875
8 0.604167 0.209375 0.600000 0.206250 0.583333 0.206250 0.581250 0.207813 0.556250 0.210938 0.547917 0.214062 0.533333 0.214062 0.520833 0.218750 0.510417 0.218750 0.508333 0.217187 0.491667 0.215625 0.491667 0.231250 0.547917 0.231250 0.564583 0.221875 0.604167 0.221875
8 0.564583 0.226562 0.564583 0.237500 0.562500 0.239063 0.562500 0.240625 0.560417 0.242188 0.558333 0.242188 0.558333 0.246875 0.560417 0.248437 0.560417 0.250000 0.570833 0.245312 0.604167 0.245312 0.606250 0.246875 0.608333 0.246875 0.608333 0.228125 0.610417 0.226562
8 0.562500 0.270312 0.564583 0.271875 0.593750 0.271875 0.595833 0.273438 0.597917 0.273438 0.600000 0.271875 0.608333 0.271875 0.608333 0.270312 0.612500 0.267188 0.612500 0.264062 0.616667 0.259375 0.614583 0.257812 0.612500 0.253125 0.610417 0.253125 0.608333 0.251563 0.572917 0.251563 0.572917 0.267188 0.570833 0.268750 0.562500 0.268750
8 0.541667 0.401563 0.541667 0.409375 0.543750 0.410937 0.547917 0.410937 0.550000 0.409375 0.614583 0.409375 0.614583 0.398438 0.604167 0.398438 0.602083 0.396875 0.547917 0.396875