1 0.020833 0.542188 0.685417 0.532812 0.697917 0.506250 0.662500 0.476562 0.637500 0.496875 0.633333 0.428125 0.441667 0.409375 0.420833 0.354688 0.456250 0.215625 0.660417 0.242188 0.658333 0.259375 0.702083 0.245312 0.652083 0.228125 0.660417 0.195312 0.983333 0.221875 0.985417 0.134375 0.016667 0.028125
1 0.843750 0.215625 0.802083 0.212500 0.783333 0.239063 0.756250 0.256250 0.729167 0.254687 0.716667 0.250000 0.733333 0.270312 0.710417 0.285937 0.697917 0.282813 0.764583 0.314063 0.822917 0.228125 0.831250 0.220313
1 0.016667 0.557813 0.016667 0.640625 0.200000 0.631250 0.222917 0.681250 0.197917 0.690625 0.016667 0.689062 0.016667 0.987500 0.652083 0.981250 0.531250 0.679688 0.502083 0.671875 0.487500 0.629687 0.510417 0.628125 0.522917 0.665625 0.570833 0.560938
1 0.208333 0.670313 0.197917 0.643750 0.060417 0.645312 0.016667 0.648438 0.016667 0.679688 0.016667 0.671875 0.020833 0.668750 0.064583 0.660937 0.116667 0.660937 0.122917 0.651563 0.141667 0.659375 0.141667 0.671875 0.160417 0.682813
2 0.852083 0.220313 0.772917 0.310937 0.814583 0.301562 0.914583 0.342187 0.970833 0.398438 0.937500 0.479688 0.902083 0.478125 0.964583 0.539062 0.893750 0.476562 0.854167 0.481250 0.831250 0.462500 0.754167 0.509375 0.708333 0.501562 0.704167 0.526563 0.983333 0.932813 0.983333 0.226562
7 0.985417 0.132812 0.989583 0.010937 0.014583 0.014062 0.025000 0.026563
7 0.656250 0.217187 0.656250 0.225000 0.670833 0.225000 0.685417 0.229687 0.702083 0.229687 0.706250 0.232812 0.708333 0.243750 0.743750 0.250000 0.775000 0.240625 0.787500 0.225000 0.787500 0.210938 0.785417 0.209375 0.731250 0.206250 0.675000 0.200000 0.660417 0.200000 0.660417 0.207813
7 0.460417 0.218750 0.441667 0.314063 0.425000 0.329688 0.425000 0.360938 0.447917 0.407813 0.600000 0.435937 0.633333 0.423438 0.677083 0.485938 0.718750 0.506250 0.785417 0.495313 0.829167 0.459375 0.856250 0.475000 0.935417 0.479688 0.964583 0.442187 0.968750 0.398438 0.904167 0.345313 0.825000 0.306250 0.795833 0.301562 0.775000 0.323438 0.704167 0.296875 0.656250 0.265625 0.658333 0.243750 0.520833 0.212500
7 0.581250 0.539062 0.852083 0.984375 0.985417 0.989062 0.987500 0.940625 0.702083 0.535937
7 0.572917 0.557813 0.525000 0.665625 0.506250 0.648438 0.508333 0.628125 0.489583 0.629687 0.504167 0.671875 0.541667 0.682813 0.662500 0.984375 0.845833 0.981250
7 0.377083 0.610937 0.362500 0.648438 0.431250 0.648438 0.433333 0.650000 0.439583 0.650000 0.447917 0.609375 0.385417 0.609375 0.383333 0.610937
7 0.220833 0.657812 0.200000 0.632812 0.118750 0.629687 0.025000 0.634375 0.016667 0.646875 0.197917 0.642187 0.210417 0.670313 0.160417 0.684375 0.139583 0.671875 0.139583 0.659375 0.122917 0.653125 0.116667 0.662500 0.064583 0.662500 0.020833 0.670313 0.016667 0.687500 0.197917 0.689062 0.220833 0.681250
8 0.662500 0.264062 0.687500 0.281250 0.714583 0.281250 0.727083 0.271875 0.727083 0.268750 0.712500 0.248437 0.681250 0.248437 0.664583 0.260938 0.664583 0.262500