1 0.016667 0.010937 0.018750 0.182812 0.456250 0.225000 0.450000 0.446875 0.477083 0.207813 0.166667 0.143750 0.145833 0.076563 0.535417 0.145313 0.602083 0.089062 0.989583 0.139062 0.987500 0.014062
1 0.450000 0.462500 0.414583 0.664062 0.018750 0.662500 0.016667 0.985937 0.460417 0.985937 0.447917 0.971875 0.497917 0.942187 0.502083 0.904688 0.543750 0.900000 0.562500 0.842188 0.489583 0.734375 0.439583 0.726562 0.433333 0.550000
1 0.885417 0.821875 0.772917 0.826563 0.766667 0.829687 0.762500 0.840625 0.750000 0.848437 0.739583 0.864062 0.762500 0.887500 0.781250 0.918750 0.802083 0.918750 0.825000 0.925000 0.864583 0.918750
2 0.895833 0.820312 0.875000 0.918750 0.902083 0.937500 0.933333 0.920313 0.939583 0.920313 0.968750 0.929688 0.987500 0.942187 0.983333 0.818750
3 0.618750 0.098438 0.493750 0.203125 0.470833 0.448438 0.527083 0.450000 0.543750 0.465625 0.468750 0.465625 0.460417 0.546875 0.529167 0.535937 0.525000 0.571875 0.460417 0.559375 0.452083 0.629687 0.512500 0.632812 0.495833 0.668750 0.512500 0.715625 0.460417 0.718750 0.447917 0.671875 0.456250 0.725000 0.502083 0.732813 0.581250 0.850000 0.600000 0.850000 0.693750 0.109375
3 0.702083 0.115625 0.608333 0.823438 0.981250 0.814062 0.987500 0.150000
7 0.014583 0.190625 0.014583 0.656250 0.414583 0.660937 0.433333 0.462500 0.541667 0.465625 0.527083 0.451562 0.435417 0.443750 0.458333 0.232812
7 0.593750 0.371875 0.566667 0.392188 0.554167 0.415625 0.543750 0.492188 0.558333 0.557813 0.581250 0.567187 0.600000 0.512500 0.606250 0.470313 0.608333 0.423438 0.602083 0.389062
7 0.477083 0.417188 0.483333 0.428125 0.493750 0.425000 0.502083 0.420312 0.506250 0.420312 0.520833 0.426562 0.541667 0.426562 0.541667 0.414062 0.543750 0.412500 0.539583 0.412500 0.537500 0.410937 0.502083 0.410937 0.500000 0.409375 0.500000 0.404687 0.502083 0.403125 0.502083 0.400000
7 0.479167 0.523438 0.489583 0.521875 0.487500 0.520312 0.487500 0.514063 0.485417 0.512500 0.485417 0.506250 0.487500 0.504687 0.493750 0.504687 0.495833 0.506250 0.504167 0.506250 0.506250 0.507812 0.514583 0.507812 0.516667 0.509375 0.518750 0.507812 0.533333 0.506250 0.533333 0.495313 0.508333 0.495313 0.506250 0.493750 0.477083 0.493750 0.477083 0.506250 0.479167 0.507812
7 0.566667 0.853125 0.558333 0.901563 0.581250 0.920313 0.577083 0.948438 0.679167 0.920313 0.777083 0.931250 0.708333 0.925000 0.612500 0.942187 0.537500 0.987500 0.989583 0.984375 0.979167 0.942187 0.939583 0.928125 0.900000 0.943750 0.872917 0.929688 0.777083 0.931250 0.720833 0.856250 0.758333 0.842188 0.760417 0.826563 0.679167 0.828125 0.702083 0.856250
8 0.150000 0.084375 0.150000 0.106250 0.170833 0.139062 0.193750 0.139062 0.258333 0.156250 0.264583 0.150000 0.275000 0.160938 0.431250 0.185937 0.487500 0.204688 0.516667 0.189063 0.504167 0.165625 0.508333 0.146875 0.520833 0.150000 0.520833 0.139062 0.508333 0.132812 0.279167 0.120312 0.247917 0.110937 0.193750 0.107813 0.185417 0.089062
8 0.531250 0.253125 0.529167 0.254687 0.529167 0.271875 0.527083 0.273438 0.522917 0.270312 0.512500 0.267188 0.508333 0.273438 0.508333 0.276563 0.522917 0.289062 0.516667 0.295312 0.516667 0.315625 0.522917 0.315625 0.525000 0.317187 0.525000 0.325000 0.550000 0.317187 0.552083 0.298438 0.560417 0.279687 0.560417 0.273438 0.552083 0.265625
8 0.527083 0.535937 0.489583 0.537500 0.470833 0.543750 0.462500 0.548437 0.437500 0.548437 0.435417 0.550000 0.435417 0.554688 0.450000 0.554688 0.452083 0.556250 0.462500 0.557813 0.485417 0.567187 0.506250 0.568750 0.508333 0.570312 0.525000 0.570312 0.525000 0.539062
8 0.500000 0.626562 0.447917 0.637500 0.450000 0.682813 0.460417 0.717188 0.504167 0.717188 0.510417 0.715625 0.493750 0.676562 0.493750 0.668750 0.510417 0.637500 0.510417 0.632812
8 0.556250 0.906250 0.514583 0.909375 0.514583 0.943750 0.458333 0.968750 0.456250 0.971875 0.460417 0.978125 0.495833 0.987500 0.527083 0.984375 0.554167 0.962500 0.570833 0.954687 0.572917 0.921875