1 0.016667 0.295312 0.014583 0.793750 0.977083 0.743750 0.983333 0.628125 0.910417 0.546875 0.881250 0.571875 0.516667 0.576563 0.414583 0.556250 0.395833 0.501562 0.377083 0.537500 0.075000 0.532812 0.085417 0.478125 0.058333 0.454688 0.020833 0.526563 0.018750 0.429688 0.366667 0.421875 0.377083 0.440625 0.345833 0.346875
1 0.604167 0.892187 0.575000 0.882812 0.020833 0.910937 0.016667 0.987500 0.454167 0.985937 0.468750 0.975000 0.458333 0.939062 0.583333 0.926562 0.600000 0.914062
2 0.987500 0.484375 0.920833 0.537500 0.987500 0.632812
2 0.987500 0.639063 0.983333 0.745313 0.727083 0.753125 0.583333 0.882812 0.606250 0.890625 0.602083 0.915625 0.583333 0.928125 0.462500 0.942187 0.464583 0.987500 0.987500 0.989062
3 0.491667 0.015625 0.456250 0.126563 0.550000 0.145313 0.525000 0.178125 0.439583 0.167187 0.404167 0.245312 0.477083 0.276563 0.391667 0.282813 0.381250 0.306250 0.466667 0.339063 0.400000 0.370313 0.366667 0.354688 0.416667 0.553125 0.506250 0.559375 0.906250 0.032812 0.514583 0.570312 0.877083 0.564062 0.983333 0.475000 0.985417 0.014062
7 0.016667 0.290625 0.327083 0.337500 0.381250 0.281250 0.341667 0.268750 0.320833 0.278125 0.314583 0.267188 0.337500 0.235938 0.397917 0.242188 0.429167 0.168750 0.402083 0.131250 0.468750 0.175000 0.479167 0.160938 0.458333 0.146875 0.527083 0.171875 0.541667 0.145313 0.408333 0.126563 0.454167 0.123438 0.493750 0.021875 0.012500 0.014062
7 0.529167 0.046875 0.525000 0.057813 0.520833 0.062500 0.518750 0.070312 0.514583 0.075000 0.514583 0.078125 0.522917 0.082813 0.543750 0.090625 0.547917 0.093750 0.558333 0.096875 0.562500 0.100000 0.577083 0.078125 0.577083 0.075000 0.543750 0.073437 0.541667 0.071875 0.543750 0.050000 0.533333 0.050000
7 0.643750 0.101562 0.593750 0.114063 0.550000 0.184375 0.522917 0.251563 0.516667 0.292188 0.525000 0.326562 0.552083 0.362500 0.600000 0.321875 0.645833 0.239063 0.660417 0.143750
7 0.454167 0.206250 0.452083 0.209375 0.452083 0.223438 0.450000 0.225000 0.450000 0.237500 0.466667 0.237500 0.468750 0.235938 0.472917 0.235938 0.475000 0.234375 0.479167 0.234375 0.481250 0.232812 0.485417 0.232812 0.487500 0.231250 0.491667 0.231250 0.493750 0.229687 0.504167 0.228125 0.504167 0.225000 0.506250 0.223438 0.506250 0.218750 0.512500 0.209375 0.510417 0.210938 0.508333 0.209375 0.485417 0.209375 0.472917 0.204688 0.462500 0.204688 0.460417 0.206250
7 0.729167 0.756250 0.018750 0.801562 0.014583 0.907812 0.575000 0.881250
8 0.339583 0.242188 0.339583 0.267188 0.462500 0.289062 0.475000 0.264062 0.475000 0.260938 0.466667 0.260938 0.456250 0.257812 0.427083 0.254687 0.347917 0.240625
8 0.329167 0.331250 0.329167 0.334375 0.333333 0.337500 0.385417 0.360938 0.397917 0.368750 0.456250 0.345313 0.458333 0.331250 0.427083 0.314063 0.400000 0.306250 0.393750 0.306250 0.358333 0.320312 0.347917 0.320312
8 0.395833 0.487500 0.366667 0.423438 0.241667 0.425000 0.112500 0.443750 0.070833 0.432813 0.018750 0.431250 0.020833 0.525000 0.037500 0.507812 0.035417 0.460938 0.052083 0.453125 0.077083 0.456250 0.087500 0.478125 0.089583 0.525000 0.075000 0.531250 0.100000 0.523438 0.377083 0.535937 0.393750 0.518750