1 0.016667 0.239063 0.018750 0.431250 0.483333 0.456250 0.489583 0.467187 0.510417 0.467187 0.510417 0.431250 0.083333 0.395312 0.027083 0.232812
1 0.639583 0.554688 0.539583 0.560938 0.522917 0.596875 0.489583 0.615625 0.462500 0.592188 0.037500 0.556250 0.018750 0.568750 0.025000 0.720312 0.531250 0.728125 0.575000 0.671875 0.593750 0.590625 0.618750 0.578125 0.639583 0.585938
2 0.922917 0.828125 0.910417 0.856250 0.910417 0.868750 0.931250 0.979688 0.989583 0.987500 0.981250 0.843750
3 0.989583 0.010937 0.893750 0.017188 0.766667 0.220313 0.868750 0.187500 0.906250 0.212500 0.925000 0.267188 0.841667 0.485938 0.756250 0.504687 0.752083 0.529688 0.704167 0.529688 0.677083 0.581250 0.652083 0.573438 0.683333 0.715625 0.710417 0.692187 0.985417 0.706250 0.983333 0.475000 0.762500 0.648438 0.989583 0.462500
7 0.014583 0.015625 0.018750 0.235938 0.083333 0.393750 0.556250 0.429688 0.633333 0.323438 0.670833 0.339063 0.652083 0.370313 0.668750 0.343750 0.741667 0.356250 0.720833 0.434375 0.750000 0.498437 0.795833 0.501562 0.847917 0.462500 0.910417 0.326562 0.904167 0.212500 0.827083 0.203125 0.812500 0.262500 0.812500 0.225000 0.747917 0.229687 0.741667 0.201562 0.720833 0.245312 0.810417 0.262500 0.658333 0.271875 0.783333 0.028125
7 0.014583 0.501562 0.043750 0.554688 0.462500 0.590625 0.491667 0.612500 0.518750 0.592188 0.558333 0.510938 0.531250 0.514063 0.520833 0.496875 0.487500 0.496875 0.483333 0.459375 0.016667 0.435937
7 0.647917 0.576563 0.641667 0.581250 0.641667 0.598437 0.643750 0.600000 0.643750 0.615625 0.645833 0.617188 0.645833 0.632812 0.652083 0.632812 0.654167 0.631250 0.658333 0.631250 0.656250 0.629687 0.656250 0.620313 0.654167 0.618750 0.654167 0.609375 0.652083 0.607813 0.652083 0.596875 0.650000 0.595312 0.650000 0.585938 0.647917 0.584375
7 0.579167 0.650000 0.579167 0.668750 0.583333 0.673437 0.587500 0.673437 0.620833 0.685938 0.656250 0.695312 0.664583 0.701563 0.664583 0.704687 0.654167 0.639063 0.593750 0.640625
7 0.666667 0.710938 0.681250 0.720312 0.704167 0.707812 0.785417 0.712500 0.783333 0.734375 0.777083 0.715625 0.714583 0.714063 0.656250 0.764063 0.687500 0.985937 0.931250 0.984375 0.902083 0.865625 0.883333 0.878125 0.820833 0.860937 0.789583 0.790625 0.822917 0.854688 0.883333 0.870313 0.918750 0.821875 0.985417 0.837500 0.985417 0.728125 0.916667 0.732813 0.900000 0.715625 0.700000 0.707812 0.681250 0.718750
7 0.025000 0.728125 0.018750 0.985937 0.683333 0.985937 0.643750 0.771875 0.672917 0.737500
8 0.327083 0.043750 0.322917 0.135937 0.593750 0.157813 0.585417 0.135937 0.606250 0.121875 0.633333 0.121875 0.635417 0.135937 0.604167 0.137500 0.602083 0.145313 0.627083 0.160938 0.664583 0.164062 0.685417 0.092188
8 0.516667 0.432813 0.520833 0.456250 0.616667 0.465625 0.606250 0.484375 0.597917 0.484375 0.597917 0.509375 0.629167 0.507812 0.641667 0.518750 0.727083 0.523438 0.750000 0.518750 0.750000 0.506250 0.727083 0.496875 0.641667 0.495313 0.631250 0.501562 0.608333 0.495313 0.610417 0.489062 0.664583 0.487500 0.681250 0.462500 0.704167 0.473437 0.670833 0.382812 0.604167 0.364062 0.572917 0.428125 0.583333 0.425000 0.591667 0.398438 0.606250 0.396875 0.612500 0.431250
8 0.493750 0.471875 0.491667 0.487500 0.516667 0.489062 0.522917 0.493750 0.531250 0.506250 0.556250 0.506250 0.558333 0.507812 0.585417 0.507812 0.589583 0.509375 0.589583 0.487500 0.595833 0.476562 0.604167 0.470313 0.602083 0.468750 0.525000 0.465625 0.520833 0.475000 0.518750 0.473437
8 0.568750 0.512500 0.570833 0.556250 0.572917 0.557813 0.581250 0.557813 0.583333 0.556250 0.591667 0.556250 0.593750 0.554688 0.602083 0.554688 0.604167 0.553125 0.633333 0.550000 0.639583 0.546875 0.637500 0.545313 0.637500 0.531250 0.645833 0.525000 0.637500 0.523438 0.625000 0.514063 0.593750 0.515625 0.587500 0.518750
8 0.689583 0.526563 0.654167 0.526563 0.645833 0.532812 0.645833 0.545313 0.647917 0.546875 0.647917 0.556250 0.650000 0.557813 0.650000 0.568750 0.668750 0.584375 0.675000 0.579687 0.677083 0.579687 0.687500 0.564062 0.687500 0.557813 0.689583 0.556250 0.691667 0.543750 0.693750 0.542188 0.693750 0.528125
8 0.562500 0.698438 0.579167 0.698438 0.581250 0.696875 0.595833 0.696875 0.597917 0.695312 0.614583 0.695312 0.616667 0.693750 0.629167 0.693750 0.627083 0.692187 0.625000 0.692187 0.620833 0.689062 0.618750 0.689062 0.614583 0.685938 0.608333 0.684375 0.604167 0.681250 0.591667 0.681250 0.589583 0.682813 0.579167 0.682813 0.577083 0.684375 0.566667 0.684375 0.564583 0.685938 0.564583 0.690625 0.562500 0.692187
8 0.568750 0.709375 0.587500 0.709375 0.589583 0.710938 0.597917 0.710938 0.600000 0.712500 0.606250 0.712500 0.608333 0.714063 0.616667 0.714063 0.618750 0.715625 0.627083 0.715625 0.629167 0.717188 0.629167 0.710938 0.631250 0.709375 0.631250 0.701563 0.595833 0.701563 0.593750 0.703125 0.579167 0.703125 0.577083 0.704687 0.575000 0.704687
8 0.543750 0.717188 0.543750 0.723437 0.545833 0.725000 0.564583 0.725000 0.566667 0.726562 0.579167 0.726562 0.581250 0.728125 0.593750 0.728125 0.595833 0.729688 0.608333 0.729688 0.610417 0.731250 0.622917 0.731250 0.625000 0.732813 0.622917 0.731250 0.622917 0.726562 0.620833 0.725000 0.620833 0.721875 0.616667 0.720312 0.597917 0.720312 0.595833 0.718750 0.577083 0.718750 0.575000 0.717188