1 0.604167 0.100000 0.477083 0.101562 0.391667 0.306250 0.020833 0.275000 0.016667 0.525000 0.070833 0.539062 0.595833 0.517187 0.645833 0.467187 0.737500 0.460938 0.752083 0.446875 0.583333 0.451562 0.485417 0.400000 0.493750 0.273438 0.558333 0.246875 0.612500 0.182812 0.654167 0.206250
1 0.654167 0.985937 0.595833 0.782812 0.016667 0.864062 0.018750 0.981250
2 0.820833 0.321875 0.887500 0.314063 0.925000 0.332812 0.962500 0.334375 0.985417 0.343750 0.987500 0.315625 0.985417 0.310937 0.979167 0.309375 0.829167 0.306250 0.829167 0.318750
2 0.985417 0.578125 0.950000 0.618750 0.939583 0.614062 0.889583 0.629687 0.985417 0.851562
3 0.635417 0.064062 0.610417 0.095312 0.708333 0.296875 0.718750 0.303125 0.754167 0.293750 0.981250 0.303125 0.983333 0.015625 0.756250 0.012500 0.685417 0.101562
7 0.012500 0.014062 0.018750 0.264062 0.385417 0.289062 0.441667 0.015625
7 0.602083 0.198437 0.570833 0.248437 0.600000 0.321875 0.520833 0.335938 0.489583 0.365625 0.497917 0.396875 0.577083 0.439063 0.656250 0.450000 0.752083 0.437500 0.766667 0.523438 0.795833 0.576563 0.858333 0.617188 0.904167 0.625000 0.958333 0.607813 0.985417 0.560938 0.987500 0.353125 0.916667 0.340625 0.885417 0.323438 0.808333 0.331250 0.812500 0.300000 0.752083 0.296875 0.727083 0.312500 0.702083 0.304688 0.631250 0.193750
7 0.987500 0.989062 0.977083 0.843750 0.881250 0.634375 0.772917 0.562500 0.745833 0.470313 0.654167 0.471875 0.606250 0.518750 0.070833 0.540625 0.014583 0.526563 0.014583 0.862500 0.597917 0.781250 0.654167 0.978125
8 0.456250 0.039062 0.487500 0.096875 0.606250 0.089062 0.639583 0.051562 0.647917 0.067188 0.668750 0.085938 0.683333 0.090625 0.706250 0.067188 0.735417 0.017188 0.633333 0.015625 0.631250 0.031250 0.620833 0.018750 0.456250 0.012500
8 0.545833 0.251563 0.506250 0.276563 0.506250 0.332812 0.508333 0.337500 0.587500 0.317187 0.575000 0.271875
8 0.445833 0.471875 0.450000 0.479688 0.462500 0.484375 0.464583 0.487500 0.443750 0.503125 0.475000 0.515625 0.481250 0.514063 0.520833 0.514063 0.543750 0.504687 0.537500 0.493750 0.537500 0.487500 0.550000 0.467187 0.485417 0.467187 0.483333 0.465625 0.456250 0.464063
8 0.854167 0.753125 0.737500 0.767187 0.787500 0.914062 0.860417 0.918750 0.904167 0.912500 0.877083 0.803125 0.862500 0.762500
8 0.814583 0.937500 0.802083 0.937500 0.800000 0.939062 0.756250 0.942187 0.754167 0.943750 0.741667 0.943750 0.739583 0.945312 0.691667 0.950000 0.691667 0.953125 0.706250 0.976562 0.787500 0.971875 0.804167 0.967188 0.810417 0.967188 0.812500 0.939062