1 0.012500 0.182812 0.018750 0.271875 0.268750 0.275000 0.279167 0.284375 0.341667 0.290625 0.375000 0.285937 0.370833 0.275000 0.335417 0.271875 0.339583 0.210938 0.333333 0.198437 0.295833 0.200000 0.212500 0.189063 0.058333 0.181250
1 0.016667 0.501562 0.018750 0.781250 0.062500 0.740625 0.077083 0.740625 0.097917 0.756250 0.091667 0.775000 0.116667 0.809375 0.145833 0.821875 0.193750 0.821875 0.191667 0.778125 0.158333 0.706250 0.158333 0.637500 0.189583 0.571875 0.187500 0.550000 0.350000 0.534375 0.343750 0.500000
1 0.312500 0.829687 0.131250 0.834375 0.091667 0.864062 0.087500 0.898438 0.056250 0.925000 0.066667 0.928125 0.056250 0.943750 0.045833 0.946875 0.045833 0.940625 0.018750 0.939062 0.014583 0.932813 0.022917 0.923437 0.039583 0.929688 0.075000 0.901563 0.083333 0.873438 0.043750 0.900000 0.014583 0.901563 0.014583 0.989062 0.085417 0.990625 0.093750 0.906250 0.114583 0.885938 0.318750 0.870313 0.304167 0.856250
2 0.987500 0.014062 0.833333 0.015625 0.941667 0.045313 0.806250 0.109375 0.810417 0.157813 0.589583 0.168750 0.620833 0.198437 0.585417 0.225000 0.627083 0.196875 0.789583 0.206250 0.760417 0.232812 0.783333 0.301562 0.843750 0.326562 0.741667 0.325000 0.722917 0.354688 0.791667 0.404687 0.643750 0.398438 0.672917 0.412500 0.622917 0.418750 0.650000 0.460938 0.606250 0.426562 0.529167 0.435937 0.531250 0.579687 0.733333 0.653125 0.708333 0.687500 0.864583 0.723437 0.858333 0.929688 0.985417 0.915625 0.991667 0.142188 0.870833 0.367188 0.962500 0.190625
3 0.018750 0.281250 0.014583 0.493750 0.270833 0.490625 0.266667 0.279687
3 0.389583 0.434375 0.391667 0.465625 0.370833 0.481250 0.364583 0.501562 0.366667 0.595312 0.454167 0.596875 0.514583 0.590625 0.522917 0.581250 0.525000 0.553125 0.522917 0.434375
3 0.987500 0.921875 0.689583 0.956250 0.658333 0.928125 0.639583 0.932813 0.637500 0.987500 0.989583 0.989062
5 0.450000 0.015625 0.643750 0.040625 0.643750 0.115625 0.704167 0.126563 0.814583 0.131250 0.814583 0.121875 0.785417 0.114063 0.856250 0.062500 0.931250 0.064062 0.933333 0.056250 0.822917 0.039062 0.820833 0.017188 0.804167 0.015625 0.806250 0.040625 0.758333 0.050000 0.845833 0.060938 0.756250 0.117188 0.756250 0.056250 0.745833 0.107813 0.697917 0.106250 0.725000 0.087500 0.768750 0.015625 0.650000 0.012500 0.647917 0.023438
5 0.339583 0.196875 0.337500 0.198437 0.347917 0.212500 0.339583 0.232812 0.352083 0.250000 0.350000 0.267188 0.343750 0.270312 0.397917 0.270312 0.427083 0.275000 0.431250 0.270312 0.429167 0.240625 0.418750 0.198437 0.416667 0.196875
5 0.789583 0.210938 0.625000 0.209375 0.585417 0.298438 0.422917 0.306250 0.435417 0.321875 0.408333 0.384375 0.431250 0.406250 0.402083 0.387500 0.370833 0.392188 0.362500 0.423438 0.375000 0.431250 0.600000 0.421875 0.531250 0.415625 0.610417 0.410937 0.529167 0.403125 0.587500 0.387500 0.783333 0.400000 0.731250 0.385938 0.708333 0.356250 0.735417 0.317187 0.837500 0.323438 0.835417 0.314063 0.777083 0.307813 0.743750 0.223438 0.783333 0.221875
5 0.450000 0.623438 0.447917 0.659375 0.466667 0.681250 0.472917 0.646875 0.470833 0.690625 0.495833 0.715625 0.500000 0.662500 0.512500 0.664062 0.506250 0.710938 0.764583 0.690625 0.695833 0.689062 0.658333 0.667188 0.706250 0.657812 0.514583 0.664062 0.685417 0.653125 0.629167 0.651563 0.608333 0.640625 0.643750 0.628125 0.487500 0.631250 0.472917 0.642187 0.481250 0.628125 0.583333 0.623438 0.566667 0.614062 0.602083 0.609375
6 0.435417 0.298438 0.522917 0.298438 0.529167 0.251563 0.595833 0.265625 0.597917 0.246875 0.552083 0.223438 0.537500 0.196875 0.543750 0.168750 0.570833 0.140625 0.589583 0.148438 0.616667 0.139062 0.785417 0.145313 0.800000 0.153125 0.806250 0.139062 0.631250 0.126563 0.572917 0.073437 0.577083 0.034375 0.431250 0.018750 0.437500 0.068750 0.425000 0.076563 0.468750 0.070312 0.475000 0.084375 0.460417 0.206250 0.445833 0.210938 0.425000 0.198437
6 0.506250 0.325000 0.470833 0.325000 0.468750 0.326562 0.464583 0.326562 0.458333 0.335938 0.458333 0.339063 0.454167 0.342187 0.454167 0.356250 0.464583 0.364062 0.464583 0.365625 0.470833 0.367188 0.475000 0.370313 0.485417 0.370313 0.485417 0.367188 0.489583 0.362500 0.489583 0.359375 0.495833 0.351562 0.497917 0.337500
7 0.014583 0.014062 0.012500 0.175000 0.393750 0.195312 0.406250 0.178125 0.410417 0.017188 0.241667 0.010937
7 0.420833 0.987500 0.410417 0.975000 0.400000 0.910937 0.385417 0.889063 0.350000 0.873438 0.129167 0.887500 0.097917 0.903125 0.091667 0.990625
8 0.329167 0.296875 0.314583 0.309375 0.314583 0.334375 0.325000 0.340625 0.325000 0.350000 0.327083 0.351562 0.343750 0.354688 0.350000 0.357812 0.360417 0.357812 0.364583 0.351562 0.368750 0.353125 0.368750 0.342187 0.372917 0.340625 0.372917 0.335938 0.375000 0.334375 0.375000 0.301562 0.370833 0.295312 0.362500 0.295312 0.360417 0.293750 0.343750 0.293750 0.341667 0.295312
8 0.287500 0.375000 0.287500 0.429688 0.289583 0.435937 0.347917 0.435937 0.356250 0.437500 0.358333 0.376563 0.360417 0.373437 0.293750 0.373437
8 0.341667 0.587500 0.331250 0.592188 0.320833 0.603125 0.320833 0.701563 0.333333 0.714063 0.343750 0.715625 0.350000 0.720312 0.358333 0.740625 0.366667 0.746875 0.368750 0.728125 0.372917 0.725000 0.381250 0.725000 0.377083 0.603125 0.360417 0.601562
8 0.570833 0.598437 0.389583 0.614062 0.387500 0.728125 0.479167 0.876562 0.464583 0.884375 0.452083 0.832812 0.377083 0.848437 0.325000 0.825000 0.306250 0.856250 0.333333 0.875000 0.375000 0.846875 0.389583 0.892187 0.456250 0.893750 0.433333 0.900000 0.412500 0.951563 0.431250 0.987500 0.627083 0.981250 0.625000 0.926562 0.664583 0.917188 0.693750 0.948438 0.829167 0.935938 0.825000 0.725000 0.762500 0.696875 0.491667 0.718750 0.431250 0.660937 0.425000 0.618750 0.583333 0.609375
8 0.081250 0.750000 0.062500 0.760938 0.060417 0.771875 0.027083 0.781250 0.018750 0.790625 0.056250 0.798437 0.020833 0.804688 0.014583 0.812500 0.014583 0.850000 0.037500 0.845312 0.041667 0.857813 0.058333 0.860937 0.047917 0.879687 0.027083 0.882812 0.020833 0.896875 0.043750 0.898438 0.041667 0.890625 0.052083 0.882812 0.085417 0.873438 0.077083 0.901563 0.039583 0.931250 0.022917 0.925000 0.016667 0.932813 0.045833 0.939062 0.045833 0.945312 0.064583 0.929688 0.054167 0.925000 0.085417 0.898438 0.091667 0.875000 0.085417 0.853125 0.108333 0.846875 0.118750 0.831250 0.141667 0.832812 0.137500 0.821875 0.112500 0.818750 0.097917 0.807813 0.108333 0.801562 0.085417 0.787500 0.089583 0.778125 0.072917 0.756250 0.095833 0.762500 0.095833 0.756250
8 0.408333 0.765625 0.402083 0.756250 0.393750 0.756250 0.391667 0.757812 0.383333 0.757812 0.381250 0.759375 0.362500 0.760938 0.354167 0.764063 0.350000 0.767187 0.339583 0.767187 0.335417 0.770312 0.335417 0.771875 0.341667 0.776563 0.345833 0.776563 0.362500 0.782812 0.366667 0.781250 0.385417 0.781250 0.387500 0.779688 0.404167 0.779688 0.404167 0.771875
8 0.347917 0.792188 0.352083 0.795313 0.354167 0.795313 0.370833 0.804688 0.412500 0.804688 0.412500 0.801562 0.418750 0.793750 0.416667 0.792188 0.414583 0.784375 0.379167 0.784375 0.377083 0.785937 0.370833 0.785937 0.368750 0.787500 0.364583 0.787500 0.362500 0.789062 0.358333 0.789062 0.356250 0.790625 0.352083 0.790625 0.350000 0.792188