1 0.014583 0.010937 0.016667 0.081250 0.443750 0.107813 0.433333 0.095312 0.441667 0.034375 0.458333 0.015625
1 0.493750 0.025000 0.493750 0.045313 0.497917 0.051562 0.487500 0.057813 0.483333 0.064062 0.483333 0.076563 0.495833 0.100000 0.485417 0.110937 0.518750 0.110937 0.522917 0.112500 0.520833 0.104687 0.512500 0.096875 0.512500 0.070312 0.520833 0.054688 0.527083 0.050000 0.525000 0.048437 0.525000 0.040625 0.531250 0.026563
1 0.575000 0.034375 0.562500 0.043750 0.564583 0.048437 0.564583 0.064062 0.552083 0.075000 0.552083 0.087500 0.558333 0.098438 0.562500 0.101562 0.562500 0.112500 0.591667 0.114063 0.593750 0.115625 0.591667 0.107813 0.583333 0.096875 0.581250 0.073437 0.591667 0.065625 0.591667 0.054688 0.600000 0.048437 0.600000 0.035937
1 0.014583 0.089062 0.014583 0.120312 0.366667 0.148438 0.329167 0.150000 0.333333 0.423438 0.370833 0.425000 0.372917 0.370313 0.416667 0.365625 0.343750 0.364062 0.335417 0.267188 0.356250 0.251563 0.408333 0.259375 0.395833 0.253125 0.397917 0.223438 0.383333 0.220313 0.383333 0.165625 0.435417 0.142188 0.447917 0.112500
1 0.016667 0.426562 0.014583 0.503125 0.016667 0.498437 0.106250 0.503125 0.437500 0.503125 0.425000 0.450000 0.431250 0.439063 0.041667 0.435937 0.037500 0.425000
1 0.314583 0.514063 0.241667 0.520312 0.241667 0.550000 0.202083 0.640625 0.204167 0.704687 0.216667 0.725000 0.354167 0.718750 0.368750 0.707812 0.395833 0.707812 0.381250 0.693750 0.377083 0.643750 0.366667 0.629687 0.381250 0.585938 0.377083 0.562500 0.389583 0.550000 0.327083 0.548437 0.314583 0.528125
1 0.435417 0.773438 0.250000 0.787500 0.239583 0.815625 0.137500 0.823438 0.014583 0.818750 0.016667 0.846875 0.433333 0.817187
1 0.462500 0.879687 0.456250 0.859375 0.020833 0.892187 0.079167 0.904688 0.079167 0.926562 0.100000 0.935938 0.108333 0.948438 0.097917 0.960938 0.110417 0.984375 0.125000 0.910937
2 0.645833 0.014062 0.616667 0.012500 0.616667 0.121875 0.614583 0.131250 0.654167 0.103125 0.660417 0.089062 0.662500 0.034375 0.654167 0.031250 0.652083 0.028125 0.654167 0.020312
2 0.968750 0.300000 0.908333 0.360938 0.927083 0.371875 0.927083 0.385938 0.925000 0.387500 0.885417 0.382812 0.881250 0.390625 0.881250 0.407813 0.939583 0.400000 0.941667 0.382812 0.952083 0.359375
2 0.795833 0.435937 0.666667 0.459375 0.656250 0.546875 0.670833 0.556250 0.731250 0.512500 0.737500 0.509375 0.752083 0.509375 0.764583 0.495313 0.766667 0.487500 0.783333 0.475000 0.781250 0.462500
2 0.977083 0.451562 0.966667 0.451562 0.964583 0.453125 0.950000 0.453125 0.947917 0.454688 0.935417 0.454688 0.933333 0.456250 0.918750 0.456250 0.918750 0.457812 0.922917 0.460938 0.922917 0.462500 0.927083 0.465625 0.927083 0.467187 0.931250 0.470313 0.931250 0.471875 0.935417 0.475000 0.935417 0.476562 0.939583 0.479688 0.939583 0.481250 0.943750 0.484375 0.943750 0.485938 0.943750 0.484375 0.945833 0.482812 0.954167 0.468750 0.958333 0.465625 0.958333 0.464063 0.970833 0.454688 0.972917 0.454688
2 0.906250 0.459375 0.900000 0.460938 0.893750 0.465625 0.885417 0.478125 0.852083 0.501562 0.839583 0.507812 0.839583 0.517187 0.829167 0.526563 0.816667 0.532812 0.877083 0.525000 0.891667 0.504687 0.916667 0.498437 0.922917 0.493750 0.937500 0.489062
2 0.987500 0.535937 0.747917 0.579687 0.706250 0.581250 0.816667 0.670313 0.791667 0.703125 0.800000 0.718750 0.877083 0.721875 0.902083 0.740625 0.904167 0.750000 0.889583 0.762500 0.845833 0.764063 0.906250 0.821875 0.983333 0.807813
2 0.737500 0.617188 0.697917 0.585938 0.687500 0.596875 0.677083 0.598437 0.654167 0.606250 0.641667 0.606250 0.639583 0.609375 0.639583 0.640625 0.662500 0.640625 0.664583 0.642187 0.693750 0.642187 0.697917 0.639063 0.704167 0.640625 0.714583 0.635938 0.718750 0.628125 0.722917 0.625000 0.735417 0.625000 0.737500 0.626562
2 0.820833 0.781250 0.820833 0.798437 0.833333 0.807813 0.833333 0.809375 0.850000 0.821875 0.850000 0.823438 0.852083 0.821875 0.866667 0.821875 0.866667 0.820312 0.847917 0.804688 0.847917 0.803125 0.837500 0.795313 0.837500 0.793750 0.829167 0.787500 0.829167 0.785937 0.822917 0.781250
3 0.020833 0.123438 0.045833 0.431250 0.325000 0.426562 0.318750 0.142188
3 0.493750 0.151562 0.485417 0.231250 0.620833 0.237500 0.616667 0.210938 0.606250 0.189063 0.608333 0.151562
3 0.647917 0.471875 0.539583 0.473437 0.522917 0.481250 0.510417 0.481250 0.506250 0.476562 0.466667 0.476562 0.462500 0.573438 0.627083 0.570312 0.631250 0.565625 0.637500 0.567187
3 0.500000 0.864062 0.452083 0.895312 0.400000 0.934375 0.406250 0.950000 0.416667 0.951563 0.429167 0.962500 0.435417 0.964063 0.445833 0.962500 0.454167 0.948438 0.452083 0.939062 0.462500 0.931250 0.512500 0.926562 0.516667 0.887500
5 0.470833 0.015625 0.439583 0.068750 0.439583 0.087500 0.464583 0.126563 0.462500 0.131250 0.452083 0.128125 0.443750 0.139062 0.608333 0.145313 0.610417 0.035937 0.602083 0.070312 0.593750 0.075000 0.597917 0.132812 0.554167 0.128125 0.545833 0.070312 0.566667 0.028125 0.547917 0.023438 0.612500 0.032812 0.612500 0.017188 0.572917 0.012500
5 0.452083 0.259375 0.460417 0.281250 0.456250 0.321875 0.462500 0.332812 0.450000 0.353125 0.564583 0.340625 0.664583 0.351562 0.660417 0.343750 0.579167 0.329688 0.585417 0.287500 0.631250 0.284375 0.589583 0.281250 0.583333 0.273438 0.629167 0.264062 0.627083 0.260938 0.575000 0.273438 0.558333 0.256250 0.545833 0.256250 0.537500 0.270312 0.470833 0.268750 0.460417 0.257812
5 0.987500 0.300000 0.950000 0.404687 0.854167 0.415625 0.879167 0.376563 0.922917 0.379687 0.891667 0.364062 0.729167 0.421875 0.664583 0.357812 0.495833 0.376563 0.483333 0.431250 0.522917 0.478125 0.810417 0.432813 0.797917 0.473437 0.652083 0.582812 0.654167 0.601562 0.712500 0.571875 0.987500 0.529688 0.987500 0.451562 0.879167 0.531250 0.785417 0.540625 0.889583 0.454688 0.989583 0.443750
5 0.877083 0.728125 0.793750 0.723437 0.752083 0.682813 0.812500 0.678125 0.808333 0.670313 0.585417 0.681250 0.579167 0.765625 0.614583 0.848437 0.631250 0.775000 0.625000 0.751562 0.783333 0.743750 0.879167 0.732813
5 0.891667 0.740625 0.631250 0.756250 0.622917 0.857813 0.685417 0.984375 0.708333 0.917188 0.710417 0.871875 0.720833 0.873438 0.727083 0.860937 0.885417 0.846875 0.881250 0.860937 0.895833 0.860937 0.910417 0.839063 0.987500 0.835938 0.985417 0.817187 0.900000 0.825000 0.835417 0.756250 0.891667 0.751562
5 0.987500 0.856250 0.716667 0.878125 0.700000 0.985937 0.825000 0.987500 0.770833 0.903125 0.918750 0.887500 0.897917 0.976562 0.829167 0.985937 0.989583 0.989062 0.989583 0.973437 0.920833 0.976562 0.941667 0.889063 0.985417 0.934375 0.987500 0.910937 0.958333 0.876562 0.985417 0.873438
5 0.889583 0.895312 0.870833 0.896875 0.864583 0.931250 0.843750 0.901563 0.820833 0.901563 0.858333 0.942187 0.806250 0.946875 0.814583 0.965625 0.895833 0.960938 0.900000 0.935938 0.885417 0.934375
5 0.970833 0.942187 0.968750 0.940625 0.968750 0.939062 0.966667 0.937500 0.952083 0.937500 0.950000 0.939062 0.935417 0.939062 0.933333 0.940625 0.933333 0.945312 0.931250 0.946875 0.931250 0.951563 0.947917 0.951563 0.950000 0.950000 0.966667 0.950000 0.966667 0.948438 0.970833 0.945312
6 0.989583 0.010937 0.693750 0.014062 0.714583 0.015625 0.679167 0.039062 0.664583 0.035937 0.656250 0.103125 0.614583 0.132812 0.616667 0.206250 0.660417 0.334375 0.725000 0.393750 0.766667 0.401563 0.841667 0.385938 0.902083 0.357812 0.956250 0.306250 0.985417 0.295312
6 0.614583 0.015625 0.612500 0.015625 0.614583 0.017188 0.614583 0.032812 0.612500 0.034375 0.610417 0.032812 0.612500 0.035937 0.612500 0.045313 0.610417 0.046875 0.612500 0.128125 0.614583 0.121875
7 0.031250 0.906250 0.016667 0.917188 0.014583 0.925000 0.014583 0.979688 0.018750 0.978125 0.018750 0.968750 0.031250 0.959375 0.043750 0.959375 0.054167 0.964063 0.056250 0.953125 0.083333 0.970312 0.089583 0.978125 0.089583 0.987500 0.100000 0.987500 0.091667 0.971875 0.093750 0.957812 0.087500 0.950000 0.089583 0.946875 0.102083 0.943750 0.100000 0.937500 0.075000 0.935938 0.060417 0.940625 0.054167 0.935938 0.054167 0.923437 0.056250 0.921875 0.062500 0.925000 0.075000 0.921875 0.075000 0.912500 0.064583 0.904688 0.052083 0.904688 0.037500 0.910937
8 0.654167 0.028125 0.656250 0.029687 0.656250 0.031250 0.658333 0.031250 0.668750 0.035937 0.677083 0.035937 0.679167 0.037500 0.683333 0.034375 0.685417 0.034375 0.687500 0.029687 0.704167 0.017188 0.708333 0.017188 0.710417 0.015625 0.712500 0.015625 0.693750 0.015625 0.691667 0.014062 0.675000 0.014062 0.672917 0.012500 0.656250 0.012500 0.656250 0.020312 0.654167 0.021875
8 0.770833 0.017188 0.725000 0.017188 0.710417 0.021875 0.695833 0.032812 0.687500 0.042188 0.685417 0.040625 0.679167 0.040625 0.687500 0.059375 0.706250 0.070312 0.708333 0.068750 0.720833 0.068750 0.743750 0.059375 0.747917 0.053125 0.754167 0.048437 0.760417 0.031250
8 0.475000 0.143750 0.443750 0.146875 0.427083 0.153125 0.420833 0.160938 0.410417 0.160938 0.404167 0.170312 0.395833 0.168750 0.393750 0.215625 0.402083 0.215625 0.408333 0.221875 0.406250 0.250000 0.435417 0.256250 0.458333 0.251563 0.460417 0.239063 0.470833 0.239063 0.479167 0.235938 0.481250 0.164062 0.475000 0.159375
8 0.350000 0.271875 0.347917 0.356250 0.443750 0.357812 0.443750 0.273438
8 0.435417 0.434375 0.435417 0.437500 0.433333 0.439063 0.433333 0.443750 0.431250 0.445312 0.431250 0.453125 0.433333 0.454688 0.433333 0.462500 0.435417 0.464063 0.435417 0.468750 0.437500 0.470313 0.437500 0.473437 0.439583 0.475000 0.441667 0.479688 0.441667 0.446875 0.443750 0.445312 0.441667 0.443750 0.441667 0.437500 0.437500 0.434375
8 0.016667 0.500000 0.020833 0.812500 0.129167 0.818750 0.145833 0.810938 0.243750 0.803125 0.191667 0.679688 0.197917 0.612500 0.229167 0.551562 0.229167 0.510938
8 0.406250 0.550000 0.391667 0.556250 0.387500 0.609375 0.400000 0.600000 0.418750 0.603125 0.400000 0.604688 0.379167 0.621875 0.389583 0.620313 0.395833 0.628125 0.418750 0.632812 0.412500 0.635938 0.387500 0.626562 0.389583 0.689062 0.414583 0.700000 0.431250 0.751562 0.466667 0.746875 0.472917 0.578125 0.445833 0.579687 0.422917 0.553125
8 0.635417 0.571875 0.479167 0.578125 0.477083 0.631250 0.614583 0.643750 0.481250 0.635938 0.466667 0.812500 0.495833 0.817187 0.500000 0.842188 0.491667 0.818750 0.468750 0.818750 0.464583 0.867188 0.510417 0.848437 0.541667 0.987500 0.685417 0.985937 0.568750 0.764063 0.575000 0.682813 0.800000 0.664062 0.756250 0.626562 0.720833 0.628125 0.720833 0.656250 0.714583 0.642187 0.625000 0.643750
8 0.689583 0.790625 0.689583 0.793750 0.714583 0.831250 0.718750 0.829687 0.762500 0.829687 0.754167 0.817187 0.745833 0.809375 0.743750 0.804688 0.739583 0.801562 0.727083 0.785937 0.718750 0.785937 0.716667 0.787500 0.708333 0.787500 0.706250 0.789062 0.700000 0.789062 0.697917 0.790625
8 0.818750 0.800000 0.818750 0.803125 0.816667 0.804688 0.816667 0.807813 0.814583 0.809375 0.814583 0.812500 0.812500 0.814062 0.812500 0.817187 0.810417 0.818750 0.810417 0.821875 0.808333 0.823438 0.808333 0.825000 0.818750 0.825000 0.820833 0.823438 0.833333 0.823438 0.835417 0.821875 0.843750 0.821875 0.843750 0.820312 0.829167 0.809375 0.829167 0.807813
8 0.779167 0.906250 0.779167 0.909375 0.783333 0.914062 0.783333 0.917188 0.787500 0.921875 0.787500 0.925000 0.791667 0.929688 0.791667 0.932813 0.797917 0.940625 0.802083 0.939062 0.847917 0.939062 0.847917 0.937500 0.841667 0.932813 0.841667 0.931250 0.833333 0.925000 0.833333 0.923437 0.825000 0.917188 0.825000 0.915625 0.812500 0.904688 0.797917 0.904688 0.795833 0.906250
8 0.525000 0.932813 0.466667 0.934375 0.464583 0.935938 0.464583 0.956250 0.441667 0.970312 0.431250 0.970312 0.431250 0.979688 0.445833 0.979688 0.458333 0.989062 0.506250 0.982813 0.535417 0.981250 0.535417 0.967188 0.529167 0.951563 0.516667 0.950000 0.529167 0.948438