1 0.016667 0.142188 0.293750 0.171875 0.314583 0.265625 0.337500 0.257812 0.350000 0.223438 0.379167 0.210938 0.368750 0.179688 0.385417 0.132812 0.437500 0.137500 0.443750 0.115625 0.583333 0.150000 0.600000 0.165625 0.618750 0.151562 0.666667 0.015625 0.014583 0.010937
1 0.366667 0.331250 0.108333 0.323438 0.016667 0.339063 0.029167 0.948438 0.418750 0.892187 0.410417 0.832812 0.485417 0.807813 0.447917 0.785937 0.393750 0.554688 0.408333 0.523438 0.456250 0.506250 0.470833 0.460938 0.300000 0.468750 0.258333 0.448438 0.304167 0.439063 0.304167 0.415625 0.422917 0.390625
2 0.708333 0.015625 0.675000 0.134375 0.641667 0.118750 0.625000 0.148438 0.693750 0.146875 0.697917 0.164062 0.643750 0.178125 0.654167 0.196875 0.727083 0.193750 0.727083 0.206250 0.668750 0.218750 0.666667 0.235938 0.708333 0.265625 0.762500 0.273438 0.764583 0.310937 0.987500 0.571875 0.985417 0.262500 0.968750 0.250000 0.902083 0.367188 0.852083 0.325000 0.966667 0.104687 0.791667 0.015625
3 0.016667 0.153125 0.014583 0.326562 0.066667 0.331250 0.114583 0.318750 0.302083 0.320312 0.291667 0.175000
3 0.508333 0.228125 0.510417 0.231250 0.510417 0.234375 0.512500 0.235938 0.512500 0.239063 0.514583 0.240625 0.514583 0.243750 0.518750 0.248437 0.518750 0.251563 0.520833 0.253125 0.522917 0.260938 0.527083 0.265625 0.531250 0.264062 0.568750 0.264062 0.550000 0.234375 0.545833 0.231250 0.533333 0.231250 0.531250 0.229687 0.518750 0.229687 0.516667 0.228125
3 0.560417 0.234375 0.562500 0.235938 0.562500 0.237500 0.564583 0.239063 0.564583 0.240625 0.566667 0.242188 0.566667 0.243750 0.568750 0.245312 0.568750 0.246875 0.570833 0.248437 0.570833 0.250000 0.572917 0.251563 0.572917 0.253125 0.581250 0.264062 0.612500 0.264062 0.610417 0.262500 0.610417 0.259375 0.608333 0.257812 0.608333 0.254687 0.606250 0.253125 0.606250 0.248437 0.604167 0.246875 0.604167 0.243750 0.602083 0.242188 0.602083 0.239063 0.600000 0.237500 0.587500 0.237500 0.585417 0.235938 0.572917 0.235938 0.570833 0.234375
3 0.620833 0.235938 0.622917 0.245312 0.625000 0.246875 0.625000 0.251563 0.627083 0.253125 0.627083 0.257812 0.629167 0.259375 0.631250 0.268750 0.633333 0.270312 0.710417 0.270312 0.710417 0.268750 0.672917 0.239063 0.656250 0.239063 0.654167 0.237500
3 0.508333 0.285937 0.539583 0.362500 0.541667 0.364062 0.543750 0.362500 0.572917 0.362500 0.568750 0.354688 0.568750 0.348437 0.562500 0.334375 0.562500 0.328125 0.558333 0.320312 0.558333 0.314063 0.556250 0.312500 0.552083 0.295312
3 0.581250 0.303125 0.581250 0.306250 0.620833 0.364062 0.664583 0.364062 0.660417 0.359375 0.633333 0.298438 0.608333 0.300000 0.593750 0.303125
3 0.677083 0.306250 0.677083 0.309375 0.718750 0.371875 0.760417 0.371875 0.766667 0.373437 0.760417 0.365625 0.727083 0.303125
3 0.379167 0.345313 0.414583 0.379687 0.481250 0.415625 0.483333 0.381250 0.487500 0.362500 0.485417 0.353125 0.452083 0.350000 0.418750 0.331250
3 0.625000 0.665625 0.568750 0.798437 0.581250 0.817187 0.620833 0.817187 0.641667 0.845312 0.641667 0.871875 0.656250 0.884375 0.691667 0.985937 0.791667 0.979688 0.652083 0.667188
3 0.772917 0.675000 0.770833 0.682813 0.900000 0.937500 0.985417 0.923437 0.985417 0.796875 0.904167 0.671875
3 0.679167 0.679688 0.785417 0.948438 0.893750 0.932813 0.758333 0.675000
3 0.687500 0.985937 0.647917 0.879687 0.031250 0.948438 0.022917 0.987500
5 0.443750 0.125000 0.454167 0.168750 0.441667 0.187500 0.445833 0.200000 0.468750 0.192188 0.531250 0.210938 0.543750 0.226562 0.591667 0.229687 0.614583 0.214062 0.725000 0.204688 0.720833 0.196875 0.610417 0.204688 0.600000 0.178125 0.693750 0.164062 0.689583 0.154687 0.593750 0.168750 0.577083 0.157813 0.468750 0.135937
7 0.158333 0.018750 0.162500 0.112500 0.254167 0.114063 0.258333 0.029687
7 0.429167 0.400000 0.304167 0.417188 0.308333 0.467187 0.450000 0.451562
8 0.293750 0.073437 0.293750 0.087500 0.300000 0.087500 0.302083 0.089062 0.312500 0.089062 0.314583 0.090625 0.322917 0.090625 0.325000 0.092188 0.325000 0.073437 0.322917 0.073437 0.320833 0.071875 0.295833 0.071875
8 0.429167 0.137500 0.414583 0.134375 0.400000 0.134375 0.397917 0.137500 0.395833 0.132812 0.379167 0.137500 0.379167 0.203125 0.383333 0.217187 0.389583 0.218750 0.381250 0.221875 0.372917 0.212500 0.360417 0.221875 0.368750 0.243750 0.387500 0.229687 0.393750 0.234375 0.418750 0.228125 0.439583 0.228125 0.447917 0.204688 0.433333 0.200000 0.431250 0.181250 0.443750 0.171875 0.445833 0.159375
8 0.477083 0.267188 0.456250 0.260938 0.443750 0.304688 0.437500 0.271875 0.404167 0.271875 0.402083 0.268750 0.318750 0.270312 0.322917 0.315625 0.327083 0.318750 0.425000 0.326562 0.441667 0.320312 0.445833 0.309375 0.464583 0.335938
8 0.512500 0.357812 0.464583 0.503125 0.420833 0.515625 0.402083 0.548437 0.416667 0.562500 0.456250 0.781250 0.500000 0.810938 0.631250 0.648438 0.693750 0.667188 0.710417 0.654688 0.568750 0.373437
8 0.579167 0.373437 0.718750 0.659375 0.987500 0.650000 0.987500 0.589063 0.806250 0.376563
8 0.627083 0.867188 0.612500 0.821875 0.510417 0.831250 0.483333 0.848437 0.420833 0.854688 0.420833 0.865625 0.489583 0.864062 0.506250 0.876562