1 0.016667 0.018750 0.016667 0.320312 0.212500 0.357812 0.216667 0.342187 0.152083 0.323438 0.116667 0.290625 0.108333 0.225000 0.131250 0.190625 0.181250 0.165625 0.241667 0.167187 0.300000 0.189063 0.354167 0.159375 0.391667 0.168750 0.410417 0.185937 0.418750 0.168750 0.325000 0.095312 0.281250 0.014062
1 0.408333 0.015625 0.477083 0.059375 0.477083 0.056250 0.481250 0.050000 0.481250 0.045313 0.483333 0.043750 0.493750 0.017188 0.487500 0.017188 0.485417 0.015625
1 0.018750 0.521875 0.014583 0.989062 0.287500 0.985937 0.464583 0.871875 0.270833 0.945312 0.202083 0.950000 0.206250 0.921875 0.452083 0.801562 0.435417 0.682813 0.200000 0.728125 0.127083 0.717188 0.081250 0.657812 0.083333 0.623438 0.129167 0.575000 0.214583 0.560938 0.206250 0.534375
2 0.506250 0.015625 0.483333 0.065625 0.564583 0.115625 0.802083 0.143750 0.816667 0.170312 0.722917 0.176563 0.789583 0.251563 0.912500 0.267188 0.931250 0.296875 0.808333 0.292188 0.710417 0.385938 0.795833 0.457812 0.793750 0.489062 0.629167 0.439063 0.497917 0.429688 0.620833 0.481250 0.627083 0.581250 0.835417 0.546875 0.854167 0.567187 0.754167 0.592188 0.797917 0.743750 0.981250 0.762500 0.989583 0.014062
2 0.758333 0.282813 0.754167 0.281250 0.691667 0.279687 0.681250 0.287500 0.681250 0.298438 0.685417 0.301562 0.685417 0.310937 0.679167 0.323438 0.666667 0.332812 0.670833 0.350000 0.675000 0.356250 0.675000 0.370313 0.760417 0.295312 0.762500 0.290625
2 0.458333 0.442187 0.458333 0.465625 0.462500 0.465625 0.464583 0.467187 0.475000 0.467187 0.477083 0.468750 0.489583 0.468750 0.491667 0.470313 0.508333 0.470313 0.510417 0.471875 0.525000 0.471875 0.522917 0.471875 0.518750 0.468750 0.510417 0.465625 0.504167 0.460938 0.504167 0.457812 0.502083 0.456250 0.493750 0.453125 0.489583 0.453125 0.479167 0.448438 0.475000 0.448438
2 0.450000 0.507812 0.458333 0.507812 0.460417 0.506250 0.468750 0.506250 0.470833 0.504687 0.479167 0.504687 0.481250 0.503125 0.491667 0.503125 0.493750 0.501562 0.502083 0.501562 0.504167 0.500000 0.512500 0.500000 0.514583 0.498437 0.522917 0.498437 0.525000 0.496875 0.529167 0.496875 0.504167 0.496875 0.502083 0.495313 0.477083 0.495313 0.475000 0.493750 0.452083 0.493750 0.452083 0.501562 0.450000 0.503125
2 0.577083 0.506250 0.500000 0.518750 0.516667 0.581250 0.527083 0.579687 0.539583 0.568750 0.552083 0.567187 0.570833 0.567187 0.585417 0.575000 0.583333 0.573438
2 0.679167 0.614062 0.689583 0.626562 0.679167 0.632812 0.656250 0.637500 0.664583 0.651563 0.668750 0.689062 0.687500 0.715625 0.693750 0.742188 0.779167 0.746875 0.718750 0.604688 0.693750 0.614062
5 0.295833 0.017188 0.322917 0.070312 0.429167 0.167187 0.575000 0.242188 0.506250 0.214062 0.462500 0.262500 0.531250 0.381250 0.589583 0.371875 0.733333 0.437500 0.743750 0.423438 0.683333 0.395312 0.789583 0.287500 0.916667 0.293750 0.918750 0.276563 0.785417 0.260938 0.702083 0.173438 0.812500 0.170312 0.800000 0.148438 0.681250 0.157813 0.637500 0.126563 0.577083 0.123438 0.387500 0.015625
5 0.156250 0.173438 0.147917 0.179688 0.120833 0.225000 0.118750 0.271875 0.129167 0.293750 0.185417 0.334375 0.218750 0.334375 0.287500 0.196875 0.237500 0.173438
5 0.466667 0.357812 0.466667 0.359375 0.462500 0.364062 0.462500 0.367188 0.475000 0.367188 0.477083 0.368750 0.491667 0.368750 0.493750 0.370313 0.491667 0.375000 0.485417 0.379687 0.485417 0.381250 0.477083 0.389062 0.477083 0.390625 0.489583 0.390625 0.491667 0.392188 0.491667 0.390625 0.506250 0.370313 0.504167 0.368750 0.504167 0.364062 0.502083 0.364062 0.497917 0.367188 0.491667 0.364062 0.487500 0.364062 0.481250 0.360938 0.477083 0.360938 0.470833 0.357812
5 0.562500 0.498437 0.452083 0.515625 0.472917 0.518750 0.475000 0.521875 0.447917 0.554688 0.437500 0.575000 0.495833 0.570312 0.506250 0.593750 0.512500 0.592188 0.487500 0.520312 0.562500 0.501562
5 0.839583 0.556250 0.643750 0.598437 0.589583 0.596875 0.579167 0.579687 0.541667 0.576563 0.433333 0.668750 0.481250 0.789062 0.206250 0.923437 0.204167 0.950000 0.270833 0.943750 0.495833 0.851562 0.579167 0.792188 0.693750 0.790625 0.695833 0.762500 0.850000 0.778125 0.908333 0.762500 0.797917 0.750000 0.745833 0.589063 0.847917 0.567187
5 0.112500 0.606250 0.100000 0.640625 0.100000 0.679688 0.145833 0.706250 0.191667 0.725000 0.250000 0.718750 0.370833 0.689062 0.339583 0.678125 0.285417 0.679688 0.222917 0.637500 0.212500 0.567187 0.145833 0.575000
5 0.420833 0.590625 0.354167 0.671875 0.375000 0.687500 0.435417 0.645312
6 0.370833 0.165625 0.277083 0.218750 0.220833 0.357812 0.208333 0.520312 0.233333 0.631250 0.300000 0.678125 0.345833 0.676562 0.437500 0.556250 0.452083 0.481250 0.577083 0.498437 0.591667 0.582812 0.618750 0.585938 0.612500 0.478125 0.541667 0.453125 0.510417 0.454688 0.533333 0.476562 0.454167 0.467187 0.460417 0.414062 0.654167 0.434375 0.772917 0.475000 0.793750 0.465625 0.639583 0.398438 0.633333 0.415625 0.460417 0.396875 0.464583 0.306250
6 0.987500 0.773438 0.585417 0.801562 0.287500 0.987500 0.987500 0.987500
7 0.014583 0.345313 0.016667 0.514063 0.206250 0.526563 0.218750 0.370313
7 0.475000 0.981250 0.456250 0.967188 0.456250 0.965625 0.441667 0.954687 0.439583 0.954687 0.435417 0.957812 0.429167 0.959375 0.418750 0.965625 0.412500 0.967188 0.408333 0.970312 0.381250 0.982813 0.475000 0.982813