1 0.012500 0.014062 0.016667 0.192188 0.095833 0.079687 0.018750 0.209375 0.016667 0.300000 0.062500 0.243750 0.227083 0.260938 0.181250 0.250000 0.197917 0.168750 0.114583 0.140625 0.150000 0.060938 0.279167 0.076563 0.154167 0.056250 0.150000 0.020312 0.108333 0.015625 0.108333 0.057813 0.097917 0.014062
1 0.343750 0.015625 0.352083 0.017188 0.333333 0.085938 0.339583 0.098438 0.337500 0.215625 0.283333 0.212500 0.375000 0.223438 0.375000 0.207813 0.422917 0.239063 0.404167 0.132812 0.420833 0.015625
1 0.397917 0.257812 0.393750 0.335938 0.335417 0.326562 0.331250 0.276563 0.350000 0.612500 0.333333 0.673437 0.420833 0.670313 0.429167 0.700000 0.483333 0.692187 0.466667 0.587500 0.379167 0.553125 0.370833 0.518750 0.379167 0.501562 0.402083 0.495313 0.460417 0.515625 0.458333 0.493750 0.435417 0.489062 0.445833 0.468750 0.347917 0.462500 0.345833 0.379687 0.441667 0.378125 0.427083 0.268750
1 0.016667 0.459375 0.016667 0.664062 0.041667 0.664062 0.039583 0.635938 0.020833 0.610937
1 0.431250 0.751562 0.443750 0.837500 0.433333 0.839063 0.433333 0.842188 0.454167 0.856250 0.510417 0.856250 0.495833 0.775000 0.495833 0.753125
1 0.450000 0.889063 0.460417 0.896875 0.458333 0.900000 0.458333 0.921875 0.462500 0.920313 0.464583 0.921875 0.466667 0.935938 0.472917 0.935938 0.514583 0.925000 0.525000 0.925000 0.525000 0.920313 0.520833 0.917188 0.520833 0.906250 0.518750 0.904688 0.518750 0.895312 0.516667 0.893750 0.516667 0.890625 0.452083 0.890625
1 0.452083 0.951563 0.450000 0.964063 0.447917 0.965625 0.447917 0.973437 0.445833 0.975000 0.445833 0.982813 0.485417 0.982813 0.487500 0.984375 0.531250 0.984375 0.533333 0.985937 0.537500 0.985937 0.535417 0.984375 0.535417 0.978125 0.520833 0.979688 0.518750 0.981250 0.510417 0.981250 0.508333 0.982813 0.470833 0.954687 0.462500 0.951563
2 0.987500 0.160938 0.802083 0.437500 0.983333 0.753125
3 0.152083 0.014062 0.154167 0.054688 0.270833 0.075000 0.150000 0.062500 0.116667 0.143750 0.195833 0.165625 0.197917 0.184375 0.264583 0.193750 0.264583 0.209375 0.335417 0.215625 0.331250 0.085938 0.350000 0.017188
3 0.420833 0.017188 0.466667 0.517187 0.383333 0.500000 0.377083 0.550000 0.475000 0.584375 0.522917 0.917188 0.556250 0.709375 0.595833 0.878125 0.539583 0.982813 0.660417 0.985937 0.518750 0.410937 0.800000 0.439063 0.912500 0.240625 0.608333 0.187500 0.522917 0.410937 0.652083 0.017188 0.558333 0.014062 0.502083 0.204688 0.522917 0.082813 0.443750 0.067188 0.485417 0.256250 0.570833 0.017188 0.620833 0.028125 0.508333 0.343750
3 0.985417 0.014062 0.664583 0.017188 0.612500 0.184375 0.920833 0.231250 0.983333 0.156250
3 0.450000 0.018750 0.443750 0.064062 0.485417 0.067188 0.516667 0.071875 0.531250 0.071875 0.533333 0.073437 0.545833 0.018750
3 0.062500 0.245312 0.014583 0.320312 0.022917 0.610937 0.050000 0.648438 0.329167 0.679688 0.345833 0.609375 0.329167 0.273438
3 0.520833 0.420312 0.583333 0.648438 0.925000 0.643750 0.793750 0.443750
3 0.910417 0.651563 0.581250 0.656250 0.662500 0.950000 0.981250 0.935938 0.983333 0.756250
7 0.441667 0.171875 0.425000 0.242188 0.375000 0.209375 0.375000 0.225000 0.266667 0.210938 0.250000 0.214062 0.262500 0.196875 0.197917 0.185937 0.191667 0.173438 0.183333 0.250000 0.239583 0.262500 0.327083 0.270312 0.337500 0.278125 0.337500 0.326562 0.393750 0.334375 0.395833 0.257812 0.418750 0.270312 0.431250 0.257812 0.439583 0.275000 0.456250 0.223438
7 0.016667 0.670313 0.014583 0.984375 0.093750 0.984375 0.095833 0.965625 0.097917 0.987500 0.441667 0.987500 0.431250 0.940625 0.443750 0.887500 0.520833 0.882812 0.510417 0.857813 0.454167 0.857813 0.431250 0.842188 0.414583 0.675000 0.193750 0.678125 0.166667 0.718750 0.187500 0.664062 0.114583 0.657812
7 0.554167 0.709375 0.525000 0.743750 0.522917 0.832812 0.535417 0.909375 0.560417 0.950000 0.585417 0.920313 0.593750 0.878125 0.587500 0.835938 0.556250 0.743750
7 0.989583 0.987500 0.983333 0.940625 0.662500 0.956250 0.670833 0.985937
8 0.577083 0.017188 0.481250 0.273438 0.508333 0.342187 0.618750 0.028125
8 0.341667 0.382812 0.347917 0.460938 0.445833 0.467187 0.447917 0.471875 0.437500 0.489062 0.460417 0.493750 0.475000 0.417188 0.472917 0.389062 0.447917 0.379687
8 0.645833 0.589063 0.668750 0.637500 0.868750 0.642187 0.822917 0.579687 0.793750 0.581250 0.666667 0.564062
8 0.497917 0.693750 0.441667 0.696875 0.420833 0.703125 0.420833 0.726562 0.422917 0.729688 0.420833 0.731250 0.418750 0.751562 0.427083 0.750000 0.504167 0.750000 0.504167 0.740625 0.506250 0.739062 0.506250 0.729688 0.510417 0.717188
8 0.439583 0.937500 0.437500 0.950000 0.462500 0.950000 0.470833 0.953125 0.508333 0.981250 0.550000 0.975000 0.550000 0.932813 0.547917 0.931250 0.525000 0.926562 0.514583 0.926562 0.472917 0.937500 0.466667 0.937500 0.462500 0.921875