1 0.020833 0.426562 0.020833 0.621875 0.245833 0.646875 0.212500 0.895312 0.233333 0.984375 0.416667 0.987500 0.335417 0.867188 0.347917 0.645312 0.514583 0.645312 0.500000 0.631250 0.304167 0.631250 0.310417 0.556250 0.277083 0.551562 0.262500 0.528125 0.283333 0.495313 0.504167 0.515625 0.539583 0.471875
2 0.979167 0.210938 0.531250 0.487500 0.504167 0.523438 0.420833 0.517187 0.441667 0.535937 0.406250 0.609375 0.435417 0.626562 0.518750 0.625000 0.539583 0.659375 0.547917 0.857813 0.575000 0.878125 0.575000 0.478125 0.831250 0.362500 0.872917 0.396875 0.985417 0.412500
3 0.054167 0.014062 0.104167 0.200000 0.014583 0.176563 0.016667 0.339063 0.131250 0.332812 0.120833 0.218750 0.137500 0.237500 0.477083 0.276563 0.462500 0.232812 0.416667 0.210938 0.414583 0.193750 0.327083 0.170312 0.356250 0.156250 0.416667 0.178125 0.460417 0.178125 0.458333 0.148438 0.402083 0.125000 0.408333 0.098438 0.356250 0.075000 0.362500 0.015625
3 0.714583 0.015625 0.645833 0.012500 0.610417 0.050000 0.614583 0.098438 0.587500 0.143750 0.587500 0.170312 0.554167 0.181250 0.543750 0.215625 0.493750 0.273438 0.514583 0.279687
3 0.985417 0.014062 0.733333 0.017188 0.652083 0.123438 0.983333 0.184375
3 0.370833 0.015625 0.589583 0.056250 0.595833 0.054688 0.627083 0.017188
3 0.522917 0.276563 0.802083 0.320312 0.977083 0.209375 0.985417 0.190625 0.641667 0.126563
3 0.775000 0.326562 0.702083 0.310937 0.606250 0.387500 0.683333 0.392188
3 0.014583 0.420312 0.108333 0.426562 0.106250 0.410937 0.114583 0.429688 0.556250 0.471875 0.650000 0.395312 0.020833 0.342187
3 0.843750 0.362500 0.585417 0.479688 0.577083 0.881250 0.337500 0.867188 0.418750 0.987500 0.602083 0.984375 0.602083 0.498437 0.795833 0.420312 0.820833 0.976562 0.897917 0.985937 0.868750 0.396875
3 0.877083 0.400000 0.906250 0.981250 0.985417 0.989062 0.983333 0.417188
3 0.020833 0.629687 0.020833 0.990625 0.227083 0.989062 0.208333 0.910937 0.241667 0.671875 0.089583 0.664062 0.235417 0.668750 0.233333 0.651563
3 0.350000 0.648438 0.356250 0.684375 0.522917 0.684375 0.531250 0.667188 0.531250 0.662500 0.514583 0.646875
3 0.354167 0.692187 0.343750 0.862500 0.529167 0.859375 0.522917 0.693750
5 0.283333 0.503125 0.272917 0.529688 0.277083 0.550000 0.312500 0.556250 0.325000 0.531250 0.358333 0.529688 0.364583 0.562500 0.420833 0.559375 0.433333 0.526563 0.414583 0.514063
6 0.325000 0.534375 0.318750 0.551562 0.308333 0.628125 0.420833 0.625000 0.402083 0.610937 0.410417 0.568750 0.366667 0.567187 0.360417 0.560938 0.356250 0.532812
7 0.364583 0.015625 0.360417 0.076563 0.531250 0.134375 0.604167 0.060938
7 0.141667 0.607813 0.141667 0.618750 0.197917 0.620313 0.200000 0.621875 0.231250 0.621875 0.233333 0.623438 0.262500 0.623438 0.266667 0.625000 0.264583 0.623438 0.264583 0.609375 0.254167 0.609375 0.252083 0.607813
8 0.016667 0.012500 0.018750 0.171875 0.100000 0.196875 0.052083 0.012500
8 0.100000 0.032812 0.118750 0.212500 0.256250 0.243750 0.279167 0.067188
8 0.577083 0.110937 0.560417 0.114063 0.535417 0.134375 0.533333 0.157813 0.522917 0.142188 0.485417 0.135937 0.422917 0.103125 0.404167 0.123438 0.468750 0.151562 0.462500 0.181250 0.454167 0.176563 0.416667 0.179688 0.410417 0.170312 0.356250 0.157813 0.329167 0.170312 0.339583 0.179688 0.414583 0.192188 0.418750 0.210938 0.443750 0.229687 0.464583 0.231250 0.466667 0.201562 0.483333 0.275000 0.543750 0.182812 0.585417 0.170312
8 0.135417 0.240625 0.152083 0.335938 0.414583 0.364062 0.447917 0.312500 0.420833 0.364062 0.600000 0.384375 0.697917 0.306250 0.470833 0.273438
8 0.789583 0.434375 0.608333 0.500000 0.606250 0.987500 0.808333 0.985937
8 0.156250 0.526563 0.145833 0.587500 0.218750 0.587500 0.229167 0.589063 0.233333 0.542188 0.237500 0.525000 0.164583 0.525000