1 0.579167 0.015625 0.395833 0.021875 0.485417 0.028125 0.512500 0.037500 0.464583 0.214062 0.495833 0.260938
1 0.331250 0.409375 0.335417 0.473437 0.331250 0.570312 0.425000 0.573438 0.416667 0.559375 0.431250 0.528125 0.458333 0.435937 0.414583 0.432813 0.412500 0.415625
1 0.404167 0.639063 0.383333 0.668750 0.362500 0.681250 0.356250 0.746875 0.335417 0.771875 0.293750 0.781250 0.297917 0.843750 0.316667 0.842188 0.335417 0.834375 0.347917 0.814062 0.358333 0.810938 0.370833 0.753125 0.387500 0.726562 0.377083 0.714063 0.377083 0.704687 0.391667 0.678125 0.408333 0.671875 0.410417 0.650000
1 0.014583 0.787500 0.016667 0.989062 0.079167 0.989062 0.081250 0.976562 0.100000 0.981250 0.358333 0.959375 0.354167 0.932813 0.087500 0.951563 0.089583 0.925000
1 0.345833 0.987500 0.304167 0.975000 0.322917 0.968750 0.085417 0.985937 0.085417 0.989062
2 0.985417 0.337500 0.727083 0.642187 0.864583 0.984375 0.987500 0.987500
3 0.989583 0.010937 0.735417 0.012500 0.527083 0.515625 0.825000 0.518750 0.985417 0.326562
3 0.722917 0.015625 0.581250 0.015625 0.508333 0.265625 0.554167 0.214062 0.589583 0.267188 0.520833 0.462500 0.483333 0.410937 0.418750 0.559375 0.452083 0.600000 0.379167 0.710938 0.360417 0.807813 0.381250 0.860937 0.431250 0.770312 0.441667 0.882812 0.427083 0.789062 0.370833 0.904688 0.379167 0.985937 0.516667 0.982813 0.462500 0.656250
3 0.016667 0.382812 0.016667 0.775000 0.164583 0.765625 0.137500 0.765625 0.135417 0.748438 0.047917 0.748438 0.302083 0.731250 0.333333 0.478125 0.325000 0.406250 0.191667 0.396875 0.208333 0.440625 0.054167 0.437500 0.035417 0.382812
3 0.525000 0.520312 0.477083 0.664062 0.520833 0.981250 0.862500 0.985937 0.720833 0.656250 0.812500 0.526563
3 0.397917 0.643750 0.354167 0.643750 0.352083 0.645312 0.335417 0.645312 0.329167 0.654688 0.325000 0.667188 0.333333 0.671875 0.354167 0.679688 0.358333 0.682813 0.366667 0.676562 0.368750 0.676562 0.377083 0.670313 0.379167 0.670313 0.385417 0.659375 0.389583 0.656250
3 0.291667 0.773438 0.229167 0.775000 0.222917 0.792188 0.152083 0.796875 0.147917 0.787500 0.056250 0.787500 0.052083 0.779688 0.020833 0.781250 0.095833 0.907812 0.131250 0.893750 0.291667 0.887500
7 0.506250 0.039062 0.391667 0.034375 0.379167 0.085938 0.014583 0.053125 0.016667 0.259375 0.050000 0.428125 0.206250 0.435937 0.187500 0.389062 0.397917 0.403125 0.408333 0.323438 0.431250 0.309375 0.412500 0.345313 0.435417 0.357812 0.431250 0.329688 0.460417 0.301562 0.516667 0.287500 0.458333 0.248437 0.464583 0.264062 0.420833 0.293750 0.456250 0.290625 0.412500 0.295312 0.439583 0.264062 0.466667 0.062500 0.462500 0.214062
7 0.554167 0.215625 0.535417 0.240625 0.529167 0.268750 0.531250 0.304688 0.510417 0.315625 0.510417 0.339063 0.495833 0.367188 0.495833 0.404687 0.512500 0.428125 0.518750 0.460938 0.525000 0.400000 0.572917 0.321875 0.568750 0.295312 0.583333 0.273438
7 0.358333 0.684375 0.310417 0.679688 0.300000 0.737500 0.193750 0.751562 0.183333 0.745313 0.141667 0.745313 0.141667 0.764063 0.177083 0.767187 0.177083 0.782812 0.147917 0.785937 0.152083 0.795313 0.222917 0.790625 0.206250 0.765625 0.335417 0.768750 0.354167 0.746875
7 0.066667 0.778125 0.091667 0.779688 0.093750 0.781250 0.106250 0.781250 0.108333 0.782812 0.122917 0.782812 0.125000 0.784375 0.137500 0.784375 0.139583 0.785937 0.147917 0.781250 0.168750 0.773438 0.156250 0.771875 0.154167 0.770312 0.147917 0.770312 0.145833 0.768750 0.133333 0.767187 0.125000 0.764063 0.114583 0.764063 0.108333 0.767187 0.097917 0.768750 0.091667 0.771875 0.087500 0.771875 0.081250 0.775000 0.077083 0.775000 0.075000 0.776563
7 0.141667 0.903125 0.143750 0.904688 0.145833 0.904688 0.147917 0.906250 0.150000 0.906250 0.156250 0.909375 0.175000 0.909375 0.177083 0.907812 0.179167 0.907812 0.181250 0.906250 0.183333 0.906250 0.189583 0.903125 0.193750 0.903125 0.195833 0.901563 0.193750 0.900000 0.191667 0.900000 0.187500 0.896875 0.185417 0.896875 0.183333 0.895312 0.181250 0.895312 0.177083 0.892187 0.166667 0.892187 0.164583 0.893750 0.158333 0.893750 0.156250 0.895312 0.147917 0.895312 0.143750 0.898438 0.143750 0.900000 0.141667 0.901563
7 0.035417 0.945312 0.035417 0.962500 0.037500 0.960938 0.054167 0.960938 0.054167 0.957812 0.056250 0.956250 0.056250 0.953125 0.058333 0.951563 0.058333 0.946875 0.045833 0.946875 0.043750 0.945312
8 0.508333 0.295312 0.450000 0.331250 0.450000 0.351562 0.468750 0.364062 0.477083 0.387500 0.422917 0.390625 0.420833 0.398438 0.427083 0.418750 0.466667 0.415625 0.485417 0.389062
8 0.608333 0.543750 0.581250 0.589063 0.689583 0.601562 0.712500 0.576563 0.712500 0.567187 0.716667 0.560938 0.716667 0.546875 0.720833 0.542188
8 0.331250 0.578125 0.322917 0.635938 0.360417 0.635938 0.362500 0.637500 0.404167 0.637500 0.410417 0.639063 0.416667 0.579687 0.418750 0.578125
8 0.358333 0.814062 0.350000 0.814062 0.335417 0.835938 0.308333 0.846875 0.310417 0.876562 0.322917 0.895312 0.322917 0.923437 0.356250 0.925000 0.356250 0.901563 0.364583 0.878125 0.383333 0.867188
8 0.352083 0.984375 0.350000 0.982813 0.350000 0.975000 0.347917 0.973437 0.347917 0.965625 0.345833 0.965625 0.343750 0.967188 0.341667 0.967188 0.339583 0.968750 0.337500 0.968750 0.333333 0.971875 0.331250 0.971875 0.329167 0.973437 0.327083 0.973437 0.325000 0.975000 0.322917 0.975000 0.320833 0.976562 0.318750 0.976562 0.316667 0.978125 0.322917 0.978125 0.325000 0.979688 0.331250 0.979688 0.333333 0.981250 0.341667 0.981250 0.343750 0.982813 0.350000 0.982813