1 0.104167 0.400000 0.079167 0.604688 0.014583 0.604688 0.018750 0.865625 0.116667 0.860937 0.127083 0.954687 0.237500 0.948438 0.231250 0.901563 0.258333 0.860937 0.327083 0.845312 0.352083 0.734375 0.341667 0.723437 0.339583 0.750000 0.297917 0.751562 0.320833 0.698438 0.297917 0.653125 0.243750 0.631250 0.322917 0.626562 0.304167 0.567187 0.225000 0.567187 0.229167 0.592188 0.168750 0.590625 0.168750 0.548437 0.293750 0.539062 0.281250 0.501562 0.229167 0.528125 0.181250 0.523438 0.187500 0.501562 0.268750 0.493750 0.150000 0.471875 0.166667 0.454688 0.264583 0.459375 0.254167 0.409375
1 0.285417 0.979688 0.252083 0.951563 0.125000 0.960938 0.129167 0.985937
2 0.597917 0.015625 0.552083 0.123438 0.583333 0.157813 0.575000 0.170312 0.550000 0.165625 0.525000 0.275000 0.600000 0.282813 0.987500 0.584375 0.987500 0.014062
3 0.108333 0.010937 0.018750 0.012500 0.018750 0.014062 0.022917 0.014062 0.025000 0.015625 0.029167 0.015625 0.031250 0.017188 0.035417 0.017188 0.037500 0.018750 0.041667 0.018750 0.043750 0.020312 0.047917 0.020312 0.050000 0.021875 0.066667 0.025000 0.072917 0.028125 0.077083 0.028125 0.079167 0.029687 0.083333 0.029687 0.085417 0.031250 0.089583 0.031250 0.097917 0.034375 0.097917 0.031250 0.104167 0.021875 0.104167 0.018750 0.106250 0.017188
3 0.250000 0.037500 0.272917 0.042188 0.264583 0.067188 0.285417 0.075000 0.287500 0.062500 0.308333 0.071875 0.541667 0.123438 0.591667 0.015625 0.297917 0.014062 0.295833 0.025000 0.293750 0.014062 0.275000 0.014062 0.275000 0.031250
3 0.012500 0.026563 0.018750 0.285937 0.075000 0.289062 0.070833 0.303125 0.275000 0.326562 0.300000 0.256250 0.510417 0.279687 0.547917 0.160938 0.566667 0.164062 0.564583 0.137500
3 0.304167 0.259375 0.275000 0.364062 0.316667 0.381250 0.297917 0.407813 0.262500 0.404687 0.256250 0.432813 0.293750 0.481250 0.316667 0.395312 0.381250 0.415625 0.320833 0.479688 0.335417 0.517187 0.304167 0.510938 0.293750 0.532812 0.325000 0.542188 0.306250 0.567187 0.358333 0.706250 0.412500 0.731250 0.447917 0.850000 0.425000 0.893750 0.375000 0.893750 0.368750 0.817187 0.410417 0.793750 0.350000 0.790625 0.329167 0.839063 0.350000 0.981250 0.450000 0.982813 0.452083 0.956250 0.464583 0.985937 0.745833 0.985937
3 0.347917 0.275000 0.364583 0.295312 0.650000 0.325000 0.606250 0.293750
3 0.358333 0.301562 0.433333 0.429688 0.789583 0.446875 0.662500 0.335938
3 0.085417 0.312500 0.066667 0.315625 0.062500 0.439063 0.054167 0.493750 0.018750 0.493750 0.025000 0.601562 0.072917 0.601562 0.089583 0.509375 0.093750 0.353125
3 0.445833 0.439063 0.758333 0.982813 0.989583 0.985937 0.983333 0.595312 0.800000 0.451562
3 0.116667 0.865625 0.018750 0.871875 0.014583 0.987500 0.114583 0.989062
7 0.075000 0.092188 0.072917 0.092188 0.070833 0.093750 0.068750 0.093750 0.066667 0.095312 0.064583 0.095312 0.062500 0.096875 0.060417 0.096875 0.058333 0.098438 0.056250 0.098438 0.054167 0.100000 0.052083 0.100000 0.050000 0.101562 0.043750 0.103125 0.039583 0.106250 0.037500 0.106250 0.045833 0.112500 0.047917 0.112500 0.066667 0.125000 0.070833 0.121875 0.072917 0.121875 0.079167 0.117188 0.081250 0.117188 0.085417 0.114063 0.087500 0.114063 0.083333 0.109375 0.083333 0.106250 0.079167 0.101562 0.079167 0.098438 0.077083 0.096875
7 0.275000 0.142188 0.275000 0.145313 0.272917 0.146875 0.272917 0.150000 0.270833 0.151562 0.270833 0.154687 0.268750 0.156250 0.268750 0.159375 0.266667 0.160938 0.262500 0.173438 0.266667 0.175000 0.272917 0.175000 0.275000 0.176563 0.279167 0.176563 0.281250 0.178125 0.285417 0.178125 0.293750 0.181250 0.300000 0.181250 0.302083 0.182812 0.306250 0.182812 0.308333 0.184375 0.312500 0.184375 0.320833 0.187500 0.322917 0.168750 0.325000 0.167187 0.325000 0.157813 0.316667 0.154687 0.312500 0.154687 0.297917 0.148438 0.293750 0.148438 0.279167 0.142188
7 0.397917 0.464063 0.347917 0.623438 0.377083 0.693750 0.395833 0.685938 0.425000 0.696875 0.477083 0.698438 0.497917 0.721875 0.518750 0.681250
7 0.302083 0.625000 0.291667 0.634375 0.291667 0.639063 0.322917 0.698438 0.327083 0.718750 0.312500 0.720312 0.300000 0.751562 0.339583 0.748438 0.339583 0.723437 0.362500 0.715625 0.352083 0.707812 0.314583 0.648438 0.314583 0.643750 0.327083 0.632812
8 0.225000 0.014062 0.225000 0.021875 0.222917 0.023438 0.222917 0.031250 0.264583 0.031250 0.264583 0.015625 0.266667 0.014062
8 0.150000 0.032812 0.150000 0.035937 0.166667 0.042188 0.170833 0.042188 0.185417 0.048437 0.189583 0.048437 0.200000 0.053125 0.204167 0.053125 0.218750 0.059375 0.222917 0.059375 0.233333 0.064062 0.252083 0.050000 0.252083 0.048437 0.222917 0.037500 0.218750 0.037500 0.212500 0.034375 0.208333 0.034375 0.175000 0.025000 0.168750 0.025000 0.160417 0.021875 0.156250 0.021875 0.154167 0.028125
8 0.020833 0.179688 0.022917 0.242188 0.025000 0.245312 0.041667 0.246875 0.043750 0.248437 0.054167 0.248437 0.066667 0.251563 0.066667 0.240625 0.068750 0.239063 0.072917 0.204688 0.075000 0.203125 0.075000 0.190625
8 0.083333 0.228125 0.081250 0.251563 0.087500 0.275000 0.100000 0.289062 0.125000 0.284375 0.131250 0.292188 0.143750 0.292188 0.208333 0.284375 0.197917 0.242188 0.154167 0.210938 0.145833 0.209375
8 0.191667 0.221875 0.212500 0.253125 0.212500 0.273438 0.214583 0.276563 0.262500 0.285937 0.281250 0.243750 0.285417 0.239063 0.285417 0.234375
8 0.014583 0.292188 0.016667 0.484375 0.052083 0.490625 0.050000 0.393750 0.060417 0.293750
8 0.166667 0.357812 0.162500 0.385938 0.172917 0.400000 0.297917 0.406250 0.310417 0.395312 0.316667 0.373437 0.314583 0.367188
8 0.379167 0.415625 0.343750 0.390625 0.318750 0.395312 0.316667 0.446875 0.293750 0.482812 0.291667 0.464063 0.229167 0.457812 0.200000 0.467187 0.193750 0.456250 0.166667 0.456250 0.152083 0.471875 0.270833 0.493750 0.235417 0.507812 0.187500 0.503125 0.181250 0.521875 0.229167 0.526563 0.231250 0.514063 0.285417 0.500000 0.289583 0.528125 0.300000 0.528125 0.304167 0.509375 0.325000 0.523438 0.333333 0.509375 0.318750 0.479688 0.337500 0.471875 0.350000 0.446875 0.347917 0.476562 0.358333 0.492188 0.381250 0.468750 0.370833 0.446875 0.352083 0.445312
8 0.170833 0.590625 0.172917 0.593750 0.229167 0.590625 0.222917 0.570312 0.225000 0.565625 0.320833 0.565625 0.322917 0.542188 0.193750 0.540625 0.191667 0.551562 0.168750 0.550000
8 0.245833 0.631250 0.250000 0.634375 0.250000 0.635938 0.256250 0.640625 0.256250 0.642187 0.260417 0.645312 0.260417 0.646875 0.266667 0.646875 0.268750 0.648438 0.272917 0.648438 0.275000 0.650000 0.281250 0.650000 0.283333 0.651563 0.285417 0.650000 0.295833 0.650000 0.295833 0.648438 0.291667 0.643750 0.291667 0.640625 0.289583 0.639063 0.289583 0.634375 0.295833 0.629687 0.295833 0.628125 0.270833 0.628125 0.268750 0.629687 0.247917 0.629687
8 0.356250 0.721875 0.352083 0.735937 0.352083 0.800000 0.372917 0.793750 0.412500 0.793750 0.387500 0.814062 0.370833 0.817187 0.375000 0.892187 0.425000 0.892187 0.445833 0.850000 0.418750 0.790625 0.410417 0.731250
8 0.306250 0.846875 0.260417 0.860937 0.233333 0.901563 0.233333 0.910937 0.241667 0.942187 0.289583 0.982813 0.331250 0.987500 0.350000 0.982813 0.327083 0.846875