1 0.018750 0.018750 0.020833 0.078125 0.641667 0.139062 0.645833 0.082813 0.083333 0.018750
1 0.020833 0.396875 0.022917 0.442187 0.720833 0.450000 0.533333 0.325000 0.318750 0.321875 0.329167 0.403125
1 0.016667 0.470313 0.093750 0.478125 0.095833 0.467187 0.412500 0.467187 0.570833 0.473437 0.589583 0.482812 0.704167 0.479688 0.718750 0.453125 0.018750 0.448438
1 0.412500 0.589063 0.025000 0.601562 0.018750 0.689062 0.233333 0.679688 0.231250 0.753125 0.383333 0.743750
1 0.377083 0.756250 0.241667 0.760938 0.237500 0.765625 0.229167 0.981250 0.341667 0.984375 0.327083 0.909375 0.327083 0.862500 0.331250 0.857813 0.420833 0.857813 0.412500 0.837500 0.368750 0.832812 0.362500 0.804688 0.385417 0.787500
2 0.670833 0.015625 0.647917 0.145313 0.585417 0.139062 0.581250 0.162500 0.439583 0.150000 0.427083 0.281250 0.543750 0.296875 0.729167 0.446875 0.718750 0.485938 0.987500 0.720312 0.987500 0.010937
3 0.018750 0.304688 0.016667 0.387500 0.320833 0.393750 0.310417 0.321875
3 0.016667 0.476562 0.014583 0.484375 0.014583 0.567187 0.043750 0.579687 0.056250 0.532812 0.056250 0.525000 0.066667 0.492188 0.066667 0.484375
3 0.625000 0.490625 0.683333 0.562500 0.795833 0.550000 0.708333 0.490625
3 0.483333 0.571875 0.579167 0.770312 0.983333 0.743750 0.981250 0.720312 0.806250 0.562500
3 0.464583 0.573438 0.427083 0.592188 0.389583 0.748438 0.395833 0.782812 0.429167 0.739062 0.454167 0.770312 0.431250 0.857813 0.479167 0.843750 0.495833 0.787500 0.522917 0.809375 0.529167 0.881250 0.520833 0.918750 0.491667 0.915625 0.500000 0.981250 0.677083 0.985937
3 0.212500 0.685938 0.014583 0.693750 0.020833 0.987500 0.216667 0.989062
3 0.983333 0.748438 0.579167 0.776563 0.693750 0.987500 0.987500 0.990625
7 0.125000 0.012500 0.656250 0.070312 0.662500 0.017188
7 0.143750 0.137500 0.143750 0.250000 0.412500 0.264062 0.420833 0.167187
7 0.062500 0.170312 0.060417 0.171875 0.060417 0.185937 0.058333 0.187500 0.056250 0.220313 0.068750 0.239063 0.072917 0.239063 0.083333 0.234375 0.087500 0.234375 0.089583 0.228125 0.100000 0.214062 0.097917 0.210938 0.097917 0.193750
8 0.393750 0.476562 0.418750 0.565625 0.675000 0.562500 0.614583 0.490625 0.604167 0.484375 0.583333 0.484375 0.566667 0.476562 0.395833 0.473437
8 0.072917 0.573438 0.410417 0.564062 0.387500 0.475000 0.102083 0.475000
8 0.429167 0.754687 0.379167 0.798437 0.379167 0.826563 0.381250 0.828125 0.422917 0.825000 0.443750 0.778125 0.443750 0.771875
8 0.495833 0.789062 0.479167 0.826563 0.483333 0.865625 0.477083 0.851562 0.410417 0.868750 0.372917 0.865625 0.370833 0.900000 0.368750 0.871875 0.345833 0.868750 0.339583 0.915625 0.350000 0.987500 0.497917 0.985937 0.500000 0.951563 0.489583 0.914062 0.481250 0.910937 0.495833 0.901563 0.518750 0.918750 0.525000 0.837500 0.516667 0.804688