1 0.014583 0.010937 0.016667 0.307813 0.027083 0.376563 0.066667 0.381250 0.035417 0.010937
1 0.225000 0.140625 0.208333 0.325000 0.268750 0.343750 0.266667 0.985937 0.302083 0.984375 0.306250 0.964063 0.400000 0.964063 0.414583 0.914062 0.395833 0.893750 0.306250 0.885938 0.318750 0.718750 0.368750 0.706250 0.320833 0.684375 0.354167 0.645312 0.314583 0.639063 0.325000 0.570312 0.283333 0.565625 0.266667 0.545313 0.279167 0.523438 0.333333 0.525000 0.354167 0.243750 0.306250 0.223438 0.316667 0.203125 0.360417 0.210938 0.354167 0.162500
1 0.064583 0.387500 0.033333 0.385938 0.016667 0.398438 0.018750 0.496875 0.020833 0.498437
2 0.989583 0.014062 0.802083 0.015625 0.768750 0.054688 0.722917 0.059375 0.568750 0.037500 0.504167 0.050000 0.475000 0.148438 0.545833 0.160938 0.577083 0.206250 0.537500 0.382812 0.552083 0.426562 0.575000 0.404687 0.587500 0.428125 0.604167 0.423438 0.620833 0.395312 0.650000 0.432813 0.983333 0.445312
2 0.620833 0.406250 0.620833 0.409375 0.618750 0.410937 0.618750 0.414062 0.616667 0.415625 0.616667 0.418750 0.614583 0.420312 0.614583 0.423438 0.612500 0.425000 0.612500 0.428125 0.614583 0.428125 0.616667 0.429688 0.620833 0.429688 0.622917 0.431250 0.625000 0.431250 0.627083 0.432813 0.631250 0.432813 0.633333 0.434375 0.637500 0.434375 0.639583 0.435937 0.641667 0.435937 0.639583 0.434375 0.639583 0.432813 0.637500 0.431250 0.637500 0.429688 0.635417 0.428125 0.635417 0.426562 0.633333 0.425000 0.633333 0.423438 0.631250 0.421875 0.631250 0.420312 0.629167 0.418750 0.629167 0.417188 0.627083 0.415625 0.627083 0.414062 0.625000 0.412500 0.625000 0.410937 0.622917 0.409375 0.622917 0.407813
2 0.985417 0.932813 0.977083 0.937500 0.977083 0.939062 0.943750 0.967188 0.943750 0.968750 0.933333 0.976562 0.933333 0.978125 0.922917 0.985937 0.922917 0.987500 0.989583 0.987500 0.987500 0.984375
3 0.110417 0.015625 0.106250 0.075000 0.472917 0.123438 0.489583 0.053125 0.260417 0.015625
3 0.302083 0.012500 0.477083 0.043750 0.541667 0.039062 0.520833 0.031250 0.525000 0.028125 0.718750 0.057813 0.772917 0.050000 0.791667 0.017188
3 0.050000 0.117188 0.077083 0.384375 0.252083 0.396875 0.266667 0.343750 0.206250 0.332812 0.216667 0.146875
3 0.368750 0.154687 0.341667 0.429688 0.416667 0.915625 0.470833 0.985937 0.547917 0.982813 0.708333 0.632812 0.635417 0.504687 0.718750 0.631250 0.554167 0.984375 0.908333 0.984375 0.985417 0.931250 0.983333 0.453125 0.591667 0.435937 0.575000 0.409375 0.554167 0.442187 0.372917 0.431250 0.377083 0.482812 0.356250 0.382812 0.529167 0.390625 0.566667 0.240625 0.391667 0.221875 0.366667 0.335938
3 0.077083 0.389062 0.018750 0.521875 0.016667 0.990625 0.260417 0.989062 0.262500 0.420312 0.254167 0.403125
3 0.362500 0.389062 0.375000 0.426562 0.547917 0.431250 0.533333 0.404687 0.525000 0.396875
7 0.375000 0.556250 0.375000 0.560938 0.372917 0.562500 0.372917 0.567187 0.370833 0.568750 0.370833 0.575000 0.368750 0.576563 0.368750 0.581250 0.366667 0.582812 0.366667 0.596875 0.368750 0.598437 0.368750 0.607813 0.368750 0.606250 0.370833 0.604688 0.370833 0.601562 0.375000 0.596875 0.375000 0.593750 0.377083 0.592188 0.377083 0.589063 0.381250 0.584375 0.379167 0.582812 0.379167 0.575000 0.377083 0.573438 0.377083 0.564062 0.375000 0.562500
7 0.316667 0.604688 0.316667 0.639063 0.339583 0.646875 0.356250 0.635938 0.368750 0.635938 0.372917 0.642187 0.375000 0.660937 0.379167 0.667188 0.393750 0.634375 0.383333 0.595312 0.381250 0.604688 0.368750 0.620313 0.364583 0.614062 0.337500 0.615625 0.327083 0.604688
8 0.254167 0.107813 0.254167 0.121875 0.256250 0.125000 0.289583 0.126563 0.291667 0.128125 0.308333 0.128125 0.310417 0.129688 0.327083 0.129688 0.329167 0.131250 0.345833 0.131250 0.347917 0.132812 0.345833 0.131250 0.345833 0.128125 0.337500 0.112500 0.308333 0.110937 0.306250 0.109375 0.293750 0.109375 0.291667 0.107813
8 0.364583 0.195312 0.360417 0.212500 0.347917 0.200000 0.316667 0.204688 0.308333 0.223438 0.308333 0.229687 0.327083 0.242188 0.354167 0.242188 0.354167 0.239063 0.358333 0.239063 0.352083 0.320312 0.370833 0.217187 0.370833 0.203125
8 0.291667 0.332812 0.291667 0.334375 0.300000 0.340625 0.300000 0.342187 0.308333 0.342187 0.310417 0.343750 0.316667 0.343750 0.318750 0.345313 0.327083 0.345313 0.329167 0.346875 0.337500 0.346875 0.337500 0.343750 0.341667 0.339063 0.341667 0.335938 0.343750 0.334375 0.343750 0.331250 0.345833 0.329688 0.345833 0.326562 0.337500 0.326562 0.335417 0.325000 0.327083 0.325000 0.325000 0.323438 0.316667 0.323438 0.314583 0.321875 0.306250 0.321875
8 0.295833 0.373437 0.295833 0.375000 0.297917 0.376563 0.297917 0.379687 0.300000 0.381250 0.300000 0.384375 0.302083 0.385938 0.308333 0.385938 0.310417 0.387500 0.320833 0.387500 0.322917 0.389062 0.322917 0.373437
8 0.297917 0.454688 0.297917 0.471875 0.300000 0.470313 0.327083 0.470313 0.325000 0.468750 0.325000 0.465625 0.322917 0.464063 0.322917 0.460938 0.320833 0.459375 0.320833 0.457812 0.318750 0.456250 0.308333 0.456250 0.306250 0.454688
8 0.356250 0.484375 0.339583 0.525000 0.350000 0.531250 0.347917 0.532812 0.281250 0.532812 0.272917 0.534375 0.268750 0.540625 0.268750 0.545313 0.279167 0.559375 0.356250 0.560938 0.358333 0.562500 0.347917 0.570312 0.341667 0.584375 0.360417 0.582812 0.377083 0.521875
8 0.331250 0.668750 0.331250 0.671875 0.329167 0.673437 0.329167 0.678125 0.327083 0.679688 0.327083 0.682813 0.329167 0.682813 0.331250 0.684375 0.335417 0.684375 0.337500 0.685938 0.341667 0.685938 0.343750 0.687500 0.347917 0.687500 0.350000 0.689062 0.381250 0.689062 0.383333 0.690625 0.385417 0.690625 0.383333 0.689062 0.383333 0.682813 0.381250 0.681250 0.381250 0.675000 0.379167 0.673437 0.379167 0.668750 0.377083 0.667188 0.370833 0.667188 0.368750 0.665625 0.362500 0.665625 0.360417 0.664062 0.354167 0.664062 0.352083 0.662500 0.343750 0.662500 0.341667 0.664062 0.335417 0.665625
8 0.395833 0.710938 0.325000 0.715625 0.322917 0.718750 0.316667 0.837500 0.397917 0.835938
8 0.325000 0.848437 0.318750 0.882812 0.329167 0.892187 0.337500 0.892187 0.339583 0.890625 0.412500 0.890625 0.412500 0.846875 0.335417 0.846875 0.333333 0.848437
8 0.456250 0.935938 0.410417 0.926562 0.397917 0.937500 0.395833 0.962500 0.420833 0.960938 0.427083 0.943750 0.429167 0.962500 0.406250 0.973437 0.308333 0.970312 0.304167 0.989062 0.460417 0.985937