1 0.535417 0.015625 0.475000 0.015625 0.354167 0.231250 0.377083 0.239063 0.258333 0.235938 0.237500 0.240625 0.414583 0.259375 0.391667 0.254687 0.391667 0.246875
1 0.187500 0.232812 0.172917 0.296875 0.191667 0.315625 0.237500 0.332812 0.237500 0.328125 0.175000 0.290625 0.189583 0.262500 0.191667 0.246875 0.204167 0.237500 0.212500 0.235938 0.210417 0.232812
1 0.014583 0.415625 0.014583 0.445312 0.041667 0.451562 0.039583 0.482812 0.014583 0.479688 0.014583 0.496875 0.154167 0.504687 0.156250 0.473437 0.191667 0.453125 0.185417 0.506250 0.204167 0.443750 0.016667 0.437500
1 0.022917 0.510938 0.022917 0.542188 0.187500 0.543750 0.179167 0.518750 0.175000 0.517187
1 0.014583 0.623438 0.016667 0.989062 0.089583 0.989062 0.081250 0.968750 0.031250 0.968750 0.022917 0.954687 0.087500 0.939062 0.087500 0.918750 0.058333 0.909375 0.056250 0.898438 0.091667 0.896875 0.087500 0.871875 0.052083 0.876562 0.052083 0.850000 0.077083 0.845312 0.079167 0.828125 0.020833 0.839063 0.020833 0.764063 0.081250 0.759375 0.081250 0.673437 0.106250 0.643750 0.187500 0.642187 0.175000 0.634375 0.193750 0.629687
2 0.539583 0.015625 0.391667 0.253125 0.510417 0.260938 0.437500 0.279687 0.564583 0.296875 0.495833 0.309375 0.612500 0.325000 0.625000 0.348437 0.543750 0.345313 0.541667 0.371875 0.700000 0.387500 0.587500 0.403125 0.587500 0.503125 0.718750 0.523438 0.616667 0.540625 0.595833 0.573438 0.489583 0.564062 0.514583 0.640625 0.600000 0.656250 0.483333 0.678125 0.458333 0.706250 0.531250 0.721875 0.302083 0.734375 0.322917 0.982813 0.985417 0.989062 0.983333 0.226562 0.595833 0.162500
5 0.227083 0.248437 0.243750 0.256250 0.235417 0.259375 0.287500 0.290625 0.387500 0.323438 0.372917 0.360938 0.527083 0.373437 0.541667 0.340625 0.620833 0.342187 0.597917 0.331250 0.514583 0.331250 0.472917 0.306250 0.560417 0.310937 0.564583 0.298438 0.485417 0.298438 0.412500 0.279687 0.427083 0.270312 0.508333 0.273438 0.502083 0.264062 0.364583 0.259375 0.237500 0.242188
5 0.693750 0.392188 0.383333 0.367188 0.312500 0.385938 0.289583 0.443750 0.306250 0.485938 0.347917 0.515625 0.481250 0.537500 0.393750 0.556250 0.350000 0.612500 0.360417 0.667188 0.239583 0.695312 0.225000 0.729688 0.533333 0.715625 0.445833 0.709375 0.481250 0.667188 0.593750 0.675000 0.587500 0.656250 0.502083 0.648438 0.479167 0.564062 0.593750 0.568750 0.608333 0.545313 0.577083 0.531250 0.708333 0.537500 0.710417 0.525000 0.581250 0.510938 0.579167 0.400000
5 0.191667 0.454688 0.179167 0.462500 0.177083 0.462500 0.172917 0.465625 0.164583 0.468750 0.158333 0.473437 0.158333 0.482812 0.156250 0.484375 0.156250 0.509375 0.183333 0.509375 0.183333 0.500000 0.185417 0.498437 0.185417 0.489062 0.187500 0.487500 0.187500 0.478125 0.189583 0.476562 0.189583 0.465625 0.191667 0.464063
5 0.202083 0.642187 0.175000 0.662500 0.172917 0.665625 0.172917 0.695312 0.175000 0.696875 0.175000 0.701563 0.195833 0.712500 0.208333 0.712500 0.216667 0.706250 0.216667 0.700000 0.220833 0.692187 0.216667 0.685938 0.216667 0.681250 0.214583 0.679688 0.214583 0.675000 0.210417 0.668750 0.210417 0.664062 0.208333 0.662500 0.208333 0.657812 0.204167 0.651563
5 0.302083 0.756250 0.279167 0.760938 0.277083 0.790625 0.245833 0.801562 0.195833 0.795313 0.172917 0.771875 0.162500 0.771875 0.158333 0.792188 0.110417 0.815625 0.104167 0.864062 0.160417 0.870313 0.175000 0.860937 0.189583 0.860937 0.202083 0.850000 0.202083 0.828125 0.260417 0.831250 0.281250 0.846875 0.287500 0.865625 0.306250 0.867188 0.312500 0.851562 0.281250 0.820312 0.306250 0.814062 0.310417 0.800000 0.277083 0.796875
6 0.545833 0.012500 0.595833 0.160938 0.612500 0.160938 0.631250 0.143750 0.985417 0.220313 0.987500 0.014062
6 0.272917 0.326562 0.260417 0.328125 0.243750 0.353125 0.260417 0.350000 0.264583 0.412500 0.229167 0.423438 0.225000 0.406250 0.210417 0.492188 0.233333 0.492188 0.252083 0.512500 0.243750 0.545313 0.216667 0.557813 0.202083 0.551562 0.229167 0.692187 0.302083 0.668750 0.327083 0.575000 0.331250 0.518750 0.287500 0.464063 0.291667 0.418750 0.320833 0.375000 0.312500 0.357812
6 0.116667 0.643750 0.087500 0.673437 0.108333 0.667188 0.108333 0.746875 0.089583 0.743750 0.087500 0.704687 0.100000 0.767187 0.083333 0.828125 0.100000 0.892187 0.093750 0.987500 0.320833 0.987500 0.314583 0.878125 0.300000 0.868750 0.158333 0.892187 0.152083 0.871875 0.106250 0.876562 0.091667 0.864062 0.100000 0.810938 0.150000 0.793750 0.145833 0.742188 0.293750 0.740625 0.291667 0.729688 0.210417 0.732813 0.164583 0.704687 0.164583 0.670313 0.187500 0.648438
7 0.475000 0.012500 0.012500 0.010937 0.016667 0.435937 0.210417 0.443750 0.243750 0.335938 0.170833 0.296875 0.185417 0.232812 0.214583 0.232812 0.227083 0.220313 0.354167 0.229687
7 0.014583 0.446875 0.014583 0.478125 0.018750 0.478125 0.020833 0.479688 0.027083 0.479688 0.029167 0.481250 0.035417 0.481250 0.037500 0.482812 0.037500 0.454688 0.039583 0.453125 0.039583 0.451562 0.037500 0.450000 0.031250 0.450000 0.029167 0.448438 0.020833 0.448438 0.018750 0.446875
7 0.016667 0.503125 0.016667 0.620313 0.202083 0.621875 0.185417 0.512500
8 0.227083 0.221875 0.193750 0.246875 0.191667 0.295312 0.239583 0.325000 0.275000 0.321875 0.306250 0.345313 0.350000 0.364062 0.385417 0.323438 0.356250 0.309375 0.287500 0.292188 0.268750 0.278125 0.237500 0.267188 0.225000 0.248437 0.239583 0.237500 0.258333 0.234375 0.375000 0.239063 0.335417 0.225000
8 0.258333 0.350000 0.229167 0.371875 0.229167 0.395312 0.231250 0.396875 0.231250 0.420312 0.233333 0.421875 0.258333 0.406250 0.260417 0.406250 0.260417 0.401563 0.258333 0.400000
8 0.208333 0.498437 0.193750 0.507812 0.202083 0.535937 0.216667 0.534375 0.220833 0.525000 0.222917 0.526563 0.222917 0.537500 0.210417 0.540625 0.210417 0.546875 0.227083 0.548437 0.237500 0.543750 0.241667 0.543750 0.233333 0.532812 0.235417 0.531250 0.247917 0.531250 0.250000 0.532812 0.247917 0.529688 0.247917 0.514063 0.229167 0.507812 0.231250 0.498437
8 0.058333 0.640625 0.047917 0.640625 0.045833 0.642187 0.037500 0.642187 0.035417 0.643750 0.025000 0.643750 0.025000 0.659375 0.027083 0.660937 0.039583 0.660937 0.041667 0.662500 0.058333 0.662500 0.060417 0.664062 0.060417 0.662500 0.058333 0.660937
8 0.106250 0.667188 0.087500 0.682813 0.087500 0.703125 0.089583 0.704687 0.089583 0.723437 0.091667 0.725000 0.091667 0.743750 0.093750 0.746875 0.106250 0.746875
8 0.085417 0.762500 0.027083 0.765625 0.025000 0.767187 0.027083 0.829687 0.029167 0.831250 0.087500 0.818750 0.087500 0.798437 0.089583 0.796875 0.089583 0.775000 0.091667 0.771875
8 0.060417 0.851562 0.058333 0.853125 0.058333 0.868750 0.060417 0.870313 0.068750 0.870313 0.070833 0.868750 0.079167 0.868750 0.079167 0.851562
8 0.083333 0.948438 0.075000 0.948438 0.072917 0.950000 0.064583 0.950000 0.062500 0.951563 0.052083 0.951563 0.050000 0.953125 0.041667 0.953125 0.039583 0.954687 0.031250 0.954687 0.031250 0.962500 0.033333 0.964063 0.085417 0.964063 0.083333 0.962500
8 0.360417 0.976562 0.360417 0.981250 0.362500 0.982813 0.362500 0.985937 0.364583 0.987500 0.366667 0.987500 0.368750 0.985937 0.420833 0.985937 0.418750 0.984375 0.418750 0.981250 0.416667 0.979688 0.416667 0.976562 0.414583 0.975000 0.414583 0.973437 0.400000 0.973437 0.397917 0.975000 0.387500 0.975000 0.385417 0.976562 0.383333 0.975000 0.383333 0.973437 0.375000 0.967188 0.372917 0.967188