1 0.014583 0.014062 0.012500 0.109375 0.116667 0.210938 0.510417 0.231250 0.512500 0.193750 0.235417 0.171875 0.233333 0.010937
1 0.014583 0.118750 0.014583 0.582812 0.033333 0.575000 0.106250 0.581250 0.108333 0.210938
1 0.110417 0.578125 0.252083 0.584375 0.243750 0.704687 0.410417 0.700000 0.418750 0.568750 0.447917 0.564062 0.462500 0.585938 0.493750 0.582812 0.512500 0.525000 0.522917 0.531250 0.645833 0.517187 0.643750 0.471875 0.116667 0.442187
1 0.364583 0.710938 0.302083 0.715625 0.314583 0.775000 0.314583 0.881250 0.339583 0.879687 0.329167 0.878125 0.333333 0.864062 0.343750 0.865625 0.343750 0.878125 0.387500 0.876562 0.387500 0.864062 0.375000 0.840625 0.404167 0.821875 0.408333 0.807813 0.389583 0.789062 0.381250 0.767187 0.362500 0.759375
2 0.920833 0.212500 0.747917 0.265625 0.664583 0.262500 0.666667 0.281250 0.693750 0.298438 0.693750 0.317187 0.745833 0.312500 0.756250 0.325000 0.737500 0.329688 0.768750 0.342187 0.762500 0.359375 0.695833 0.359375 0.687500 0.464063 0.668750 0.468750 0.662500 0.526563 0.747917 0.528125 0.768750 0.540625 0.795833 0.370313 0.987500 0.351562 0.983333 0.323438 0.950000 0.309375 0.916667 0.317187 0.902083 0.301562
2 0.800000 0.375000 0.779167 0.542188 0.985417 0.614062 0.985417 0.362500
3 0.989583 0.014062 0.662500 0.017188 0.614583 0.032812 0.600000 0.071875 0.577083 0.051562 0.612500 0.015625 0.554167 0.015625 0.531250 0.070312 0.593750 0.090625 0.591667 0.120312 0.518750 0.165625 0.514583 0.239063 0.116667 0.212500 0.110417 0.431250 0.258333 0.437500 0.260417 0.407813 0.262500 0.440625 0.683333 0.460938 0.689583 0.357812 0.575000 0.354688 0.547917 0.282813 0.266667 0.265625 0.547917 0.276563 0.516667 0.245312 0.570833 0.215625 0.539583 0.243750 0.750000 0.260938 0.925000 0.209375 0.920833 0.151562 0.989583 0.126563
3 0.512500 0.526563 0.510417 0.545313 0.550000 0.589063 0.595833 0.614062 0.597917 0.637500 0.572917 0.642187 0.593750 0.667188 0.600000 0.726562 0.631250 0.734375 0.687500 0.837500 0.722917 0.704687 0.791667 0.690625 0.922917 0.690625 0.985417 0.673437 0.987500 0.617188 0.889583 0.581250 0.843750 0.576563 0.743750 0.537500 0.525000 0.529688 0.579167 0.575000
3 0.031250 0.579687 0.018750 0.589063 0.014583 0.989062 0.177083 0.982813 0.241667 0.717188 0.247917 0.590625
3 0.514583 0.643750 0.522917 0.654688 0.531250 0.653125 0.552083 0.667188 0.575000 0.676562 0.572917 0.703125 0.552083 0.718750 0.531250 0.720312 0.531250 0.732813 0.583333 0.734375 0.585417 0.671875 0.556250 0.646875 0.545833 0.643750
5 0.987500 0.134375 0.929167 0.159375 0.929167 0.221875 0.904167 0.300000 0.918750 0.312500 0.950000 0.307813 0.985417 0.317187 0.985417 0.310937 0.966667 0.298438 0.985417 0.296875
7 0.266667 0.078125 0.275000 0.128125 0.450000 0.140625 0.447917 0.132812 0.431250 0.115625 0.431250 0.104687 0.443750 0.095312
7 0.300000 0.148438 0.300000 0.171875 0.372917 0.173438 0.377083 0.175000 0.377083 0.154687 0.375000 0.153125 0.356250 0.153125 0.354167 0.151562 0.337500 0.151562 0.335417 0.150000 0.316667 0.150000 0.314583 0.148438
7 0.047917 0.276563 0.043750 0.276563 0.041667 0.278125 0.035417 0.278125 0.033333 0.279687 0.029167 0.279687 0.029167 0.309375 0.031250 0.310937 0.031250 0.315625 0.035417 0.315625 0.037500 0.314063 0.041667 0.314063 0.043750 0.312500 0.047917 0.312500
7 0.037500 0.404687 0.037500 0.406250 0.035417 0.407813 0.035417 0.410937 0.033333 0.412500 0.033333 0.415625 0.029167 0.418750 0.029167 0.442187 0.031250 0.443750 0.031250 0.445312 0.033333 0.446875 0.037500 0.454688 0.043750 0.454688 0.045833 0.453125 0.050000 0.453125 0.050000 0.429688 0.052083 0.428125 0.052083 0.426562 0.050000 0.425000 0.050000 0.423438 0.047917 0.421875 0.047917 0.420312 0.045833 0.418750 0.045833 0.417188 0.043750 0.415625 0.043750 0.414062 0.041667 0.412500
7 0.512500 0.556250 0.512500 0.570312 0.510417 0.571875 0.508333 0.600000 0.506250 0.601562 0.506250 0.628125 0.522917 0.634375 0.522917 0.629687 0.525000 0.628125 0.525000 0.609375 0.522917 0.607813 0.525000 0.596875 0.531250 0.595312 0.533333 0.596875 0.545833 0.596875 0.547917 0.598437 0.554167 0.596875 0.554167 0.595312
7 0.304167 0.885938 0.302083 0.945312 0.297917 0.959375 0.391667 0.956250 0.395833 0.940625 0.406250 0.931250 0.406250 0.928125 0.393750 0.917188 0.389583 0.901563 0.391667 0.885938
8 0.468750 0.064062 0.454167 0.073437 0.452083 0.089062 0.439583 0.109375 0.454167 0.145313 0.520833 0.154687 0.533333 0.145313 0.547917 0.123438 0.518750 0.118750 0.518750 0.089062 0.545833 0.089062 0.531250 0.073437 0.497917 0.073437 0.489583 0.065625
8 0.522917 0.092188 0.522917 0.117188 0.581250 0.117188 0.583333 0.118750 0.589583 0.118750 0.589583 0.095312 0.585417 0.093750 0.552083 0.093750 0.550000 0.092188
8 0.556250 0.259375 0.554167 0.312500 0.575000 0.348437 0.587500 0.348437 0.595833 0.340625 0.654167 0.340625 0.697917 0.353125 0.762500 0.357812 0.758333 0.340625 0.700000 0.335938 0.747917 0.325000 0.747917 0.317187 0.700000 0.323438 0.633333 0.303125 0.654167 0.256250
8 0.525000 0.603125 0.525000 0.607813 0.527083 0.609375 0.527083 0.615625 0.529167 0.617188 0.529167 0.623438 0.531250 0.625000 0.531250 0.631250 0.533333 0.632812 0.533333 0.639063 0.541667 0.639063 0.543750 0.637500 0.550000 0.637500 0.558333 0.634375 0.564583 0.634375 0.566667 0.632812 0.572917 0.632812 0.575000 0.631250 0.589583 0.629687 0.589583 0.612500 0.587500 0.610937 0.579167 0.610937 0.577083 0.609375 0.566667 0.609375 0.564583 0.607813 0.556250 0.607813 0.554167 0.606250 0.545833 0.606250 0.543750 0.604688 0.533333 0.604688 0.531250 0.603125
8 0.460417 0.632812 0.475000 0.653125 0.475000 0.671875 0.531250 0.710938 0.556250 0.706250 0.568750 0.690625 0.539583 0.670313 0.489583 0.653125
8 0.985417 0.681250 0.945833 0.681250 0.918750 0.700000 0.804167 0.693750 0.727083 0.710938 0.685417 0.868750 0.687500 0.842188 0.622917 0.739062 0.479167 0.740625 0.514583 0.864062 0.502083 0.985937 0.606250 0.978125 0.631250 0.934375 0.641667 0.987500 0.710417 0.985937 0.712500 0.971875 0.720833 0.985937 0.989583 0.989062 0.987500 0.792188 0.925000 0.737500 0.987500 0.779688 0.987500 0.701563 0.925000 0.717188 0.925000 0.734375 0.916667 0.717188 0.987500 0.695312
8 0.441667 0.778125 0.441667 0.782812 0.439583 0.784375 0.439583 0.790625 0.456250 0.790625 0.458333 0.792188 0.479167 0.792188 0.481250 0.793750 0.483333 0.793750 0.483333 0.781250 0.481250 0.781250 0.479167 0.779688 0.460417 0.779688 0.458333 0.778125
8 0.443750 0.814062 0.445833 0.812500 0.464583 0.812500 0.475000 0.804688 0.475000 0.803125 0.479167 0.800000 0.479167 0.798437 0.481250 0.796875 0.479167 0.796875 0.477083 0.795313 0.441667 0.795313 0.441667 0.810938 0.443750 0.812500
8 0.412500 0.928125 0.410417 0.929688 0.410417 0.940625 0.408333 0.942187 0.408333 0.951563 0.406250 0.953125 0.406250 0.978125 0.422917 0.987500 0.425000 0.985937 0.439583 0.985937 0.441667 0.984375 0.468750 0.982813 0.468750 0.948438 0.429167 0.928125