1 0.268750 0.010937 0.012500 0.014062 0.014583 0.990625 0.041667 0.990625 0.116667 0.782812 0.552083 0.804688 0.516667 0.789062 0.554167 0.768750 0.510417 0.762500 0.508333 0.725000 0.085417 0.707812 0.272917 0.570312 0.547917 0.585938 0.547917 0.559375 0.356250 0.550000 0.352083 0.489062 0.306250 0.487500 0.287500 0.531250 0.318750 0.346875
1 0.354167 0.012500 0.283333 0.014062 0.318750 0.232812 0.327083 0.196875 0.377083 0.200000
1 0.983333 0.265625 0.681250 0.800000 0.964583 0.814062 0.956250 0.793750 0.833333 0.757812 0.885417 0.700000 0.987500 0.718750
1 0.293750 0.428125 0.339583 0.434375 0.295833 0.435937 0.302083 0.481250 0.352083 0.485938 0.356250 0.434375 0.747917 0.446875 0.752083 0.434375 0.647917 0.435937 0.366667 0.420312 0.377083 0.348437 0.320833 0.350000
1 0.093750 0.704687 0.512500 0.717188 0.516667 0.704687 0.237500 0.692187 0.343750 0.592188 0.552083 0.596875 0.552083 0.590625 0.275000 0.578125
1 0.112500 0.990625 0.637500 0.987500 0.639583 0.973437 0.437500 0.968750 0.435417 0.845312 0.164583 0.835938
2 0.787500 0.878125 0.793750 0.959375 0.812500 0.985937 0.987500 0.989062 0.987500 0.862500 0.918750 0.862500 0.941667 0.871875 0.943750 0.879687 0.881250 0.862500 0.825000 0.860937 0.818750 0.867188 0.881250 0.868750 0.883333 0.882812
3 0.950000 0.010937 0.891667 0.014062 0.862500 0.117188 0.879167 0.162500 0.754167 0.150000 0.729167 0.228125 0.847917 0.240625 0.750000 0.468750 0.745833 0.448438 0.366667 0.440625 0.360417 0.546875 0.550000 0.554688 0.647917 0.504687 0.725000 0.528125 0.670833 0.637500 0.662500 0.798437 0.987500 0.257812 0.987500 0.067188
3 0.360417 0.012500 0.387500 0.201562 0.335417 0.203125 0.318750 0.243750 0.333333 0.342187 0.525000 0.348437 0.529167 0.270312 0.660417 0.271875 0.658333 0.259375 0.597917 0.256250 0.581250 0.237500 0.602083 0.012500
7 0.245833 0.110937 0.239583 0.110937 0.237500 0.112500 0.233333 0.112500 0.231250 0.114063 0.225000 0.114063 0.225000 0.115625 0.222917 0.117188 0.222917 0.135937 0.235417 0.145313 0.235417 0.142188 0.237500 0.140625 0.237500 0.139062 0.241667 0.134375 0.241667 0.131250 0.245833 0.126563
7 0.112500 0.351562 0.110417 0.351562 0.108333 0.353125 0.106250 0.353125 0.102083 0.356250 0.100000 0.356250 0.097917 0.357812 0.091667 0.359375 0.087500 0.364062 0.087500 0.384375 0.089583 0.385938 0.089583 0.387500 0.091667 0.389062 0.093750 0.393750 0.097917 0.393750 0.100000 0.392188 0.106250 0.390625 0.106250 0.389062 0.108333 0.387500 0.108333 0.385938 0.110417 0.384375 0.112500 0.379687 0.116667 0.376563 0.118750 0.371875 0.122917 0.368750 0.116667 0.360938 0.116667 0.357812 0.114583 0.356250
7 0.383333 0.410937 0.647917 0.434375 0.754167 0.432813 0.777083 0.384375 0.718750 0.384375 0.685417 0.359375 0.395833 0.353125
7 0.252083 0.387500 0.235417 0.387500 0.233333 0.389062 0.233333 0.410937 0.235417 0.412500 0.237500 0.412500 0.239583 0.414062 0.241667 0.414062 0.243750 0.415625 0.243750 0.414062 0.247917 0.410937 0.247917 0.409375 0.252083 0.406250
7 0.402083 0.670313 0.572917 0.679688 0.579167 0.659375 0.593750 0.646875 0.558333 0.640625 0.408333 0.642187
7 0.837500 0.753125 0.841667 0.756250 0.987500 0.792188 0.985417 0.723437 0.883333 0.703125
7 0.454167 0.742188 0.454167 0.776563 0.487500 0.776563 0.489583 0.778125 0.493750 0.778125 0.493750 0.742188
8 0.787500 0.064062 0.777083 0.103125 0.814583 0.115625 0.864583 0.115625 0.870833 0.117188 0.893750 0.059375 0.885417 0.057813 0.808333 0.057813
8 0.918750 0.123438 0.847917 0.259375 0.889583 0.340625 0.960417 0.189063
8 0.608333 0.137500 0.593750 0.225000 0.595833 0.246875 0.600000 0.253125 0.652083 0.253125 0.668750 0.178125 0.666667 0.139062
8 0.743750 0.268750 0.708333 0.318750 0.700000 0.365625 0.722917 0.382812 0.795833 0.382812 0.833333 0.282813
8 0.522917 0.706250 0.520833 0.753125 0.641667 0.770312 0.641667 0.729688 0.643750 0.728125 0.641667 0.723437
8 0.518750 0.776563 0.518750 0.789062 0.531250 0.789062 0.533333 0.790625 0.547917 0.790625 0.550000 0.792188 0.550000 0.785937 0.552083 0.784375 0.552083 0.776563 0.550000 0.775000 0.520833 0.775000