1 0.225000 0.253125 0.310417 0.246875 0.316667 0.051562 0.572917 0.065625 0.570833 0.015625 0.212500 0.010937
1 0.014583 0.014062 0.016667 0.987500 0.177083 0.987500 0.160417 0.950000 0.247917 0.770312 0.239583 0.675000 0.077083 0.673437 0.087500 0.656250 0.237500 0.670313 0.218750 0.432813 0.041667 0.435937 0.039583 0.414062 0.216667 0.426562 0.183333 0.015625
1 0.585417 0.014062 0.583333 0.017188 0.581250 0.060938 0.600000 0.062500 0.612500 0.065625 0.622917 0.065625 0.635417 0.068750 0.645833 0.068750 0.647917 0.070312 0.650000 0.035937 0.652083 0.034375 0.650000 0.032812 0.616667 0.029687 0.614583 0.028125 0.614583 0.012500
1 0.233333 0.432813 0.245833 0.670313 0.318750 0.671875 0.312500 0.435937
1 0.550000 0.439063 0.535417 0.653125 0.539583 0.631250 0.581250 0.629687 0.593750 0.617188 0.600000 0.560938 0.589583 0.553125 0.579167 0.528125 0.616667 0.521875 0.627083 0.440625
1 0.320833 0.678125 0.285417 0.678125 0.283333 0.676562 0.247917 0.676562 0.245833 0.675000 0.250000 0.765625 0.256250 0.753125 0.266667 0.706250 0.272917 0.701563 0.320833 0.682813
1 0.185417 0.953125 0.191667 0.987500 0.270833 0.982813 0.275000 0.956250 0.625000 0.971875 0.627083 0.946875 0.287500 0.939062 0.281250 0.926562 0.314583 0.850000 0.454167 0.845312 0.258333 0.845312 0.245833 0.812500
2 0.987500 0.034375 0.875000 0.067188 0.866667 0.096875 0.845833 0.103125 0.783333 0.104687 0.764583 0.246875 0.827083 0.250000 0.875000 0.292188 0.977083 0.309375
3 0.729167 0.021875 0.929167 0.037500 0.964583 0.035937 0.987500 0.018750 0.987500 0.014062 0.741667 0.015625
3 0.718750 0.015625 0.687500 0.015625 0.687500 0.017188 0.683333 0.020312 0.683333 0.021875 0.672917 0.035937 0.672917 0.045313 0.670833 0.046875 0.670833 0.056250 0.668750 0.057813 0.668750 0.062500 0.675000 0.057813 0.675000 0.056250 0.681250 0.051562 0.681250 0.050000 0.689583 0.043750 0.689583 0.042188 0.697917 0.035937 0.697917 0.034375 0.706250 0.028125 0.706250 0.026563
3 0.681250 0.071875 0.854167 0.079687 0.912500 0.040625 0.716667 0.029687
3 0.227083 0.417188 0.443750 0.426562 0.452083 0.268750 0.854167 0.282813 0.825000 0.270312 0.256250 0.248437 0.222917 0.262500
3 0.460417 0.278125 0.456250 0.420312 0.662500 0.432813 0.706250 0.296875 0.722917 0.514063 0.752083 0.384375 0.787500 0.526563 0.977083 0.540625 0.789583 0.535937 0.887500 0.675000 0.745833 0.498437 0.810417 0.764063 0.729167 0.717188 0.652083 0.776563 0.708333 0.814062 0.785417 0.801562 0.762500 0.987500 0.852083 0.984375 0.795833 0.871875 0.835417 0.726562 0.900000 0.826563 0.856250 0.984375 0.916667 0.984375 0.947917 0.845312 0.929167 0.990625 0.989583 0.989062 0.983333 0.323438
3 0.537500 0.435937 0.422917 0.431250 0.420833 0.445312 0.322917 0.435937 0.333333 0.668750 0.406250 0.678125 0.335417 0.679688 0.335417 0.715625 0.318750 0.714063 0.316667 0.693750 0.287500 0.698438 0.262500 0.740625 0.262500 0.835938 0.462500 0.842188 0.475000 0.751562 0.593750 0.756250 0.593750 0.745313 0.525000 0.745313 0.510417 0.718750
7 0.379167 0.079687 0.379167 0.192188 0.760417 0.204688 0.768750 0.093750
7 0.106250 0.098438 0.104167 0.100000 0.100000 0.100000 0.097917 0.101562 0.093750 0.101562 0.093750 0.125000 0.095833 0.126563 0.095833 0.128125 0.106250 0.135937 0.108333 0.135937 0.116667 0.142188 0.116667 0.140625 0.118750 0.139062 0.118750 0.137500 0.120833 0.135937 0.120833 0.134375 0.122917 0.132812 0.122917 0.131250 0.129167 0.123438 0.129167 0.118750 0.125000 0.115625 0.125000 0.114063 0.120833 0.110937 0.120833 0.109375 0.116667 0.106250 0.116667 0.104687 0.112500 0.101562 0.112500 0.100000 0.110417 0.098438
7 0.145833 0.378125 0.143750 0.379687 0.141667 0.379687 0.137500 0.382812 0.131250 0.384375 0.129167 0.385938 0.129167 0.390625 0.131250 0.392188 0.131250 0.396875 0.133333 0.398438 0.133333 0.403125 0.135417 0.404687 0.135417 0.409375 0.137500 0.410937 0.143750 0.410937 0.145833 0.412500 0.152083 0.412500 0.154167 0.414062 0.154167 0.412500 0.156250 0.410937 0.156250 0.407813 0.158333 0.406250 0.158333 0.404687 0.162500 0.400000 0.162500 0.395312 0.160417 0.393750 0.160417 0.392188 0.156250 0.389062 0.156250 0.387500 0.154167 0.385938 0.154167 0.384375 0.150000 0.381250 0.150000 0.379687 0.147917 0.378125
7 0.041667 0.414062 0.041667 0.434375 0.050000 0.434375 0.058333 0.425000 0.412500 0.437500 0.420833 0.443750 0.420833 0.423438 0.406250 0.434375 0.058333 0.423438
7 0.170833 0.600000 0.170833 0.612500 0.168750 0.614062 0.168750 0.625000 0.166667 0.626562 0.166667 0.639063 0.168750 0.640625 0.168750 0.642187 0.172917 0.645312 0.172917 0.646875 0.175000 0.645312 0.183333 0.645312 0.197917 0.634375 0.197917 0.632812 0.195833 0.631250 0.195833 0.629687 0.191667 0.626562 0.189583 0.621875 0.185417 0.618750 0.183333 0.614062 0.179167 0.610937 0.177083 0.606250 0.172917 0.603125 0.172917 0.601562
7 0.079167 0.673437 0.083333 0.681250 0.097917 0.676562 0.100000 0.668750 0.400000 0.681250 0.404167 0.678125 0.400000 0.675000 0.100000 0.668750 0.087500 0.657812
7 0.287500 0.937500 0.627083 0.945312 0.622917 0.853125 0.550000 0.851562 0.550000 0.870313 0.500000 0.867188 0.500000 0.851562 0.318750 0.850000
7 0.129167 0.909375 0.125000 0.912500 0.125000 0.914062 0.120833 0.917188 0.120833 0.918750 0.114583 0.923437 0.114583 0.925000 0.110417 0.928125 0.110417 0.931250 0.116667 0.935938 0.116667 0.937500 0.122917 0.942187 0.122917 0.943750 0.125000 0.942187 0.127083 0.942187 0.129167 0.940625 0.131250 0.940625 0.137500 0.937500 0.141667 0.937500 0.143750 0.935938 0.145833 0.935938 0.143750 0.934375 0.143750 0.932813 0.141667 0.931250 0.141667 0.929688 0.137500 0.925000 0.137500 0.921875 0.135417 0.920313 0.135417 0.918750 0.133333 0.917188 0.133333 0.915625 0.131250 0.914062 0.131250 0.912500 0.129167 0.910937
8 0.627083 0.015625 0.637500 0.023438 0.637500 0.025000 0.664583 0.025000 0.668750 0.021875 0.670833 0.021875 0.677083 0.017188 0.679167 0.017188 0.681250 0.015625
8 0.668750 0.437500 0.666667 0.439063 0.660417 0.440625 0.656250 0.443750 0.656250 0.445312 0.652083 0.448438 0.652083 0.450000 0.650000 0.451562 0.650000 0.456250 0.652083 0.457812 0.652083 0.460938 0.656250 0.464063 0.658333 0.464063 0.664583 0.467187 0.681250 0.467187 0.683333 0.465625 0.685417 0.465625 0.691667 0.462500 0.689583 0.462500 0.687500 0.460938 0.681250 0.459375 0.675000 0.454688 0.675000 0.439063 0.672917 0.437500
8 0.635417 0.501562 0.625000 0.534375 0.602083 0.535937 0.614583 0.554688 0.641667 0.560938 0.612500 0.568750 0.608333 0.603125 0.620833 0.617188 0.597917 0.631250 0.610417 0.634375 0.604167 0.653125 0.614583 0.660937 0.654167 0.662500 0.675000 0.653125 0.687500 0.659375 0.697917 0.653125 0.689583 0.639063 0.641667 0.610937 0.662500 0.610937 0.681250 0.628125 0.702083 0.628125 0.706250 0.650000 0.783333 0.640625 0.783333 0.595312 0.708333 0.585938 0.750000 0.575000 0.758333 0.543750 0.727083 0.532812 0.697917 0.535937 0.685417 0.523438 0.675000 0.553125 0.641667 0.551562 0.631250 0.540625 0.654167 0.531250 0.652083 0.501562
8 0.545833 0.640625 0.537500 0.678125 0.535417 0.742188 0.537500 0.740625 0.597917 0.739062 0.597917 0.684375 0.600000 0.682813 0.597917 0.642187
8 0.835417 0.728125 0.816667 0.781250 0.820833 0.800000 0.797917 0.871875 0.854167 0.984375 0.897917 0.826563
8 0.475000 0.810938 0.475000 0.823438 0.483333 0.829687 0.508333 0.829687 0.512500 0.832812 0.500000 0.856250 0.500000 0.865625 0.552083 0.868750 0.545833 0.843750 0.568750 0.835938 0.637500 0.846875 0.637500 0.809375 0.560417 0.809375 0.550000 0.789062 0.537500 0.789062 0.522917 0.784375 0.506250 0.806250 0.479167 0.806250
8 0.675000 0.839063 0.654167 0.854688 0.641667 0.934375 0.641667 0.967188 0.685417 0.985937 0.752083 0.979688 0.781250 0.887500 0.781250 0.853125 0.758333 0.843750