1 0.018750 0.231250 0.014583 0.453125 0.139583 0.443750 0.052083 0.260938 0.145833 0.437500 0.233333 0.439063 0.160417 0.235938 0.039583 0.242188
1 0.018750 0.460938 0.020833 0.726562 0.300000 0.726562 0.304167 0.692187 0.235417 0.696875 0.220833 0.675000 0.206250 0.701563 0.218750 0.650000 0.197917 0.612500 0.210417 0.581250 0.156250 0.465625
1 0.247917 0.464063 0.168750 0.467187 0.208333 0.560938 0.218750 0.525000 0.258333 0.523438
1 0.018750 0.745313 0.014583 0.989062 0.179167 0.981250 0.195833 0.917188 0.183333 0.987500 0.543750 0.985937 0.300000 0.981250 0.266667 0.957812 0.291667 0.846875 0.464583 0.843750 0.441667 0.831250 0.281250 0.831250 0.289583 0.746875 0.206250 0.745313 0.170833 0.826563 0.195833 0.745313
3 0.987500 0.010937 0.497917 0.014062 0.552083 0.021875 0.560417 0.123438 0.510417 0.121875 0.516667 0.062500 0.422917 0.045313 0.433333 0.014062 0.012500 0.014062 0.014583 0.229687 0.168750 0.231250 0.243750 0.435937 0.316667 0.412500 0.322917 0.492188 0.256250 0.459375 0.272917 0.528125 0.229167 0.529688 0.200000 0.612500 0.245833 0.687500 0.495833 0.685938 0.497917 0.618750 0.750000 0.614062 0.831250 0.401563 0.875000 0.503125 0.916667 0.498437 0.870833 0.479688 0.831250 0.396875
3 0.985417 0.064062 0.983333 0.071875 0.979167 0.076563 0.979167 0.079687 0.977083 0.081250 0.977083 0.084375 0.975000 0.085938 0.975000 0.089062 0.972917 0.090625 0.972917 0.093750 0.970833 0.095312 0.970833 0.098438 0.968750 0.100000 0.968750 0.104687 0.989583 0.120312 0.989583 0.121875 0.989583 0.120312 0.987500 0.118750 0.987500 0.090625 0.985417 0.089062
3 0.900000 0.250000 0.860417 0.350000 0.879167 0.320312 0.922917 0.382812 0.966667 0.292188 0.941667 0.332812 0.897917 0.276563 0.897917 0.264062 0.904167 0.256250
3 0.825000 0.764063 0.793750 0.801562 0.785417 0.789062 0.777083 0.785937 0.770833 0.785937 0.775000 0.796875 0.779167 0.801562 0.777083 0.814062 0.791667 0.809375 0.802083 0.809375 0.808333 0.814062 0.810417 0.818750 0.820833 0.818750 0.820833 0.810938 0.825000 0.803125 0.818750 0.793750 0.818750 0.784375 0.820833 0.782812
3 0.987500 0.792188 0.935417 0.807813 0.918750 0.800000 0.891667 0.829687 0.883333 0.873438 0.791667 0.910937 0.797917 0.946875 0.752083 0.904688 0.733333 0.910937 0.731250 0.931250 0.710417 0.876562 0.689583 0.864062 0.652083 0.865625 0.610417 0.895312 0.616667 0.910937 0.516667 0.932813 0.477083 0.898438 0.510417 0.842188 0.487500 0.853125 0.297917 0.850000 0.275000 0.953125 0.306250 0.973437 0.537500 0.976562 0.647917 0.956250 0.658333 0.975000 0.795833 0.985937 0.987500 0.831250
3 0.985417 0.842188 0.802083 0.987500 0.987500 0.989062
7 0.431250 0.012500 0.452083 0.021875 0.452083 0.029687 0.422917 0.031250 0.422917 0.043750 0.514583 0.059375 0.518750 0.062500 0.520833 0.090625 0.512500 0.121875 0.560417 0.121875 0.562500 0.082813 0.550000 0.021875 0.483333 0.012500
7 0.964583 0.015625 0.883333 0.015625 0.881250 0.050000 0.885417 0.054688 0.872917 0.073437 0.872917 0.098438 0.879167 0.103125 0.914583 0.100000 0.916667 0.106250 0.900000 0.112500 0.891667 0.128125 0.862500 0.131250 0.862500 0.145313 0.852083 0.156250 0.862500 0.159375 0.885417 0.150000 0.900000 0.135937 0.914583 0.135937 0.918750 0.146875 0.908333 0.168750 0.950000 0.098438 0.929167 0.090625 0.927083 0.084375 0.939583 0.050000 0.964583 0.048437 0.968750 0.026563
7 0.697917 0.018750 0.691667 0.076563 0.716667 0.076563 0.716667 0.092188 0.675000 0.096875 0.670833 0.139062 0.729167 0.145313 0.741667 0.135937 0.752083 0.150000 0.810417 0.156250 0.812500 0.142188 0.847917 0.137500 0.825000 0.120312 0.810417 0.118750 0.808333 0.109375 0.837500 0.107813 0.850000 0.067188 0.833333 0.064062 0.837500 0.054688 0.797917 0.042188 0.779167 0.073437 0.768750 0.117188 0.729167 0.120312 0.710417 0.132812 0.720833 0.100000 0.743750 0.095312 0.745833 0.021875
7 0.568750 0.021875 0.585417 0.065625 0.585417 0.120312 0.643750 0.123438 0.645833 0.065625 0.658333 0.021875
7 0.404167 0.065625 0.404167 0.070312 0.406250 0.071875 0.406250 0.076563 0.408333 0.078125 0.408333 0.084375 0.410417 0.085938 0.410417 0.090625 0.412500 0.092188 0.412500 0.098438 0.414583 0.100000 0.414583 0.104687 0.416667 0.106250 0.466667 0.106250 0.466667 0.082813 0.452083 0.078125 0.452083 0.067188 0.447917 0.067188 0.445833 0.065625
7 0.429167 0.123438 0.429167 0.125000 0.427083 0.126563 0.427083 0.154687 0.460417 0.154687 0.462500 0.156250 0.464583 0.156250 0.464583 0.126563 0.466667 0.125000 0.466667 0.123438
7 0.752083 0.165625 0.750000 0.167187 0.745833 0.215625 0.739583 0.228125 0.739583 0.232812 0.754167 0.232812 0.758333 0.234375 0.762500 0.226562 0.766667 0.223438 0.802083 0.223438 0.806250 0.225000 0.808333 0.171875 0.810417 0.170312 0.808333 0.168750
7 0.431250 0.168750 0.431250 0.214062 0.433333 0.215625 0.433333 0.220313 0.472917 0.220313 0.470833 0.217187 0.468750 0.168750
7 0.845833 0.182812 0.831250 0.218750 0.835417 0.218750 0.843750 0.221875 0.850000 0.221875 0.852083 0.223438 0.858333 0.223438 0.866667 0.226562 0.872917 0.223438 0.877083 0.223438 0.883333 0.220313 0.897917 0.217187 0.900000 0.207813 0.906250 0.196875 0.906250 0.192188 0.908333 0.190625 0.910417 0.182812
7 0.316667 0.489062 0.314583 0.412500 0.302083 0.409375 0.289583 0.443750 0.020833 0.454688 0.289583 0.456250 0.302083 0.484375
7 0.058333 0.526563 0.039583 0.526563 0.039583 0.531250 0.037500 0.532812 0.037500 0.539062 0.035417 0.540625 0.035417 0.548437 0.037500 0.550000 0.037500 0.551562 0.039583 0.553125 0.039583 0.554688 0.041667 0.556250 0.041667 0.557813 0.043750 0.559375 0.045833 0.564062 0.050000 0.560938 0.050000 0.559375 0.056250 0.554688 0.056250 0.553125 0.075000 0.539062 0.075000 0.537500 0.068750 0.532812 0.066667 0.532812
7 0.716667 0.700000 0.314583 0.695312 0.310417 0.723437 0.370833 0.723437 0.364583 0.698438 0.391667 0.698438 0.372917 0.704687 0.377083 0.729688 0.025000 0.734375 0.362500 0.739062 0.370833 0.762500 0.389583 0.751562 0.370833 0.768750 0.358333 0.743750 0.297917 0.745313 0.293750 0.820312 0.452083 0.825000 0.479167 0.775000 0.495833 0.814062 0.550000 0.795313 0.556250 0.817187 0.618750 0.812500 0.625000 0.832812 0.639583 0.817187 0.668750 0.835938 0.697917 0.801562 0.664583 0.745313 0.683333 0.729688 0.700000 0.745313
7 0.106250 0.859375 0.091667 0.870313 0.091667 0.887500 0.093750 0.889063 0.093750 0.890625 0.095833 0.892187 0.095833 0.893750 0.097917 0.895312 0.097917 0.896875 0.100000 0.896875 0.110417 0.889063 0.112500 0.889063 0.112500 0.878125 0.110417 0.876562 0.110417 0.871875 0.108333 0.870313 0.108333 0.865625 0.106250 0.864062
8 0.487500 0.062500 0.485417 0.064062 0.485417 0.065625 0.481250 0.070312 0.481250 0.090625 0.485417 0.093750 0.485417 0.095312 0.489583 0.098438 0.489583 0.100000 0.493750 0.103125 0.493750 0.104687 0.493750 0.078125 0.495833 0.076563 0.495833 0.064062 0.493750 0.062500
8 0.952083 0.148438 0.902083 0.271875 0.904167 0.279687 0.941667 0.326562 0.989583 0.242188 0.985417 0.182812
8 0.670833 0.170312 0.670833 0.231250 0.731250 0.231250 0.735417 0.187500 0.737500 0.185937 0.737500 0.171875 0.739583 0.170312
8 0.629167 0.260938 0.639583 0.265625 0.679167 0.265625 0.681250 0.267188 0.689583 0.267188 0.700000 0.270312 0.700000 0.268750 0.714583 0.257812 0.718750 0.250000 0.722917 0.246875 0.725000 0.240625 0.722917 0.239063 0.704167 0.239063 0.702083 0.237500 0.683333 0.237500 0.681250 0.235938 0.645833 0.234375 0.645833 0.239063 0.647917 0.240625 0.641667 0.248437 0.641667 0.251563
8 0.643750 0.275000 0.643750 0.296875 0.645833 0.298438 0.647917 0.296875 0.658333 0.296875 0.668750 0.292188 0.672917 0.292188 0.675000 0.290625 0.677083 0.290625 0.679167 0.289062 0.683333 0.289062 0.685417 0.287500 0.691667 0.287500 0.689583 0.285937 0.689583 0.281250 0.687500 0.279687 0.687500 0.275000 0.685417 0.275000 0.683333 0.273438 0.664583 0.273438 0.662500 0.271875 0.645833 0.271875 0.645833 0.273438
8 0.977083 0.295312 0.922917 0.393750 0.883333 0.328125 0.837500 0.395312 0.943750 0.520312 0.887500 0.504687 0.856250 0.531250 0.829167 0.439063 0.739583 0.645312 0.793750 0.798437 0.829167 0.729688 0.829167 0.826563 0.725000 0.867188 0.702083 0.848437 0.772917 0.821875 0.741667 0.685938 0.666667 0.745313 0.700000 0.801562 0.668750 0.837500 0.547917 0.800000 0.497917 0.820312 0.475000 0.787500 0.458333 0.831250 0.516667 0.840625 0.481250 0.876562 0.512500 0.929688 0.697917 0.862500 0.791667 0.942187 0.785417 0.909375 0.883333 0.868750 0.918750 0.787500 0.981250 0.795313 0.989583 0.528125 0.887500 0.628125 0.987500 0.514063 0.987500 0.395312 0.945833 0.418750 0.985417 0.389062
8 0.625000 0.381250 0.625000 0.418750 0.627083 0.417188 0.662500 0.417188 0.662500 0.404687 0.664583 0.403125 0.664583 0.389062 0.666667 0.387500 0.664583 0.385938 0.656250 0.385938 0.654167 0.384375 0.643750 0.384375 0.641667 0.382812 0.633333 0.382812 0.631250 0.381250
8 0.654167 0.439063 0.645833 0.467187 0.570833 0.467187 0.547917 0.564062 0.579167 0.596875 0.652083 0.600000 0.666667 0.526563 0.656250 0.489062 0.662500 0.492188 0.672917 0.515625 0.677083 0.464063
8 0.497917 0.620313 0.504167 0.687500 0.633333 0.687500 0.647917 0.618750
8 0.654167 0.618750 0.641667 0.685938 0.722917 0.687500 0.743750 0.618750
8 0.660417 0.985937 0.656250 0.978125 0.654167 0.965625 0.650000 0.965625 0.641667 0.968750 0.635417 0.968750 0.633333 0.970312 0.629167 0.970312 0.602083 0.978125 0.595833 0.978125 0.593750 0.979688 0.579167 0.981250 0.570833 0.984375 0.556250 0.985937