1 0.400000 0.115625 0.085417 0.081250 0.043750 0.042188 0.045833 0.010937 0.012500 0.014062 0.012500 0.139062 0.027083 0.140625 0.016667 0.381250 0.068750 0.204688 0.395833 0.228125 0.393750 0.179688 0.060417 0.143750 0.395833 0.175000
1 0.110417 0.270312 0.081250 0.400000 0.287500 0.410937 0.275000 0.285937
1 0.016667 0.612500 0.014583 0.678125 0.318750 0.678125 0.320833 0.667188 0.383333 0.670313 0.383333 0.614062 0.125000 0.609375
1 0.014583 0.682813 0.016667 0.767187 0.316667 0.762500 0.316667 0.684375
2 0.814583 0.135937 0.945833 0.529688 0.979167 0.553125 0.985417 0.153125
3 0.050000 0.010937 0.087500 0.076563 0.562500 0.085938 0.535417 0.314063 0.566667 0.250000 0.604167 0.504687 0.543750 0.507812 0.558333 0.610937 0.683333 0.745313 0.664583 0.871875 0.737500 0.987500 0.989583 0.987500 0.979167 0.842188 0.625000 0.518750 0.564583 0.118750 0.693750 0.126563 0.579167 0.117188 0.631250 0.520312 0.931250 0.525000 0.810417 0.142188 0.720833 0.131250 0.991667 0.143750 0.983333 0.034375 0.760417 0.125000 0.983333 0.015625 0.683333 0.015625 0.706250 0.129688 0.677083 0.015625
3 0.285417 0.279687 0.291667 0.412500 0.452083 0.415625 0.441667 0.392188 0.443750 0.375000 0.437500 0.359375 0.437500 0.334375 0.447917 0.325000 0.425000 0.320312 0.400000 0.303125 0.400000 0.287500
3 0.343750 0.440625 0.339583 0.443750 0.333333 0.579687 0.354167 0.578125 0.368750 0.501562 0.362500 0.446875
3 0.643750 0.529688 0.981250 0.828125 0.985417 0.559375 0.935417 0.532812
5 0.431250 0.807813 0.431250 0.821875 0.429167 0.823438 0.429167 0.837500 0.427083 0.839063 0.425000 0.865625 0.431250 0.865625 0.433333 0.864062 0.439583 0.864062 0.441667 0.862500 0.447917 0.862500 0.458333 0.859375 0.466667 0.859375 0.468750 0.857813 0.483333 0.856250 0.481250 0.854688 0.481250 0.843750 0.479167 0.842188 0.479167 0.832812 0.477083 0.831250 0.477083 0.820312 0.475000 0.818750 0.472917 0.804688 0.437500 0.804688
7 0.537500 0.204688 0.487500 0.206250 0.485417 0.207813 0.485417 0.210938 0.483333 0.212500 0.483333 0.254687 0.502083 0.254687 0.504167 0.256250 0.525000 0.256250 0.529167 0.257812 0.541667 0.239063 0.535417 0.228125
7 0.562500 0.254687 0.543750 0.317187 0.556250 0.440625 0.585417 0.390625
7 0.408333 0.284375 0.408333 0.303125 0.412500 0.303125 0.414583 0.304688 0.420833 0.304688 0.422917 0.306250 0.429167 0.306250 0.431250 0.307813 0.437500 0.307813 0.439583 0.309375 0.445833 0.309375 0.447917 0.310937 0.454167 0.310937 0.456250 0.312500 0.462500 0.312500 0.464583 0.314063 0.479167 0.307813 0.485417 0.307813 0.481250 0.306250 0.477083 0.306250 0.466667 0.301562 0.462500 0.301562 0.456250 0.298438 0.452083 0.298438 0.445833 0.295312 0.441667 0.295312 0.435417 0.292188 0.431250 0.292188 0.420833 0.287500 0.416667 0.287500
7 0.443750 0.432813 0.443750 0.434375 0.447917 0.439063 0.447917 0.442187 0.452083 0.446875 0.452083 0.450000 0.456250 0.454688 0.504167 0.454688 0.502083 0.453125 0.502083 0.451562 0.497917 0.446875 0.497917 0.443750 0.491667 0.435937 0.475000 0.435937 0.472917 0.434375 0.458333 0.434375 0.456250 0.432813
7 0.133333 0.468750 0.137500 0.579687 0.318750 0.587500 0.314583 0.471875
7 0.427083 0.470313 0.427083 0.507812 0.441667 0.509375 0.443750 0.510938 0.450000 0.510938 0.452083 0.512500 0.458333 0.512500 0.477083 0.517187 0.485417 0.517187 0.504167 0.521875 0.504167 0.487500 0.506250 0.485938 0.504167 0.482812 0.487500 0.481250 0.468750 0.476562 0.460417 0.476562 0.458333 0.475000
7 0.410417 0.523438 0.412500 0.584375 0.489583 0.582812 0.489583 0.575000 0.485417 0.573438 0.447917 0.573438 0.443750 0.567187 0.443750 0.551562 0.447917 0.545313 0.500000 0.542188 0.493750 0.534375
7 0.258333 0.703125 0.256250 0.706250 0.256250 0.743750 0.308333 0.745313 0.312500 0.746875 0.310417 0.745313 0.310417 0.735937 0.308333 0.734375 0.308333 0.723437 0.306250 0.721875 0.304167 0.703125
7 0.079167 0.804688 0.014583 0.914062 0.014583 0.987500 0.158333 0.987500 0.208333 0.804688
7 0.412500 0.810938 0.262500 0.814062 0.256250 0.815625 0.252083 0.840625 0.393750 0.845312 0.393750 0.839063 0.406250 0.835938 0.412500 0.823438
7 0.400000 0.854688 0.250000 0.857813 0.243750 0.859375 0.239583 0.892187 0.393750 0.889063 0.397917 0.881250
7 0.481250 0.898438 0.239583 0.904688 0.227083 0.940625 0.477083 0.935938
7 0.466667 0.951563 0.233333 0.959375 0.220833 0.987500 0.460417 0.987500 0.460417 0.978125 0.429167 0.978125 0.425000 0.984375 0.418750 0.981250 0.422917 0.962500 0.464583 0.962500
8 0.454167 0.134375 0.454167 0.139062 0.472917 0.154687 0.508333 0.167187 0.520833 0.173438 0.556250 0.148438 0.554167 0.146875 0.552083 0.123438 0.468750 0.123438 0.466667 0.125000 0.458333 0.125000
8 0.433333 0.264062 0.433333 0.265625 0.435417 0.267188 0.435417 0.268750 0.439583 0.271875 0.441667 0.276563 0.443750 0.276563 0.445833 0.278125 0.447917 0.278125 0.450000 0.279687 0.452083 0.279687 0.454167 0.281250 0.456250 0.281250 0.458333 0.282813 0.460417 0.282813 0.462500 0.284375 0.464583 0.284375 0.466667 0.285937 0.468750 0.285937 0.475000 0.289062 0.475000 0.282813 0.477083 0.281250 0.477083 0.270312 0.472917 0.267188 0.472917 0.265625 0.468750 0.262500 0.468750 0.260938 0.466667 0.259375 0.460417 0.259375 0.458333 0.260938 0.450000 0.260938 0.447917 0.262500 0.441667 0.262500 0.439583 0.264062
8 0.587500 0.393750 0.581250 0.410937 0.558333 0.442187 0.568750 0.531250 0.602083 0.501562
8 0.537500 0.442187 0.531250 0.445312 0.527083 0.445312 0.516667 0.450000 0.508333 0.451562 0.508333 0.462500 0.510417 0.464063 0.512500 0.490625 0.516667 0.493750 0.545833 0.504687 0.545833 0.495313 0.547917 0.493750 0.547917 0.484375 0.550000 0.482812 0.550000 0.471875 0.552083 0.470313 0.547917 0.464063 0.547917 0.459375 0.545833 0.457812 0.545833 0.453125 0.543750 0.451562 0.541667 0.442187
8 0.518750 0.528125 0.518750 0.540625 0.531250 0.540625 0.533333 0.542188 0.547917 0.542188 0.550000 0.543750 0.550000 0.542188 0.552083 0.540625 0.552083 0.539062 0.556250 0.535937 0.554167 0.534375 0.554167 0.532812 0.552083 0.531250 0.552083 0.529688 0.550000 0.529688 0.547917 0.528125
8 0.445833 0.551562 0.445833 0.567187 0.514583 0.573438 0.516667 0.575000 0.531250 0.575000 0.562500 0.579687 0.581250 0.571875 0.581250 0.553125 0.558333 0.554688 0.556250 0.553125 0.518750 0.553125 0.516667 0.551562 0.481250 0.551562 0.479167 0.550000 0.447917 0.550000
8 0.443750 0.634375 0.514583 0.637500 0.556250 0.646875 0.558333 0.639063 0.566667 0.628125 0.572917 0.614062 0.543750 0.612500 0.527083 0.609375 0.466667 0.609375 0.443750 0.614062
8 0.666667 0.643750 0.666667 0.646875 0.664583 0.648438 0.664583 0.654688 0.662500 0.656250 0.660417 0.703125 0.670833 0.712500 0.675000 0.718750 0.675000 0.714063 0.677083 0.712500 0.677083 0.707812 0.679167 0.706250 0.679167 0.701563 0.681250 0.700000 0.685417 0.682813 0.687500 0.681250 0.689583 0.671875 0.691667 0.670313 0.691667 0.665625 0.693750 0.664062 0.693750 0.656250 0.681250 0.645312
8 0.512500 0.670313 0.512500 0.673437 0.535417 0.673437 0.547917 0.670313 0.558333 0.670313 0.560417 0.671875 0.541667 0.679688 0.535417 0.689062 0.537500 0.693750 0.550000 0.698438 0.566667 0.695312 0.625000 0.690625 0.612500 0.671875 0.587500 0.668750 0.566667 0.668750 0.547917 0.654688 0.520833 0.659375
8 0.327083 0.675000 0.322917 0.790625 0.481250 0.800000 0.495833 0.765625 0.497917 0.707812 0.479167 0.679688
8 0.733333 0.679688 0.706250 0.732813 0.704167 0.743750 0.737500 0.795313 0.743750 0.795313 0.766667 0.789062 0.768750 0.765625 0.760417 0.753125 0.760417 0.746875 0.768750 0.731250 0.768750 0.725000
8 0.545833 0.703125 0.522917 0.726562 0.520833 0.765625 0.570833 0.764063 0.575000 0.804688 0.616667 0.803125 0.629167 0.793750 0.616667 0.846875 0.645833 0.868750 0.679167 0.867188 0.683333 0.795313 0.647917 0.779688 0.660417 0.771875 0.656250 0.754687 0.662500 0.753125 0.664583 0.745313 0.662500 0.720312 0.633333 0.696875
8 0.808333 0.764063 0.739583 0.823438 0.758333 0.879687 0.791667 0.868750 0.820833 0.831250 0.802083 0.954687 0.822917 0.982813 0.983333 0.985937 0.960417 0.903125 0.933333 0.860937 0.872917 0.796875 0.837500 0.795313 0.822917 0.818750
8 0.425000 0.868750 0.425000 0.876562 0.489583 0.876562 0.516667 0.879687 0.531250 0.890625 0.545833 0.915625 0.570833 0.915625 0.575000 0.910937 0.572917 0.904688 0.558333 0.889063 0.537500 0.873438 0.520833 0.867188 0.475000 0.865625
8 0.570833 0.923437 0.550000 0.926562 0.525000 0.964063 0.508333 0.968750 0.427083 0.968750 0.427083 0.975000 0.429167 0.973437 0.525000 0.973437 0.554167 0.968750