1 0.491667 0.015625 0.466667 0.207813 0.579167 0.209375 0.614583 0.117188 0.568750 0.112500 0.568750 0.071875 0.589583 0.048437 0.622917 0.059375 0.639583 0.015625
1 0.072917 0.582812 0.014583 0.581250 0.016667 0.729688 0.075000 0.587500
1 0.016667 0.793750 0.293750 0.787500 0.254167 0.748438 0.018750 0.745313
1 0.293750 0.746875 0.306250 0.785937 0.304167 0.792188 0.441667 0.792188 0.460417 0.775000 0.485417 0.775000 0.497917 0.784375 0.497917 0.760938 0.502083 0.757812 0.537500 0.760938 0.537500 0.746875 0.362500 0.750000 0.358333 0.764063 0.343750 0.775000 0.325000 0.778125 0.308333 0.771875 0.310417 0.743750
1 0.543750 0.793750 0.706250 0.787500 0.683333 0.767187 0.679167 0.748438 0.587500 0.746875 0.581250 0.756250 0.581250 0.771875 0.558333 0.782812
2 0.816667 0.984375 0.847917 0.985937 0.850000 0.987500 0.856250 0.985937 0.904167 0.985937 0.860417 0.942187 0.866667 0.956250 0.870833 0.973437 0.875000 0.979688 0.872917 0.981250 0.856250 0.981250 0.854167 0.982813 0.837500 0.982813 0.835417 0.984375
3 0.016667 0.010937 0.014583 0.198437 0.077083 0.268750 0.068750 0.328125 0.016667 0.351562 0.018750 0.575000 0.327083 0.579687 0.339583 0.446875 0.793750 0.453125 0.872917 0.289062 0.929167 0.301562 0.904167 0.351562 0.987500 0.387500 0.985417 0.275000 0.902083 0.181250 0.770833 0.409375 0.985417 0.014062 0.735417 0.015625 0.575000 0.454688 0.427083 0.390625 0.483333 0.012500
3 0.725000 0.015625 0.650000 0.015625 0.639583 0.043750 0.652083 0.082813 0.637500 0.120312 0.620833 0.118750 0.614583 0.140625 0.633333 0.182812 0.610417 0.228125 0.595833 0.232812 0.618750 0.287500 0.570833 0.428125 0.579167 0.445312
3 0.697917 0.568750 0.654167 0.628125 0.656250 0.637500 0.670833 0.662500 0.700000 0.662500 0.722917 0.651563 0.733333 0.651563 0.743750 0.654688 0.747917 0.626562 0.731250 0.629687 0.714583 0.612500 0.700000 0.593750
3 0.945833 0.603125 0.833333 0.626562 0.835417 0.673437 0.772917 0.695312 0.770833 0.734375 0.683333 0.732813 0.722917 0.798437 0.539583 0.795313 0.527083 0.821875 0.493750 0.812500 0.452083 0.843750 0.347917 0.823438 0.439583 0.796875 0.016667 0.800000 0.014583 0.987500 0.516667 0.981250 0.572917 0.960938 0.589583 0.984375 0.866667 0.979688 0.852083 0.921875 0.918750 0.989062 0.985417 0.987500 0.981250 0.698438 0.968750 0.714063 0.947917 0.698438 0.920833 0.753125 0.877083 0.767187 0.837500 0.737500
7 0.031250 0.201562 0.012500 0.209375 0.012500 0.325000 0.014583 0.340625 0.020833 0.346875 0.041667 0.342187 0.060417 0.321875 0.064583 0.257812 0.056250 0.231250 0.041667 0.209375
7 0.025000 0.737500 0.258333 0.740625 0.285417 0.706250 0.260417 0.685938 0.272917 0.676562 0.256250 0.664062 0.260417 0.625000 0.283333 0.626562 0.308333 0.673437 0.381250 0.667188 0.366667 0.645312 0.418750 0.635938 0.420833 0.659375 0.460417 0.632812 0.535417 0.628125 0.581250 0.646875 0.583333 0.675000 0.604167 0.660937 0.654167 0.664062 0.643750 0.626562 0.666667 0.593750 0.077083 0.590625
8 0.987500 0.029687 0.906250 0.168750 0.908333 0.176563 0.985417 0.264062
8 0.591667 0.057813 0.577083 0.073437 0.577083 0.110937 0.627083 0.110937 0.629167 0.112500 0.633333 0.112500 0.633333 0.106250 0.635417 0.104687 0.635417 0.098438 0.637500 0.096875 0.637500 0.089062 0.639583 0.087500 0.639583 0.078125 0.641667 0.076563 0.641667 0.067188 0.629167 0.067188 0.622917 0.064062
8 0.608333 0.151562 0.608333 0.156250 0.604167 0.162500 0.604167 0.167187 0.602083 0.168750 0.600000 0.179688 0.597917 0.181250 0.595833 0.190625 0.593750 0.192188 0.593750 0.200000 0.595833 0.201562 0.595833 0.204688 0.597917 0.206250 0.597917 0.209375 0.600000 0.210938 0.604167 0.223438 0.606250 0.217187 0.610417 0.212500 0.612500 0.204688 0.616667 0.200000 0.620833 0.187500 0.625000 0.182812 0.620833 0.178125 0.620833 0.175000 0.616667 0.170312 0.616667 0.167187 0.614583 0.165625 0.614583 0.162500 0.610417 0.157813
8 0.472917 0.207813 0.450000 0.318750 0.450000 0.376563 0.458333 0.418750 0.562500 0.432813 0.612500 0.285937 0.581250 0.218750
8 0.920833 0.304688 0.900000 0.301562 0.891667 0.295312 0.881250 0.295312 0.860417 0.303125 0.839583 0.350000 0.839583 0.390625 0.872917 0.356250 0.893750 0.356250 0.900000 0.343750 0.902083 0.321875
8 0.925000 0.365625 0.875000 0.360938 0.787500 0.467187 0.820833 0.553125 0.835417 0.618750 0.875000 0.618750 0.908333 0.601562 0.952083 0.595312 0.987500 0.570312 0.985417 0.400000 0.966667 0.376563
8 0.341667 0.454688 0.333333 0.581250 0.533333 0.582812 0.570833 0.460938
8 0.577083 0.467187 0.537500 0.587500 0.672917 0.589063 0.702083 0.543750 0.752083 0.531250 0.766667 0.540625 0.737500 0.539062 0.710417 0.551562 0.714583 0.600000 0.735417 0.625000 0.764583 0.615625 0.756250 0.648438 0.783333 0.689062 0.827083 0.675000 0.820833 0.610937 0.795833 0.592188 0.762500 0.607813 0.783333 0.581250 0.783333 0.548437 0.766667 0.540625 0.791667 0.535937 0.795833 0.517187 0.783333 0.457812 0.756250 0.456250 0.731250 0.492188 0.697917 0.487500 0.729167 0.485938 0.733333 0.471875
8 0.985417 0.601562 0.958333 0.603125 0.908333 0.659375 0.920833 0.671875 0.893750 0.675000 0.877083 0.684375 0.875000 0.709375 0.893750 0.720312 0.887500 0.721875 0.868750 0.714063 0.850000 0.731250 0.850000 0.739062 0.872917 0.754687 0.902083 0.756250 0.908333 0.751562 0.910417 0.726562 0.902083 0.725000 0.925000 0.723437 0.933333 0.717188 0.941667 0.698438 0.931250 0.679688 0.966667 0.706250 0.985417 0.689062
8 0.764583 0.678125 0.731250 0.659375 0.583333 0.678125 0.575000 0.645312 0.554167 0.654688 0.537500 0.629687 0.533333 0.645312 0.460417 0.635938 0.420833 0.662500 0.414583 0.642187 0.381250 0.642187 0.385417 0.678125 0.316667 0.678125 0.264583 0.634375 0.281250 0.675000 0.264583 0.685938 0.291667 0.707812 0.266667 0.753125 0.287500 0.760938 0.291667 0.720312 0.337500 0.693750 0.377083 0.695312 0.320833 0.739062 0.316667 0.770312 0.352083 0.760938 0.395833 0.700000 0.393750 0.720312 0.450000 0.696875 0.479167 0.718750 0.508333 0.704687 0.522917 0.721875 0.591667 0.707812 0.589583 0.726562 0.554167 0.731250 0.541667 0.767187 0.500000 0.764063 0.502083 0.789062 0.460417 0.779688 0.429167 0.812500 0.350000 0.821875 0.354167 0.839063 0.447917 0.831250 0.452083 0.842188 0.493750 0.810938 0.527083 0.820312 0.527083 0.781250 0.572917 0.770312 0.570833 0.750000 0.608333 0.726562 0.762500 0.731250
8 0.575000 0.982813 0.572917 0.981250 0.572917 0.979688 0.570833 0.978125 0.570833 0.976562 0.568750 0.975000 0.568750 0.973437 0.566667 0.971875 0.562500 0.971875 0.560417 0.973437 0.556250 0.973437 0.550000 0.976562 0.545833 0.976562 0.543750 0.978125 0.539583 0.978125 0.533333 0.981250 0.529167 0.981250 0.527083 0.982813 0.522917 0.982813 0.520833 0.984375 0.518750 0.984375 0.575000 0.984375