3 0.016667 0.010937 0.018750 0.701563 0.468750 0.676562 0.445833 0.271875 0.375000 0.015625
3 0.987500 0.014062 0.729167 0.031250 0.666667 0.225000 0.752083 0.235938 0.756250 0.260938 0.706250 0.279687 0.700000 0.409375 0.647917 0.420312 0.672917 0.464063 0.650000 0.535937 0.697917 0.539062 0.708333 0.642187 0.739583 0.623438 0.731250 0.410937 0.741667 0.615625 0.820833 0.668750 0.862500 0.845312 0.775000 0.862500 0.783333 0.981250 0.981250 0.984375 0.985417 0.126563 0.870833 0.246875 0.983333 0.120312
7 0.664583 0.823438 0.618750 0.814062 0.560417 0.825000 0.541667 0.792188 0.522917 0.820312 0.514583 0.810938 0.533333 0.781250 0.572917 0.807813 0.595833 0.804688 0.583333 0.757812 0.500000 0.740625 0.489583 0.701563 0.443750 0.681250 0.197917 0.698438 0.206250 0.989062 0.514583 0.981250 0.497917 0.942187 0.539583 0.951563 0.608333 0.942187 0.589583 0.846875 0.635417 0.842188 0.656250 0.850000 0.641667 0.862500 0.660417 0.864062 0.677083 0.850000
7 0.710417 0.845312 0.708333 0.868750 0.716667 0.978125 0.718750 0.981250 0.758333 0.985937 0.745833 0.845312
8 0.752083 0.237500 0.641667 0.232812 0.645833 0.259375 0.637500 0.250000 0.635417 0.237500 0.612500 0.235938 0.595833 0.240625 0.560417 0.240625 0.541667 0.234375 0.539583 0.290625 0.556250 0.300000 0.643750 0.303125 0.650000 0.296875 0.652083 0.273438 0.750000 0.273438
8 0.681250 0.281250 0.679167 0.292188 0.695833 0.387500 0.695833 0.400000 0.716667 0.376563 0.714583 0.375000 0.714583 0.359375 0.712500 0.357812 0.704167 0.281250
8 0.685417 0.357812 0.672917 0.360938 0.527083 0.364062 0.522917 0.365625 0.522917 0.387500 0.514583 0.389062 0.514583 0.398438 0.522917 0.400000 0.525000 0.414062 0.675000 0.415625 0.687500 0.407813 0.691667 0.400000 0.685417 0.379687
8 0.658333 0.432813 0.562500 0.440625 0.562500 0.468750 0.587500 0.470313 0.541667 0.504687 0.591667 0.539062 0.647917 0.496875 0.595833 0.470313 0.668750 0.468750
8 0.689583 0.546875 0.602083 0.559375 0.602083 0.592188 0.639583 0.587500 0.652083 0.589063 0.610417 0.598437 0.612500 0.623438 0.702083 0.620313 0.693750 0.581250 0.685417 0.579687
8 0.587500 0.568750 0.562500 0.584375 0.514583 0.732813 0.518750 0.740625 0.606250 0.757812 0.625000 0.748438 0.650000 0.629687 0.602083 0.626562 0.600000 0.600000 0.589583 0.585938
8 0.714583 0.637500 0.700000 0.654688 0.693750 0.675000 0.714583 0.707812 0.729167 0.759375 0.720833 0.762500 0.720833 0.771875 0.735417 0.801562 0.733333 0.835938 0.752083 0.848437 0.779167 0.851562 0.772917 0.840625 0.852083 0.834375 0.845833 0.800000 0.837500 0.793750 0.841667 0.773438 0.833333 0.771875 0.835417 0.764063 0.822917 0.759375 0.829167 0.754687 0.818750 0.748438 0.822917 0.720312 0.800000 0.709375 0.804167 0.689062 0.797917 0.682813 0.804167 0.678125 0.781250 0.681250 0.785417 0.656250 0.775000 0.648438
8 0.037500 0.706250 0.035417 0.721875 0.056250 0.721875 0.062500 0.723437 0.075000 0.732813 0.089583 0.751562 0.091667 0.751562 0.102083 0.759375 0.108333 0.760938 0.108333 0.715625 0.110417 0.710938 0.108333 0.709375 0.100000 0.709375 0.087500 0.706250
8 0.658333 0.754687 0.645833 0.764063 0.645833 0.800000 0.679167 0.817187 0.691667 0.810938 0.685417 0.801562 0.670833 0.796875 0.666667 0.793750 0.666667 0.781250 0.668750 0.779688 0.675000 0.779688 0.685417 0.782812 0.685417 0.764063 0.687500 0.762500 0.675000 0.757812
8 0.108333 0.782812 0.108333 0.784375 0.102083 0.789062 0.102083 0.790625 0.097917 0.793750 0.097917 0.795313 0.095833 0.796875 0.093750 0.796875 0.079167 0.807813 0.072917 0.809375 0.072917 0.810938 0.077083 0.814062 0.087500 0.817187 0.102083 0.828125 0.102083 0.829687 0.102083 0.818750 0.104167 0.817187 0.104167 0.806250 0.106250 0.804688 0.106250 0.793750 0.108333 0.792188
8 0.112500 0.845312 0.108333 0.845312 0.106250 0.846875 0.089583 0.850000 0.083333 0.853125 0.079167 0.853125 0.077083 0.854688 0.072917 0.854688 0.070833 0.856250 0.047917 0.860937 0.041667 0.864062 0.037500 0.864062 0.035417 0.867188 0.039583 0.870313 0.062500 0.871875 0.064583 0.873438 0.085417 0.875000 0.087500 0.876562 0.097917 0.876562 0.100000 0.878125 0.110417 0.878125 0.112500 0.879687
8 0.112500 0.915625 0.110417 0.914062 0.108333 0.885938 0.100000 0.885938 0.097917 0.887500 0.068750 0.890625 0.058333 0.893750 0.050000 0.893750 0.047917 0.895312 0.018750 0.898438 0.014583 0.903125 0.018750 0.907812 0.031250 0.912500 0.108333 0.914062
8 0.689583 0.887500 0.685417 0.887500 0.656250 0.898438 0.654167 0.932813 0.656250 0.934375 0.658333 0.948438 0.662500 0.956250 0.662500 0.962500 0.668750 0.962500 0.675000 0.959375 0.685417 0.957812 0.689583 0.951563 0.704167 0.951563 0.702083 0.950000 0.702083 0.942187 0.700000 0.940625 0.700000 0.932813 0.697917 0.931250 0.697917 0.923437 0.695833 0.921875 0.695833 0.914062 0.693750 0.912500
8 0.110417 0.928125 0.100000 0.928125 0.097917 0.929688 0.087500 0.929688 0.085417 0.931250 0.072917 0.931250 0.070833 0.932813 0.060417 0.932813 0.058333 0.934375 0.047917 0.934375 0.045833 0.935938 0.020833 0.937500 0.018750 0.939062 0.018750 0.945312 0.058333 0.945312 0.060417 0.946875 0.104167 0.946875 0.106250 0.948438 0.110417 0.948438
8 0.610417 0.946875 0.585417 0.948438 0.570833 0.951563 0.558333 0.951563 0.533333 0.965625 0.518750 0.954687 0.522917 0.981250 0.525000 0.982813 0.560417 0.984375 0.562500 0.985937 0.610417 0.985937