1 0.641667 0.017188 0.433333 0.015625 0.472917 0.400000 0.372917 0.409375 0.402083 0.476562 0.487500 0.479688 0.489583 0.523438 0.550000 0.495313 0.562500 0.454688 0.587500 0.450000
1 0.016667 0.376563 0.014583 0.989062 0.343750 0.985937 0.320833 0.957812 0.347917 0.934375 0.356250 0.804688 0.289583 0.668750 0.245833 0.678125
1 0.568750 0.625000 0.495833 0.626562 0.497917 0.642187 0.531250 0.640625 0.525000 0.682813 0.393750 0.693750 0.379167 0.678125 0.387500 0.667188 0.383333 0.657812 0.291667 0.657812 0.368750 0.792188 0.587500 0.776563
1 0.372917 0.837500 0.372917 0.857813 0.379167 0.867188 0.379167 0.935938 0.381250 0.928125 0.389583 0.928125 0.425000 0.954687 0.410417 0.967188 0.402083 0.984375 0.437500 0.970312 0.466667 0.968750 0.477083 0.959375 0.514583 0.956250 0.508333 0.946875 0.518750 0.939062 0.529167 0.939062 0.556250 0.915625 0.554167 0.876562 0.414583 0.887500 0.416667 0.840625 0.406250 0.850000 0.395833 0.848437 0.385417 0.837500
2 0.987500 0.414062 0.839583 0.615625 0.918750 0.890625 0.812500 0.926562 0.737500 0.931250 0.766667 0.946875 0.743750 0.985937 0.989583 0.989062
3 0.014583 0.014062 0.016667 0.232812 0.243750 0.590625 0.477083 0.582812 0.468750 0.482812 0.397917 0.482812 0.387500 0.535937 0.331250 0.565625 0.270833 0.414062 0.466667 0.396875 0.422917 0.015625
3 0.989583 0.014062 0.647917 0.017188 0.637500 0.446875 0.581250 0.642187 0.610417 0.935938 0.616667 0.721875 0.622917 0.934375 0.910417 0.889063 0.835417 0.609375 0.987500 0.401563 0.987500 0.250000 0.693750 0.259375 0.608333 0.628125 0.722917 0.067188 0.691667 0.253125 0.985417 0.246875
5 0.591667 0.814062 0.579167 0.814062 0.577083 0.815625 0.564583 0.815625 0.562500 0.817187 0.547917 0.817187 0.547917 0.840625 0.591667 0.840625 0.593750 0.842188 0.597917 0.842188 0.595833 0.840625 0.595833 0.832812 0.593750 0.831250 0.593750 0.821875 0.591667 0.820312
5 0.564583 0.865625 0.560417 0.867188 0.562500 0.921875 0.552083 0.925000 0.552083 0.968750 0.556250 0.967188 0.602083 0.967188 0.602083 0.931250 0.600000 0.929688 0.604167 0.926562 0.602083 0.925000 0.600000 0.865625
5 0.675000 0.935938 0.675000 0.939062 0.683333 0.950000 0.760417 0.950000 0.760417 0.945312 0.702083 0.945312 0.700000 0.946875 0.695833 0.946875 0.693750 0.945312 0.693750 0.942187 0.695833 0.940625 0.697917 0.934375 0.689583 0.934375 0.687500 0.935938
6 0.606250 0.934375 0.604167 0.937500 0.604167 0.985937 0.652083 0.985937 0.654167 0.951563 0.656250 0.950000 0.652083 0.940625 0.641667 0.937500 0.631250 0.937500 0.622917 0.940625 0.610417 0.940625
7 0.522917 0.646875 0.395833 0.654688 0.391667 0.656250 0.389583 0.664062 0.410417 0.665625 0.416667 0.671875 0.414583 0.673437 0.408333 0.668750 0.397917 0.668750 0.387500 0.673437 0.387500 0.682813 0.404167 0.687500 0.412500 0.685938 0.416667 0.671875 0.422917 0.678125 0.418750 0.687500 0.518750 0.681250
7 0.539583 0.693750 0.404167 0.700000 0.402083 0.704687 0.427083 0.760938 0.539583 0.753125
7 0.589583 0.792188 0.427083 0.800000 0.425000 0.881250 0.556250 0.873438 0.554167 0.864062 0.560417 0.860937 0.597917 0.860937 0.595833 0.846875 0.539583 0.842188 0.541667 0.814062 0.591667 0.809375
7 0.408333 0.804688 0.404167 0.804688 0.404167 0.807813 0.402083 0.809375 0.400000 0.809375 0.395833 0.812500 0.389583 0.812500 0.387500 0.814062 0.383333 0.814062 0.377083 0.818750 0.377083 0.828125 0.379167 0.829687 0.395833 0.829687 0.400000 0.832812 0.400000 0.834375 0.402083 0.835938 0.402083 0.842188 0.404167 0.843750 0.406250 0.843750 0.406250 0.842188 0.412500 0.834375 0.412500 0.817187 0.410417 0.815625 0.410417 0.806250
7 0.531250 0.962500 0.510417 0.962500 0.508333 0.964063 0.485417 0.964063 0.483333 0.965625 0.483333 0.985937 0.525000 0.985937 0.527083 0.987500 0.531250 0.987500
8 0.610417 0.362500 0.604167 0.368750 0.591667 0.451562 0.604167 0.557813 0.633333 0.450000
8 0.360417 0.401563 0.279167 0.409375 0.279167 0.425000 0.320833 0.534375 0.337500 0.562500 0.356250 0.559375 0.366667 0.534375 0.381250 0.529688 0.385417 0.473437
8 0.585417 0.510938 0.583333 0.510938 0.581250 0.512500 0.579167 0.512500 0.577083 0.514063 0.575000 0.514063 0.572917 0.515625 0.572917 0.517187 0.570833 0.518750 0.570833 0.521875 0.572917 0.523438 0.579167 0.523438 0.581250 0.525000 0.579167 0.526563 0.575000 0.526563 0.575000 0.540625 0.581250 0.540625 0.585417 0.537500 0.585417 0.529688 0.581250 0.526563 0.581250 0.525000 0.583333 0.523438 0.585417 0.523438
8 0.508333 0.521875 0.489583 0.532812 0.487500 0.539062 0.487500 0.564062 0.495833 0.598437 0.512500 0.600000 0.512500 0.590625 0.522917 0.576563 0.522917 0.567187 0.531250 0.573438 0.525000 0.590625 0.541667 0.590625 0.543750 0.600000 0.556250 0.603125 0.543750 0.593750 0.547917 0.581250 0.543750 0.568750 0.543750 0.546875 0.556250 0.543750 0.552083 0.537500 0.552083 0.525000 0.543750 0.525000 0.533333 0.517187
8 0.360417 0.865625 0.360417 0.931250 0.358333 0.932813 0.354167 0.929688 0.352083 0.940625 0.341667 0.957812 0.347917 0.979688 0.364583 0.985937 0.368750 0.981250 0.368750 0.959375 0.385417 0.960938 0.385417 0.970312 0.391667 0.979688 0.402083 0.959375 0.416667 0.953125 0.400000 0.951563 0.387500 0.934375 0.381250 0.951563 0.368750 0.943750 0.366667 0.867188