1 0.012500 0.031250 0.175000 0.232812 0.466667 0.228125 0.518750 0.218750 0.481250 0.206250 0.485417 0.146875 0.720833 0.154687 0.806250 0.014062 0.491667 0.015625 0.483333 0.143750 0.235417 0.151562 0.160417 0.014062 0.012500 0.014062
1 0.012500 0.039062 0.014583 0.409375 0.047917 0.432813 0.083333 0.420312 0.020833 0.295312 0.054167 0.289062 0.091667 0.398438 0.125000 0.417188 0.162500 0.379687 0.181250 0.398438 0.170833 0.235938
1 0.254167 0.235938 0.177083 0.237500 0.225000 0.443750 0.185417 0.501562 0.129167 0.470313 0.164583 0.600000 0.125000 0.600000 0.102083 0.493750 0.068750 0.546875 0.041667 0.537500 0.062500 0.457812 0.014583 0.468750 0.012500 0.932813 0.189583 0.795313 0.189583 0.593750 0.200000 0.792188 0.339583 0.784375 0.345833 0.739062 0.389583 0.771875 0.400000 0.735937 0.587500 0.735937 0.627083 0.668750 0.704167 0.685938 0.681250 0.717188 0.731250 0.712500 0.720833 0.601562 0.506250 0.620313 0.504167 0.568750 0.683333 0.532812 0.595833 0.550000 0.572917 0.489062 0.489583 0.490625 0.485417 0.448438 0.439583 0.457812 0.385417 0.415625 0.435417 0.381250 0.545833 0.412500 0.564583 0.368750 0.258333 0.382812
1 0.718750 0.771875 0.695833 0.765625 0.662500 0.800000 0.614583 0.812500 0.587500 0.775000 0.416667 0.782812 0.420833 0.793750 0.400000 0.809375 0.341667 0.790625 0.197917 0.800000 0.014583 0.935938 0.016667 0.990625 0.081250 0.989062 0.218750 0.829687 0.720833 0.814062
1 0.704167 0.823438 0.225000 0.834375 0.097917 0.987500 0.141667 0.989062 0.270833 0.851562
2 0.808333 0.025000 0.739583 0.148438 0.877083 0.148438 0.893750 0.151562 0.879167 0.171875 0.987500 0.173438 0.985417 0.107813 0.868750 0.107813 0.845833 0.123438 0.820833 0.112500
2 0.958333 0.304688 0.918750 0.304688 0.912500 0.306250 0.883333 0.346875 0.883333 0.353125 0.893750 0.379687 0.900000 0.379687
2 0.987500 0.304688 0.931250 0.373437 0.929167 0.378125 0.933333 0.376563 0.987500 0.376563
2 0.985417 0.407813 0.937500 0.404687 0.922917 0.446875 0.779167 0.446875 0.839583 0.446875 0.847917 0.454688 0.845833 0.460938 0.772917 0.467187 0.800000 0.484375 0.895833 0.481250 0.902083 0.485938 0.902083 0.503125 0.812500 0.501562 0.802083 0.551562 0.833333 0.550000 0.858333 0.585938 0.985417 0.581250
2 0.893750 0.600000 0.891667 0.631250 0.897917 0.707812 0.937500 0.707812 0.977083 0.714063 0.987500 0.726562 0.987500 0.595312
2 0.847917 0.600000 0.833333 0.604688 0.843750 0.703125 0.847917 0.709375 0.877083 0.707812 0.870833 0.600000
2 0.802083 0.748438 0.812500 0.770312 0.829167 0.771875 0.839583 0.789062 0.858333 0.789062 0.875000 0.796875 0.875000 0.810938 0.862500 0.835938 0.985417 0.920313 0.981250 0.735937 0.933333 0.746875
3 0.939583 0.012500 0.810417 0.014062 0.827083 0.107813 0.845833 0.112500 0.904167 0.060938
5 0.489583 0.150000 0.489583 0.207813 0.514583 0.207813 0.518750 0.173438 0.541667 0.296875 0.689583 0.296875 0.708333 0.331250 0.672917 0.307813 0.681250 0.356250 0.766667 0.359375 0.729167 0.354688 0.733333 0.339063 0.706250 0.332812 0.766667 0.339063 0.772917 0.304688 0.785417 0.367188 0.818750 0.404687 0.985417 0.398438 0.985417 0.381250 0.922917 0.378125 0.985417 0.301562 0.987500 0.176563 0.804167 0.179688 0.872917 0.170312 0.889583 0.153125
5 0.477083 0.223438 0.477083 0.229687 0.479167 0.231250 0.479167 0.237500 0.481250 0.239063 0.481250 0.246875 0.483333 0.248437 0.483333 0.254687 0.485417 0.256250 0.522917 0.256250 0.520833 0.254687 0.520833 0.250000 0.518750 0.248437 0.518750 0.242188 0.516667 0.240625 0.516667 0.235938 0.514583 0.234375 0.514583 0.229687 0.512500 0.228125 0.512500 0.223438
5 0.491667 0.443750 0.491667 0.481250 0.493750 0.485938 0.577083 0.485938 0.579167 0.484375 0.591667 0.454688 0.575000 0.454688 0.566667 0.457812 0.562500 0.454688 0.554167 0.454688 0.539583 0.442187 0.527083 0.437500 0.518750 0.437500 0.504167 0.442187
5 0.900000 0.485938 0.795833 0.485938 0.772917 0.464063 0.845833 0.454688 0.702083 0.456250 0.689583 0.556250 0.510417 0.575000 0.516667 0.617188 0.747917 0.582812 0.768750 0.709375 0.537500 0.742188 0.543750 0.773438 0.981250 0.734375 0.972917 0.718750 0.887500 0.707812 0.887500 0.598437 0.983333 0.585938 0.747917 0.581250 0.854167 0.581250 0.833333 0.551562 0.800000 0.551562 0.806250 0.500000 0.904167 0.498437
6 0.666667 0.303125 0.591667 0.304688 0.583333 0.318750 0.572917 0.398438 0.606250 0.414062 0.608333 0.446875 0.579167 0.492188 0.602083 0.546875 0.675000 0.531250 0.697917 0.457812
6 0.689583 0.373437 0.700000 0.442187 0.920833 0.442187 0.929167 0.403125 0.818750 0.406250 0.802083 0.395312 0.787500 0.370313
7 0.172917 0.010937 0.235417 0.135937 0.481250 0.137500 0.487500 0.015625
7 0.591667 0.298438 0.541667 0.298438 0.522917 0.257812 0.485417 0.257812 0.468750 0.234375 0.272917 0.239063 0.266667 0.253125 0.266667 0.376563 0.570833 0.364062
7 0.139583 0.268750 0.133333 0.273438 0.131250 0.273438 0.122917 0.279687 0.120833 0.279687 0.116667 0.282813 0.116667 0.284375 0.125000 0.290625 0.125000 0.292188 0.133333 0.298438 0.133333 0.300000 0.143750 0.307813 0.143750 0.309375 0.143750 0.307813 0.145833 0.306250 0.145833 0.303125 0.147917 0.301562 0.147917 0.300000 0.150000 0.298438 0.150000 0.296875 0.152083 0.295312 0.152083 0.293750 0.154167 0.292188 0.154167 0.290625 0.160417 0.282813 0.160417 0.279687 0.154167 0.275000 0.152083 0.275000 0.143750 0.268750
7 0.160417 0.382812 0.143750 0.392188 0.137500 0.410937 0.137500 0.428125 0.120833 0.437500 0.131250 0.448438 0.154167 0.484375 0.164583 0.493750 0.185417 0.500000 0.195833 0.485938 0.195833 0.460938 0.208333 0.456250 0.208333 0.451562 0.222917 0.440625 0.212500 0.426562 0.187500 0.414062 0.164583 0.384375
7 0.454167 0.487500 0.381250 0.489062 0.379167 0.490625 0.379167 0.539062 0.381250 0.540625 0.381250 0.545313 0.387500 0.543750 0.456250 0.543750 0.456250 0.539062 0.454167 0.537500
7 0.287500 0.512500 0.291667 0.567187 0.331250 0.567187 0.333333 0.618750 0.352083 0.620313 0.408333 0.615625 0.406250 0.560938 0.352083 0.562500 0.364583 0.560938 0.358333 0.510938
7 0.150000 0.689062 0.147917 0.690625 0.147917 0.692187 0.143750 0.695312 0.143750 0.696875 0.139583 0.700000 0.139583 0.701563 0.135417 0.704687 0.135417 0.707812 0.156250 0.723437 0.156250 0.720312 0.158333 0.718750 0.158333 0.714063 0.160417 0.712500 0.160417 0.709375 0.162500 0.707812 0.162500 0.701563 0.158333 0.698438 0.158333 0.696875 0.154167 0.693750 0.154167 0.692187
7 0.989583 0.943750 0.827083 0.839063 0.793750 0.859375 0.760417 0.832812 0.706250 0.823438 0.270833 0.853125 0.154167 0.987500 0.989583 0.985937
8 0.047917 0.290625 0.033333 0.298438 0.087500 0.420312 0.043750 0.440625 0.016667 0.421875 0.016667 0.465625 0.027083 0.465625 0.045833 0.446875 0.066667 0.460938 0.039583 0.498437 0.041667 0.528125 0.056250 0.542188 0.068750 0.542188 0.108333 0.487500 0.129167 0.601562 0.147917 0.609375 0.158333 0.601562 0.116667 0.439063 0.122917 0.417188 0.114583 0.406250 0.091667 0.403125
8 0.391667 0.414062 0.412500 0.435937 0.431250 0.437500 0.439583 0.453125 0.477083 0.435937 0.529167 0.432813 0.554167 0.453125 0.566667 0.456250 0.606250 0.446875 0.604167 0.414062 0.597917 0.410937 0.560417 0.406250 0.550000 0.414062 0.481250 0.415625 0.454167 0.396875 0.454167 0.387500 0.445833 0.384375 0.393750 0.390625
8 0.443750 0.670313 0.443750 0.684375 0.418750 0.693750 0.422917 0.696875 0.435417 0.701563 0.458333 0.714063 0.458333 0.693750 0.477083 0.682813
8 0.693750 0.679688 0.652083 0.679688 0.635417 0.670313 0.602083 0.675000 0.583333 0.703125 0.581250 0.721875 0.597917 0.740625 0.656250 0.726562 0.677083 0.723437 0.679167 0.703125
8 0.400000 0.778125 0.402083 0.781250 0.410417 0.781250 0.527083 0.762500 0.537500 0.745313 0.491667 0.745313 0.458333 0.737500 0.400000 0.737500
8 0.772917 0.745313 0.745833 0.754687 0.731250 0.771875 0.733333 0.812500 0.739583 0.825000 0.762500 0.832812 0.785417 0.826563 0.787500 0.828125 0.770833 0.839063 0.797917 0.857813 0.827083 0.837500 0.860417 0.837500 0.872917 0.796875 0.858333 0.790625 0.837500 0.790625 0.831250 0.775000 0.814583 0.773438 0.797917 0.748438
8 0.362500 0.767187 0.364583 0.776563 0.366667 0.778125 0.366667 0.782812 0.368750 0.784375 0.368750 0.789062 0.370833 0.790625 0.368750 0.792188 0.352083 0.792188 0.368750 0.798437 0.377083 0.803125 0.400000 0.803125 0.402083 0.804688 0.402083 0.803125 0.393750 0.796875 0.393750 0.795313 0.395833 0.793750 0.410417 0.793750
8 0.668750 0.767187 0.629167 0.768750 0.627083 0.770312 0.606250 0.770312 0.602083 0.771875 0.593750 0.778125 0.593750 0.779688 0.597917 0.782812 0.606250 0.793750 0.612500 0.798437 0.620833 0.809375 0.629167 0.804688 0.660417 0.793750 0.660417 0.789062 0.664583 0.782812 0.664583 0.778125 0.666667 0.776563