1 0.018750 0.015625 0.020833 0.985937 0.272917 0.987500 0.297917 0.939062 0.627083 0.926562 0.654167 0.987500 0.920833 0.987500 0.904167 0.956250 0.662500 0.964063 0.641667 0.843750 0.837500 0.828125 0.766667 0.714063 0.260417 0.721875 0.114583 0.964063 0.393750 0.389062 0.379167 0.165625 0.147917 0.140625 0.122917 0.014062
2 0.989583 0.015625 0.933333 0.118750 0.797917 0.123438 0.816667 0.160938 0.779167 0.200000 0.700000 0.195312 0.683333 0.317187 0.752083 0.314063 0.743750 0.273438 0.981250 0.276563
3 0.504167 0.015625 0.125000 0.015625 0.156250 0.139062 0.385417 0.165625 0.402083 0.390625 0.245833 0.642187 0.297917 0.640625 0.335417 0.559375 0.525000 0.557813 0.518750 0.531250 0.429167 0.526563 0.443750 0.471875 0.522917 0.495313 0.522917 0.437500 0.397917 0.435937 0.408333 0.407813 0.522917 0.417188 0.506250 0.185937 0.806250 0.175000 0.804167 0.146875 0.450000 0.145313 0.445833 0.167187 0.445833 0.139062 0.516667 0.140625
3 0.695833 0.195312 0.585417 0.193750 0.589583 0.415625 0.616667 0.490625 0.616667 0.457812 0.652083 0.454688 0.658333 0.364062 0.627083 0.334375 0.616667 0.434375 0.620833 0.325000 0.681250 0.323438
3 0.635417 0.329688 0.664583 0.356250 0.658333 0.456250 0.783333 0.456250 0.772917 0.398438 0.750000 0.326562
3 0.616667 0.501562 0.614583 0.582812 0.639583 0.603125 0.647917 0.629687 0.702083 0.662500 0.702083 0.654688 0.681250 0.643750 0.670833 0.626562 0.706250 0.653125 0.712500 0.665625 0.735417 0.678125 0.783333 0.682813 0.766667 0.639063 0.772917 0.573438 0.656250 0.568750 0.647917 0.617188 0.647917 0.565625 0.620833 0.560938 0.622917 0.506250
5 0.743750 0.276563 0.756250 0.300000 0.795833 0.448438 0.989583 0.454688 0.987500 0.281250
5 0.785417 0.460938 0.627083 0.464063 0.625000 0.560938 0.772917 0.567187
5 0.843750 0.835938 0.650000 0.848437 0.670833 0.960938 0.793750 0.962500 0.902083 0.951563
6 0.795833 0.454688 0.775000 0.607813 0.785417 0.681250 0.820833 0.678125 0.879167 0.659375 0.870833 0.629687 0.904167 0.603125 0.935417 0.623438 0.968750 0.665625 0.985417 0.667188 0.989583 0.457812
6 0.804167 0.735937 0.922917 0.985937 0.989583 0.987500 0.987500 0.868750 0.929167 0.787500 0.887500 0.784375 0.858333 0.771875
7 0.325000 0.192188 0.325000 0.196875 0.322917 0.198437 0.322917 0.203125 0.320833 0.204688 0.320833 0.210938 0.318750 0.212500 0.318750 0.221875 0.322917 0.228125 0.322917 0.232812 0.329167 0.243750 0.331250 0.253125 0.333333 0.254687 0.345833 0.254687 0.347917 0.256250 0.350000 0.251563 0.368750 0.231250 0.366667 0.229687 0.362500 0.212500 0.333333 0.195312
7 0.264583 0.209375 0.256250 0.231250 0.250000 0.237500 0.239583 0.254687 0.283333 0.278125 0.304167 0.246875 0.297917 0.239063 0.297917 0.235938 0.291667 0.226562 0.266667 0.209375
7 0.208333 0.260938 0.210417 0.326562 0.212500 0.329688 0.214583 0.329688 0.218750 0.326562 0.237500 0.320312 0.235417 0.318750 0.235417 0.310937 0.233333 0.309375 0.233333 0.303125 0.231250 0.301562 0.231250 0.292188 0.229167 0.290625 0.229167 0.265625 0.227083 0.264062 0.220833 0.264062 0.218750 0.262500
7 0.314583 0.375000 0.312500 0.378125 0.312500 0.395312 0.335417 0.412500 0.368750 0.414062 0.370833 0.415625 0.370833 0.406250 0.372917 0.404687 0.372917 0.395312 0.375000 0.393750 0.375000 0.384375 0.377083 0.382812 0.377083 0.371875 0.364583 0.367188 0.339583 0.365625
7 0.275000 0.428125 0.268750 0.431250 0.254167 0.448438 0.300000 0.479688 0.306250 0.475000 0.308333 0.475000 0.314583 0.470313 0.325000 0.465625 0.322917 0.464063 0.322917 0.457812 0.320833 0.456250 0.320833 0.448438 0.318750 0.446875 0.316667 0.432813 0.314583 0.431250 0.308333 0.431250 0.306250 0.429688 0.300000 0.429688 0.297917 0.428125
7 0.018750 0.570312 0.018750 0.807813 0.043750 0.803125 0.085417 0.728125 0.091667 0.698438 0.125000 0.700000 0.127083 0.675000 0.093750 0.673437 0.089583 0.621875 0.064583 0.582812
7 0.395833 0.665625 0.395833 0.667188 0.393750 0.668750 0.393750 0.696875 0.425000 0.696875 0.427083 0.698438 0.429167 0.698438 0.429167 0.685938 0.431250 0.684375 0.431250 0.670313 0.433333 0.668750 0.431250 0.667188 0.412500 0.667188 0.410417 0.665625
7 0.150000 0.707812 0.141667 0.707812 0.141667 0.739062 0.143750 0.740625 0.143750 0.751562 0.147917 0.748438 0.147917 0.746875 0.154167 0.742188 0.154167 0.735937 0.156250 0.734375 0.156250 0.726562 0.154167 0.725000 0.154167 0.715625 0.152083 0.714063 0.152083 0.709375
7 0.645833 0.942187 0.625000 0.931250 0.616667 0.935938 0.614583 0.950000 0.322917 0.946875 0.297917 0.942187 0.279167 0.985937 0.650000 0.987500
8 0.591667 0.462500 0.591667 0.487500 0.589583 0.489062 0.589583 0.521875 0.591667 0.523438 0.591667 0.532812 0.593750 0.535937 0.597917 0.532812 0.604167 0.531250 0.604167 0.521875 0.606250 0.520312 0.606250 0.507812 0.608333 0.506250 0.608333 0.493750 0.610417 0.492188 0.604167 0.484375 0.604167 0.481250
8 0.443750 0.476562 0.443750 0.482812 0.441667 0.484375 0.441667 0.489062 0.439583 0.490625 0.439583 0.496875 0.437500 0.498437 0.437500 0.503125 0.435417 0.504687 0.435417 0.510938 0.433333 0.512500 0.433333 0.517187 0.431250 0.518750 0.431250 0.525000 0.458333 0.525000 0.458333 0.482812 0.454167 0.479688
8 0.541667 0.576563 0.516667 0.614062 0.508333 0.701563 0.525000 0.726562 0.654167 0.712500 0.706250 0.701563 0.754167 0.700000 0.731250 0.679688 0.685417 0.662500 0.647917 0.635938 0.631250 0.600000 0.604167 0.581250
8 0.485417 0.659375 0.464583 0.675000 0.464583 0.676562 0.458333 0.681250 0.458333 0.684375 0.487500 0.706250 0.487500 0.704687 0.489583 0.703125 0.489583 0.701563 0.491667 0.700000 0.491667 0.698438 0.493750 0.696875 0.493750 0.695312 0.495833 0.693750 0.500000 0.685938 0.504167 0.682813 0.504167 0.678125 0.500000 0.675000 0.500000 0.673437 0.493750 0.668750 0.493750 0.667188
8 0.366667 0.664062 0.364583 0.664062 0.360417 0.667188 0.358333 0.667188 0.354167 0.670313 0.352083 0.670313 0.345833 0.675000 0.343750 0.675000 0.341667 0.676562 0.341667 0.698438 0.343750 0.700000 0.343750 0.701563 0.347917 0.704687 0.347917 0.706250 0.368750 0.706250 0.368750 0.703125 0.366667 0.701563
8 0.766667 0.690625 0.766667 0.704687 0.910417 0.787500 0.985417 0.782812 0.987500 0.671875 0.860417 0.670313 0.820833 0.690625