1 0.287500 0.015625 0.312500 0.346875 0.339583 0.335938 0.358333 0.309375 0.425000 0.343750 0.460417 0.348437 0.497917 0.278125 0.356250 0.243750 0.347917 0.110937 0.520833 0.106250 0.518750 0.073437 0.479167 0.068750 0.475000 0.076563 0.433333 0.065625 0.422917 0.015625
1 0.322917 0.435937 0.312500 0.601562 0.397917 0.596875 0.397917 0.689062 0.435417 0.682813 0.460417 0.654688 0.583333 0.664062 0.595833 0.682813 0.554167 0.750000 0.418750 0.728125 0.445833 0.979688 0.806250 0.985937 0.614583 0.620313 0.506250 0.617188 0.487500 0.529688 0.543750 0.481250 0.479167 0.456250 0.400000 0.465625
3 0.620833 0.017188 0.600000 0.245312 0.983333 0.464063 0.985417 0.014062
3 0.012500 0.015625 0.022917 0.615625 0.302083 0.596875 0.306250 0.348437 0.270833 0.015625
3 0.562500 0.015625 0.529167 0.075000 0.566667 0.253125 0.520833 0.267188 0.518750 0.303125 0.595833 0.295312 0.614583 0.346875 0.591667 0.365625 0.650000 0.362500 0.693750 0.448438 0.745833 0.473437 0.762500 0.620313 0.722917 0.645312 0.647917 0.601562 0.618750 0.615625 0.818750 0.981250 0.987500 0.984375 0.989583 0.478125 0.591667 0.248437 0.602083 0.015625
7 0.372917 0.656250 0.018750 0.664062 0.016667 0.984375 0.168750 0.982813 0.177083 0.964063 0.235417 0.953125 0.250000 0.881250 0.272917 0.873438 0.268750 0.820312 0.402083 0.807813
8 0.437500 0.015625 0.445833 0.045313 0.447917 0.046875 0.456250 0.046875 0.460417 0.050000 0.460417 0.067188 0.475000 0.075000 0.475000 0.071875 0.485417 0.059375 0.531250 0.056250 0.531250 0.015625
8 0.364583 0.115625 0.368750 0.237500 0.379167 0.250000 0.466667 0.251563 0.443750 0.246875 0.460417 0.245312 0.512500 0.262500 0.554167 0.259375 0.564583 0.253125 0.554167 0.198437 0.506250 0.196875 0.527083 0.192188 0.527083 0.114063
8 0.595833 0.296875 0.491667 0.306250 0.481250 0.343750 0.497917 0.351562 0.533333 0.348437 0.581250 0.365625 0.608333 0.353125
8 0.358333 0.329688 0.356250 0.346875 0.329167 0.357812 0.327083 0.423438 0.350000 0.443750 0.383333 0.457812 0.395833 0.445312 0.487500 0.446875 0.485417 0.418750 0.516667 0.415625 0.518750 0.379687 0.554167 0.375000 0.545833 0.364062 0.481250 0.354688 0.410417 0.359375 0.404167 0.331250 0.379167 0.323438
8 0.625000 0.403125 0.614583 0.393750 0.616667 0.390625 0.608333 0.379687 0.593750 0.379687 0.575000 0.389062 0.525000 0.385938 0.525000 0.398438 0.533333 0.401563 0.562500 0.401563 0.597917 0.396875 0.612500 0.403125 0.610417 0.406250 0.583333 0.410937 0.577083 0.406250 0.533333 0.406250 0.527083 0.407813 0.525000 0.421875 0.556250 0.421875 0.570833 0.417188 0.606250 0.417188 0.625000 0.426562
8 0.645833 0.417188 0.645833 0.428125 0.643750 0.429688 0.643750 0.440625 0.641667 0.442187 0.641667 0.451562 0.639583 0.453125 0.639583 0.467187 0.637500 0.468750 0.637500 0.479688 0.641667 0.479688 0.647917 0.476562 0.664583 0.473437 0.664583 0.464063 0.666667 0.462500 0.666667 0.453125 0.668750 0.451562 0.666667 0.448438 0.666667 0.432813
8 0.493750 0.425000 0.493750 0.439063 0.537500 0.437500 0.539583 0.435937 0.556250 0.435937 0.558333 0.434375 0.593750 0.434375 0.604167 0.442187 0.610417 0.434375 0.610417 0.428125 0.606250 0.425000 0.602083 0.428125 0.597917 0.428125 0.591667 0.431250 0.566667 0.431250 0.562500 0.428125 0.554167 0.428125 0.552083 0.429688 0.547917 0.426562 0.539583 0.431250 0.537500 0.429688 0.525000 0.429688 0.520833 0.425000
8 0.622917 0.445312 0.616667 0.440625 0.614583 0.440625 0.612500 0.445312 0.602083 0.445312 0.600000 0.446875 0.597917 0.445312 0.581250 0.445312 0.568750 0.448438 0.566667 0.446875 0.545833 0.446875 0.543750 0.445312 0.497917 0.445312 0.497917 0.459375 0.527083 0.457812 0.533333 0.454688 0.560417 0.454688 0.562500 0.456250 0.564583 0.454688 0.587500 0.454688 0.589583 0.456250 0.602083 0.456250 0.608333 0.464063 0.618750 0.460938 0.622917 0.451562
8 0.714583 0.467187 0.689583 0.468750 0.704167 0.481250 0.727083 0.518750 0.725000 0.567187 0.710417 0.589063 0.687500 0.592188 0.700000 0.610937 0.727083 0.601562 0.743750 0.584375 0.739583 0.525000 0.731250 0.482812
8 0.675000 0.482812 0.627083 0.487500 0.620833 0.493750 0.622917 0.509375 0.610417 0.520312 0.616667 0.540625 0.602083 0.550000 0.602083 0.573438 0.622917 0.585938 0.668750 0.584375 0.704167 0.576563 0.716667 0.542188 0.704167 0.525000 0.706250 0.507812
8 0.510417 0.520312 0.533333 0.520312 0.535417 0.521875 0.537500 0.521875 0.539583 0.520312 0.545833 0.520312 0.547917 0.518750 0.556250 0.518750 0.558333 0.517187 0.564583 0.517187 0.572917 0.510938 0.575000 0.510938 0.581250 0.506250 0.581250 0.504687 0.579167 0.503125 0.577083 0.498437 0.570833 0.495313 0.527083 0.495313 0.520833 0.498437 0.520833 0.500000 0.514583 0.507812 0.514583 0.510938 0.512500 0.512500
8 0.502083 0.529688 0.504167 0.542188 0.506250 0.543750 0.506250 0.551562 0.508333 0.554688 0.525000 0.551562 0.531250 0.548437 0.543750 0.548437 0.545833 0.546875 0.589583 0.546875 0.595833 0.542188 0.597917 0.542188 0.597917 0.531250 0.572917 0.532812 0.570833 0.534375 0.556250 0.534375 0.552083 0.535937 0.550000 0.534375 0.531250 0.534375 0.529167 0.532812 0.520833 0.532812 0.518750 0.531250
8 0.572917 0.576563 0.570833 0.575000 0.570833 0.564062 0.568750 0.562500 0.566667 0.557813 0.556250 0.557813 0.554167 0.559375 0.541667 0.559375 0.527083 0.565625 0.525000 0.564062 0.518750 0.564062 0.514583 0.567187 0.514583 0.573438 0.525000 0.581250 0.541667 0.581250 0.543750 0.579687 0.554167 0.579687 0.556250 0.578125 0.564583 0.578125 0.566667 0.576563
8 0.506250 0.579687 0.508333 0.607813 0.514583 0.609375 0.529167 0.596875 0.556250 0.595312 0.570833 0.598437 0.577083 0.601562 0.579167 0.600000 0.604167 0.598437 0.620833 0.592188 0.612500 0.584375 0.600000 0.579687 0.589583 0.579687 0.566667 0.584375 0.539583 0.585938 0.525000 0.589063 0.514583 0.581250
8 0.850000 0.615625 0.850000 0.681250 0.862500 0.709375 0.854167 0.731250 0.860417 0.768750 0.852083 0.798437 0.870833 0.807813 0.870833 0.831250 0.887500 0.831250 0.885417 0.804688 0.904167 0.809375 0.914583 0.795313 0.902083 0.770312 0.891667 0.770312 0.891667 0.742188 0.895833 0.737500 0.912500 0.740625 0.916667 0.715625 0.902083 0.706250 0.912500 0.635938 0.900000 0.618750 0.885417 0.634375 0.887500 0.654688 0.879167 0.656250 0.866667 0.621875
8 0.583333 0.670313 0.547917 0.681250 0.516667 0.668750 0.487500 0.668750 0.418750 0.700000 0.381250 0.701563 0.379167 0.715625 0.416667 0.715625 0.429167 0.728125 0.458333 0.729688 0.522917 0.743750 0.535417 0.718750 0.587500 0.715625
8 0.400000 0.814062 0.281250 0.821875 0.281250 0.867188 0.283333 0.871875 0.393750 0.860937
8 0.393750 0.868750 0.260417 0.882812 0.247917 0.929688 0.247917 0.946875 0.397917 0.929688