1 0.091667 0.565625 0.022917 0.571875 0.016667 0.990625 0.139583 0.989062 0.143750 0.942187 0.129167 0.875000 0.118750 0.867188 0.085417 0.867188 0.064583 0.878125 0.054167 0.859375 0.062500 0.843750 0.116667 0.845312 0.127083 0.832812 0.108333 0.573438
2 0.983333 0.171875 0.631250 0.315625 0.683333 0.315625 0.687500 0.326562 0.839583 0.325000 0.837500 0.356250 0.785417 0.357812 0.783333 0.428125 0.793750 0.434375 0.985417 0.434375
2 0.727083 0.356250 0.727083 0.367188 0.725000 0.368750 0.720833 0.404687 0.718750 0.406250 0.718750 0.415625 0.716667 0.417188 0.716667 0.428125 0.750000 0.428125 0.754167 0.429688 0.754167 0.356250
2 0.445833 0.470313 0.443750 0.489062 0.427083 0.478125 0.435417 0.575000 0.445833 0.585938 0.447917 0.565625 0.435417 0.557813 0.443750 0.551562 0.445833 0.557813 0.472917 0.557813 0.475000 0.570312 0.506250 0.590625 0.506250 0.479688 0.477083 0.476562 0.472917 0.557813 0.462500 0.468750
2 0.731250 0.520312 0.610417 0.526563 0.608333 0.528125 0.608333 0.573438 0.641667 0.571875 0.650000 0.581250 0.729167 0.575000
2 0.541667 0.575000 0.502083 0.601562 0.520833 0.765625 0.558333 0.768750
2 0.443750 0.592188 0.445833 0.665625 0.447917 0.667188 0.447917 0.671875 0.460417 0.684375 0.460417 0.601562 0.462500 0.600000 0.462500 0.592188
2 0.477083 0.596875 0.470833 0.690625 0.512500 0.743750 0.489583 0.618750 0.481250 0.600000
2 0.743750 0.642187 0.739583 0.642187 0.737500 0.643750 0.729167 0.643750 0.727083 0.645312 0.720833 0.645312 0.718750 0.646875 0.712500 0.646875 0.712500 0.648438 0.710417 0.650000 0.710417 0.676562 0.737500 0.676562 0.737500 0.668750 0.739583 0.667188 0.739583 0.660937 0.741667 0.659375 0.741667 0.651563 0.743750 0.650000
2 0.768750 0.656250 0.762500 0.718750 0.772917 0.717188 0.870833 0.717188 0.770833 0.654688
2 0.435417 0.678125 0.433333 0.679688 0.433333 0.718750 0.437500 0.718750 0.439583 0.717188 0.443750 0.717188 0.445833 0.715625 0.450000 0.715625 0.452083 0.714063 0.456250 0.714063 0.458333 0.712500 0.462500 0.712500 0.464583 0.710938 0.466667 0.710938 0.466667 0.709375 0.460417 0.704687 0.460417 0.703125 0.456250 0.700000 0.456250 0.698438 0.450000 0.693750 0.450000 0.692187 0.443750 0.687500 0.443750 0.685938 0.437500 0.681250 0.437500 0.679688
2 0.985417 0.706250 0.897917 0.710938 0.912500 0.723437 0.908333 0.757812 0.572917 0.793750 0.575000 0.825000 0.545833 0.825000 0.510417 0.782812 0.529167 0.814062 0.531250 0.860937 0.579167 0.865625 0.629167 0.940625 0.625000 0.989062 0.985417 0.989062
3 0.118750 0.567187 0.137500 0.801562 0.345833 0.779688 0.354167 0.829687 0.372917 0.829687 0.368750 0.800000 0.387500 0.789062 0.385417 0.771875 0.404167 0.768750 0.400000 0.751562 0.197917 0.745313 0.193750 0.615625 0.343750 0.604688 0.352083 0.676562 0.402083 0.673437 0.391667 0.642187 0.358333 0.642187 0.347917 0.575000 0.331250 0.562500
3 0.335417 0.785937 0.172917 0.801562 0.179167 0.829687 0.339583 0.812500
3 0.575000 0.867188 0.520833 0.867188 0.360417 0.884375 0.370833 0.909375 0.362500 0.937500 0.364583 0.989062 0.612500 0.985937 0.616667 0.934375
5 0.368750 0.317187 0.525000 0.354688 0.541667 0.414062 0.562500 0.351562 0.385417 0.312500 0.566667 0.346875 0.570833 0.417188 0.681250 0.434375 0.679167 0.351562 0.708333 0.350000 0.704167 0.437500 0.454167 0.420312 0.743750 0.487500 0.750000 0.684375 0.700000 0.685938 0.700000 0.639063 0.745833 0.635938 0.702083 0.595312 0.731250 0.584375 0.606250 0.589063 0.608333 0.731250 0.725000 0.723437 0.689583 0.698438 0.729167 0.693750 0.752083 0.721875 0.762500 0.640625 0.872917 0.712500 0.987500 0.698438 0.918750 0.650000 0.987500 0.673437 0.920833 0.618750 0.979167 0.614062 0.922917 0.579687 0.989583 0.445312 0.706250 0.435937 0.714583 0.353125 0.764583 0.350000 0.772917 0.431250 0.775000 0.353125 0.827083 0.337500 0.414583 0.293750
5 0.427083 0.567187 0.402083 0.568750 0.400000 0.570312 0.389583 0.570312 0.375000 0.573438 0.362500 0.573438 0.362500 0.579687 0.370833 0.579687 0.372917 0.581250 0.377083 0.629687 0.379167 0.631250 0.370833 0.632812 0.372917 0.635938 0.375000 0.634375 0.427083 0.629687
5 0.477083 0.718750 0.397917 0.731250 0.402083 0.742188 0.414583 0.745313 0.418750 0.767187 0.431250 0.778125 0.414583 0.785937 0.425000 0.796875 0.412500 0.796875 0.406250 0.790625 0.379167 0.800000 0.381250 0.843750 0.375000 0.851562 0.383333 0.876562 0.527083 0.862500 0.522917 0.814062 0.504167 0.781250 0.452083 0.789062 0.518750 0.773438
6 0.425000 0.454688 0.441667 0.484375 0.441667 0.467187 0.464583 0.468750 0.468750 0.512500 0.470833 0.468750 0.508333 0.476562 0.510417 0.589063 0.543750 0.570312 0.568750 0.770312 0.520833 0.770312 0.554167 0.818750 0.566667 0.818750 0.564583 0.785937 0.900000 0.748438 0.889583 0.721875 0.606250 0.735937 0.597917 0.521875 0.737500 0.510938 0.739583 0.489062
6 0.452083 0.562500 0.450000 0.564062 0.450000 0.585938 0.462500 0.585938 0.477083 0.592188 0.485417 0.598437 0.495833 0.615625 0.495833 0.610937 0.493750 0.609375 0.493750 0.601562 0.502083 0.595312 0.466667 0.570312 0.466667 0.562500
7 0.016667 0.351562 0.016667 0.396875 0.039583 0.451562 0.479167 0.446875 0.472917 0.435937 0.447917 0.426562 0.452083 0.404687 0.525000 0.412500 0.522917 0.360938 0.472917 0.348437
7 0.041667 0.456250 0.068750 0.537500 0.420833 0.525000 0.416667 0.454688
7 0.320833 0.823438 0.320833 0.839063 0.327083 0.839063 0.329167 0.837500 0.337500 0.837500 0.339583 0.835938 0.345833 0.835938 0.345833 0.823438
7 0.283333 0.853125 0.272917 0.853125 0.270833 0.854688 0.256250 0.854688 0.256250 0.876562 0.281250 0.876562 0.281250 0.865625 0.283333 0.864062
7 0.281250 0.879687 0.262500 0.881250 0.258333 0.910937 0.200000 0.914062 0.195833 0.989062 0.287500 0.984375
7 0.356250 0.903125 0.352083 0.903125 0.341667 0.907812 0.337500 0.907812 0.331250 0.910937 0.327083 0.910937 0.318750 0.914062 0.318750 0.948438 0.320833 0.951563 0.325000 0.951563 0.327083 0.950000 0.333333 0.950000 0.335417 0.948438 0.339583 0.948438 0.347917 0.945312 0.354167 0.945312 0.356250 0.943750 0.360417 0.943750 0.358333 0.940625 0.358333 0.921875 0.356250 0.920313
7 0.358333 0.953125 0.352083 0.953125 0.350000 0.954687 0.341667 0.954687 0.339583 0.956250 0.333333 0.956250 0.331250 0.957812 0.325000 0.957812 0.322917 0.959375 0.322917 0.967188 0.320833 0.968750 0.320833 0.978125 0.318750 0.979688 0.318750 0.987500 0.320833 0.985937 0.339583 0.985937 0.341667 0.984375 0.358333 0.984375
8 0.331250 0.620313 0.220833 0.623438 0.225000 0.745313 0.341667 0.737500
8 0.162500 0.810938 0.145833 0.837500 0.143750 0.810938 0.141667 0.839063 0.131250 0.840625 0.120833 0.854688 0.081250 0.857813 0.064583 0.851562 0.066667 0.868750 0.085417 0.856250 0.122917 0.856250 0.129167 0.867188 0.139583 0.870313 0.143750 0.929688 0.147917 0.929688 0.145833 0.889063 0.150000 0.889063 0.154167 0.901563 0.158333 0.889063 0.147917 0.857813 0.156250 0.854688 0.156250 0.843750 0.150000 0.845312 0.147917 0.839063