1 0.968750 0.010937 0.410417 0.015625 0.520833 0.028125 0.497917 0.185937 0.304167 0.171875 0.293750 0.014062 0.268750 0.168750 0.075000 0.165625 0.012500 0.014062 0.014583 0.192188 0.362500 0.220313 0.352083 0.535937 0.410417 0.540625 0.441667 0.268750 0.491667 0.268750 0.493750 0.315625 0.525000 0.317187 0.547917 0.206250 0.787500 0.218750 0.756250 0.162500 0.918750 0.140625 0.929167 0.085938 0.679167 0.095312 0.637500 0.059375 0.941667 0.046875
1 0.014583 0.507812 0.016667 0.987500 0.097917 0.982813 0.114583 0.862500
1 0.418750 0.571875 0.418750 0.575000 0.416667 0.576563 0.416667 0.625000 0.468750 0.625000 0.470833 0.626562 0.475000 0.626562 0.475000 0.604688 0.483333 0.589063 0.481250 0.587500 0.481250 0.582812 0.479167 0.581250 0.431250 0.578125
3 0.012500 0.200000 0.014583 0.475000 0.045833 0.573438 0.141667 0.567187 0.341667 0.576563 0.356250 0.223438
3 0.577083 0.206250 0.947917 0.831250 0.854167 0.985937 0.987500 0.987500 0.983333 0.301562 0.927083 0.257812 0.897917 0.262500 0.785417 0.221875
3 0.547917 0.209375 0.541667 0.407813 0.495833 0.490625 0.522917 0.573438 0.491667 0.578125 0.481250 0.757812 0.466667 0.712500 0.447917 0.718750 0.464583 0.982813 0.491667 0.985937 0.554167 0.537500 0.689583 0.985937 0.843750 0.982813 0.941667 0.831250
3 0.550000 0.657812 0.493750 0.900000 0.500000 0.984375 0.681250 0.982813 0.583333 0.657812
3 0.116667 0.720312 0.093750 0.768750 0.118750 0.865625 0.100000 0.987500 0.337500 0.982813 0.347917 0.718750
5 0.989583 0.029687 0.977083 0.014062 0.972917 0.029687 0.943750 0.054688 0.912500 0.054688 0.881250 0.039062 0.647917 0.060938 0.679167 0.090625 0.895833 0.081250 0.989583 0.084375
5 0.987500 0.250000 0.987500 0.135937 0.764583 0.160938 0.789583 0.212500 0.895833 0.257812
7 0.302083 0.010937 0.308333 0.170312 0.497917 0.182812 0.514583 0.028125
7 0.041667 0.014062 0.075000 0.160938 0.270833 0.165625 0.262500 0.015625
7 0.493750 0.646875 0.481250 0.631250 0.391667 0.628125 0.387500 0.542188 0.354167 0.542188 0.350000 0.579687 0.114583 0.573438 0.139583 0.701563 0.397917 0.696875 0.377083 0.685938 0.368750 0.665625 0.385417 0.637500 0.381250 0.681250 0.408333 0.692187 0.408333 0.679688 0.391667 0.665625 0.402083 0.642187
8 0.441667 0.317187 0.433333 0.379687 0.489583 0.381250 0.518750 0.396875 0.510417 0.398438 0.489583 0.385938 0.460417 0.385938 0.454167 0.442187 0.458333 0.448438 0.472917 0.448438 0.487500 0.460938 0.512500 0.467187 0.520833 0.401563 0.525000 0.400000 0.533333 0.406250 0.541667 0.339063 0.531250 0.323438 0.497917 0.326562 0.483333 0.318750
8 0.585417 0.317187 0.552083 0.503125 0.612500 0.693750 0.679167 0.485938
8 0.420833 0.521875 0.420833 0.551562 0.433333 0.571875 0.487500 0.573438 0.489583 0.575000 0.514583 0.571875 0.514583 0.531250 0.516667 0.526563 0.512500 0.525000 0.491667 0.525000 0.489583 0.523438 0.443750 0.521875 0.441667 0.520312 0.422917 0.520312
8 0.356250 0.753125 0.356250 0.807813 0.368750 0.807813 0.370833 0.806250 0.381250 0.806250 0.381250 0.756250 0.379167 0.754687 0.366667 0.754687 0.364583 0.753125