1 0.206250 0.010937 0.204167 0.018750 0.350000 0.034375 0.370833 0.023438 0.356250 0.234375 0.331250 0.242188 0.483333 0.239063 0.460417 0.223438 0.477083 0.190625 0.510417 0.189063 0.518750 0.090625 0.443750 0.092188 0.420833 0.060938 0.429167 0.050000 0.514583 0.051562 0.520833 0.015625
1 0.306250 0.262500 0.308333 0.270312 0.335417 0.290625 0.354167 0.346875 0.350000 0.362500 0.352083 0.357812 0.477083 0.359375 0.477083 0.332812 0.497917 0.325000 0.500000 0.306250 0.464583 0.298438 0.454167 0.282813 0.404167 0.265625 0.356250 0.264062 0.366667 0.273438 0.408333 0.276563 0.435417 0.290625 0.418750 0.314063 0.335417 0.289062
1 0.495833 0.389062 0.364583 0.395312 0.352083 0.368750 0.347917 0.425000 0.210417 0.428125 0.204167 0.457812 0.270833 0.459375 0.279167 0.482812 0.335417 0.495313 0.335417 0.609375 0.343750 0.593750 0.377083 0.598437 0.420833 0.567187 0.420833 0.495313 0.377083 0.495313 0.366667 0.459375 0.435417 0.457812 0.450000 0.417188 0.489583 0.407813
1 0.331250 0.618750 0.316667 0.629687 0.277083 0.629687 0.264583 0.971875 0.318750 0.968750 0.358333 0.957812 0.356250 0.832812 0.291667 0.834375 0.291667 0.795313 0.339583 0.790625 0.287500 0.756250 0.295833 0.678125 0.329167 0.643750
3 0.983333 0.017188 0.639583 0.014062 0.597917 0.384375 0.633333 0.012500 0.520833 0.040625 0.502083 0.406250 0.556250 0.482812 0.452083 0.420312 0.435417 0.553125 0.527083 0.631250 0.497917 0.948438 0.614583 0.942187 0.564583 0.812500 0.587500 0.857813 0.985417 0.837500 0.979167 0.782812 0.554167 0.790625 0.977083 0.775000 0.985417 0.696875 0.583333 0.703125 0.556250 0.754687 0.583333 0.506250 0.577083 0.698438 0.983333 0.690625 0.987500 0.504687 0.643750 0.495313 0.983333 0.495313
3 0.016667 0.462500 0.016667 0.746875 0.264583 0.739062 0.270833 0.460938
3 0.258333 0.745313 0.025000 0.750000 0.018750 0.929688 0.262500 0.914062
3 0.979167 0.842188 0.593750 0.862500 0.622917 0.943750 0.729167 0.940625 0.262500 0.973437 0.258333 0.925000 0.016667 0.935938 0.014583 0.987500 0.989583 0.989062
7 0.337500 0.059375 0.018750 0.021875 0.022917 0.451562 0.156250 0.439063 0.172917 0.428125 0.154167 0.409375 0.179167 0.390625 0.258333 0.364062 0.247917 0.296875 0.275000 0.235938 0.247917 0.220313 0.245833 0.198437 0.281250 0.170312 0.291667 0.107813
7 0.581250 0.060938 0.533333 0.079687 0.529167 0.087500 0.525000 0.246875 0.568750 0.239063
7 0.514583 0.268750 0.512500 0.240625 0.431250 0.245312 0.339583 0.242188 0.304167 0.257812 0.350000 0.290625 0.404167 0.307813 0.425000 0.284375 0.391667 0.275000 0.358333 0.276563 0.339583 0.264062 0.381250 0.260938 0.460417 0.270312 0.464583 0.296875 0.491667 0.304688 0.504167 0.304688
7 0.525000 0.268750 0.518750 0.384375 0.552083 0.393750 0.560417 0.268750
8 0.422917 0.060938 0.422917 0.070312 0.435417 0.084375 0.470833 0.084375 0.472917 0.085938 0.497917 0.085938 0.500000 0.087500 0.520833 0.087500 0.525000 0.089062 0.522917 0.087500 0.520833 0.057813 0.516667 0.056250 0.495833 0.056250 0.493750 0.054688 0.429167 0.051562
8 0.481250 0.195312 0.477083 0.200000 0.477083 0.229687 0.479167 0.229687 0.481250 0.231250 0.487500 0.231250 0.489583 0.232812 0.493750 0.232812 0.495833 0.234375 0.500000 0.234375 0.502083 0.235938 0.506250 0.235938 0.508333 0.237500 0.512500 0.237500 0.514583 0.239063 0.514583 0.195312
8 0.275000 0.203125 0.268750 0.228125 0.272917 0.228125 0.275000 0.226562 0.304167 0.226562 0.314583 0.232812 0.322917 0.229687 0.335417 0.229687 0.339583 0.235938 0.347917 0.239063 0.347917 0.214062 0.343750 0.210938 0.337500 0.214062 0.327083 0.214062 0.318750 0.210938 0.312500 0.210938 0.306250 0.207813 0.291667 0.207813 0.287500 0.210938 0.277083 0.203125
8 0.285417 0.279687 0.270833 0.290625 0.270833 0.303125 0.268750 0.304688 0.268750 0.334375 0.289583 0.343750 0.297917 0.337500 0.308333 0.332812 0.308333 0.331250 0.329167 0.314063 0.337500 0.304688 0.318750 0.290625 0.289583 0.279687
8 0.508333 0.326562 0.485417 0.329688 0.479167 0.360938 0.360417 0.362500 0.358333 0.385938 0.508333 0.387500 0.508333 0.362500 0.512500 0.360938
8 0.372917 0.462500 0.372917 0.475000 0.375000 0.476562 0.375000 0.492188 0.377083 0.493750 0.427083 0.493750 0.429167 0.495313 0.433333 0.495313 0.433333 0.468750 0.435417 0.467187 0.431250 0.465625 0.412500 0.465625 0.410417 0.464063 0.391667 0.464063 0.389583 0.462500
8 0.277083 0.487500 0.279167 0.625000 0.316667 0.628125 0.333333 0.615625 0.333333 0.495313
8 0.310417 0.675000 0.493750 0.662500 0.495833 0.632812 0.462500 0.623438 0.437500 0.603125 0.383333 0.601562 0.352083 0.596875 0.339583 0.617188 0.331250 0.643750
8 0.479167 0.676562 0.450000 0.676562 0.445833 0.717188 0.441667 0.676562 0.308333 0.681250 0.297917 0.757812 0.341667 0.790625 0.481250 0.782812 0.483333 0.756250 0.462500 0.746875 0.485417 0.748438 0.506250 0.737500 0.497917 0.698438
8 0.487500 0.792188 0.300000 0.800000 0.295833 0.803125 0.295833 0.826563 0.477083 0.840625 0.489583 0.823438
8 0.358333 0.834375 0.364583 0.954687 0.487500 0.940625 0.485417 0.915625 0.475000 0.881250 0.475000 0.868750 0.483333 0.846875