1 0.016667 0.234375 0.020833 0.379687 0.241667 0.376563 0.227083 0.362500 0.241667 0.339063 0.050000 0.337500
1 0.041667 0.384375 0.137500 0.681250 0.018750 0.390625 0.014583 0.831250 0.060417 0.682813 0.022917 0.542188 0.068750 0.681250 0.135417 0.693750 0.064583 0.687500 0.014583 0.987500 0.064583 0.978125 0.043750 0.906250 0.072917 0.903125 0.129167 0.706250 0.108333 0.985937 0.156250 0.679688 0.066667 0.384375
2 0.906250 0.014062 0.910417 0.037500 0.912500 0.039062 0.912500 0.046875 0.916667 0.056250 0.968750 0.059375 0.970833 0.060938 0.987500 0.060938 0.989583 0.062500 0.989583 0.014062
2 0.975000 0.534375 0.968750 0.534375 0.958333 0.539062 0.943750 0.539062 0.931250 0.545313 0.931250 0.598437 0.937500 0.598437 0.947917 0.606250 0.966667 0.601562 0.983333 0.600000 0.985417 0.546875 0.987500 0.545313
2 0.687500 0.682813 0.658333 0.689062 0.658333 0.695312 0.689583 0.796875 0.693750 0.796875 0.702083 0.792188 0.704167 0.784375 0.691667 0.757812 0.691667 0.746875 0.743750 0.739062 0.747917 0.726562 0.779167 0.710938 0.702083 0.684375
2 0.983333 0.864062 0.910417 0.859375 0.727083 0.890625 0.752083 0.982813 0.985417 0.987500
3 0.135417 0.496875 0.164583 0.614062 0.243750 0.610937 0.243750 0.545313 0.252083 0.542188 0.504167 0.537500 0.497917 0.521875 0.406250 0.520312 0.402083 0.498437
3 0.514583 0.553125 0.508333 0.543750 0.250000 0.548437 0.250000 0.609375 0.512500 0.600000
3 0.381250 0.614062 0.400000 0.981250 0.743750 0.985937 0.716667 0.896875 0.506250 0.920313 0.464583 0.839063 0.479167 0.826563 0.685417 0.801562 0.650000 0.687500 0.447917 0.712500 0.420833 0.673437 0.610417 0.646875 0.512500 0.609375
3 0.318750 0.612500 0.179167 0.621875 0.191667 0.654688 0.170833 0.778125 0.250000 0.775000 0.254167 0.693750 0.327083 0.701563 0.329167 0.643750
5 0.460417 0.112500 0.579167 0.123438 0.685417 0.142188 0.754167 0.056250 0.514583 0.020312 0.491667 0.020312
5 0.429167 0.035937 0.427083 0.037500 0.427083 0.053125 0.425000 0.054688 0.425000 0.070312 0.422917 0.071875 0.422917 0.090625 0.427083 0.090625 0.441667 0.095312 0.447917 0.095312 0.456250 0.098438 0.458333 0.087500 0.462500 0.081250 0.464583 0.070312 0.466667 0.068750 0.470833 0.053125 0.475000 0.046875 0.475000 0.040625 0.464583 0.040625 0.462500 0.039062 0.452083 0.039062 0.450000 0.037500
5 0.989583 0.112500 0.985417 0.115625 0.983333 0.139062 0.937500 0.140625 0.935417 0.131250 0.960417 0.117188 0.912500 0.115625 0.910417 0.184375 0.943750 0.187500 0.939583 0.151562 0.981250 0.150000 0.985417 0.153125 0.981250 0.187500 0.987500 0.187500
5 0.637500 0.178125 0.635417 0.539062 0.989583 0.528125 0.987500 0.500000 0.691667 0.504687 0.693750 0.420312 0.989583 0.426562 0.985417 0.398438 0.902083 0.393750 0.904167 0.375000 0.985417 0.375000 0.987500 0.351562 0.900000 0.345313 0.902083 0.325000 0.985417 0.326562 0.985417 0.304688 0.687500 0.293750 0.687500 0.218750 0.987500 0.229687 0.985417 0.195312
5 0.408333 0.434375 0.414583 0.514063 0.491667 0.514063 0.460417 0.506250 0.422917 0.504687 0.425000 0.495313 0.475000 0.495313 0.491667 0.479688 0.460417 0.476562 0.456250 0.465625 0.450000 0.462500 0.422917 0.460938 0.422917 0.440625 0.462500 0.440625 0.460417 0.435937
5 0.931250 0.609375 0.931250 0.623438 0.933333 0.625000 0.935417 0.623438 0.960417 0.623438 0.962500 0.621875 0.987500 0.621875 0.987500 0.609375 0.977083 0.609375 0.975000 0.610937 0.962500 0.610937 0.960417 0.612500 0.950000 0.612500 0.947917 0.614062 0.945833 0.612500 0.941667 0.612500 0.939583 0.610937 0.935417 0.610937 0.933333 0.609375
5 0.685417 0.676562 0.620833 0.653125 0.529167 0.665625 0.431250 0.673437 0.447917 0.704687
5 0.985417 0.664062 0.933333 0.667188 0.950000 0.823438 0.858333 0.848437 0.770833 0.843750 0.762500 0.800000 0.737500 0.793750 0.481250 0.832812 0.508333 0.910937 0.693750 0.893750 0.908333 0.853125 0.987500 0.854688
6 0.989583 0.068750 0.910417 0.064062 0.897917 0.015625 0.793750 0.018750 0.656250 0.175000 0.906250 0.184375 0.908333 0.114063 0.989583 0.109375
6 0.629167 0.203125 0.591667 0.254687 0.593750 0.312500 0.587500 0.318750 0.595833 0.329688 0.600000 0.401563 0.616667 0.395312 0.627083 0.398438
6 0.925000 0.759375 0.920833 0.535937 0.866667 0.564062 0.802083 0.576563 0.714583 0.542188 0.739583 0.560938 0.762500 0.564062 0.775000 0.587500 0.772917 0.607813 0.745833 0.623438 0.737500 0.676562 0.677083 0.659375 0.658333 0.637500 0.637500 0.650000 0.595833 0.620313 0.579167 0.592188 0.572917 0.631250
7 0.014583 0.014062 0.014583 0.145313 0.206250 0.151562 0.160417 0.014062
7 0.175000 0.014062 0.220833 0.132812 0.527083 0.157813 0.545833 0.140625 0.539583 0.189063 0.564583 0.179688 0.595833 0.131250 0.456250 0.118750 0.416667 0.090625 0.422917 0.031250 0.472917 0.035937 0.487500 0.018750 0.647917 0.034375 0.670833 0.017188
7 0.014583 0.173438 0.016667 0.217187 0.054167 0.329688 0.125000 0.328125 0.181250 0.335938 0.152083 0.185937 0.102083 0.185937 0.095833 0.189063
7 0.187500 0.382812 0.202083 0.451562 0.402083 0.456250 0.404167 0.432813 0.454167 0.431250 0.497917 0.418750 0.481250 0.410937 0.477083 0.392188 0.456250 0.392188 0.437500 0.401563 0.412500 0.382812 0.370833 0.417188 0.347917 0.423438 0.337500 0.421875 0.337500 0.403125 0.314583 0.414062 0.287500 0.401563 0.297917 0.389062 0.277083 0.396875 0.243750 0.381250
7 0.041667 0.529688 0.041667 0.534375 0.043750 0.535937 0.043750 0.542188 0.045833 0.543750 0.045833 0.550000 0.047917 0.551562 0.047917 0.557813 0.050000 0.559375 0.081250 0.559375 0.083333 0.560938 0.085417 0.560938 0.083333 0.559375 0.083333 0.556250 0.081250 0.554688 0.081250 0.550000 0.079167 0.548437 0.079167 0.545313 0.077083 0.543750 0.077083 0.539062 0.075000 0.537500 0.075000 0.534375 0.072917 0.532812 0.072917 0.529688
7 0.314583 0.843750 0.197917 0.845312 0.191667 0.848437 0.181250 0.975000 0.316667 0.967188 0.327083 0.957812 0.343750 0.873438 0.331250 0.867188 0.327083 0.854688
8 0.256250 0.168750 0.225000 0.195312 0.233333 0.225000 0.281250 0.251563 0.266667 0.300000 0.258333 0.303125 0.241667 0.278125 0.227083 0.281250 0.235417 0.303125 0.187500 0.298438 0.197917 0.328125 0.258333 0.321875 0.239583 0.364062 0.277083 0.385938 0.308333 0.381250 0.306250 0.403125 0.358333 0.393750 0.358333 0.409375 0.375000 0.410937 0.397917 0.381250 0.420833 0.379687 0.439583 0.396875 0.447917 0.385938 0.481250 0.382812 0.487500 0.407813 0.520833 0.412500 0.537500 0.348437 0.577083 0.318750 0.543750 0.315625 0.554167 0.306250 0.537500 0.293750 0.493750 0.282813 0.508333 0.251563 0.462500 0.265625 0.416667 0.264062 0.408333 0.254687 0.429167 0.245312 0.420833 0.231250 0.395833 0.229687 0.406250 0.212500 0.347917 0.204688 0.354167 0.176563 0.268750 0.181250 0.270833 0.168750
8 0.604167 0.178125 0.595833 0.195312 0.595833 0.200000 0.593750 0.201562 0.583333 0.200000 0.583333 0.187500 0.579167 0.185937 0.577083 0.196875 0.583333 0.207813 0.570833 0.215625 0.556250 0.215625 0.572917 0.242188 0.566667 0.250000 0.566667 0.254687 0.570833 0.254687 0.589583 0.246875 0.591667 0.240625 0.616667 0.214062 0.608333 0.214062 0.595833 0.206250 0.604167 0.195312
8 0.510417 0.214062 0.487500 0.231250 0.489583 0.232812 0.491667 0.232812 0.493750 0.234375 0.495833 0.234375 0.497917 0.235938 0.500000 0.235938 0.502083 0.237500 0.504167 0.237500 0.506250 0.239063 0.508333 0.239063 0.510417 0.240625 0.512500 0.240625 0.518750 0.243750 0.531250 0.234375 0.531250 0.221875 0.533333 0.220313 0.529167 0.217187 0.527083 0.217187 0.520833 0.214062
8 0.583333 0.325000 0.577083 0.325000 0.556250 0.339063 0.543750 0.353125 0.533333 0.375000 0.533333 0.392188 0.539583 0.400000 0.543750 0.400000 0.554167 0.404687 0.572917 0.404687 0.575000 0.403125 0.591667 0.403125 0.593750 0.401563 0.593750 0.392188 0.591667 0.390625 0.591667 0.348437 0.589583 0.346875 0.589583 0.337500
8 0.116667 0.401563 0.104167 0.412500 0.104167 0.426562 0.108333 0.429688 0.112500 0.429688 0.118750 0.434375 0.133333 0.434375 0.135417 0.432813 0.143750 0.432813 0.150000 0.428125 0.152083 0.428125 0.152083 0.426562 0.160417 0.415625 0.158333 0.414062 0.158333 0.410937 0.156250 0.409375 0.156250 0.407813 0.147917 0.401563 0.145833 0.401563 0.143750 0.400000 0.122917 0.400000 0.120833 0.401563
8 0.631250 0.404687 0.629167 0.401563 0.620833 0.401563 0.612500 0.407813 0.550000 0.407813 0.539583 0.403125 0.535417 0.403125 0.525000 0.412500 0.525000 0.425000 0.531250 0.429688 0.533333 0.434375 0.616667 0.434375 0.618750 0.435937 0.620833 0.431250 0.627083 0.426562 0.627083 0.417188 0.629167 0.415625 0.629167 0.406250
8 0.689583 0.428125 0.693750 0.501562 0.887500 0.496875 0.887500 0.490625 0.879167 0.479688 0.814583 0.425000
8 0.625000 0.446875 0.622917 0.446875 0.618750 0.450000 0.616667 0.450000 0.614583 0.451562 0.602083 0.451562 0.600000 0.450000 0.583333 0.450000 0.591667 0.460938 0.591667 0.468750 0.589583 0.470313 0.585417 0.470313 0.587500 0.470313 0.602083 0.476562 0.604167 0.475000 0.608333 0.475000 0.610417 0.473437 0.614583 0.473437 0.627083 0.464063 0.627083 0.462500 0.622917 0.457812 0.622917 0.448438
8 0.512500 0.489062 0.510417 0.503125 0.520833 0.520312 0.543750 0.528125 0.572917 0.526563 0.593750 0.521875 0.625000 0.525000 0.629167 0.467187 0.610417 0.481250 0.591667 0.487500 0.558333 0.489062 0.541667 0.493750 0.539583 0.492188 0.570833 0.476562 0.583333 0.467187 0.581250 0.456250 0.570833 0.450000 0.533333 0.465625
8 0.577083 0.529688 0.572917 0.534375 0.556250 0.534375 0.541667 0.545313 0.525000 0.545313 0.520833 0.548437 0.522917 0.579687 0.516667 0.598437 0.516667 0.606250 0.535417 0.620313 0.562500 0.629687 0.575000 0.618750 0.577083 0.553125 0.579167 0.551562
8 0.739583 0.540625 0.775000 0.560938 0.787500 0.564062 0.841667 0.565625 0.852083 0.564062 0.881250 0.548437 0.887500 0.539062 0.752083 0.539062 0.750000 0.540625
8 0.700000 0.542188 0.622917 0.543750 0.591667 0.557813 0.587500 0.584375 0.606250 0.620313 0.641667 0.643750 0.647917 0.628125 0.658333 0.620313 0.658333 0.615625 0.647917 0.609375 0.647917 0.582812 0.654167 0.565625 0.658333 0.562500 0.727083 0.562500
8 0.656250 0.573438 0.656250 0.579687 0.652083 0.587500 0.652083 0.601562 0.656250 0.607813 0.756250 0.607813 0.762500 0.603125 0.766667 0.595312 0.764583 0.593750 0.762500 0.576563 0.756250 0.567187 0.660417 0.567187
8 0.258333 0.771875 0.320833 0.768750 0.320833 0.725000 0.308333 0.721875 0.295833 0.710938 0.304167 0.709375 0.320833 0.718750 0.350000 0.723437 0.375000 0.721875 0.372917 0.715625 0.314583 0.712500 0.295833 0.701563 0.289583 0.701563 0.287500 0.709375 0.283333 0.710938 0.281250 0.700000 0.264583 0.700000 0.260417 0.704687
8 0.697917 0.753125 0.712500 0.773438 0.714583 0.789062 0.754167 0.785937 0.777083 0.793750 0.770833 0.823438 0.781250 0.842188 0.835417 0.845312 0.891667 0.831250 0.933333 0.826563 0.945833 0.815625 0.927083 0.760938 0.795833 0.715625 0.760417 0.726562 0.750000 0.746875
8 0.104167 0.810938 0.089583 0.832812 0.079167 0.903125 0.054167 0.907812 0.056250 0.926562 0.052083 0.954687 0.075000 0.956250 0.075000 0.971875 0.085417 0.985937 0.106250 0.989062 0.089583 0.939062 0.106250 0.934375 0.106250 0.926562 0.097917 0.925000 0.097917 0.898438 0.112500 0.825000 0.112500 0.812500
8 0.329167 0.850000 0.329167 0.862500 0.331250 0.864062 0.333333 0.864062 0.335417 0.862500 0.387500 0.862500 0.383333 0.857813 0.383333 0.854688 0.381250 0.853125 0.379167 0.848437 0.333333 0.848437 0.331250 0.850000
8 0.383333 0.884375 0.356250 0.885938 0.352083 0.889063 0.347917 0.907812 0.345833 0.909375 0.341667 0.942187 0.337500 0.945312 0.327083 0.960938 0.327083 0.967188 0.354167 0.964063 0.364583 0.959375 0.377083 0.943750 0.377083 0.940625 0.381250 0.935938 0.381250 0.926562 0.383333 0.925000 0.383333 0.896875 0.385417 0.895312