1 0.018750 0.250000 0.016667 0.776563 0.064583 0.739062 0.395833 0.759375 0.162500 0.740625 0.154167 0.512500 0.075000 0.517187 0.062500 0.734375 0.054167 0.503125 0.031250 0.484375 0.039583 0.295312
1 0.420833 0.314063 0.412500 0.503125 0.470833 0.506250 0.472917 0.606250 0.504167 0.607813 0.502083 0.553125 0.481250 0.548437 0.477083 0.518750 0.512500 0.514063 0.512500 0.496875 0.475000 0.485938 0.470833 0.464063 0.485417 0.440625 0.466667 0.432813 0.466667 0.403125 0.506250 0.400000 0.504167 0.357812 0.475000 0.356250 0.443750 0.317187
2 0.985417 0.292188 0.891667 0.367188 0.885417 0.709375 0.939583 0.721875 0.977083 0.696875
3 0.016667 0.010937 0.016667 0.103125 0.083333 0.110937 0.139583 0.214062 0.047917 0.220313 0.016667 0.123438 0.037500 0.485938 0.079167 0.504687 0.402083 0.514063 0.400000 0.240625 0.318750 0.235938 0.456250 0.239063 0.485417 0.137500 0.639583 0.137500 0.647917 0.020312
3 0.989583 0.014062 0.670833 0.017188 0.677083 0.207813 0.579167 0.350000 0.575000 0.778125 0.643750 0.775000 0.643750 0.696875 0.672917 0.693750 0.710417 0.720312 0.883333 0.712500 0.887500 0.353125 0.987500 0.275000
3 0.662500 0.139062 0.645833 0.139062 0.637500 0.206250 0.591667 0.289062 0.572917 0.293750 0.570833 0.318750 0.552083 0.342187 0.550000 0.439063 0.560417 0.465625 0.552083 0.506250 0.562500 0.554688 0.570833 0.351562 0.662500 0.196875
3 0.572917 0.560938 0.566667 0.562500 0.568750 0.720312 0.543750 0.720312 0.545833 0.734375 0.550000 0.735937 0.554167 0.775000 0.568750 0.778125
3 0.018750 0.770312 0.018750 0.989062 0.389583 0.985937 0.397917 0.912500 0.354167 0.850000 0.354167 0.821875 0.383333 0.798437 0.410417 0.796875 0.402083 0.762500 0.056250 0.754687
6 0.662500 0.700000 0.637500 0.781250 0.708333 0.840625 0.831250 0.837500 0.866667 0.903125 0.883333 0.982813 0.983333 0.987500 0.985417 0.906250 0.860417 0.871875 0.835417 0.773438 0.960417 0.740625 0.937500 0.723437 0.897917 0.715625 0.733333 0.737500
7 0.458333 0.515625 0.179167 0.520312 0.172917 0.737500 0.450000 0.740625 0.452083 0.635938 0.506250 0.635938 0.518750 0.654688 0.537500 0.625000 0.468750 0.617188 0.454167 0.628125
8 0.012500 0.104687 0.045833 0.217187 0.137500 0.214062 0.081250 0.110937
8 0.091667 0.117188 0.154167 0.218750 0.287500 0.228125 0.243750 0.118750
8 0.266667 0.126563 0.302083 0.225000 0.431250 0.226562 0.429167 0.129688
8 0.637500 0.145313 0.487500 0.150000 0.483333 0.154687 0.483333 0.185937 0.468750 0.270312 0.587500 0.285937 0.629167 0.192188
8 0.510417 0.435937 0.510417 0.448438 0.512500 0.450000 0.512500 0.451562 0.550000 0.451562 0.547917 0.450000 0.547917 0.448438 0.545833 0.446875 0.545833 0.445312 0.543750 0.443750 0.543750 0.442187 0.541667 0.440625 0.541667 0.439063 0.539583 0.437500 0.522917 0.437500 0.520833 0.435937
8 0.493750 0.523438 0.493750 0.534375 0.497917 0.537500 0.514583 0.537500 0.516667 0.539062 0.520833 0.539062 0.527083 0.542188 0.529167 0.540625 0.535417 0.540625 0.537500 0.539062 0.550000 0.539062 0.550000 0.537500 0.547917 0.535937 0.547917 0.521875 0.545833 0.521875 0.543750 0.520312 0.504167 0.520312 0.502083 0.521875 0.495833 0.521875
8 0.464583 0.729688 0.464583 0.767187 0.543750 0.768750 0.550000 0.770312 0.547917 0.765625 0.547917 0.735937 0.543750 0.734375 0.525000 0.734375 0.522917 0.732813
8 0.852083 0.781250 0.864583 0.867188 0.983333 0.898438 0.968750 0.750000
8 0.377083 0.815625 0.370833 0.867188 0.400000 0.909375 0.495833 0.918750 0.502083 0.987500 0.733333 0.987500 0.733333 0.962500 0.787500 0.987500 0.877083 0.989062 0.831250 0.839063 0.714583 0.846875 0.710417 0.860937 0.697917 0.850000 0.537500 0.904688 0.704167 0.840625 0.625000 0.789062 0.437500 0.785937