1 0.027083 0.010937 0.014583 0.012500 0.018750 0.407813 0.085417 0.410937 0.106250 0.385938 0.089583 0.271875 0.108333 0.270312 0.039583 0.017188
1 0.466667 0.598437 0.227083 0.603125 0.145833 0.768750 0.104167 0.735937 0.075000 0.631250 0.014583 0.635938 0.014583 0.984375 0.060417 0.987500 0.120833 0.843750 0.070833 0.989062 0.337500 0.987500 0.295833 0.954687 0.366667 0.935938 0.395833 0.946875 0.427083 0.918750 0.464583 0.942187 0.466667 0.923437 0.506250 0.920313 0.508333 0.896875 0.466667 0.882812 0.420833 0.904688 0.362500 0.864062 0.354167 0.821875 0.272917 0.823438 0.229167 0.673437 0.308333 0.657812 0.339583 0.609375 0.427083 0.635938 0.468750 0.625000
2 0.989583 0.015625 0.779167 0.028125 0.766667 0.265625 0.864583 0.265625 0.987500 0.296875
3 0.054167 0.014062 0.112500 0.273438 0.393750 0.264062 0.370833 0.020312
3 0.522917 0.015625 0.527083 0.271875 0.733333 0.260938 0.741667 0.273438 0.566667 0.275000 0.985417 0.585938 0.985417 0.314063 0.866667 0.268750 0.756250 0.270312 0.743750 0.015625
3 0.093750 0.278125 0.110417 0.384375 0.187500 0.325000 0.210417 0.332812 0.227083 0.367188 0.250000 0.557813 0.229167 0.601562 0.306250 0.596875 0.283333 0.437500 0.310417 0.432813 0.287500 0.282813
3 0.579167 0.300000 0.585417 0.331250 0.733333 0.450000 0.745833 0.523438 0.779167 0.539062 0.783333 0.567187 0.818750 0.487500 0.872917 0.545313 0.827083 0.607813 0.829167 0.657812 0.889583 0.746875 0.872917 0.870313 0.733333 0.879687 0.739583 0.896875 0.793750 0.914062 0.825000 0.987500 0.983333 0.987500 0.983333 0.589063
3 0.570833 0.440625 0.304167 0.443750 0.318750 0.598437 0.516667 0.593750 0.516667 0.559375 0.502083 0.546875 0.500000 0.532812 0.566667 0.521875
3 0.587500 0.592188 0.602083 0.625000 0.602083 0.642187 0.604167 0.643750 0.600000 0.650000 0.600000 0.656250 0.652083 0.656250 0.629167 0.623438 0.629167 0.620313 0.608333 0.589063
7 0.322917 0.657812 0.237500 0.665625 0.250000 0.764063 0.360417 0.756250 0.360417 0.706250 0.339583 0.706250 0.335417 0.703125 0.325000 0.675000
8 0.500000 0.143750 0.425000 0.148438 0.422917 0.268750 0.504167 0.268750
8 0.497917 0.278125 0.302083 0.284375 0.314583 0.431250 0.495833 0.428125
8 0.502083 0.278125 0.506250 0.426562 0.533333 0.428125 0.533333 0.378125 0.535417 0.418750 0.541667 0.432813 0.558333 0.418750 0.566667 0.418750 0.570833 0.381250 0.556250 0.379687 0.520833 0.340625 0.527083 0.279687
8 0.537500 0.282813 0.533333 0.284375 0.533333 0.290625 0.531250 0.292188 0.531250 0.320312 0.529167 0.321875 0.527083 0.337500 0.550000 0.353125 0.550000 0.348437 0.552083 0.346875 0.552083 0.342187 0.554167 0.340625 0.554167 0.335938 0.556250 0.334375 0.556250 0.329688 0.558333 0.328125 0.558333 0.323438 0.560417 0.321875 0.560417 0.317187 0.562500 0.315625 0.560417 0.314063 0.560417 0.307813 0.558333 0.306250 0.558333 0.298438 0.556250 0.296875 0.554167 0.282813
8 0.189583 0.331250 0.089583 0.414062 0.016667 0.410937 0.014583 0.631250 0.083333 0.629687 0.110417 0.734375 0.139583 0.745313 0.168750 0.745313 0.245833 0.562500 0.222917 0.362500 0.208333 0.339063
8 0.585417 0.340625 0.568750 0.521875 0.587500 0.550000 0.554167 0.553125 0.539583 0.534375 0.531250 0.542188 0.531250 0.612500 0.552083 0.620313 0.556250 0.598437 0.541667 0.590625 0.556250 0.579687 0.610417 0.584375 0.660417 0.654688 0.725000 0.653125 0.727083 0.596875 0.741667 0.582812 0.733333 0.626562 0.829167 0.648438 0.822917 0.604688 0.864583 0.543750 0.820833 0.495313 0.791667 0.579687 0.750000 0.578125 0.775000 0.571875 0.775000 0.545313 0.731250 0.529688 0.733333 0.470313
8 0.310417 0.642187 0.337500 0.701563 0.362500 0.706250 0.481250 0.629687 0.368750 0.710938 0.358333 0.851562 0.422917 0.900000 0.439583 0.875000 0.416667 0.795313 0.445833 0.878125 0.539583 0.898438 0.583333 0.881250 0.864583 0.862500 0.879167 0.743750 0.814583 0.651563 0.506250 0.662500 0.516667 0.640625 0.520833 0.657812 0.597917 0.629687 0.477083 0.623438 0.475000 0.598437 0.468750 0.631250 0.414583 0.637500 0.383333 0.615625 0.395833 0.632812 0.377083 0.634375 0.345833 0.614062
8 0.822917 0.982813 0.791667 0.923437 0.764583 0.903125 0.529167 0.921875 0.535417 0.985937