1 0.397917 0.856250 0.018750 0.881250 0.012500 0.962500 0.375000 0.934375 0.383333 0.900000 0.397917 0.892187
2 0.989583 0.014062 0.791667 0.017188 0.729167 0.253125 0.710417 0.259375 0.706250 0.307813 0.870833 0.315625 0.887500 0.307813 0.920833 0.310937 0.941667 0.296875 0.985417 0.296875
3 0.012500 0.014062 0.012500 0.207813 0.402083 0.228125 0.422917 0.017188
3 0.452083 0.015625 0.429167 0.017188 0.412500 0.203125 0.416667 0.239063 0.427083 0.237500
3 0.460417 0.015625 0.435417 0.234375 0.716667 0.248437 0.783333 0.015625
3 0.018750 0.214062 0.018750 0.439063 0.116667 0.435937 0.106250 0.245312 0.100000 0.218750
3 0.491667 0.281250 0.472917 0.421875 0.500000 0.345313 0.539583 0.375000 0.550000 0.526563 0.452083 0.540625 0.437500 0.631250 0.477083 0.623438 0.495833 0.648438 0.510417 0.609375 0.558333 0.617188 0.631250 0.506250 0.664583 0.503125 0.762500 0.670313 0.762500 0.725000 0.700000 0.814062 0.652083 0.807813 0.639583 0.778125 0.587500 0.889063 0.539583 0.887500 0.520833 0.801562 0.479167 0.807813 0.531250 0.910937 0.475000 0.957812 0.481250 0.985937 0.791667 0.989062 0.952083 0.701563
3 0.554167 0.314063 0.960417 0.701563 0.804167 0.987500 0.989583 0.985937 0.985417 0.464063 0.845833 0.456250 0.831250 0.376563 0.856250 0.323438
3 0.018750 0.445312 0.020833 0.671875 0.241667 0.675000 0.233333 0.575000 0.091667 0.578125 0.077083 0.446875
3 0.483333 0.453125 0.481250 0.454688 0.481250 0.456250 0.479167 0.457812 0.479167 0.459375 0.472917 0.467187 0.464583 0.460938 0.462500 0.460938 0.462500 0.471875 0.460417 0.473437 0.460417 0.484375 0.462500 0.482812 0.497917 0.482812 0.495833 0.481250 0.495833 0.478125 0.493750 0.476562 0.493750 0.475000 0.487500 0.470313 0.487500 0.468750 0.483333 0.465625
3 0.404167 0.456250 0.402083 0.459375 0.402083 0.490625 0.410417 0.490625 0.412500 0.489062 0.420833 0.489062 0.422917 0.487500 0.431250 0.487500 0.433333 0.485938 0.452083 0.484375 0.452083 0.476562 0.454167 0.475000 0.454167 0.468750 0.456250 0.467187 0.456250 0.459375 0.454167 0.457812 0.429167 0.457812 0.427083 0.456250
3 0.420833 0.509375 0.404167 0.512500 0.379167 0.667188 0.406250 0.667188 0.410417 0.645312 0.418750 0.639063 0.427083 0.639063 0.443750 0.526563 0.431250 0.514063
3 0.368750 0.682813 0.143750 0.689062 0.150000 0.817187 0.381250 0.804688 0.375000 0.782812 0.345833 0.776563 0.335417 0.760938 0.341667 0.721875 0.372917 0.712500
5 0.987500 0.312500 0.945833 0.312500 0.922917 0.326562 0.908333 0.317187 0.893750 0.317187 0.866667 0.328125 0.850000 0.356250 0.854167 0.414062 0.875000 0.448438 0.906250 0.450000 0.939583 0.442187 0.952083 0.448438 0.989583 0.451562 0.987500 0.445312 0.956250 0.445312 0.931250 0.432813 0.941667 0.407813 0.943750 0.373437 0.937500 0.353125 0.987500 0.353125 0.987500 0.343750 0.937500 0.342187 0.931250 0.334375 0.954167 0.323438 0.987500 0.323438
7 0.510417 0.359375 0.497917 0.443750 0.497917 0.459375 0.510417 0.484375 0.518750 0.485938 0.533333 0.404687 0.533333 0.392188
7 0.339583 0.443750 0.327083 0.460938 0.333333 0.484375 0.345833 0.496875 0.354167 0.501562 0.418750 0.501562 0.437500 0.509375 0.443750 0.517187 0.458333 0.525000 0.456250 0.493750 0.385417 0.500000 0.356250 0.495313 0.337500 0.481250 0.337500 0.454688 0.379167 0.434375 0.379167 0.431250 0.364583 0.432813
7 0.266667 0.882812 0.160417 0.890625 0.158333 0.895312 0.158333 0.931250 0.160417 0.929688 0.179167 0.929688 0.181250 0.928125 0.266667 0.923437
8 0.112500 0.250000 0.125000 0.439063 0.331250 0.442187 0.339583 0.432813 0.360417 0.429688 0.366667 0.265625
8 0.377083 0.270312 0.366667 0.426562 0.383333 0.425000 0.385417 0.437500 0.379167 0.443750 0.456250 0.445312 0.456250 0.426562 0.464583 0.425000 0.485417 0.278125 0.504167 0.276563 0.543750 0.306250 0.570833 0.306250 0.568750 0.281250
8 0.116667 0.451562 0.122917 0.565625 0.218750 0.565625 0.220833 0.454688
8 0.464583 0.501562 0.466667 0.529688 0.468750 0.531250 0.485417 0.532812 0.487500 0.534375 0.508333 0.534375 0.512500 0.535937 0.525000 0.531250 0.541667 0.528125 0.539583 0.525000 0.539583 0.509375 0.531250 0.500000 0.527083 0.500000 0.506250 0.493750 0.497917 0.493750 0.495833 0.495313 0.489583 0.495313 0.487500 0.496875
8 0.616667 0.553125 0.568750 0.637500 0.570833 0.662500 0.539583 0.646875 0.379167 0.681250 0.379167 0.710938 0.350000 0.725000 0.368750 0.725000 0.368750 0.762500 0.356250 0.762500 0.343750 0.737500 0.343750 0.759375 0.385417 0.779688 0.391667 0.810938 0.589583 0.779688 0.602083 0.759375 0.614583 0.771875 0.604167 0.767187 0.600000 0.787500 0.537500 0.795313 0.525000 0.831250 0.543750 0.878125 0.581250 0.876562 0.629167 0.778125 0.612500 0.773438 0.645833 0.756250 0.693750 0.689062 0.679167 0.604688
8 0.027083 0.692187 0.025000 0.706250 0.033333 0.717188 0.033333 0.745313 0.039583 0.754687 0.041667 0.770312 0.050000 0.779688 0.050000 0.804688 0.116667 0.804688 0.108333 0.690625
8 0.460417 0.809375 0.420833 0.810938 0.408333 0.834375 0.408333 0.887500 0.422917 0.906250 0.422917 0.932813 0.416667 0.935938 0.431250 0.971875 0.441667 0.970312 0.441667 0.962500 0.447917 0.957812 0.493750 0.942187 0.514583 0.917188 0.520833 0.900000 0.508333 0.837500 0.493750 0.821875