1 0.029167 0.015625 0.033333 0.104687 0.135417 0.109375 0.133333 0.017188
1 0.379167 0.140625 0.316667 0.170312 0.312500 0.246875 0.245833 0.246875 0.247917 0.409375 0.325000 0.412500 0.322917 0.448438 0.339583 0.450000 0.347917 0.420312 0.395833 0.423438 0.379167 0.409375 0.370833 0.387500 0.372917 0.265625 0.385417 0.242188 0.393750 0.143750
1 0.016667 0.189063 0.020833 0.496875 0.058333 0.501562
1 0.020833 0.579687 0.027083 0.796875 0.075000 0.792188 0.083333 0.773438 0.062500 0.590625 0.050000 0.579687
2 0.656250 0.012500 0.645833 0.098438 0.662500 0.103125 0.654167 0.237500 0.633333 0.245312 0.627083 0.334375 0.675000 0.334375 0.918750 0.379687 0.918750 0.417188 0.987500 0.412500 0.989583 0.014062
2 0.983333 0.615625 0.927083 0.628125 0.918750 0.690625 0.970833 0.704687 0.979167 0.743750 0.902083 0.762500 0.895833 0.818750 0.947917 0.829687 0.947917 0.851562 0.706250 0.840625 0.695833 0.884375 0.729167 0.895312 0.714583 0.987500 0.987500 0.987500
2 0.856250 0.828125 0.806250 0.768750 0.716667 0.779688 0.708333 0.817187 0.833333 0.828125
3 0.643750 0.015625 0.431250 0.012500 0.422917 0.071875 0.404167 0.018750 0.420833 0.459375 0.489583 0.476562 0.472917 0.423438 0.525000 0.435937 0.489583 0.553125 0.431250 0.582812 0.402083 0.548437 0.408333 0.807813 0.514583 0.792188 0.485417 0.745313 0.412500 0.745313 0.414583 0.587500 0.422917 0.739062 0.485417 0.742188 0.475000 0.704687 0.506250 0.770312 0.558333 0.532812 0.537500 0.373437 0.452083 0.342187 0.441667 0.398438 0.443750 0.337500 0.602083 0.337500 0.472917 0.339063 0.541667 0.370313 0.568750 0.453125 0.666667 0.451562 0.695833 0.396875 0.908333 0.406250 0.620833 0.339063 0.622917 0.250000 0.468750 0.234375 0.652083 0.237500 0.654167 0.103125 0.539583 0.118750 0.631250 0.106250
3 0.016667 0.112500 0.035417 0.232812 0.231250 0.242188 0.304167 0.239063 0.310417 0.134375
3 0.035417 0.239063 0.050000 0.425000 0.058333 0.428125 0.070833 0.501562 0.125000 0.506250 0.152083 0.493750 0.195833 0.493750 0.216667 0.509375 0.268750 0.506250 0.264583 0.478125 0.308333 0.457812 0.306250 0.425000 0.129167 0.425000 0.239583 0.420312 0.231250 0.250000
3 0.320833 0.643750 0.093750 0.646875 0.087500 0.670313 0.089583 0.770312 0.320833 0.771875
3 0.077083 0.839063 0.208333 0.831250 0.216667 0.820312 0.335417 0.798437 0.327083 0.775000 0.104167 0.782812 0.085417 0.775000
3 0.212500 0.831250 0.187500 0.985937 0.706250 0.985937 0.706250 0.906250 0.672917 0.871875 0.502083 0.912500 0.516667 0.807813 0.429167 0.812500 0.327083 0.803125
3 0.200000 0.839063 0.047917 0.842188 0.039583 0.845312 0.012500 0.882812 0.016667 0.989062 0.181250 0.984375
5 0.572917 0.459375 0.579167 0.596875 0.562500 0.639063 0.685417 0.610937 0.783333 0.607813 0.787500 0.589063 0.987500 0.601562 0.922917 0.559375 0.968750 0.553125 0.906250 0.553125 0.910417 0.487500 0.989583 0.479688 0.989583 0.467187 0.804167 0.475000 0.793750 0.460938 0.910417 0.443750 0.918750 0.464063 0.931250 0.445312 0.987500 0.460938 0.937500 0.440625 0.987500 0.428125 0.783333 0.451562 0.697917 0.412500 0.683333 0.465625
5 0.950000 0.610937 0.900000 0.603125 0.731250 0.626562 0.727083 0.632812 0.708333 0.618750 0.639583 0.628125 0.650000 0.657812 0.529167 0.657812 0.508333 0.767187 0.604167 0.742188 0.689583 0.734375 0.714583 0.703125 0.958333 0.717188 0.958333 0.710938 0.891667 0.707812 0.914583 0.615625
5 0.966667 0.735937 0.889583 0.739062 0.862500 0.717188 0.877083 0.743750 0.706250 0.756250 0.681250 0.739062 0.668750 0.768750 0.547917 0.779688 0.550000 0.795313 0.652083 0.782812 0.672917 0.793750 0.612500 0.826563 0.543750 0.810938 0.614583 0.829687 0.670833 0.810938 0.666667 0.835938 0.625000 0.834375 0.656250 0.842188 0.658333 0.859375 0.560417 0.875000 0.543750 0.892187 0.535417 0.871875 0.612500 0.837500 0.537500 0.867188 0.541667 0.771875 0.522917 0.775000 0.514583 0.904688 0.687500 0.860937 0.700000 0.831250 0.939583 0.840625 0.868750 0.826563 0.889583 0.754687
7 0.137500 0.014062 0.152083 0.115625 0.360417 0.125000 0.366667 0.017188
7 0.212500 0.534375 0.212500 0.520312 0.208333 0.510938 0.193750 0.501562 0.156250 0.503125 0.141667 0.506250 0.133333 0.510938 0.131250 0.518750 0.016667 0.521875 0.022917 0.525000 0.129167 0.521875 0.137500 0.535937 0.156250 0.532812 0.185417 0.532812 0.197917 0.543750 0.204167 0.543750
7 0.358333 0.635938 0.358333 0.545313 0.318750 0.560938 0.277083 0.559375 0.268750 0.515625 0.220833 0.518750 0.216667 0.562500 0.202083 0.587500 0.200000 0.557813 0.181250 0.537500 0.102083 0.548437 0.095833 0.564062 0.018750 0.567187 0.097917 0.570312 0.108333 0.589063 0.181250 0.596875 0.172917 0.603125 0.177083 0.640625 0.318750 0.642187
7 0.366667 0.587500 0.366667 0.593750 0.364583 0.595312 0.364583 0.603125 0.366667 0.604688 0.366667 0.606250 0.368750 0.607813 0.368750 0.609375 0.372917 0.612500 0.400000 0.612500 0.400000 0.607813 0.395833 0.604688 0.377083 0.604688 0.372917 0.601562 0.372917 0.600000 0.370833 0.598437 0.370833 0.595312 0.368750 0.593750 0.368750 0.590625 0.366667 0.589063
8 0.529167 0.129688 0.529167 0.132812 0.535417 0.140625 0.537500 0.140625 0.547917 0.145313 0.552083 0.145313 0.558333 0.148438 0.570833 0.148438 0.572917 0.150000 0.579167 0.146875 0.589583 0.145313 0.593750 0.142188 0.604167 0.139062 0.604167 0.135937 0.602083 0.134375 0.600000 0.134375 0.593750 0.131250 0.589583 0.131250 0.587500 0.129688 0.579167 0.129688 0.577083 0.128125 0.554167 0.128125 0.552083 0.129688
8 0.350000 0.170312 0.350000 0.182812 0.352083 0.184375 0.360417 0.184375 0.362500 0.185937 0.375000 0.185937 0.377083 0.187500 0.377083 0.168750 0.352083 0.168750
8 0.591667 0.206250 0.572917 0.206250 0.570833 0.207813 0.550000 0.207813 0.547917 0.209375 0.541667 0.209375 0.539583 0.210938 0.529167 0.212500 0.529167 0.225000 0.533333 0.225000 0.535417 0.226562 0.539583 0.226562 0.541667 0.228125 0.566667 0.228125 0.568750 0.226562 0.579167 0.226562 0.581250 0.225000 0.587500 0.223438 0.587500 0.220313 0.589583 0.218750 0.589583 0.215625 0.591667 0.214062
8 0.410417 0.248437 0.387500 0.256250 0.387500 0.410937 0.404167 0.417188 0.412500 0.264062
8 0.506250 0.414062 0.475000 0.423438 0.468750 0.437500 0.466667 0.448438 0.491667 0.478125 0.512500 0.493750 0.512500 0.495313 0.514583 0.479688 0.518750 0.470313 0.518750 0.456250 0.520833 0.454688 0.520833 0.439063 0.522917 0.435937 0.510417 0.414062
8 0.356250 0.434375 0.352083 0.437500 0.352083 0.450000 0.360417 0.450000 0.362500 0.451562 0.375000 0.451562 0.377083 0.453125 0.377083 0.434375
8 0.487500 0.484375 0.460417 0.460938 0.427083 0.464063 0.395833 0.456250 0.358333 0.462500 0.293750 0.460938 0.266667 0.478125 0.275000 0.556250 0.318750 0.559375 0.358333 0.543750 0.414583 0.531250 0.410417 0.565625 0.429167 0.579687 0.475000 0.560938 0.487500 0.542188
8 0.339583 0.720312 0.339583 0.732813 0.337500 0.734375 0.337500 0.745313 0.400000 0.745313 0.400000 0.728125 0.393750 0.718750 0.345833 0.718750 0.343750 0.720312
8 0.400000 0.754687 0.393750 0.750000 0.379167 0.750000 0.377083 0.751562 0.360417 0.751562 0.358333 0.753125 0.341667 0.753125 0.339583 0.754687 0.339583 0.759375 0.389583 0.759375 0.391667 0.760938 0.395833 0.760938 0.400000 0.757812