1 0.543750 0.218750 0.504167 0.220313 0.493750 0.379687 0.395833 0.373437 0.408333 0.629687 0.479167 0.631250 0.483333 0.598437 0.462500 0.601562 0.462500 0.585938 0.556250 0.578125 0.539583 0.573438 0.537500 0.553125 0.616667 0.551562 0.606250 0.512500 0.616667 0.464063 0.585417 0.442187 0.562500 0.440625 0.575000 0.389062 0.610417 0.379687 0.575000 0.375000 0.560417 0.323438 0.535417 0.317187
1 0.739583 0.414062 0.725000 0.492188 0.737500 0.512500 0.791667 0.512500 0.781250 0.481250 0.750000 0.479688 0.737500 0.470313 0.739583 0.434375 0.750000 0.428125 0.825000 0.432813 0.825000 0.418750
1 0.756250 0.703125 0.666667 0.714063 0.652083 0.745313 0.622917 0.754687 0.612500 0.728125 0.593750 0.731250 0.606250 0.712500 0.595833 0.653125 0.577083 0.673437 0.477083 0.670313 0.479167 0.637500 0.410417 0.635938 0.395833 0.692187 0.047917 0.701563 0.020833 0.712500 0.016667 0.815625 0.079167 0.778125 0.735417 0.762500
1 0.785417 0.735937 0.785417 0.739062 0.825000 0.743750 0.875000 0.759375 0.893750 0.759375 0.908333 0.768750 0.912500 0.762500 0.912500 0.759375 0.879167 0.751562 0.795833 0.723437 0.791667 0.723437
1 0.764583 0.787500 0.904167 0.784375 0.860417 0.768750 0.833333 0.762500 0.779167 0.762500 0.779167 0.759375 0.814583 0.759375 0.779167 0.753125 0.775000 0.759375 0.779167 0.762500 0.772917 0.764063
1 0.731250 0.768750 0.077083 0.787500 0.147917 0.939062 0.662500 0.921875 0.200000 0.928125 0.160417 0.807813 0.725000 0.789062
1 0.658333 0.926562 0.147917 0.942187 0.079167 0.989062 0.635417 0.985937
2 0.952083 0.420312 0.947917 0.421875 0.941667 0.434375 0.960417 0.448438 0.968750 0.467187 0.952083 0.489062 0.968750 0.492188 0.972917 0.495313 0.972917 0.509375 0.987500 0.515625 0.987500 0.420312
2 0.939583 0.539062 0.939583 0.545313 0.927083 0.554688 0.925000 0.557813 0.922917 0.567187 0.918750 0.573438 0.918750 0.578125 0.962500 0.578125 0.964583 0.579687 0.972917 0.579687 0.975000 0.581250 0.983333 0.581250 0.985417 0.582812 0.985417 0.579687 0.983333 0.578125 0.983333 0.540625 0.979167 0.540625 0.977083 0.539062
2 0.902083 0.604688 0.902083 0.609375 0.904167 0.610937 0.904167 0.615625 0.906250 0.617188 0.906250 0.621875 0.908333 0.623438 0.922917 0.623438 0.925000 0.625000 0.943750 0.625000 0.945833 0.626562 0.964583 0.626562 0.966667 0.628125 0.985417 0.628125 0.987500 0.629687 0.985417 0.628125 0.985417 0.615625 0.983333 0.614062 0.977083 0.614062 0.968750 0.610937 0.954167 0.609375 0.952083 0.607813 0.939583 0.606250 0.937500 0.604688
2 0.918750 0.650000 0.925000 0.667188 0.918750 0.693750 0.954167 0.698438 0.960417 0.704687 0.958333 0.707812 0.943750 0.710938 0.904167 0.706250 0.920833 0.732813 0.987500 0.750000 0.983333 0.651563
2 0.956250 0.809375 0.943750 0.800000 0.929167 0.800000 0.927083 0.801562 0.912500 0.801562 0.910417 0.803125 0.893750 0.803125 0.889583 0.807813 0.881250 0.828125 0.872917 0.840625 0.870833 0.848437 0.875000 0.848437 0.877083 0.846875 0.935417 0.846875 0.937500 0.840625 0.956250 0.812500
2 0.912500 0.875000 0.864583 0.875000 0.862500 0.876562 0.858333 0.876562 0.856250 0.882812 0.845833 0.898438 0.845833 0.901563 0.839583 0.909375 0.839583 0.923437 0.841667 0.925000 0.862500 0.926562 0.864583 0.928125 0.875000 0.928125 0.877083 0.929688
3 0.014583 0.014062 0.041667 0.698438 0.395833 0.690625 0.389583 0.371875 0.487500 0.378125 0.500000 0.214062 0.766667 0.218750 0.739583 0.332812 0.760417 0.223438 0.712500 0.220313 0.616667 0.628125 0.720833 0.403125 0.987500 0.417188 0.987500 0.014062
3 0.600000 0.651563 0.600000 0.659375 0.602083 0.660937 0.602083 0.667188 0.604167 0.668750 0.604167 0.676562 0.606250 0.678125 0.606250 0.684375 0.608333 0.685938 0.608333 0.693750 0.610417 0.695312 0.610417 0.703125 0.612500 0.704687 0.612500 0.710938 0.614583 0.707812 0.614583 0.704687 0.616667 0.703125 0.616667 0.700000 0.618750 0.698438 0.618750 0.685938 0.620833 0.684375 0.620833 0.671875 0.622917 0.670313 0.620833 0.668750 0.620833 0.660937 0.618750 0.659375 0.616667 0.651563
5 0.843750 0.418750 0.797917 0.485938 0.806250 0.521875 0.666667 0.518750 0.670833 0.567187 0.616667 0.629687 0.625000 0.695312 0.602083 0.728125 0.770833 0.696875 0.706250 0.865625 0.722917 0.876562 0.916667 0.871875 0.929167 0.848437 0.868750 0.848437 0.887500 0.807813 0.954167 0.806250 0.983333 0.756250 0.789583 0.693750 0.945833 0.707812 0.827083 0.690625 0.850000 0.645312 0.987500 0.646875 0.854167 0.621875 0.858333 0.595312 0.987500 0.609375 0.983333 0.592188 0.895833 0.584375 0.935417 0.535937 0.987500 0.537500 0.989583 0.523438 0.941667 0.517187 0.968750 0.500000 0.931250 0.496875
5 0.683333 0.893750 0.647917 0.985937 0.837500 0.989062 0.839583 0.981250 0.666667 0.978125 0.685417 0.951563 0.770833 0.953125 0.814583 0.945312 0.856250 0.959375 0.870833 0.934375 0.814583 0.928125
6 0.985417 0.776563 0.858333 0.971875 0.858333 0.985937 0.989583 0.987500
7 0.745833 0.432813 0.745833 0.467187 0.747917 0.468750 0.747917 0.471875 0.766667 0.471875 0.768750 0.473437 0.789583 0.473437 0.793750 0.475000 0.814583 0.443750 0.814583 0.440625 0.804167 0.440625 0.802083 0.439063 0.791667 0.439063 0.789583 0.437500 0.779167 0.437500 0.777083 0.435937 0.768750 0.435937 0.766667 0.434375
7 0.872917 0.790625 0.856250 0.790625 0.854167 0.792188 0.827083 0.792188 0.825000 0.793750 0.795833 0.793750 0.793750 0.795313 0.766667 0.795313 0.775000 0.795313 0.777083 0.796875 0.789583 0.796875 0.791667 0.798437 0.822917 0.798437 0.825000 0.796875 0.833333 0.796875 0.835417 0.795313 0.841667 0.795313 0.843750 0.793750 0.852083 0.793750 0.854167 0.792188
7 0.845833 0.878125 0.725000 0.879687 0.704167 0.871875 0.722917 0.795313 0.164583 0.810938 0.206250 0.923437 0.670833 0.912500 0.679167 0.887500 0.756250 0.909375 0.833333 0.904688
7 0.737500 0.854688 0.739583 0.853125 0.860417 0.848437 0.881250 0.810938 0.835417 0.815625 0.781250 0.815625 0.758333 0.809375
8 0.302083 0.209375 0.316667 0.364062 0.460417 0.368750 0.458333 0.210938
8 0.547917 0.218750 0.539583 0.315625 0.562500 0.321875 0.581250 0.371875 0.681250 0.373437 0.683333 0.342187 0.700000 0.318750 0.712500 0.251563 0.706250 0.223438 0.695833 0.220313
8 0.145833 0.365625 0.145833 0.381250 0.147917 0.382812 0.177083 0.381250 0.183333 0.384375 0.193750 0.385938 0.200000 0.389062 0.202083 0.387500 0.227083 0.385938 0.225000 0.384375 0.220833 0.371875 0.212500 0.365625 0.175000 0.365625 0.175000 0.370313 0.172917 0.371875 0.164583 0.368750 0.158333 0.368750 0.156250 0.367188
8 0.275000 0.375000 0.275000 0.381250 0.270833 0.389062 0.268750 0.401563 0.275000 0.401563 0.283333 0.398438 0.291667 0.398438 0.318750 0.409375 0.339583 0.409375 0.341667 0.410937 0.366667 0.403125 0.366667 0.381250 0.352083 0.368750 0.300000 0.368750
8 0.581250 0.390625 0.581250 0.404687 0.579167 0.406250 0.577083 0.437500 0.587500 0.437500 0.597917 0.448438 0.602083 0.456250 0.635417 0.457812 0.637500 0.459375 0.650000 0.418750 0.654167 0.412500 0.654167 0.406250 0.627083 0.387500 0.587500 0.387500
8 0.147917 0.412500 0.147917 0.417188 0.150000 0.418750 0.152083 0.426562 0.168750 0.426562 0.175000 0.429688 0.179167 0.428125 0.202083 0.428125 0.204167 0.426562 0.227083 0.426562 0.227083 0.414062 0.225000 0.412500 0.208333 0.412500 0.206250 0.410937 0.189583 0.410937 0.187500 0.409375 0.166667 0.409375 0.164583 0.410937 0.156250 0.410937 0.154167 0.412500
8 0.043750 0.414062 0.043750 0.415625 0.045833 0.417188 0.047917 0.421875 0.052083 0.425000 0.054167 0.429688 0.066667 0.429688 0.068750 0.431250 0.081250 0.431250 0.083333 0.432813 0.095833 0.432813 0.097917 0.434375 0.097917 0.432813 0.102083 0.428125 0.102083 0.417188 0.095833 0.417188 0.093750 0.415625 0.087500 0.415625 0.085417 0.414062 0.068750 0.414062 0.066667 0.415625 0.064583 0.414062
8 0.931250 0.442187 0.931250 0.443750 0.927083 0.446875 0.927083 0.448438 0.918750 0.459375 0.918750 0.462500 0.920833 0.464063 0.922917 0.468750 0.927083 0.471875 0.929167 0.476562 0.933333 0.479688 0.935417 0.484375 0.939583 0.487500 0.941667 0.492188 0.943750 0.487500 0.956250 0.475000 0.956250 0.473437 0.962500 0.467187 0.964583 0.462500 0.956250 0.456250 0.954167 0.456250 0.945833 0.450000 0.943750 0.450000 0.933333 0.442187
8 0.625000 0.468750 0.610417 0.501562 0.610417 0.510938 0.612500 0.512500 0.612500 0.517187 0.618750 0.531250 0.618750 0.537500 0.620833 0.539062 0.625000 0.556250 0.633333 0.543750 0.633333 0.540625 0.641667 0.529688 0.641667 0.526563 0.647917 0.518750
8 0.620833 0.578125 0.618750 0.576563 0.618750 0.554688 0.606250 0.556250 0.604167 0.557813 0.600000 0.557813 0.591667 0.560938 0.587500 0.559375 0.539583 0.557813 0.541667 0.570312 0.543750 0.571875 0.604167 0.571875
8 0.600000 0.575000 0.568750 0.575000 0.558333 0.584375 0.487500 0.585938 0.483333 0.664062 0.575000 0.667188 0.579167 0.648438 0.608333 0.648438 0.608333 0.604688 0.600000 0.585938
8 0.852083 0.601562 0.852083 0.603125 0.856250 0.607813 0.856250 0.610937 0.860417 0.615625 0.860417 0.618750 0.866667 0.626562 0.902083 0.626562 0.900000 0.625000 0.900000 0.620313 0.897917 0.618750 0.897917 0.612500 0.895833 0.610937 0.895833 0.606250 0.893750 0.604688 0.893750 0.600000 0.856250 0.600000 0.854167 0.601562
8 0.377083 0.637500 0.366667 0.631250 0.358333 0.631250 0.350000 0.634375 0.343750 0.634375 0.335417 0.637500 0.329167 0.637500 0.320833 0.640625 0.308333 0.642187 0.306250 0.645312 0.316667 0.660937 0.316667 0.664062 0.322917 0.671875 0.352083 0.671875 0.356250 0.673437 0.362500 0.668750 0.364583 0.668750 0.370833 0.664062 0.381250 0.659375 0.379167 0.657812 0.379167 0.646875 0.377083 0.645312
8 0.112500 0.635938 0.125000 0.654688 0.131250 0.656250 0.129167 0.657812 0.114583 0.657812 0.114583 0.671875 0.122917 0.668750 0.135417 0.668750 0.137500 0.670313 0.147917 0.670313 0.162500 0.673437 0.175000 0.665625 0.162500 0.656250 0.135417 0.656250 0.133333 0.654688 0.143750 0.651563 0.160417 0.650000 0.168750 0.639063 0.166667 0.637500
8 0.854167 0.648438 0.845833 0.660937 0.845833 0.664062 0.833333 0.681250 0.831250 0.687500 0.835417 0.685938 0.879167 0.685938 0.881250 0.687500 0.902083 0.689062 0.914583 0.692187 0.914583 0.687500 0.916667 0.685938 0.916667 0.681250 0.922917 0.667188 0.914583 0.648438
8 0.427083 0.720312 0.427083 0.740625 0.468750 0.740625 0.466667 0.739062 0.466667 0.728125 0.464583 0.726562 0.464583 0.717188 0.431250 0.717188