1 0.018750 0.115625 0.016667 0.304688 0.045833 0.328125 0.102083 0.332812 0.104167 0.343750 0.229167 0.351562 0.233333 0.412500 0.379167 0.420312 0.368750 0.353125 0.408333 0.353125 0.410417 0.334375 0.387500 0.328125 0.395833 0.262500 0.356250 0.254687 0.354167 0.289062 0.229167 0.278125 0.225000 0.179688 0.152083 0.178125 0.152083 0.256250 0.183333 0.260938 0.195833 0.242188 0.218750 0.292188 0.189583 0.312500 0.112500 0.287500 0.106250 0.257812 0.145833 0.256250 0.137500 0.143750
1 0.047917 0.334375 0.018750 0.353125 0.045833 0.356250 0.016667 0.359375 0.029167 0.532812 0.089583 0.537500 0.077083 0.357812 0.097917 0.337500
1 0.085417 0.545313 0.025000 0.539062 0.018750 0.548437 0.018750 0.665625
1 0.360417 0.814062 0.358333 0.875000 0.341667 0.873438 0.337500 0.865625 0.337500 0.987500 0.475000 0.989062 0.456250 0.920313 0.406250 0.920313 0.400000 0.915625 0.400000 0.868750 0.389583 0.821875
2 0.589583 0.226562 0.581250 0.325000 0.543750 0.326562 0.541667 0.350000 0.643750 0.342187 0.656250 0.385938 0.695833 0.418750 0.668750 0.523438 0.779167 0.664062 0.802083 0.662500 0.835417 0.696875 0.985417 0.695312 0.983333 0.207813 0.933333 0.190625 0.914583 0.204688 0.793750 0.190625 0.725000 0.234375
3 0.016667 0.010937 0.014583 0.109375 0.164583 0.128125 0.162500 0.167187 0.441667 0.209375 0.510417 0.201562 0.725000 0.223438 0.772917 0.212500 0.781250 0.182812 0.987500 0.185937 0.979167 0.017188
3 0.104167 0.351562 0.100000 0.532812 0.218750 0.531250 0.222917 0.357812
3 0.427083 0.378125 0.427083 0.562500 0.466667 0.645312 0.485417 0.634375 0.508333 0.685938 0.491667 0.689062 0.497917 0.721875 0.708333 0.720312 0.777083 0.670313 0.658333 0.529688 0.687500 0.417188 0.637500 0.381250 0.437500 0.373437 0.454167 0.396875 0.445833 0.443750 0.447917 0.398438
3 0.100000 0.545313 0.060417 0.640625 0.052083 0.709375 0.318750 0.703125 0.316667 0.546875
3 0.420833 0.568750 0.420833 0.573438 0.414583 0.576563 0.383333 0.573438 0.372917 0.635938 0.372917 0.660937 0.379167 0.690625 0.410417 0.687500 0.418750 0.693750 0.427083 0.692187 0.439583 0.604688 0.431250 0.579687
3 0.510417 0.734375 0.554167 0.893750 0.587500 0.893750 0.631250 0.846875 0.835417 0.826563 0.889583 0.885938 0.860417 0.940625 0.620833 0.943750 0.604167 0.981250 0.987500 0.989062 0.977083 0.875000 0.789583 0.675000 0.675000 0.748438 0.700000 0.726562
3 0.481250 0.693750 0.470833 0.706250 0.502083 0.820312 0.479167 0.873438 0.512500 0.875000 0.508333 0.906250 0.468750 0.910937 0.466667 0.898438 0.460417 0.918750 0.497917 0.982813 0.562500 0.987500 0.504167 0.835938 0.535417 0.896875 0.547917 0.898438
3 0.839583 0.704687 0.987500 0.881250 0.987500 0.706250
3 0.470833 0.742188 0.464583 0.756250 0.408333 0.746875 0.402083 0.751562 0.414583 0.773438 0.416667 0.787500 0.404167 0.798437 0.400000 0.814062 0.404167 0.910937 0.410417 0.915625 0.443750 0.912500 0.458333 0.906250 0.462500 0.893750 0.460417 0.876562 0.468750 0.871875 0.489583 0.810938
3 0.320833 0.818750 0.018750 0.823438 0.020833 0.982813 0.322917 0.987500
5 0.493750 0.210938 0.493750 0.217187 0.500000 0.228125 0.502083 0.226562 0.522917 0.226562 0.522917 0.212500 0.525000 0.210938 0.547917 0.214062 0.552083 0.217187 0.550000 0.218750 0.550000 0.232812 0.566667 0.232812 0.566667 0.229687 0.572917 0.220313 0.572917 0.217187 0.560417 0.215625 0.531250 0.207813 0.525000 0.207813 0.510417 0.203125 0.504167 0.203125
5 0.387500 0.282813 0.393750 0.328125 0.412500 0.329688 0.414583 0.296875 0.422917 0.312500 0.466667 0.321875 0.491667 0.284375 0.493750 0.317187 0.514583 0.323438 0.518750 0.289062 0.547917 0.284375 0.543750 0.320312 0.564583 0.325000 0.558333 0.318750 0.562500 0.309375 0.583333 0.314063 0.572917 0.303125 0.568750 0.273438 0.575000 0.251563 0.585417 0.246875 0.566667 0.250000 0.550000 0.281250 0.525000 0.282813 0.516667 0.243750 0.504167 0.242188 0.491667 0.262500 0.479167 0.237500 0.425000 0.235938 0.414583 0.262500
5 0.564583 0.346875 0.550000 0.346875 0.547917 0.348437 0.547917 0.351562 0.545833 0.353125 0.545833 0.356250 0.541667 0.362500 0.520833 0.362500 0.516667 0.364062 0.508333 0.359375 0.510417 0.356250 0.502083 0.356250 0.504167 0.356250 0.508333 0.359375 0.493750 0.370313 0.529167 0.370313 0.531250 0.371875 0.533333 0.370313 0.539583 0.370313 0.541667 0.368750 0.558333 0.367188 0.558333 0.362500 0.560417 0.360938 0.560417 0.356250 0.562500 0.354688
5 0.645833 0.370313 0.641667 0.364062 0.593750 0.367188 0.591667 0.368750 0.589583 0.367188 0.583333 0.367188 0.581250 0.365625 0.591667 0.359375 0.612500 0.353125 0.620833 0.353125 0.618750 0.351562 0.608333 0.351562 0.587500 0.356250 0.568750 0.357812 0.562500 0.368750 0.562500 0.376563 0.597917 0.376563 0.600000 0.375000 0.622917 0.373437 0.635417 0.370313
7 0.235417 0.185937 0.231250 0.275000 0.347917 0.282813 0.341667 0.195312
7 0.208333 0.270312 0.200000 0.260938 0.200000 0.253125 0.195833 0.248437 0.185417 0.250000 0.183333 0.265625 0.112500 0.257812 0.118750 0.260938 0.181250 0.270312 0.185417 0.273438 0.183333 0.281250 0.114583 0.281250 0.183333 0.287500 0.187500 0.290625 0.189583 0.307813 0.193750 0.296875 0.206250 0.285937
7 0.227083 0.451562 0.227083 0.470313 0.318750 0.470313 0.331250 0.471875 0.345833 0.464063 0.387500 0.464063 0.387500 0.454688 0.381250 0.453125
7 0.225000 0.504687 0.225000 0.515625 0.233333 0.515625 0.235417 0.517187 0.237500 0.515625 0.272917 0.515625 0.275000 0.517187 0.310417 0.517187 0.314583 0.518750 0.314583 0.506250 0.308333 0.506250 0.306250 0.504687
7 0.443750 0.606250 0.435417 0.667188 0.431250 0.679688 0.431250 0.698438 0.439583 0.734375 0.460417 0.651563
7 0.458333 0.703125 0.454167 0.707812 0.454167 0.710938 0.452083 0.712500 0.452083 0.717188 0.450000 0.718750 0.450000 0.723437 0.447917 0.725000 0.447917 0.728125 0.445833 0.729688 0.445833 0.740625 0.447917 0.742188 0.447917 0.746875 0.458333 0.746875 0.460417 0.742188 0.468750 0.734375 0.468750 0.721875 0.466667 0.720312 0.464583 0.715625 0.458333 0.710938
7 0.041667 0.723437 0.020833 0.754687 0.022917 0.812500 0.025000 0.812500 0.029167 0.803125 0.054167 0.767187 0.052083 0.765625 0.052083 0.759375 0.047917 0.751562 0.047917 0.745313 0.045833 0.743750
8 0.400000 0.407813 0.397917 0.409375 0.397917 0.426562 0.395833 0.428125 0.395833 0.445312 0.393750 0.446875 0.393750 0.462500 0.402083 0.462500 0.404167 0.464063 0.416667 0.464063 0.418750 0.465625 0.418750 0.443750 0.420833 0.442187 0.420833 0.418750 0.422917 0.417188
8 0.433333 0.523438 0.418750 0.523438 0.416667 0.525000 0.397917 0.525000 0.395833 0.526563 0.377083 0.526563 0.375000 0.528125 0.362500 0.528125 0.360417 0.529688 0.333333 0.531250 0.387500 0.531250 0.389583 0.532812 0.393750 0.532812 0.402083 0.535937 0.408333 0.535937 0.416667 0.539062 0.416667 0.537500
8 0.412500 0.540625 0.350000 0.539062 0.345833 0.545313 0.345833 0.553125 0.352083 0.559375 0.354167 0.568750 0.345833 0.575000 0.356250 0.584375 0.350000 0.643750 0.368750 0.643750 0.379167 0.571875 0.389583 0.570312 0.410417 0.575000 0.418750 0.567187 0.416667 0.542188
8 0.487500 0.639063 0.477083 0.640625 0.475000 0.642187 0.470833 0.650000 0.462500 0.656250 0.462500 0.657812 0.460417 0.659375 0.460417 0.664062 0.458333 0.665625 0.458333 0.679688 0.456250 0.681250 0.456250 0.687500 0.456250 0.681250 0.466667 0.673437 0.466667 0.670313 0.470833 0.667188 0.475000 0.667188 0.487500 0.657812 0.489583 0.657812 0.493750 0.654688 0.493750 0.651563 0.489583 0.648438 0.489583 0.643750 0.487500 0.642187
8 0.485417 0.664062 0.475000 0.671875 0.475000 0.673437 0.460417 0.684375 0.460417 0.700000 0.462500 0.700000 0.472917 0.692187 0.475000 0.692187 0.481250 0.687500 0.483333 0.687500 0.485417 0.685938 0.500000 0.685938 0.497917 0.684375 0.497917 0.682813 0.495833 0.681250 0.495833 0.679688 0.493750 0.678125 0.493750 0.676562 0.491667 0.675000 0.491667 0.673437 0.489583 0.671875 0.489583 0.670313 0.487500 0.668750
8 0.287500 0.721875 0.304167 0.734375 0.304167 0.735937 0.314583 0.735937 0.316667 0.734375 0.327083 0.734375 0.329167 0.732813 0.337500 0.732813 0.337500 0.721875
8 0.360417 0.743750 0.345833 0.734375 0.316667 0.745313 0.272917 0.748438 0.245833 0.800000 0.270833 0.804688 0.291667 0.800000 0.325000 0.798437 0.331250 0.818750 0.343750 0.817187 0.362500 0.798437 0.377083 0.796875 0.377083 0.790625 0.360417 0.790625 0.358333 0.782812 0.350000 0.776563 0.335417 0.781250 0.318750 0.781250 0.314583 0.778125 0.314583 0.771875 0.358333 0.757812
8 0.881250 0.890625 0.843750 0.845312 0.833333 0.850000 0.762500 0.850000 0.712500 0.857813 0.685417 0.853125 0.666667 0.864062 0.616667 0.862500 0.608333 0.887500 0.593750 0.892187 0.593750 0.910937 0.614583 0.914062 0.616667 0.925000 0.633333 0.943750 0.675000 0.932813 0.687500 0.942187 0.720833 0.943750 0.860417 0.939062
8 0.464583 0.873438 0.464583 0.882812 0.466667 0.884375 0.466667 0.896875 0.468750 0.898438 0.468750 0.909375 0.479167 0.909375 0.481250 0.907812 0.487500 0.907812 0.489583 0.906250 0.497917 0.906250 0.500000 0.904688 0.508333 0.904688 0.508333 0.896875 0.510417 0.895312 0.510417 0.887500 0.512500 0.885938 0.512500 0.876562 0.495833 0.876562 0.493750 0.875000 0.479167 0.875000 0.477083 0.873438
8 0.347917 0.885938 0.347917 0.901563 0.385417 0.901563 0.387500 0.903125 0.391667 0.903125 0.391667 0.901563 0.389583 0.900000 0.389583 0.884375 0.352083 0.884375 0.350000 0.885938