1 0.016667 0.498437 0.220833 0.503125 0.250000 0.468750 0.306250 0.468750 0.331250 0.451562 0.287500 0.439063 0.287500 0.412500 0.314583 0.400000 0.185417 0.414062 0.314583 0.393750 0.316667 0.248437 0.372917 0.229687 0.560417 0.245312 0.600000 0.179688 0.660417 0.168750 0.706250 0.106250 0.664583 0.039062 0.506250 0.015625 0.014583 0.015625
1 0.343750 0.579687 0.302083 0.595312 0.229167 0.551562 0.229167 0.681250 0.018750 0.687500 0.020833 0.984375 0.377083 0.982813 0.316667 0.926562 0.343750 0.890625 0.318750 0.895312 0.316667 0.884375 0.372917 0.876562 0.372917 0.864062 0.333333 0.867188 0.339583 0.854688 0.372917 0.859375 0.372917 0.843750 0.339583 0.848437 0.335417 0.834375 0.375000 0.835938 0.375000 0.818750 0.306250 0.821875 0.310417 0.809375 0.352083 0.812500 0.318750 0.814062 0.316667 0.801562 0.377083 0.796875 0.364583 0.735937 0.310417 0.687500 0.316667 0.614062 0.366667 0.592188
2 0.760417 0.092188 0.741667 0.137500 0.745833 0.106250 0.677083 0.173438 0.743750 0.203125 0.797917 0.170312 0.845833 0.248437 0.810417 0.214062 0.777083 0.251563 0.722917 0.215625 0.725000 0.251563 0.685417 0.271875 0.587500 0.262500 0.633333 0.273438 0.635417 0.353125 0.650000 0.312500 0.695833 0.315625 0.677083 0.350000 0.764583 0.314063 0.783333 0.368750 0.677083 0.357812 0.677083 0.387500 0.747917 0.398438 0.677083 0.401563 0.677083 0.481250 0.727083 0.464063 0.770833 0.481250 0.743750 0.567187 0.793750 0.610937 0.729167 0.606250 0.714583 0.665625 0.679167 0.662500 0.654167 0.700000 0.714583 0.753125 0.764583 0.714063 0.758333 0.782812 0.985417 0.765625 0.989583 0.117188
3 0.535417 0.015625 0.991667 0.085938 0.987500 0.014062
3 0.647917 0.768750 0.654167 0.984375 0.987500 0.985937 0.985417 0.862500 0.710417 0.768750
3 0.785417 0.782812 0.981250 0.854688 0.983333 0.781250
5 0.337500 0.285937 0.333333 0.306250 0.356250 0.334375 0.370833 0.340625 0.443750 0.354688 0.447917 0.362500 0.450000 0.351562 0.464583 0.331250 0.472917 0.326562 0.489583 0.326562 0.487500 0.367188 0.512500 0.368750 0.514583 0.337500 0.508333 0.315625 0.491667 0.296875 0.385417 0.271875 0.364583 0.271875 0.347917 0.276563
5 0.691667 0.314063 0.683333 0.314063 0.679167 0.317187 0.677083 0.315625 0.656250 0.315625 0.654167 0.317187 0.652083 0.317187 0.652083 0.328125 0.650000 0.329688 0.650000 0.339063 0.647917 0.340625 0.647917 0.350000 0.650000 0.348437 0.670833 0.348437 0.670833 0.329688 0.675000 0.326562 0.677083 0.326562 0.679167 0.328125 0.685417 0.328125 0.687500 0.326562 0.689583 0.326562 0.689583 0.325000 0.695833 0.320312 0.693750 0.318750 0.693750 0.315625
5 0.518750 0.337500 0.533333 0.337500 0.539583 0.342187 0.539583 0.357812 0.541667 0.359375 0.560417 0.359375 0.562500 0.357812 0.600000 0.356250 0.597917 0.354688 0.595833 0.337500 0.591667 0.334375 0.585417 0.332812 0.581250 0.329688 0.575000 0.328125 0.570833 0.325000 0.562500 0.321875 0.552083 0.321875 0.527083 0.331250
5 0.670833 0.357812 0.643750 0.365625 0.639583 0.395312 0.600000 0.395312 0.597917 0.373437 0.537500 0.382812 0.512500 0.418750 0.508333 0.384375 0.487500 0.387500 0.487500 0.421875 0.533333 0.476562 0.447917 0.468750 0.406250 0.493750 0.412500 0.653125 0.460417 0.678125 0.641667 0.662500 0.656250 0.587500 0.697917 0.589063 0.691667 0.657812 0.712500 0.665625 0.725000 0.600000 0.783333 0.612500 0.733333 0.575000 0.747917 0.489062 0.768750 0.481250 0.722917 0.482812 0.700000 0.573438 0.647917 0.564062 0.616667 0.487500 0.531250 0.478125 0.591667 0.460938 0.597917 0.398438 0.643750 0.407813 0.647917 0.478125 0.679167 0.495313 0.670833 0.401563 0.745833 0.398438 0.670833 0.390625
5 0.320833 0.465625 0.320833 0.484375 0.341667 0.498437 0.375000 0.498437 0.377083 0.500000 0.391667 0.500000 0.393750 0.501562 0.393750 0.479688 0.395833 0.476562 0.391667 0.471875 0.383333 0.451562 0.341667 0.451562
5 0.341667 0.606250 0.318750 0.625000 0.312500 0.687500 0.341667 0.728125 0.372917 0.728125 0.385417 0.732813 0.379167 0.604688
5 0.522917 0.712500 0.510417 0.723437 0.533333 0.740625 0.564583 0.781250 0.554167 0.795313 0.479167 0.821875 0.450000 0.823438 0.418750 0.876562 0.456250 0.885938 0.525000 0.881250 0.597917 0.890625 0.593750 0.921875 0.600000 0.935938 0.620833 0.937500 0.647917 0.864062 0.645833 0.759375 0.600000 0.714063
5 0.356250 0.885938 0.341667 0.898438 0.325000 0.906250 0.325000 0.935938 0.339583 0.957812 0.350000 0.967188 0.383333 0.973437 0.383333 0.967188 0.397917 0.923437 0.385417 0.904688 0.385417 0.893750 0.372917 0.884375
6 0.410417 0.395312 0.393750 0.403125 0.387500 0.407813 0.383333 0.415625 0.383333 0.418750 0.393750 0.423438 0.391667 0.435937 0.383333 0.440625 0.383333 0.443750 0.389583 0.453125 0.389583 0.456250 0.400000 0.470313 0.400000 0.484375 0.410417 0.479688 0.416667 0.473437 0.414583 0.470313 0.414583 0.443750 0.412500 0.442187 0.412500 0.396875
6 0.445833 0.396875 0.447917 0.428125 0.450000 0.429688 0.450000 0.445312 0.452083 0.446875 0.452083 0.464063 0.464583 0.464063 0.464583 0.462500 0.472917 0.456250 0.472917 0.440625 0.475000 0.439063 0.475000 0.418750 0.470833 0.414062 0.470833 0.410937 0.468750 0.409375 0.468750 0.406250 0.466667 0.404687 0.464583 0.398438 0.460417 0.396875
6 0.385417 0.595312 0.387500 0.792188 0.400000 0.787500 0.420833 0.806250 0.422917 0.853125 0.439583 0.823438 0.462500 0.810938 0.445833 0.790625 0.475000 0.767187 0.472917 0.689062 0.412500 0.657812
7 0.014583 0.500000 0.020833 0.692187 0.229167 0.679688 0.227083 0.550000 0.191667 0.531250 0.227083 0.504687
8 0.593750 0.200000 0.604167 0.246875 0.620833 0.259375 0.664583 0.273438 0.685417 0.270312 0.722917 0.251563 0.722917 0.214062 0.752083 0.225000 0.764583 0.248437 0.791667 0.245312 0.810417 0.212500 0.845833 0.239063 0.843750 0.248437 0.850000 0.225000 0.808333 0.210938 0.808333 0.182812 0.797917 0.171875 0.779167 0.171875 0.762500 0.198437 0.743750 0.204688 0.725000 0.201562 0.725000 0.185937 0.722917 0.201562 0.697917 0.181250 0.666667 0.171875 0.604167 0.182812
8 0.735417 0.251563 0.735417 0.256250 0.743750 0.268750 0.747917 0.279687 0.770833 0.312500 0.785417 0.312500 0.787500 0.314063 0.812500 0.295312 0.789583 0.309375 0.770833 0.301562 0.766667 0.301562 0.760417 0.296875 0.756250 0.290625 0.756250 0.287500 0.750000 0.279687 0.750000 0.276563 0.743750 0.268750
8 0.770833 0.318750 0.760417 0.315625 0.704167 0.334375 0.677083 0.351562 0.187500 0.414062 0.689583 0.356250 0.700000 0.368750 0.754167 0.370313 0.772917 0.379687 0.781250 0.368750
8 0.293750 0.439063 0.295833 0.437500 0.345833 0.435937 0.347917 0.434375 0.383333 0.434375 0.381250 0.431250 0.381250 0.415625 0.347917 0.415625 0.345833 0.414062 0.297917 0.414062 0.297917 0.421875 0.295833 0.423438 0.295833 0.429688 0.293750 0.431250
8 0.193750 0.531250 0.235417 0.553125 0.270833 0.554688 0.272917 0.557813 0.256250 0.575000 0.283333 0.575000 0.331250 0.565625 0.370833 0.565625 0.383333 0.568750 0.372917 0.504687 0.341667 0.500000 0.300000 0.471875 0.266667 0.473437 0.250000 0.470313 0.237500 0.487500 0.231250 0.506250
8 0.518750 0.742188 0.472917 0.773438 0.460417 0.787500 0.458333 0.796875 0.468750 0.812500 0.479167 0.820312 0.512500 0.807813 0.533333 0.793750 0.547917 0.787500 0.547917 0.779688 0.550000 0.778125 0.541667 0.765625 0.527083 0.753125
8 0.408333 0.823438 0.395833 0.800000 0.385417 0.806250 0.316667 0.803125 0.318750 0.812500 0.325000 0.810938 0.352083 0.810938 0.354167 0.812500 0.316667 0.817187 0.310417 0.810938 0.308333 0.815625 0.310417 0.825000 0.316667 0.823438 0.320833 0.818750 0.329167 0.817187 0.395833 0.817187 0.402083 0.823438
8 0.337500 0.843750 0.339583 0.845312 0.339583 0.846875 0.339583 0.845312 0.343750 0.840625 0.350000 0.840625 0.352083 0.842188 0.358333 0.842188 0.360417 0.843750 0.362500 0.842188 0.387500 0.842188 0.389583 0.843750 0.389583 0.842188 0.393750 0.837500 0.354167 0.837500 0.350000 0.834375 0.347917 0.834375 0.345833 0.832812 0.339583 0.832812 0.337500 0.834375
8 0.402083 0.867188 0.400000 0.865625 0.397917 0.851562 0.391667 0.851562 0.381250 0.859375 0.377083 0.859375 0.368750 0.862500 0.358333 0.862500 0.343750 0.856250 0.339583 0.856250 0.337500 0.859375 0.337500 0.862500 0.335417 0.864062 0.335417 0.867188 0.343750 0.867188 0.350000 0.864062 0.370833 0.864062 0.372917 0.862500 0.385417 0.862500 0.391667 0.867188 0.395833 0.873438 0.395833 0.871875
8 0.397917 0.904688 0.404167 0.923437 0.397917 0.984375 0.647917 0.982813 0.627083 0.956250 0.587500 0.942187 0.591667 0.901563 0.429167 0.895312 0.412500 0.890625