1 0.168750 0.207813 0.508333 0.210938 0.516667 0.190625 0.620833 0.182812 0.618750 0.151562 0.600000 0.126563 0.606250 0.059375 0.562500 0.057813 0.543750 0.068750 0.531250 0.064062 0.502083 0.017188 0.356250 0.018750 0.366667 0.059375 0.366667 0.200000 0.168750 0.200000
1 0.235417 0.589063 0.016667 0.587500 0.016667 0.981250 0.102083 0.984375 0.112500 0.862500 0.235417 0.850000
1 0.775000 0.867188 0.768750 0.835938 0.118750 0.868750 0.116667 0.889063
2 0.983333 0.593750 0.862500 0.640625 0.720833 0.643750 0.660417 0.654688 0.664583 0.676562 0.747917 0.687500 0.750000 0.703125 0.731250 0.704687 0.729167 0.715625 0.677083 0.717188 0.679167 0.770312 0.685417 0.756250 0.720833 0.756250 0.772917 0.739062 0.804167 0.751562 0.812500 0.810938 0.797917 0.840625 0.804167 0.901563 0.920833 0.890625 0.983333 0.904688
3 0.014583 0.014062 0.012500 0.193750 0.356250 0.192188 0.356250 0.065625 0.345833 0.017188
3 0.985417 0.014062 0.839583 0.014062 0.906250 0.053125 0.910417 0.098438 0.743750 0.262500 0.679167 0.440625 0.650000 0.343750 0.672917 0.220313 0.639583 0.235938 0.647917 0.496875 0.614583 0.539062 0.589583 0.418750 0.577083 0.656250 0.600000 0.632812 0.868750 0.631250 0.987500 0.576563 0.985417 0.115625 0.852083 0.290625 0.987500 0.104687
3 0.014583 0.200000 0.016667 0.581250 0.297917 0.579687 0.295833 0.485938 0.285417 0.504687 0.133333 0.204688
3 0.772917 0.873438 0.564583 0.881250 0.570833 0.981250 0.593750 0.979688 0.595833 0.904688 0.620833 0.915625 0.789583 0.906250
3 0.362500 0.893750 0.116667 0.903125 0.112500 0.906250 0.108333 0.965625 0.333333 0.965625 0.377083 0.937500
3 0.985417 0.989062 0.983333 0.910937 0.897917 0.904688 0.652083 0.923437 0.791667 0.985937
5 0.545833 0.710938 0.587500 0.706250 0.712500 0.707812 0.666667 0.700000 0.729167 0.698438 0.729167 0.693750 0.652083 0.689062 0.647917 0.685938 0.641667 0.648438 0.691667 0.643750 0.612500 0.643750 0.620833 0.687500 0.554167 0.703125
5 0.775000 0.745313 0.737500 0.754687 0.729167 0.765625 0.689583 0.765625 0.679167 0.773438 0.683333 0.796875 0.693750 0.820312 0.702083 0.820312 0.704167 0.815625 0.706250 0.821875 0.731250 0.821875 0.787500 0.829687 0.797917 0.815625 0.800000 0.801562 0.791667 0.757812
7 0.712500 0.215625 0.683333 0.220313 0.664583 0.257812 0.660417 0.337500 0.679167 0.426562 0.727083 0.329688 0.725000 0.279687 0.712500 0.278125 0.716667 0.248437 0.710417 0.232812
7 0.395833 0.234375 0.395833 0.242188 0.418750 0.242188 0.420833 0.243750 0.447917 0.243750 0.450000 0.245312 0.452083 0.245312 0.452083 0.235938 0.447917 0.235938 0.445833 0.234375
7 0.327083 0.256250 0.327083 0.282813 0.381250 0.282813 0.381250 0.256250 0.383333 0.254687 0.331250 0.254687 0.329167 0.256250
7 0.397917 0.253125 0.397917 0.281250 0.452083 0.281250 0.452083 0.254687 0.447917 0.254687 0.445833 0.253125
7 0.631250 0.359375 0.616667 0.403125 0.612500 0.428125 0.612500 0.457812 0.622917 0.525000 0.639583 0.501562 0.643750 0.442187
7 0.466667 0.612500 0.329167 0.615625 0.325000 0.754687 0.466667 0.746875
7 0.050000 0.885938 0.025000 0.903125 0.022917 0.907812 0.020833 0.973437 0.062500 0.976562 0.079167 0.979688 0.079167 0.918750 0.081250 0.912500 0.060417 0.892187
8 0.822917 0.014062 0.804167 0.015625 0.795833 0.023438 0.770833 0.084375 0.768750 0.104687 0.822917 0.090625 0.818750 0.104687 0.772917 0.123438 0.772917 0.146875 0.783333 0.165625 0.831250 0.165625 0.854167 0.157813 0.872917 0.135937 0.889583 0.134375 0.904167 0.093750 0.900000 0.062500 0.887500 0.054688 0.877083 0.031250 0.835417 0.021875
8 0.722917 0.015625 0.687500 0.015625 0.685417 0.023438 0.685417 0.053125 0.689583 0.065625 0.687500 0.068750 0.687500 0.084375 0.685417 0.085938 0.685417 0.103125 0.689583 0.104687 0.695833 0.068750 0.697917 0.067188 0.706250 0.068750 0.708333 0.067188 0.718750 0.067188 0.735417 0.054688 0.745833 0.054688 0.747917 0.050000 0.745833 0.032812
8 0.706250 0.071875 0.700000 0.071875 0.693750 0.106250 0.683333 0.109375 0.681250 0.057813 0.677083 0.060938 0.654167 0.064062 0.614583 0.060938 0.614583 0.132812 0.618750 0.129688 0.639583 0.129688 0.675000 0.142188 0.693750 0.132812 0.702083 0.117188
8 0.816667 0.096875 0.808333 0.100000 0.797917 0.101562 0.791667 0.104687 0.781250 0.106250 0.764583 0.112500 0.754167 0.114063 0.737500 0.120312 0.722917 0.123438 0.722917 0.132812 0.731250 0.135937 0.739583 0.131250 0.754167 0.126563 0.758333 0.123438 0.777083 0.117188 0.781250 0.114063 0.814583 0.101562
8 0.733333 0.160938 0.662500 0.156250 0.654167 0.162500 0.652083 0.204688 0.647917 0.195312 0.637500 0.189063 0.570833 0.189063 0.550000 0.196875 0.520833 0.196875 0.520833 0.212500 0.554167 0.212500 0.560417 0.217187 0.614583 0.214062 0.643750 0.218750 0.654167 0.203125 0.658333 0.214062 0.725000 0.209375 0.722917 0.189063
8 0.408333 0.307813 0.412500 0.315625 0.410417 0.337500 0.414583 0.346875 0.408333 0.351562 0.414583 0.356250 0.458333 0.340625 0.481250 0.340625 0.483333 0.339063 0.512500 0.339063 0.518750 0.342187 0.522917 0.340625 0.525000 0.335938 0.520833 0.315625 0.508333 0.315625 0.483333 0.320312 0.481250 0.318750 0.447917 0.317187 0.418750 0.301562
8 0.522917 0.373437 0.477083 0.373437 0.454167 0.365625 0.452083 0.398438 0.460417 0.395312 0.458333 0.400000 0.441667 0.404687 0.445833 0.384375 0.427083 0.400000 0.414583 0.401563 0.370833 0.393750 0.362500 0.404687 0.362500 0.420312 0.370833 0.432813 0.389583 0.431250 0.400000 0.435937 0.443750 0.417188 0.445833 0.429688 0.466667 0.431250 0.481250 0.439063 0.497917 0.439063 0.495833 0.404687 0.500000 0.400000 0.460417 0.395312 0.466667 0.392188 0.522917 0.392188
8 0.512500 0.601562 0.485417 0.610937 0.485417 0.650000 0.487500 0.648438 0.516667 0.648438 0.516667 0.646875 0.514583 0.645312 0.514583 0.623438 0.512500 0.621875
8 0.302083 0.639063 0.291667 0.639063 0.289583 0.640625 0.281250 0.640625 0.279167 0.642187 0.268750 0.642187 0.266667 0.643750 0.245833 0.643750 0.245833 0.646875 0.243750 0.648438 0.243750 0.651563 0.245833 0.650000 0.297917 0.650000 0.300000 0.651563 0.302083 0.651563
8 0.260417 0.698438 0.260417 0.701563 0.268750 0.707812 0.268750 0.709375 0.279167 0.709375 0.281250 0.707812 0.285417 0.707812 0.287500 0.706250 0.291667 0.706250 0.291667 0.704687 0.293750 0.703125 0.293750 0.700000 0.295833 0.698438 0.295833 0.696875 0.297917 0.695312 0.297917 0.693750 0.295833 0.692187 0.287500 0.692187 0.285417 0.690625 0.266667 0.690625 0.266667 0.692187 0.262500 0.695312 0.262500 0.696875
8 0.243750 0.746875 0.247917 0.753125 0.237500 0.757812 0.237500 0.762500 0.247917 0.762500 0.250000 0.764063 0.235417 0.771875 0.297917 0.771875 0.300000 0.773438 0.300000 0.746875
8 0.697917 0.828125 0.691667 0.828125 0.677083 0.812500 0.668750 0.795313 0.672917 0.779688 0.616667 0.779688 0.562500 0.787500 0.516667 0.785937 0.512500 0.800000 0.518750 0.837500 0.506250 0.795313 0.437500 0.800000 0.439583 0.842188 0.535417 0.840625 0.525000 0.835938
8 0.443750 0.901563 0.443750 0.907812 0.445833 0.909375 0.447917 0.918750 0.452083 0.925000 0.452083 0.929688 0.456250 0.935938 0.460417 0.935938 0.462500 0.931250 0.468750 0.928125 0.472917 0.923437 0.510417 0.923437 0.518750 0.928125 0.510417 0.915625 0.497917 0.909375 0.497917 0.895312 0.464583 0.895312 0.462500 0.893750 0.450000 0.893750 0.447917 0.898438