1 0.114583 0.057813 0.150000 0.215625 0.191667 0.215625 0.166667 0.057813
2 0.779167 0.454688 0.985417 0.709375 0.989583 0.448438
3 0.564583 0.015625 0.670833 0.079687 0.664583 0.125000 0.614583 0.121875 0.604167 0.290625 0.562500 0.345313 0.627083 0.476562 0.514583 0.457812 0.587500 0.743750 0.489583 0.462500 0.564583 0.985937 0.989583 0.989062 0.983333 0.712500 0.768750 0.451562 0.645833 0.476562 0.658333 0.443750 0.987500 0.442187 0.989583 0.014062
3 0.056250 0.295312 0.068750 0.323438 0.431250 0.320312 0.431250 0.304688 0.441667 0.300000 0.443750 0.259375 0.464583 0.226562 0.404167 0.226562 0.389583 0.271875 0.362500 0.267188 0.364583 0.226562 0.145833 0.223438 0.137500 0.207813
3 0.439583 0.304688 0.439583 0.312500 0.437500 0.314063 0.437500 0.323438 0.439583 0.325000 0.439583 0.326562 0.441667 0.328125 0.441667 0.329688 0.443750 0.331250 0.443750 0.332812 0.445833 0.334375 0.450000 0.334375 0.452083 0.335938 0.456250 0.335938 0.458333 0.337500 0.456250 0.335938 0.456250 0.332812 0.454167 0.331250 0.454167 0.326562 0.452083 0.325000 0.452083 0.320312 0.450000 0.318750 0.450000 0.315625 0.447917 0.314063 0.447917 0.309375 0.445833 0.307813 0.445833 0.304688
3 0.018750 0.532812 0.347917 0.525000 0.356250 0.535937 0.466667 0.521875 0.479167 0.446875 0.606250 0.446875 0.552083 0.339063 0.537500 0.339063 0.533333 0.354688 0.497917 0.360938 0.462500 0.340625 0.068750 0.326562 0.016667 0.376563
3 0.343750 0.531250 0.014583 0.539062 0.014583 0.698438 0.052083 0.698438 0.062500 0.689062 0.350000 0.681250
3 0.333333 0.923437 0.014583 0.940625 0.012500 0.984375 0.014583 0.989062 0.341667 0.985937
7 0.222917 0.160938 0.214583 0.185937 0.214583 0.193750 0.252083 0.193750 0.254167 0.195312 0.295833 0.195312 0.297917 0.196875 0.339583 0.196875 0.345833 0.198437 0.341667 0.192188 0.335417 0.190625 0.291667 0.190625 0.283333 0.184375 0.277083 0.175000 0.277083 0.164062 0.272917 0.162500
7 0.212500 0.350000 0.204167 0.435937 0.477083 0.443750 0.477083 0.375000 0.318750 0.368750 0.312500 0.348437
7 0.525000 0.634375 0.525000 0.700000 0.550000 0.826563 0.554167 0.776563
7 0.408333 0.696875 0.087500 0.714063 0.014583 0.939062 0.337500 0.921875 0.345833 0.954687 0.431250 0.948438
7 0.468750 0.723437 0.460417 0.723437 0.456250 0.732813 0.447917 0.731250 0.450000 0.742188 0.466667 0.751562 0.475000 0.765625 0.472917 0.773438 0.460417 0.773438 0.452083 0.798437 0.456250 0.798437 0.468750 0.782812 0.495833 0.784375 0.497917 0.782812 0.518750 0.782812 0.525000 0.779688 0.522917 0.768750 0.516667 0.768750 0.514583 0.773438 0.506250 0.771875 0.475000 0.740625 0.477083 0.732813
8 0.508333 0.017188 0.508333 0.034375 0.516667 0.034375 0.518750 0.032812 0.608333 0.032812 0.600000 0.031250 0.593750 0.028125 0.589583 0.028125 0.579167 0.023438 0.575000 0.023438 0.558333 0.017188 0.550000 0.017188 0.547917 0.015625 0.510417 0.015625
8 0.637500 0.076563 0.631250 0.042188 0.627083 0.037500 0.620833 0.040625 0.535417 0.043750 0.512500 0.040625 0.497917 0.048437 0.483333 0.048437 0.481250 0.051562 0.479167 0.073437 0.504167 0.079687 0.508333 0.076563 0.533333 0.089062 0.610417 0.085938 0.614583 0.079687
8 0.408333 0.070312 0.383333 0.089062 0.383333 0.096875 0.393750 0.098438 0.404167 0.103125 0.410417 0.103125 0.425000 0.107813 0.462500 0.135937 0.462500 0.128125 0.460417 0.125000 0.450000 0.117188 0.427083 0.107813 0.422917 0.101562 0.422917 0.084375 0.416667 0.085938 0.412500 0.084375 0.412500 0.070312 0.414583 0.068750
8 0.470833 0.104687 0.468750 0.128125 0.491667 0.179688 0.479167 0.226562 0.468750 0.228125 0.447917 0.290625 0.460417 0.301562 0.460417 0.317187 0.479167 0.332812 0.481250 0.345313 0.502083 0.354688 0.539583 0.348437 0.535417 0.332812 0.543750 0.326562 0.560417 0.146875 0.533333 0.114063 0.516667 0.114063 0.506250 0.101562
8 0.422917 0.114063 0.360417 0.125000 0.345833 0.151562 0.322917 0.145313 0.295833 0.151562 0.295833 0.173438 0.304167 0.181250 0.347917 0.178125 0.375000 0.221875 0.370833 0.260938 0.381250 0.264062 0.400000 0.226562 0.387500 0.198437 0.429167 0.196875 0.458333 0.204688 0.456250 0.164062 0.447917 0.140625
8 0.572917 0.112500 0.554167 0.114063 0.572917 0.150000 0.552083 0.331250 0.562500 0.339063 0.572917 0.337500 0.583333 0.298438 0.572917 0.276563 0.577083 0.251563 0.589583 0.296875 0.593750 0.285937 0.587500 0.250000 0.606250 0.218750 0.614583 0.140625 0.602083 0.137500 0.585417 0.187500 0.589583 0.234375 0.579167 0.248437 0.575000 0.201562 0.597917 0.120312
8 0.504167 0.525000 0.379167 0.532812 0.350000 0.545313 0.350000 0.570312 0.358333 0.579687 0.381250 0.585938 0.506250 0.584375 0.508333 0.551562
8 0.512500 0.684375 0.506250 0.684375 0.497917 0.687500 0.487500 0.687500 0.485417 0.689062 0.479167 0.689062 0.470833 0.692187 0.454167 0.692187 0.452083 0.693750 0.445833 0.693750 0.443750 0.695312 0.439583 0.692187 0.431250 0.692187 0.429167 0.704687 0.441667 0.706250 0.447917 0.709375 0.495833 0.709375 0.497917 0.707812 0.504167 0.707812 0.506250 0.704687 0.514583 0.704687 0.512500 0.701563
8 0.520833 0.742188 0.516667 0.742188 0.514583 0.743750 0.512500 0.743750 0.510417 0.745313 0.508333 0.745313 0.502083 0.750000 0.491667 0.750000 0.493750 0.751562 0.493750 0.753125 0.495833 0.754687 0.495833 0.756250 0.497917 0.757812 0.497917 0.759375 0.500000 0.760938 0.500000 0.762500 0.502083 0.764063 0.502083 0.765625 0.506250 0.770312 0.510417 0.770312 0.512500 0.768750 0.514583 0.768750 0.514583 0.767187 0.518750 0.764063 0.522917 0.764063 0.525000 0.765625 0.525000 0.764063 0.522917 0.762500 0.522917 0.746875 0.520833 0.745313
8 0.527083 0.790625 0.525000 0.789062 0.516667 0.789062 0.514583 0.790625 0.512500 0.790625 0.510417 0.792188 0.497917 0.792188 0.495833 0.793750 0.495833 0.803125 0.497917 0.804688 0.497917 0.806250 0.500000 0.807813 0.502083 0.807813 0.504167 0.806250 0.512500 0.806250 0.514583 0.807813 0.516667 0.807813 0.518750 0.809375 0.527083 0.809375
8 0.529167 0.817187 0.522917 0.817187 0.520833 0.818750 0.514583 0.818750 0.506250 0.821875 0.500000 0.821875 0.497917 0.823438 0.475000 0.826563 0.466667 0.829687 0.437500 0.826563 0.439583 0.839063 0.445833 0.839063 0.447917 0.837500 0.466667 0.837500 0.468750 0.839063 0.485417 0.839063 0.487500 0.840625 0.504167 0.840625 0.506250 0.842188 0.508333 0.840625 0.518750 0.839063 0.525000 0.834375 0.533333 0.832812 0.531250 0.831250
8 0.558333 0.873438 0.550000 0.873438 0.550000 0.882812 0.545833 0.895312 0.500000 0.895312 0.493750 0.900000 0.497917 0.932813 0.504167 0.937500 0.514583 0.940625 0.518750 0.937500 0.547917 0.937500 0.552083 0.939062 0.552083 0.929688 0.554167 0.928125 0.558333 0.937500 0.566667 0.929688 0.566667 0.917188 0.568750 0.914062 0.566667 0.912500 0.564583 0.881250