1 0.343750 0.239063 0.343750 0.253125 0.347917 0.251563 0.385417 0.251563 0.406250 0.260938 0.408333 0.259375 0.431250 0.257812 0.443750 0.254687 0.454167 0.254687 0.454167 0.245312 0.456250 0.243750 0.456250 0.234375 0.452083 0.232812 0.395833 0.232812 0.393750 0.234375 0.381250 0.234375 0.379167 0.235938 0.347917 0.235938
1 0.410417 0.279687 0.402083 0.267188 0.358333 0.267188 0.356250 0.268750 0.343750 0.268750 0.341667 0.270312 0.329167 0.270312 0.327083 0.271875 0.297917 0.273438 0.310417 0.279687 0.325000 0.284375 0.329167 0.287500 0.331250 0.285937 0.356250 0.284375 0.358333 0.282813 0.383333 0.281250 0.385417 0.279687
1 0.227083 0.303125 0.225000 0.668750 0.247917 0.667188 0.252083 0.431250
1 0.222917 0.904688 0.122917 0.915625 0.112500 0.982813 0.218750 0.987500
1 0.014583 0.910937 0.012500 0.984375 0.052083 0.982813 0.077083 0.965625 0.106250 0.987500 0.112500 0.920313 0.041667 0.939062 0.037500 0.915625
2 0.987500 0.335938 0.864583 0.342187 0.864583 0.368750 0.812500 0.367188 0.802083 0.390625 0.816667 0.410937 0.783333 0.450000 0.693750 0.454688 0.693750 0.476562 0.808333 0.482812 0.835417 0.515625 0.787500 0.542188 0.693750 0.539062 0.706250 0.612500 0.887500 0.559375 0.970833 0.579687 0.964583 0.689062 0.935417 0.704687 0.958333 0.881250 0.987500 0.879687
3 0.983333 0.014062 0.656250 0.014062 0.643750 0.110937 0.668750 0.353125 0.695833 0.365625 0.981250 0.029687
3 0.985417 0.032812 0.733333 0.335938 0.985417 0.326562
3 0.918750 0.756250 0.854167 0.748438 0.591667 0.764063 0.602083 0.964063 0.708333 0.957812 0.720833 0.865625 0.737500 0.875000 0.720833 0.887500 0.714583 0.987500 0.910417 0.987500 0.741667 0.879687 0.797917 0.906250 0.950000 0.893750
3 0.318750 0.778125 0.018750 0.790625 0.014583 0.901563 0.250000 0.892187 0.325000 0.804688
3 0.985417 0.987500 0.985417 0.895312 0.814583 0.912500 0.920833 0.985937
5 0.497917 0.015625 0.497917 0.021875 0.500000 0.023438 0.500000 0.031250 0.502083 0.032812 0.500000 0.034375 0.500000 0.043750 0.497917 0.045313 0.495833 0.065625 0.502083 0.065625 0.504167 0.067188 0.510417 0.067188 0.512500 0.068750 0.520833 0.068750 0.522917 0.070312 0.522917 0.062500 0.525000 0.060938 0.525000 0.053125 0.527083 0.051562 0.527083 0.042188 0.529167 0.040625 0.529167 0.031250 0.514583 0.023438 0.512500 0.023438 0.508333 0.020312 0.502083 0.018750
5 0.535417 0.037500 0.533333 0.153125 0.543750 0.159375 0.643750 0.164062 0.627083 0.089062 0.608333 0.082813 0.600000 0.060938 0.600000 0.053125 0.610417 0.035937
5 0.552083 0.253125 0.554167 0.375000 0.668750 0.378125 0.856250 0.362500 0.854167 0.356250 0.733333 0.356250 0.731250 0.348437 0.702083 0.370313 0.683333 0.364062 0.662500 0.348437 0.652083 0.257812
5 0.802083 0.401563 0.654167 0.420312 0.635417 0.437500 0.635417 0.485938 0.625000 0.498437 0.543750 0.518750 0.539583 0.531250 0.566667 0.535937 0.670833 0.525000 0.793750 0.534375 0.793750 0.518750 0.722917 0.517187 0.720833 0.509375 0.816667 0.498437 0.687500 0.485938 0.687500 0.442187 0.777083 0.439063 0.777083 0.428125 0.679167 0.428125 0.695833 0.415625 0.802083 0.414062
5 0.912500 0.568750 0.777083 0.600000 0.766667 0.625000 0.777083 0.670313 0.793750 0.687500 0.891667 0.695312 0.941667 0.695312 0.960417 0.676562 0.960417 0.603125
6 0.531250 0.054688 0.527083 0.334375 0.547917 0.385938 0.564583 0.385938 0.577083 0.406250 0.581250 0.432813 0.558333 0.501562 0.589583 0.476562 0.595833 0.434375 0.583333 0.376563 0.554167 0.376563 0.539583 0.364062 0.539583 0.237500 0.558333 0.245312 0.556250 0.168750 0.531250 0.153125
7 0.245833 0.014062 0.250000 0.223438 0.500000 0.220313 0.520833 0.075000 0.483333 0.065625 0.479167 0.012500
7 0.268750 0.310937 0.293750 0.387500 0.429167 0.378125 0.422917 0.312500
7 0.254167 0.428125 0.260417 0.587500 0.452083 0.576563 0.441667 0.431250
7 0.441667 0.618750 0.258333 0.628125 0.256250 0.657812 0.258333 0.660937 0.281250 0.660937 0.283333 0.690625 0.389583 0.687500 0.383333 0.640625 0.429167 0.640625 0.416667 0.640625 0.408333 0.628125
7 0.708333 0.965625 0.610417 0.965625 0.595833 0.981250 0.579167 0.981250 0.566667 0.959375 0.279167 0.981250 0.708333 0.985937
8 0.558333 0.400000 0.543750 0.400000 0.531250 0.403125 0.508333 0.404687 0.506250 0.412500 0.506250 0.476562 0.514583 0.487500 0.518750 0.485938 0.566667 0.485938 0.572917 0.407813 0.575000 0.406250
8 0.456250 0.415625 0.456250 0.457812 0.458333 0.459375 0.458333 0.462500 0.472917 0.462500 0.475000 0.464063 0.493750 0.464063 0.495833 0.465625 0.493750 0.462500 0.493750 0.435937 0.491667 0.434375 0.491667 0.412500 0.481250 0.412500 0.479167 0.414062
8 0.214583 0.442187 0.210417 0.442187 0.204167 0.446875 0.195833 0.446875 0.193750 0.448438 0.183333 0.448438 0.181250 0.450000 0.177083 0.450000 0.175000 0.448438 0.137500 0.448438 0.137500 0.457812 0.139583 0.459375 0.150000 0.459375 0.152083 0.457812 0.183333 0.457812 0.185417 0.459375 0.210417 0.459375 0.216667 0.462500 0.214583 0.460938
8 0.156250 0.504687 0.156250 0.514063 0.158333 0.515625 0.158333 0.526563 0.164583 0.531250 0.170833 0.532812 0.181250 0.539062 0.185417 0.537500 0.212500 0.537500 0.212500 0.510938 0.210417 0.509375 0.191667 0.507812 0.189583 0.506250 0.183333 0.506250 0.181250 0.504687
8 0.137500 0.581250 0.143750 0.589063 0.143750 0.593750 0.133333 0.600000 0.143750 0.603125 0.145833 0.606250 0.135417 0.617188 0.222917 0.614062 0.220833 0.610937 0.220833 0.582812 0.212500 0.582812 0.210417 0.581250
8 0.768750 0.692187 0.745833 0.620313 0.514583 0.625000 0.493750 0.642187 0.402083 0.650000 0.416667 0.692187 0.441667 0.692187 0.445833 0.681250 0.489583 0.684375 0.506250 0.703125 0.764583 0.700000
8 0.564583 0.782812 0.535417 0.787500 0.525000 0.801562 0.512500 0.776563 0.493750 0.807813 0.487500 0.790625 0.497917 0.784375 0.425000 0.785937 0.414583 0.790625 0.414583 0.818750 0.408333 0.803125 0.339583 0.798437 0.329167 0.859375 0.366667 0.859375 0.343750 0.871875 0.418750 0.884375 0.452083 0.906250 0.462500 0.885938 0.445833 0.868750 0.475000 0.870313 0.489583 0.882812 0.512500 0.881250 0.514583 0.845312 0.539583 0.846875 0.541667 0.870313 0.562500 0.870313 0.562500 0.826563 0.518750 0.828125 0.529167 0.826563 0.531250 0.810938 0.539583 0.823438 0.568750 0.820312