1 0.200000 0.459375 0.193750 0.585938 0.085417 0.590625 0.070833 0.737500 0.189583 0.729688 0.181250 0.742188 0.268750 0.729688 0.268750 0.701563 0.314583 0.695312 0.291667 0.571875 0.306250 0.529688 0.222917 0.525000 0.218750 0.470313
1 0.354167 0.848437 0.193750 0.846875 0.193750 0.987500 0.243750 0.987500 0.256250 0.903125 0.352083 0.873438
2 0.679167 0.064062 0.920833 0.106250 0.987500 0.143750 0.985417 0.014062 0.770833 0.015625 0.750000 0.048437
2 0.985417 0.503125 0.866667 0.607813 0.654167 0.607813 0.766667 0.867188 0.802083 0.876562 0.825000 0.923437 0.985417 0.818750
3 0.318750 0.364062 0.310417 0.415625 0.391667 0.815625 0.360417 0.876562 0.397917 0.893750 0.383333 0.939062 0.395833 0.981250 0.739583 0.985937 0.820833 0.929688 0.797917 0.876562 0.754167 0.871875 0.650000 0.612500 0.493750 0.606250 0.462500 0.621875 0.389583 0.370313
3 0.016667 0.403125 0.018750 0.496875 0.037500 0.500000 0.054167 0.489062 0.120833 0.498437 0.125000 0.534375 0.079167 0.535937 0.085417 0.579687 0.187500 0.585938 0.193750 0.412500
3 0.183333 0.735937 0.068750 0.743750 0.014583 0.762500 0.014583 0.987500 0.187500 0.987500 0.187500 0.828125 0.166667 0.828125 0.156250 0.806250 0.166667 0.753125
3 0.985417 0.831250 0.747917 0.984375 0.987500 0.989062
6 0.760417 0.015625 0.360417 0.015625 0.362500 0.037500 0.333333 0.093750 0.291667 0.360938 0.389583 0.364062 0.458333 0.146875 0.447917 0.115625 0.483333 0.065625 0.491667 0.029687 0.679167 0.059375 0.745833 0.043750
7 0.352083 0.015625 0.325000 0.025000 0.325000 0.035937 0.327083 0.037500 0.327083 0.048437 0.329167 0.050000 0.329167 0.060938 0.331250 0.062500 0.333333 0.085938 0.337500 0.079687 0.337500 0.076563 0.341667 0.071875 0.341667 0.068750 0.352083 0.053125 0.352083 0.050000 0.356250 0.045313 0.356250 0.042188 0.360417 0.037500 0.356250 0.031250 0.356250 0.026563 0.354167 0.025000
7 0.122917 0.059375 0.122917 0.090625 0.125000 0.095312 0.137500 0.096875 0.154167 0.101562 0.160417 0.101562 0.168750 0.104687 0.183333 0.106250 0.200000 0.110937 0.200000 0.073437 0.197917 0.071875 0.191667 0.071875 0.181250 0.068750 0.172917 0.068750 0.170833 0.067188
7 0.075000 0.231250 0.072917 0.260938 0.162500 0.267188 0.164583 0.268750 0.181250 0.268750 0.183333 0.270312 0.181250 0.268750 0.179167 0.237500 0.175000 0.235938 0.156250 0.235938 0.154167 0.234375 0.135417 0.234375 0.133333 0.232812 0.114583 0.232812 0.112500 0.231250 0.093750 0.231250 0.091667 0.229687 0.077083 0.229687
8 0.497917 0.034375 0.454167 0.121875 0.468750 0.140625 0.395833 0.385938 0.464583 0.617188 0.512500 0.600000 0.868750 0.598437 0.987500 0.493750 0.987500 0.156250 0.920833 0.112500
8 0.285417 0.054688 0.285417 0.062500 0.287500 0.064062 0.287500 0.073437 0.291667 0.078125 0.293750 0.078125 0.295833 0.079687 0.297917 0.079687 0.302083 0.082813 0.308333 0.079687 0.312500 0.079687 0.314583 0.078125 0.316667 0.078125 0.318750 0.076563 0.320833 0.076563 0.316667 0.071875 0.316667 0.068750 0.314583 0.067188 0.314583 0.065625 0.312500 0.064062 0.312500 0.060938 0.308333 0.056250 0.295833 0.056250 0.293750 0.054688
8 0.285417 0.082813 0.285417 0.085938 0.283333 0.087500 0.283333 0.092188 0.281250 0.093750 0.281250 0.096875 0.287500 0.096875 0.289583 0.098438 0.297917 0.098438 0.300000 0.100000 0.308333 0.100000 0.310417 0.101562 0.310417 0.095312 0.312500 0.093750 0.312500 0.085938 0.310417 0.087500 0.308333 0.085938 0.297917 0.085938 0.295833 0.084375 0.287500 0.084375
8 0.243750 0.412500 0.225000 0.467187 0.225000 0.518750 0.308333 0.525000 0.316667 0.490625 0.308333 0.425000 0.318750 0.423438 0.318750 0.420312 0.295833 0.412500
8 0.047917 0.495313 0.016667 0.518750 0.016667 0.707812 0.025000 0.753125 0.060417 0.740625 0.079167 0.639063 0.072917 0.496875
8 0.333333 0.500000 0.300000 0.560938 0.316667 0.696875 0.362500 0.675000
8 0.275000 0.706250 0.275000 0.728125 0.279167 0.726562 0.372917 0.725000 0.370833 0.723437 0.368750 0.707812 0.360417 0.707812 0.358333 0.706250
8 0.377083 0.729688 0.181250 0.750000 0.168750 0.760938 0.168750 0.789062 0.162500 0.795313 0.166667 0.825000 0.189583 0.828125 0.189583 0.843750 0.379167 0.843750 0.385417 0.815625
8 0.393750 0.898438 0.252083 0.962500 0.252083 0.987500 0.393750 0.982813 0.387500 0.954687 0.379167 0.946875