1 0.185417 0.048437 0.200000 0.045313 0.266667 0.051562 0.289583 0.017188 0.385417 0.014062 0.193750 0.012500 0.191667 0.045313
1 0.187500 0.171875 0.177083 0.553125 0.216667 0.554688 0.214583 0.598437 0.175000 0.604688 0.168750 0.821875 0.068750 0.826563 0.037500 0.790625 0.020833 0.942187 0.197917 0.920313 0.216667 0.989062 0.427083 0.985937 0.435417 0.942187 0.485417 0.921875 0.385417 0.920313 0.331250 0.826563 0.370833 0.890625 0.481250 0.862500 0.520833 0.956250 0.577083 0.959375 0.452083 0.800000 0.425000 0.839063 0.406250 0.817187 0.420833 0.779688 0.443750 0.789062 0.364583 0.687500 0.358333 0.717188 0.262500 0.721875 0.243750 0.664062 0.283333 0.539062 0.252083 0.546875 0.243750 0.510938 0.289583 0.529688 0.291667 0.390625 0.358333 0.395312 0.362500 0.364062 0.225000 0.345313 0.275000 0.293750 0.243750 0.193750
2 0.845833 0.085938 0.797917 0.340625 0.812500 0.362500 0.795833 0.531250 0.985417 0.603125 0.987500 0.110937
3 0.175000 0.010937 0.014583 0.014062 0.018750 0.907812 0.037500 0.784375 0.166667 0.810938 0.166667 0.639063 0.133333 0.637500 0.166667 0.635938 0.172917 0.331250 0.045833 0.317187 0.177083 0.326562 0.183333 0.176563 0.137500 0.117188 0.145833 0.065625 0.177083 0.059375
3 0.408333 0.015625 0.420833 0.198437 0.381250 0.228125 0.410417 0.289062 0.404167 0.370313 0.366667 0.365625 0.395833 0.409375 0.364583 0.560938 0.606250 0.737500 0.583333 0.956250 0.602083 0.984375 0.662500 0.906250 0.827083 0.987500 0.983333 0.987500 0.983333 0.904688 0.418750 0.512500 0.441667 0.142188 0.437500 0.340625 0.791667 0.350000 0.829167 0.092188 0.660417 0.060938 0.616667 0.090625 0.712500 0.015625 0.597917 0.015625 0.591667 0.045313 0.585417 0.017188
3 0.452083 0.346875 0.427083 0.512500 0.460417 0.531250 0.791667 0.517187 0.802083 0.360938
3 0.475000 0.540625 0.685417 0.690625 0.987500 0.681250 0.987500 0.609375 0.785417 0.528125
3 0.704167 0.700000 0.989583 0.893750 0.981250 0.690625
3 0.197917 0.921875 0.022917 0.948438 0.016667 0.946875 0.016667 0.923437 0.018750 0.990625 0.204167 0.985937
7 0.462500 0.614062 0.458333 0.654688 0.479167 0.662500 0.479167 0.701563 0.464583 0.718750 0.450000 0.789062 0.581250 0.959375 0.606250 0.773438 0.602083 0.737500
7 0.425000 0.778125 0.412500 0.792188 0.412500 0.795313 0.410417 0.796875 0.410417 0.801562 0.406250 0.807813 0.406250 0.814062 0.412500 0.820312 0.414583 0.825000 0.422917 0.832812 0.425000 0.837500 0.435417 0.831250 0.447917 0.826563 0.447917 0.793750 0.429167 0.779688
7 0.329167 0.828125 0.354167 0.892187 0.385417 0.918750 0.475000 0.915625 0.489583 0.921875 0.468750 0.953125 0.437500 0.942187 0.437500 0.987500 0.589583 0.985937 0.591667 0.971875 0.579167 0.962500 0.514583 0.954687 0.493750 0.923437 0.512500 0.900000 0.481250 0.864062 0.433333 0.879687 0.418750 0.862500 0.370833 0.892187 0.356250 0.846875
8 0.289583 0.018750 0.285417 0.040625 0.383333 0.064062 0.179167 0.050000 0.177083 0.062500 0.158333 0.062500 0.141667 0.117188 0.175000 0.168750 0.258333 0.184375 0.245833 0.207813 0.262500 0.209375 0.235417 0.210938 0.241667 0.239063 0.272917 0.240625 0.256250 0.271875 0.304167 0.290625 0.245833 0.296875 0.220833 0.334375 0.243750 0.348437 0.377083 0.357812 0.368750 0.320312 0.408333 0.289062 0.368750 0.284375 0.385417 0.259375 0.366667 0.242188 0.322917 0.240625 0.358333 0.237500 0.368750 0.210938 0.256250 0.185937 0.370833 0.204688 0.418750 0.198437 0.420833 0.050000 0.410417 0.025000
8 0.304167 0.393750 0.287500 0.420312 0.283333 0.503125 0.289583 0.528125 0.381250 0.529688 0.391667 0.471875 0.393750 0.403125
8 0.245833 0.510938 0.250000 0.543750 0.268750 0.551562 0.283333 0.540625 0.268750 0.567187 0.268750 0.642187 0.245833 0.667188 0.275000 0.695312 0.297917 0.698438 0.266667 0.701563 0.264583 0.721875 0.312500 0.718750 0.310417 0.700000 0.354167 0.706250 0.364583 0.681250 0.345833 0.665625 0.364583 0.664062 0.410417 0.759375 0.433333 0.771875 0.450000 0.753125 0.468750 0.671875 0.391667 0.578125 0.377083 0.653125 0.364583 0.637500 0.333333 0.642187 0.370833 0.625000 0.375000 0.575000 0.345833 0.542188 0.285417 0.535937 0.268750 0.515625
8 0.181250 0.537500 0.179167 0.539062 0.179167 0.553125 0.177083 0.554688 0.177083 0.570312 0.175000 0.571875 0.172917 0.603125 0.193750 0.603125 0.202083 0.598437 0.212500 0.598437 0.212500 0.556250 0.214583 0.554688 0.214583 0.551562 0.212500 0.550000 0.204167 0.550000 0.197917 0.540625 0.193750 0.537500
8 0.327083 0.740625 0.316667 0.740625 0.314583 0.742188 0.306250 0.742188 0.304167 0.743750 0.293750 0.743750 0.291667 0.745313 0.283333 0.745313 0.281250 0.746875 0.270833 0.746875 0.270833 0.751562 0.272917 0.753125 0.272917 0.757812 0.275000 0.759375 0.277083 0.770312 0.279167 0.771875 0.281250 0.770312 0.306250 0.770312 0.308333 0.768750 0.333333 0.768750 0.331250 0.767187 0.331250 0.759375 0.329167 0.757812 0.329167 0.748438 0.327083 0.746875
8 0.612500 0.962500 0.612500 0.987500 0.822917 0.989062 0.679167 0.910937 0.631250 0.931250