1 0.312500 0.014062 0.189583 0.014062 0.197917 0.071875 0.106250 0.057813 0.104167 0.014062 0.012500 0.014062 0.016667 0.571875 0.068750 0.440625 0.043750 0.075000 0.266667 0.107813 0.285417 0.045313 0.304167 0.057813 0.347917 0.034375
1 0.102083 0.445312 0.077083 0.445312 0.020833 0.598437 0.014583 0.632812 0.014583 0.710938 0.035417 0.695312 0.072917 0.696875 0.068750 0.501562 0.108333 0.495313
1 0.018750 0.835938 0.014583 0.985937 0.070833 0.987500 0.135417 0.968750 0.145833 0.985937 0.277083 0.985937 0.256250 0.951563 0.256250 0.914062 0.218750 0.915625 0.206250 0.932813 0.175000 0.934375 0.170833 0.957812 0.141667 0.964063 0.093750 0.959375 0.077083 0.834375 0.047917 0.834375 0.068750 0.978125 0.060417 0.979688 0.043750 0.837500
2 0.985417 0.539062 0.925000 0.535937 0.795833 0.603125 0.731250 0.696875 0.645833 0.890625 0.666667 0.934375 0.645833 0.940625 0.564583 0.904688 0.518750 0.909375 0.535417 0.957812 0.506250 0.985937 0.985417 0.987500
3 0.989583 0.010937 0.927083 0.010937 0.904167 0.150000 0.879167 0.121875 0.850000 0.189063 0.760417 0.137500 0.797917 0.035937 0.895833 0.057813 0.895833 0.014062 0.733333 0.015625 0.760417 0.089062 0.702083 0.175000 0.543750 0.148438 0.589583 0.203125 0.716667 0.203125 0.718750 0.401563 0.647917 0.407813 0.600000 0.334375 0.502083 0.325000 0.497917 0.490625 0.431250 0.559375 0.395833 0.428125 0.377083 0.921875 0.647917 0.889063 0.787500 0.603125 0.914583 0.531250 0.987500 0.534375 0.989583 0.143750 0.854167 0.529688 0.797917 0.573438 0.979167 0.151562
5 0.318750 0.048437 0.318750 0.050000 0.312500 0.057813 0.312500 0.062500 0.314583 0.064062 0.316667 0.068750 0.320833 0.071875 0.325000 0.079687 0.345833 0.095312 0.345833 0.051562 0.343750 0.050000 0.339583 0.050000 0.337500 0.048437
5 0.287500 0.053125 0.287500 0.059375 0.285417 0.060938 0.285417 0.067188 0.283333 0.068750 0.283333 0.075000 0.281250 0.076563 0.281250 0.082813 0.279167 0.084375 0.275000 0.106250 0.302083 0.109375 0.304167 0.110937 0.312500 0.110937 0.314583 0.112500 0.322917 0.112500 0.325000 0.114063 0.333333 0.114063 0.335417 0.115625 0.343750 0.115625 0.302083 0.064062
5 0.268750 0.212500 0.264583 0.243750 0.300000 0.250000 0.304167 0.254687 0.308333 0.304688 0.302083 0.332812 0.333333 0.332812 0.333333 0.248437 0.345833 0.221875 0.314583 0.220313
5 0.295833 0.810938 0.333333 0.987500 0.391667 0.987500 0.475000 0.970312 0.518750 0.970312 0.533333 0.957812 0.504167 0.909375 0.370833 0.928125 0.358333 0.885938 0.333333 0.881250 0.335417 0.842188 0.318750 0.820312 0.318750 0.809375
5 0.268750 0.815625 0.264583 0.959375 0.277083 0.965625 0.289583 0.984375 0.325000 0.987500 0.285417 0.814062
7 0.108333 0.010937 0.108333 0.054688 0.143750 0.059375 0.164583 0.064062 0.172917 0.064062 0.193750 0.068750 0.195833 0.065625 0.193750 0.064062 0.193750 0.051562 0.191667 0.050000 0.187500 0.014062 0.183333 0.012500
7 0.356250 0.045313 0.350000 0.050000 0.362500 0.239063 0.377083 0.245312 0.400000 0.265625 0.408333 0.257812 0.447917 0.173438 0.435417 0.093750 0.416667 0.090625 0.393750 0.079687 0.375000 0.079687
7 0.047917 0.081250 0.068750 0.431250 0.127083 0.435937 0.108333 0.437500 0.114583 0.492188 0.204167 0.493750 0.206250 0.443750 0.127083 0.437500 0.258333 0.439063 0.252083 0.348437 0.270833 0.317187 0.291667 0.325000 0.304167 0.292188 0.300000 0.253125 0.260417 0.242188 0.260417 0.217187 0.352083 0.218750 0.341667 0.184375 0.306250 0.189063 0.312500 0.148438 0.350000 0.160938 0.339583 0.125000
7 0.477083 0.310937 0.418750 0.418750 0.431250 0.557813 0.495833 0.484375 0.495833 0.448438 0.506250 0.404687
7 0.077083 0.501562 0.081250 0.701563 0.133333 0.703125 0.022917 0.707812 0.016667 0.770312 0.175000 0.765625 0.179167 0.704687 0.239583 0.701563 0.275000 0.690625 0.264583 0.620313 0.229167 0.598437 0.243750 0.585938 0.247917 0.565625 0.225000 0.560938 0.222917 0.529688 0.166667 0.529688 0.147917 0.518750 0.125000 0.523438 0.112500 0.503125
7 0.262500 0.825000 0.085417 0.837500 0.100000 0.960938 0.147917 0.960938 0.143750 0.940625 0.147917 0.931250 0.206250 0.929688 0.212500 0.909375 0.262500 0.906250
7 0.139583 0.975000 0.133333 0.975000 0.131250 0.976562 0.122917 0.976562 0.120833 0.978125 0.112500 0.978125 0.110417 0.979688 0.102083 0.979688 0.100000 0.981250 0.091667 0.981250 0.089583 0.982813 0.081250 0.982813 0.075000 0.987500 0.075000 0.989062 0.139583 0.989062
8 0.320833 0.010937 0.320833 0.020312 0.358333 0.028125 0.356250 0.043750 0.372917 0.076563 0.402083 0.079687 0.427083 0.092188 0.481250 0.092188 0.493750 0.060938 0.491667 0.054688 0.547917 0.039062 0.556250 0.012500
8 0.904167 0.010937 0.885417 0.137500 0.885417 0.153125 0.891667 0.167187 0.902083 0.150000 0.922917 0.025000 0.922917 0.012500
8 0.583333 0.012500 0.587500 0.031250 0.604167 0.050000 0.658333 0.057813 0.637500 0.067188 0.645833 0.082813 0.618750 0.129688 0.600000 0.114063 0.637500 0.081250 0.577083 0.070312 0.547917 0.110937 0.589583 0.120312 0.593750 0.129688 0.618750 0.137500 0.625000 0.164062 0.654167 0.164062 0.662500 0.175000 0.683333 0.175000 0.720833 0.151562 0.747917 0.104687 0.760417 0.054688 0.752083 0.035937 0.729167 0.012500 0.700000 0.012500 0.700000 0.034375 0.664583 0.053125 0.618750 0.039062 0.595833 0.014062
8 0.804167 0.040625 0.789583 0.082813 0.762500 0.140625 0.850000 0.184375 0.891667 0.065625
8 0.537500 0.151562 0.529167 0.165625 0.485417 0.181250 0.472917 0.196875 0.456250 0.201562 0.450000 0.210938 0.450000 0.265625 0.468750 0.293750 0.502083 0.309375 0.520833 0.331250 0.552083 0.318750 0.560417 0.329688 0.610417 0.331250 0.610417 0.271875 0.637500 0.209375 0.585417 0.207813 0.583333 0.178125 0.570833 0.160938
8 0.310417 0.153125 0.310417 0.185937 0.318750 0.185937 0.320833 0.184375 0.327083 0.184375 0.329167 0.182812 0.337500 0.182812 0.339583 0.181250 0.347917 0.181250 0.347917 0.165625 0.345833 0.164062 0.333333 0.164062 0.329167 0.160938 0.327083 0.160938 0.325000 0.159375 0.318750 0.157813 0.314583 0.154687 0.312500 0.154687
8 0.714583 0.203125 0.670833 0.206250 0.645833 0.217187 0.616667 0.271875 0.618750 0.343750 0.627083 0.371875 0.643750 0.382812 0.652083 0.401563 0.704167 0.396875 0.739583 0.337500 0.739583 0.240625
8 0.270833 0.320312 0.254167 0.348437 0.262500 0.446875 0.266667 0.454688 0.314583 0.453125 0.333333 0.381250 0.325000 0.387500 0.302083 0.385938 0.335417 0.378125 0.339583 0.340625 0.289583 0.335938 0.285417 0.376563 0.285417 0.334375
8 0.243750 0.457812 0.229167 0.515625 0.229167 0.526563 0.237500 0.551562 0.314583 0.554688 0.329167 0.515625 0.322917 0.462500
8 0.331250 0.464063 0.331250 0.482812 0.333333 0.484375 0.333333 0.504687 0.335417 0.507812 0.337500 0.507812 0.337500 0.490625 0.339583 0.489062 0.387500 0.489062 0.381250 0.478125 0.381250 0.473437 0.379167 0.471875 0.377083 0.464063
8 0.345833 0.493750 0.345833 0.512500 0.333333 0.514063 0.337500 0.575000 0.329167 0.615625 0.308333 0.625000 0.318750 0.634375 0.337500 0.637500 0.337500 0.651563 0.354167 0.659375 0.354167 0.682813 0.375000 0.682813 0.381250 0.632812 0.414583 0.635938 0.416667 0.581250 0.412500 0.567187 0.397917 0.565625 0.381250 0.553125 0.364583 0.551562 0.387500 0.551562 0.395833 0.526563 0.389583 0.495313
8 0.177083 0.517187 0.175000 0.515625 0.175000 0.509375 0.172917 0.507812 0.172917 0.503125 0.166667 0.503125 0.164583 0.504687 0.158333 0.504687 0.156250 0.506250 0.150000 0.506250 0.147917 0.507812 0.145833 0.506250 0.137500 0.506250 0.135417 0.504687 0.129167 0.504687 0.129167 0.517187 0.133333 0.517187 0.135417 0.515625 0.141667 0.515625 0.143750 0.514063 0.160417 0.514063 0.162500 0.515625 0.175000 0.515625
8 0.195833 0.704687 0.206250 0.762500 0.254167 0.754687 0.243750 0.798437 0.214583 0.817187 0.310417 0.807813 0.322917 0.793750 0.320833 0.818750 0.337500 0.842188 0.335417 0.871875 0.368750 0.876562 0.364583 0.846875 0.387500 0.809375 0.362500 0.753125 0.379167 0.768750 0.391667 0.743750 0.379167 0.710938 0.366667 0.734375 0.260417 0.731250 0.364583 0.726562 0.370833 0.692187 0.258333 0.695312 0.239583 0.718750 0.237500 0.703125
8 0.577083 0.904688 0.597917 0.917188 0.606250 0.920313 0.612500 0.925000 0.620833 0.926562 0.643750 0.935938 0.645833 0.934375 0.656250 0.934375 0.654167 0.932813 0.652083 0.923437 0.650000 0.921875 0.647917 0.915625 0.637500 0.907812 0.637500 0.895312 0.620833 0.896875 0.618750 0.898438 0.612500 0.898438 0.610417 0.900000 0.604167 0.900000 0.602083 0.901563 0.595833 0.901563 0.593750 0.903125