1 0.012500 0.114063 0.014583 0.989062 0.075000 0.989062 0.075000 0.918750 0.191667 0.915625 0.208333 0.984375 0.260417 0.987500 0.268750 0.928125 0.416667 0.893750 0.014583 0.914062 0.031250 0.489062 0.285417 0.473437 0.300000 0.401563 0.335417 0.409375 0.347917 0.365625 0.062500 0.350000 0.060417 0.321875 0.404167 0.342187 0.477083 0.275000 0.318750 0.256250 0.243750 0.139062
3 0.706250 0.012500 0.591667 0.015625 0.564583 0.082813 0.527083 0.121875 0.506250 0.117188 0.502083 0.143750 0.493750 0.015625 0.410417 0.014062 0.391667 0.060938 0.354167 0.064062 0.331250 0.251563 0.479167 0.268750 0.481250 0.289062 0.556250 0.332812 0.558333 0.387500 0.454167 0.406250 0.447917 0.425000 0.487500 0.431250 0.497917 0.510938 0.479167 0.590625 0.547917 0.600000 0.577083 0.481250 0.554167 0.414062 0.585417 0.412500 0.616667 0.285937 0.560417 0.259375 0.562500 0.220313 0.577083 0.246875 0.631250 0.240625
3 0.800000 0.014062 0.785417 0.051562 0.816667 0.068750 0.777083 0.092188 0.720833 0.242188 0.756250 0.281250 0.700000 0.295312 0.664583 0.412500 0.693750 0.456250 0.662500 0.462500 0.629167 0.601562 0.727083 0.664062 0.695833 0.871875 0.668750 0.879687 0.702083 0.932813 0.689583 0.981250 0.658333 0.984375 0.837500 0.985937 0.781250 0.970312 0.722917 0.887500 0.720833 0.829687 0.783333 0.754687 0.872917 0.771875 0.870833 0.812500 0.966667 0.923437 0.912500 0.942187 0.893750 0.987500 0.987500 0.989062 0.983333 0.595312 0.900000 0.720312 0.858333 0.714063 0.697917 0.526563 0.875000 0.017188
5 0.418750 0.395312 0.362500 0.364062 0.356250 0.365625 0.335417 0.381250 0.333333 0.401563 0.337500 0.410937 0.372917 0.434375 0.368750 0.435937 0.306250 0.406250 0.293750 0.475000 0.368750 0.471875 0.404167 0.462500 0.410417 0.464063 0.414583 0.473437 0.435417 0.434375 0.412500 0.431250
5 0.293750 0.606250 0.293750 0.607813 0.291667 0.609375 0.291667 0.637500 0.295833 0.637500 0.297917 0.639063 0.302083 0.639063 0.304167 0.640625 0.308333 0.640625 0.310417 0.642187 0.316667 0.642187 0.318750 0.643750 0.322917 0.643750 0.325000 0.645312 0.325000 0.606250
5 0.306250 0.771875 0.304167 0.773438 0.304167 0.840625 0.306250 0.842188 0.306250 0.848437 0.360417 0.851562 0.362500 0.853125 0.362500 0.817187 0.350000 0.817187 0.345833 0.814062 0.322917 0.771875
7 0.987500 0.010937 0.881250 0.014062 0.704167 0.498437 0.875000 0.715625 0.975000 0.584375 0.937500 0.553125 0.893750 0.689062 0.904167 0.523438 0.839583 0.479688 0.837500 0.398438 0.877083 0.325000 0.897917 0.440625 0.897917 0.268750 0.937500 0.462500 0.904167 0.287500 0.983333 0.276563 0.987500 0.485938
7 0.745833 0.050000 0.741667 0.079687 0.745833 0.082813 0.756250 0.120312 0.762500 0.121875 0.760417 0.118750 0.758333 0.082813 0.764583 0.081250 0.800000 0.089062 0.810417 0.071875 0.814583 0.068750 0.814583 0.065625
7 0.279167 0.114063 0.272917 0.150000 0.270833 0.120312 0.254167 0.126563 0.254167 0.170312 0.320833 0.195312 0.322917 0.167187 0.314583 0.164062 0.320833 0.162500 0.329167 0.165625 0.339583 0.132812
7 0.754167 0.278125 0.745833 0.256250 0.716667 0.254687 0.685417 0.234375 0.714583 0.215625 0.716667 0.184375 0.695833 0.170312 0.660417 0.200000 0.647917 0.245312 0.595833 0.240625 0.577083 0.248437 0.577083 0.223438 0.566667 0.214062 0.562500 0.259375 0.616667 0.281250 0.731250 0.293750
7 0.110417 0.378125 0.110417 0.460938 0.197917 0.462500 0.200000 0.387500
7 0.564583 0.420312 0.562500 0.437500 0.575000 0.462500 0.597917 0.465625 0.600000 0.446875 0.622917 0.459375 0.639583 0.498437 0.668750 0.490625 0.654167 0.457812 0.691667 0.456250 0.685417 0.426562
7 0.347917 0.478125 0.037500 0.490625 0.022917 0.914062 0.375000 0.881250 0.360417 0.854688 0.295833 0.853125 0.295833 0.768750 0.325000 0.765625 0.320833 0.648438 0.289583 0.643750 0.287500 0.604688 0.343750 0.596875
7 0.543750 0.868750 0.543750 0.931250 0.547917 0.929688 0.585417 0.929688 0.587500 0.917188 0.591667 0.909375 0.591667 0.903125 0.595833 0.895312 0.593750 0.892187 0.593750 0.873438 0.587500 0.868750
7 0.204167 0.917188 0.077083 0.928125 0.077083 0.987500 0.204167 0.987500
8 0.581250 0.021875 0.560417 0.029687 0.545833 0.040625 0.529167 0.025000 0.502083 0.017188 0.506250 0.039062 0.506250 0.093750 0.518750 0.110937 0.529167 0.112500 0.556250 0.078125
8 0.966667 0.082813 0.947917 0.089062 0.922917 0.115625 0.918750 0.139062 0.931250 0.156250 0.966667 0.156250 0.972917 0.157813 0.983333 0.151562 0.983333 0.096875
8 0.108333 0.165625 0.106250 0.167187 0.106250 0.178125 0.104167 0.179688 0.104167 0.192188 0.118750 0.204688 0.125000 0.212500 0.160417 0.212500 0.191667 0.193750 0.189583 0.192188 0.185417 0.170312 0.168750 0.157813 0.135417 0.157813
8 0.881250 0.270312 0.900000 0.425000 0.877083 0.326562 0.862500 0.337500 0.839583 0.398438 0.839583 0.473437 0.860417 0.507812 0.906250 0.523438 0.887500 0.598437 0.895833 0.689062 0.912500 0.682813 0.935417 0.553125 0.947917 0.578125 0.985417 0.581250 0.985417 0.501562 0.947917 0.520312 0.987500 0.496875 0.983333 0.278125 0.906250 0.287500 0.937500 0.464063 0.914583 0.420312 0.897917 0.270312
8 0.458333 0.285937 0.420833 0.317187 0.406250 0.342187 0.410417 0.392188 0.414583 0.392188 0.422917 0.381250 0.441667 0.398438 0.522917 0.396875 0.541667 0.385938 0.554167 0.385938 0.552083 0.337500 0.525000 0.317187
8 0.495833 0.593750 0.335417 0.604688 0.320833 0.753125 0.352083 0.812500 0.531250 0.804688 0.550000 0.667188
8 0.514583 0.604688 0.558333 0.659375 0.545833 0.737500 0.552083 0.775000 0.556250 0.762500 0.562500 0.784375 0.577083 0.793750 0.668750 0.789062 0.668750 0.795313 0.689583 0.801562 0.708333 0.732813 0.716667 0.665625 0.687500 0.643750 0.685417 0.632812 0.668750 0.631250 0.625000 0.600000
8 0.781250 0.756250 0.760417 0.782812 0.752083 0.818750 0.729167 0.821875 0.720833 0.834375 0.725000 0.887500 0.754167 0.914062 0.750000 0.935938 0.785417 0.953125 0.785417 0.971875 0.816667 0.982813 0.825000 0.975000 0.841667 0.987500 0.883333 0.982813 0.889583 0.989062 0.910417 0.979688 0.910417 0.942187 0.933333 0.939062 0.964583 0.923437 0.952083 0.895312 0.868750 0.812500 0.870833 0.771875 0.854167 0.767187 0.827083 0.778125
8 0.593750 0.807813 0.585417 0.823438 0.591667 0.860937 0.606250 0.878125 0.614583 0.879687 0.618750 0.895312 0.664583 0.887500 0.664583 0.868750 0.691667 0.864062 0.691667 0.835938 0.681250 0.807813 0.645833 0.810938
8 0.431250 0.879687 0.420833 0.950000 0.460417 0.987500 0.493750 0.982813 0.493750 0.912500
8 0.620833 0.898438 0.631250 0.909375 0.631250 0.910937 0.635417 0.914062 0.635417 0.915625 0.639583 0.918750 0.639583 0.920313 0.643750 0.923437 0.643750 0.925000 0.645833 0.925000 0.672917 0.943750 0.672917 0.942187 0.687500 0.931250 0.687500 0.928125 0.645833 0.895312 0.639583 0.895312 0.631250 0.898438
8 0.595833 0.900000 0.595833 0.906250 0.589583 0.921875 0.589583 0.931250 0.606250 0.967188 0.633333 0.985937 0.654167 0.968750 0.654167 0.956250 0.635417 0.950000 0.629167 0.945312 0.622917 0.921875