1 0.025000 0.014062 0.027083 0.115625 0.191667 0.132812 0.193750 0.112500 0.229167 0.117188 0.233333 0.137500 0.241667 0.137500 0.231250 0.135937 0.235417 0.121875 0.256250 0.121875 0.262500 0.140625 0.368750 0.151562 0.362500 0.129688 0.300000 0.118750 0.318750 0.014062 0.210417 0.010937 0.202083 0.104687 0.087500 0.090625 0.091667 0.014062
3 0.797917 0.014062 0.897917 0.015625 0.860417 0.064062 0.754167 0.051562 0.737500 0.112500 0.870833 0.120312 0.881250 0.151562 0.804167 0.220313 0.722917 0.162500 0.685417 0.292188 0.750000 0.307813 0.825000 0.270312 0.827083 0.320312 0.764583 0.359375 0.695833 0.314063 0.664583 0.379687 0.756250 0.407813 0.654167 0.428125 0.641667 0.500000 0.731250 0.453125 0.818750 0.479688 0.879167 0.370313 0.952083 0.459375 0.879167 0.578125 0.877083 0.528125 0.822917 0.532812 0.895833 0.484375 0.841667 0.515625 0.777083 0.501562 0.718750 0.559375 0.870833 0.579687 0.702083 0.629687 0.627083 0.600000 0.625000 0.690625 0.720833 0.687500 0.793750 0.873438 0.933333 0.985937 0.987500 0.987500 0.987500 0.014062
3 0.666667 0.060938 0.622917 0.060938 0.552083 0.112500 0.487500 0.085938 0.504167 0.142188 0.535417 0.151562 0.556250 0.189063 0.520833 0.207813 0.506250 0.239063 0.533333 0.251563 0.547917 0.318750 0.570833 0.331250 0.533333 0.617188 0.516667 0.650000 0.493750 0.653125 0.504167 0.684375 0.558333 0.685938 0.566667 0.537500 0.547917 0.528125 0.547917 0.507812 0.575000 0.496875 0.618750 0.207813
3 0.652083 0.531250 0.650000 0.531250 0.647917 0.532812 0.637500 0.532812 0.635417 0.534375 0.635417 0.543750 0.633333 0.545313 0.633333 0.556250 0.631250 0.557813 0.631250 0.565625 0.633333 0.564062 0.633333 0.562500 0.639583 0.557813 0.639583 0.556250 0.645833 0.551562 0.645833 0.546875 0.647917 0.545313 0.647917 0.542188 0.650000 0.540625 0.650000 0.535937 0.652083 0.534375
3 0.687500 0.800000 0.681250 0.800000 0.679167 0.801562 0.670833 0.801562 0.668750 0.803125 0.652083 0.803125 0.650000 0.804688 0.633333 0.804688 0.631250 0.806250 0.620833 0.806250 0.620833 0.817187 0.620833 0.815625 0.625000 0.812500 0.629167 0.812500 0.631250 0.810938 0.637500 0.810938 0.639583 0.809375 0.643750 0.809375 0.645833 0.807813 0.650000 0.807813 0.652083 0.806250 0.658333 0.806250 0.660417 0.804688 0.664583 0.804688 0.666667 0.803125 0.672917 0.803125 0.675000 0.801562 0.679167 0.801562 0.681250 0.800000
3 0.752083 0.884375 0.645833 0.885938 0.666667 0.943750 0.643750 0.981250 0.677083 0.981250 0.672917 0.929688 0.679167 0.912500 0.714583 0.912500 0.741667 0.929688
5 0.325000 0.015625 0.306250 0.120312 0.383333 0.125000 0.412500 0.095312 0.431250 0.125000 0.443750 0.092188 0.420833 0.078125 0.412500 0.064062 0.375000 0.064062 0.377083 0.040625
5 0.377083 0.140625 0.381250 0.153125 0.387500 0.159375 0.387500 0.226562 0.375000 0.253125 0.422917 0.259375 0.422917 0.250000 0.416667 0.235938 0.418750 0.200000 0.422917 0.195312 0.420833 0.173438 0.425000 0.157813
5 0.304167 0.223438 0.302083 0.225000 0.297917 0.309375 0.356250 0.304688 0.360417 0.242188 0.362500 0.240625
5 0.360417 0.320312 0.377083 0.360938 0.377083 0.396875 0.356250 0.421875 0.441667 0.420312 0.443750 0.348437
5 0.297917 0.435937 0.302083 0.475000 0.304167 0.476562 0.295833 0.503125 0.295833 0.517187 0.302083 0.517187 0.341667 0.507812 0.347917 0.507812 0.341667 0.489062 0.329167 0.485938 0.329167 0.471875 0.335417 0.468750 0.329167 0.445312
5 0.383333 0.542188 0.335417 0.540625 0.335417 0.629687 0.337500 0.634375 0.391667 0.621875 0.389583 0.617188 0.387500 0.543750
6 0.408333 0.101562 0.397917 0.110937 0.397917 0.112500 0.393750 0.115625 0.393750 0.117188 0.389583 0.120312 0.389583 0.121875 0.385417 0.125000 0.385417 0.126563 0.389583 0.129688 0.391667 0.129688 0.395833 0.132812 0.402083 0.134375 0.406250 0.137500 0.408333 0.137500 0.412500 0.140625 0.414583 0.140625 0.425000 0.146875 0.425000 0.123438 0.422917 0.121875 0.422917 0.114063 0.420833 0.112500 0.420833 0.109375 0.418750 0.107813 0.416667 0.103125 0.414583 0.101562
6 0.375000 0.154687 0.368750 0.245312 0.358333 0.317187 0.418750 0.335938 0.420833 0.262500 0.370833 0.256250 0.381250 0.226562 0.381250 0.159375
7 0.097917 0.010937 0.093750 0.084375 0.195833 0.096875 0.204167 0.015625
7 0.356250 0.164062 0.031250 0.121875 0.029167 0.664062 0.041667 0.570312 0.333333 0.560938 0.339583 0.510938 0.293750 0.517187 0.295833 0.435937 0.327083 0.442187 0.343750 0.468750 0.356250 0.306250 0.297917 0.310937 0.300000 0.225000 0.356250 0.235938 0.358333 0.303125
7 0.631250 0.292188 0.616667 0.365625 0.681250 0.373437 0.681250 0.365625 0.693750 0.320312 0.693750 0.298438 0.697917 0.295312 0.695833 0.293750
7 0.081250 0.585938 0.072917 0.643750 0.185417 0.646875 0.195833 0.587500
7 0.150000 0.667188 0.016667 0.671875 0.014583 0.984375 0.162500 0.989062 0.181250 0.881250 0.060417 0.882812 0.208333 0.873438 0.289583 0.854688 0.291667 0.779688 0.266667 0.779688 0.262500 0.756250 0.231250 0.753125 0.231250 0.709375 0.170833 0.709375 0.160417 0.689062 0.143750 0.700000 0.120833 0.690625 0.089583 0.695312 0.093750 0.670313 0.114583 0.682813
8 0.368750 0.012500 0.381250 0.043750 0.381250 0.062500 0.412500 0.062500 0.441667 0.084375 0.460417 0.085938 0.493750 0.075000 0.520833 0.100000 0.552083 0.110937 0.622917 0.059375 0.668750 0.059375 0.691667 0.017188
8 0.716667 0.025000 0.731250 0.045313 0.789583 0.057813 0.860417 0.062500 0.895833 0.015625 0.716667 0.015625
8 0.985417 0.017188 0.954167 0.053125 0.935417 0.115625 0.937500 0.125000 0.966667 0.159375
8 0.685417 0.079687 0.658333 0.164062 0.718750 0.175000 0.722917 0.160938 0.725000 0.176563 0.737500 0.193750 0.758333 0.207813 0.804167 0.218750 0.839583 0.206250 0.858333 0.190625 0.879167 0.151562 0.872917 0.123438 0.766667 0.098438 0.739583 0.112500 0.741667 0.090625
8 0.483333 0.084375 0.466667 0.092188 0.431250 0.162500 0.431250 0.298438 0.475000 0.256250 0.491667 0.231250 0.516667 0.221875 0.518750 0.201562 0.547917 0.195312 0.533333 0.151562 0.497917 0.150000 0.502083 0.125000
8 0.195833 0.112500 0.195833 0.121875 0.193750 0.123438 0.193750 0.132812 0.200000 0.132812 0.202083 0.134375 0.212500 0.134375 0.214583 0.135937 0.222917 0.135937 0.225000 0.137500 0.225000 0.118750 0.227083 0.117188 0.225000 0.115625 0.216667 0.115625 0.214583 0.114063 0.206250 0.114063 0.204167 0.112500
8 0.235417 0.123438 0.235417 0.128125 0.233333 0.129688 0.233333 0.135937 0.241667 0.135937 0.243750 0.137500 0.256250 0.137500 0.258333 0.139062 0.258333 0.126563 0.260417 0.125000 0.258333 0.125000 0.256250 0.123438
8 0.729167 0.226562 0.727083 0.240625 0.741667 0.264062 0.764583 0.289062 0.785417 0.292188 0.766667 0.293750 0.750000 0.309375 0.725000 0.310937 0.712500 0.295312 0.695833 0.298438 0.697917 0.317187 0.714583 0.342187 0.729167 0.343750 0.729167 0.348437 0.764583 0.357812 0.789583 0.357812 0.806250 0.350000 0.822917 0.326562 0.825000 0.271875 0.814583 0.273438 0.808333 0.281250 0.804167 0.279687 0.787500 0.290625 0.785417 0.287500 0.804167 0.271875 0.758333 0.253125 0.741667 0.226562
8 0.564583 0.331250 0.529167 0.331250 0.477083 0.348437 0.458333 0.429688 0.550000 0.428125 0.558333 0.370313 0.566667 0.340625
8 0.879167 0.371875 0.879167 0.404687 0.818750 0.481250 0.768750 0.484375 0.731250 0.454688 0.660417 0.510938 0.650000 0.501562 0.554167 0.509375 0.554167 0.526563 0.585417 0.537500 0.654167 0.531250 0.616667 0.595312 0.702083 0.628125 0.725000 0.610937 0.714583 0.628125 0.729167 0.645312 0.802083 0.642187 0.800000 0.614062 0.729167 0.607813 0.783333 0.581250 0.870833 0.578125 0.770833 0.568750 0.733333 0.582812 0.716667 0.559375 0.729167 0.542188 0.754167 0.546875 0.777083 0.500000 0.795833 0.514063 0.881250 0.504687 0.895833 0.482812 0.879167 0.517187 0.825000 0.537500 0.877083 0.526563 0.860417 0.567187 0.879167 0.576563 0.900000 0.565625 0.950000 0.454688 0.918750 0.434375 0.906250 0.442187
8 0.627083 0.401563 0.631250 0.414062 0.633333 0.415625 0.647917 0.415625 0.656250 0.428125 0.731250 0.428125 0.741667 0.429688 0.754167 0.407813 0.741667 0.381250 0.660417 0.381250 0.650000 0.389062 0.637500 0.389062
8 0.331250 0.471875 0.331250 0.485938 0.339583 0.485938 0.360417 0.501562 0.368750 0.500000 0.383333 0.504687 0.393750 0.489062 0.402083 0.492188 0.414583 0.503125 0.470833 0.503125 0.483333 0.500000 0.487500 0.464063 0.475000 0.450000 0.454167 0.454688 0.414583 0.450000 0.400000 0.457812 0.370833 0.450000 0.350000 0.460938 0.347917 0.470313
8 0.400000 0.520312 0.397917 0.598437 0.414583 0.615625 0.429167 0.610937 0.443750 0.612500 0.439583 0.618750 0.425000 0.618750 0.425000 0.643750 0.447917 0.650000 0.514583 0.648438 0.522917 0.640625 0.518750 0.615625 0.460417 0.618750 0.445833 0.614062 0.531250 0.612500 0.535417 0.529688 0.468750 0.529688 0.447917 0.523438 0.429167 0.523438 0.427083 0.528125
8 0.314583 0.595312 0.256250 0.595312 0.254167 0.684375 0.258333 0.693750 0.270833 0.693750 0.277083 0.667188 0.281250 0.628125 0.289583 0.620313 0.318750 0.625000 0.322917 0.610937
8 0.295833 0.625000 0.285417 0.635938 0.283333 0.709375 0.285417 0.712500 0.295833 0.714063 0.316667 0.707812 0.337500 0.709375 0.335417 0.707812 0.335417 0.693750 0.331250 0.692187 0.335417 0.643750 0.337500 0.642187 0.335417 0.631250 0.314583 0.626562
8 0.735417 0.648438 0.722917 0.657812 0.722917 0.670313 0.768750 0.778125 0.772917 0.779688 0.777083 0.775000 0.775000 0.739062 0.783333 0.710938 0.756250 0.648438
8 0.806250 0.648438 0.783333 0.787500 0.820833 0.828125 0.931250 0.892187 0.966667 0.864062 0.977083 0.768750 0.962500 0.718750
8 0.091667 0.695312 0.095833 0.695312 0.097917 0.693750 0.102083 0.693750 0.104167 0.692187 0.120833 0.689062 0.127083 0.693750 0.137500 0.695312 0.143750 0.698438 0.162500 0.684375 0.164583 0.684375 0.164583 0.682813 0.150000 0.671875 0.147917 0.671875 0.114583 0.684375 0.106250 0.678125 0.104167 0.678125 0.095833 0.671875 0.093750 0.671875 0.093750 0.684375 0.091667 0.685938
8 0.931250 0.987500 0.791667 0.873438 0.783333 0.800000 0.733333 0.789062 0.750000 0.760938 0.718750 0.687500 0.429167 0.703125 0.397917 0.734375 0.395833 0.792188 0.375000 0.792188 0.352083 0.734375 0.302083 0.726562 0.295833 0.756250 0.272917 0.757812 0.270833 0.776563 0.295833 0.779688 0.291667 0.878125 0.287500 0.859375 0.254167 0.878125 0.277083 0.970312 0.341667 0.968750 0.410417 0.943750 0.387500 0.985937 0.639583 0.987500 0.664583 0.943750 0.643750 0.885938 0.752083 0.882812 0.741667 0.931250 0.681250 0.912500 0.683333 0.985937 0.722917 0.987500 0.729167 0.970312 0.729167 0.987500