1 0.018750 0.014062 0.022917 0.351562 0.208333 0.356250 0.229167 0.251563 0.460417 0.273438 0.452083 0.357812 0.275000 0.350000 0.277083 0.268750 0.308333 0.265625 0.270833 0.265625 0.270833 0.350000 0.683333 0.373437 0.681250 0.234375 0.650000 0.232812 0.650000 0.364062 0.643750 0.234375 0.379167 0.231250 0.339583 0.159375 0.339583 0.082813 0.416667 0.085938 0.387500 0.012500
1 0.341667 0.692187 0.245833 0.696875 0.241667 0.979688 0.362500 0.981250 0.356250 0.929688 0.312500 0.892187 0.312500 0.876562 0.339583 0.848437 0.352083 0.848437 0.358333 0.823438 0.316667 0.804688 0.300000 0.751562 0.312500 0.740625 0.347917 0.735937
2 0.862500 0.014062 0.883333 0.035937 0.856250 0.040625 0.845833 0.046875 0.847917 0.064062 0.985417 0.085938 0.987500 0.014062
2 0.822917 0.095312 0.781250 0.139062 0.883333 0.153125 0.887500 0.165625 0.850000 0.196875 0.720833 0.182812 0.708333 0.212500 0.787500 0.231250 0.772917 0.257812 0.685417 0.237500 0.687500 0.360938 0.789583 0.375000 0.785417 0.748438 0.916667 0.773438 0.958333 0.800000 0.983333 0.771875 0.985417 0.103125
2 0.814583 0.787500 0.795833 0.787500 0.793750 0.785937 0.777083 0.785937 0.777083 0.809375 0.779167 0.810938 0.779167 0.812500 0.781250 0.812500 0.787500 0.815625 0.787500 0.810938 0.789583 0.809375 0.789583 0.806250 0.810417 0.790625 0.812500 0.790625 0.814583 0.789062
2 0.837500 0.796875 0.835417 0.796875 0.833333 0.798437 0.831250 0.798437 0.827083 0.801562 0.825000 0.801562 0.822917 0.803125 0.816667 0.804688 0.810417 0.809375 0.810417 0.810938 0.804167 0.815625 0.804167 0.817187 0.800000 0.820312 0.800000 0.821875 0.804167 0.825000 0.806250 0.825000 0.812500 0.829687 0.831250 0.815625 0.833333 0.815625 0.841667 0.809375 0.843750 0.809375 0.847917 0.806250 0.847917 0.804688
2 0.791667 0.834375 0.791667 0.876562 0.791667 0.875000 0.795833 0.871875 0.795833 0.867188 0.797917 0.865625 0.797917 0.860937 0.800000 0.859375 0.800000 0.854688 0.802083 0.853125 0.802083 0.848437 0.804167 0.846875 0.804167 0.840625
2 0.787500 0.915625 0.787500 0.935938 0.785417 0.937500 0.783333 0.959375 0.781250 0.960938 0.781250 0.987500 0.802083 0.987500 0.797917 0.981250 0.797917 0.976562 0.795833 0.975000 0.795833 0.970312 0.793750 0.968750 0.793750 0.964063 0.791667 0.962500 0.791667 0.917188
3 0.058333 0.368750 0.050000 0.679688 0.437500 0.664062 0.450000 0.575000 0.539583 0.582812 0.527083 0.659375 0.785417 0.650000 0.779167 0.384375
3 0.758333 0.676562 0.454167 0.682813 0.443750 0.700000 0.441667 0.681250 0.422917 0.681250 0.410417 0.703125 0.397917 0.696875 0.410417 0.987500 0.531250 0.987500 0.489583 0.826563 0.454167 0.778125 0.443750 0.970312 0.441667 0.726562 0.758333 0.753125
3 0.018750 0.696875 0.018750 0.984375 0.229167 0.982813 0.233333 0.695312
3 0.504167 0.753125 0.489583 0.760938 0.520833 0.812500 0.564583 0.942187 0.568750 0.984375 0.604167 0.984375 0.589583 0.910937 0.560417 0.842188 0.514583 0.762500
3 0.575000 0.764063 0.618750 0.781250 0.629167 0.787500 0.635417 0.789062 0.654167 0.798437 0.662500 0.804688 0.670833 0.804688 0.668750 0.803125 0.668750 0.771875 0.654167 0.771875 0.652083 0.770312 0.637500 0.770312 0.635417 0.768750 0.620833 0.768750 0.618750 0.767187 0.604167 0.767187 0.602083 0.765625
3 0.547917 0.771875 0.583333 0.829687 0.604167 0.878125 0.608333 0.881250 0.639583 0.859375 0.662500 0.825000 0.606250 0.790625 0.564583 0.775000
3 0.714583 0.778125 0.731250 0.789062 0.733333 0.789062 0.750000 0.800000 0.752083 0.800000 0.760417 0.806250 0.762500 0.806250 0.772917 0.814062 0.772917 0.810938 0.770833 0.809375 0.770833 0.796875 0.768750 0.795313 0.768750 0.785937 0.766667 0.784375 0.756250 0.784375 0.754167 0.782812 0.745833 0.782812 0.743750 0.781250 0.733333 0.781250 0.731250 0.779688 0.722917 0.779688 0.720833 0.778125
3 0.691667 0.781250 0.689583 0.815625 0.739583 0.848437 0.772917 0.873438 0.775000 0.825000 0.735417 0.809375
3 0.683333 0.832812 0.654167 0.870313 0.618750 0.898438 0.668750 0.921875 0.747917 0.976562 0.758333 0.976562 0.770833 0.931250 0.772917 0.896875
5 0.987500 0.087500 0.843750 0.071875 0.831250 0.014062 0.675000 0.017188 0.668750 0.056250 0.450000 0.054688 0.420833 0.100000 0.356250 0.089062 0.350000 0.162500 0.375000 0.195312 0.389583 0.192188 0.393750 0.228125 0.627083 0.223438 0.777083 0.248437 0.781250 0.234375 0.683333 0.218750 0.722917 0.170312 0.850000 0.195312 0.852083 0.171875 0.877083 0.175000 0.879167 0.156250 0.766667 0.145313 0.820833 0.093750 0.983333 0.109375
5 0.439583 0.731250 0.495833 0.823438 0.535417 0.989062 0.779167 0.987500 0.787500 0.914062 0.804167 0.987500 0.989583 0.987500 0.985417 0.779688 0.960417 0.803125 0.929167 0.795313 0.916667 0.775000
7 0.206250 0.015625 0.206250 0.042188 0.208333 0.043750 0.262500 0.048437 0.264583 0.050000 0.277083 0.050000 0.279167 0.051562 0.291667 0.051562 0.293750 0.053125 0.306250 0.053125 0.308333 0.054688 0.302083 0.042188 0.293750 0.014062 0.208333 0.014062
7 0.050000 0.025000 0.050000 0.082813 0.160417 0.096875 0.168750 0.031250
7 0.202083 0.073437 0.200000 0.135937 0.308333 0.143750 0.302083 0.084375
7 0.095833 0.118750 0.085417 0.193750 0.166667 0.207813 0.170833 0.156250 0.175000 0.137500
7 0.202083 0.165625 0.204167 0.220313 0.206250 0.223438 0.306250 0.229687 0.304167 0.226562 0.302083 0.171875
7 0.216667 0.253125 0.210417 0.321875 0.214583 0.367188 0.404167 0.367188 0.400000 0.359375 0.268750 0.350000 0.270833 0.264062 0.383333 0.267188
7 0.531250 0.340625 0.531250 0.354688 0.533333 0.356250 0.533333 0.357812 0.572917 0.357812 0.572917 0.356250 0.570833 0.354688 0.570833 0.340625
8 0.504167 0.012500 0.502083 0.023438 0.500000 0.025000 0.500000 0.046875 0.506250 0.048437 0.520833 0.048437 0.522917 0.050000 0.537500 0.050000 0.539583 0.051562 0.554167 0.051562 0.556250 0.053125 0.564583 0.050000 0.570833 0.050000 0.579167 0.046875 0.600000 0.043750 0.597917 0.042188 0.595833 0.029687 0.558333 0.012500
8 0.279167 0.268750 0.275000 0.348437 0.454167 0.356250 0.458333 0.273438 0.318750 0.267188
8 0.266667 0.515625 0.097917 0.523438 0.093750 0.642187 0.202083 0.639063 0.204167 0.656250 0.314583 0.640625 0.297917 0.565625 0.266667 0.559375
8 0.414583 0.542188 0.316667 0.545313 0.325000 0.635938 0.416667 0.635938
8 0.527083 0.575000 0.450000 0.576563 0.445833 0.579687 0.439583 0.664062 0.525000 0.667188 0.537500 0.595312 0.537500 0.582812
8 0.308333 0.746875 0.316667 0.759375 0.318750 0.787500 0.343750 0.804688 0.362500 0.812500 0.377083 0.804688 0.350000 0.792188 0.352083 0.790625 0.408333 0.793750 0.404167 0.740625 0.360417 0.750000 0.352083 0.740625 0.329167 0.740625
8 0.350000 0.850000 0.345833 0.853125 0.345833 0.873438 0.333333 0.876562 0.329167 0.879687 0.331250 0.889063 0.341667 0.900000 0.345833 0.914062 0.347917 0.915625 0.370833 0.915625 0.372917 0.914062 0.408333 0.910937 0.408333 0.857813 0.377083 0.850000