1 0.083333 0.057813 0.066667 0.187500 0.014583 0.185937 0.014583 0.201562 0.110417 0.209375 0.135417 0.179688 0.156250 0.218750 0.145833 0.248437 0.110417 0.218750 0.014583 0.212500 0.018750 0.350000 0.372917 0.370313 0.389583 0.240625 0.237500 0.225000 0.243750 0.100000 0.402083 0.118750 0.412500 0.135937 0.429167 0.090625
1 0.420833 0.610937 0.372917 0.612500 0.375000 0.643750 0.352083 0.646875 0.335417 0.984375 0.410417 0.984375 0.416667 0.929688 0.358333 0.926562 0.368750 0.828125 0.400000 0.804688 0.418750 0.804688 0.429167 0.754687 0.441667 0.745313 0.431250 0.728125 0.433333 0.706250 0.393750 0.687500 0.393750 0.671875 0.412500 0.670313
2 0.981250 0.468750 0.877083 0.467187 0.806250 0.506250 0.779167 0.945312 0.989583 0.942187
3 0.987500 0.010937 0.554167 0.015625 0.510417 0.251563 0.583333 0.264062 0.497917 0.442187 0.458333 0.981250 0.485417 0.982813 0.520833 0.485938 0.987500 0.289062
3 0.560417 0.484375 0.802083 0.500000 0.845833 0.473437 0.783333 0.457812 0.756250 0.464063 0.731250 0.459375 0.700000 0.432813 0.668750 0.426562
3 0.791667 0.503125 0.525000 0.493750 0.493750 0.987500 0.558333 0.985937 0.575000 0.939062 0.772917 0.943750
3 0.018750 0.645312 0.014583 0.926562 0.322917 0.921875 0.345833 0.656250
7 0.050000 0.028125 0.043750 0.043750 0.012500 0.065625 0.012500 0.068750 0.031250 0.103125 0.056250 0.123438 0.064583 0.135937 0.070833 0.093750 0.075000 0.081250 0.068750 0.071875
7 0.254167 0.104687 0.241667 0.223438 0.383333 0.239063 0.385417 0.218750 0.345833 0.214062 0.343750 0.206250 0.387500 0.203125 0.387500 0.193750 0.354167 0.193750 0.352083 0.189063 0.362500 0.181250 0.389583 0.181250 0.393750 0.154687 0.339583 0.123438 0.347917 0.115625
7 0.154167 0.218750 0.143750 0.187500 0.135417 0.181250 0.135417 0.187500 0.110417 0.210938 0.027083 0.200000 0.016667 0.200000 0.012500 0.210938 0.110417 0.217187 0.145833 0.246875
7 0.639583 0.232812 0.558333 0.318750 0.558333 0.428125 0.620833 0.387500
7 0.387500 0.243750 0.385417 0.246875 0.383333 0.320312 0.416667 0.320312 0.422917 0.321875 0.427083 0.296875 0.429167 0.295312 0.450000 0.295312 0.454167 0.296875 0.454167 0.264062 0.456250 0.260938 0.447917 0.251563 0.437500 0.245312
7 0.483333 0.270312 0.487500 0.282813 0.493750 0.290625 0.493750 0.303125 0.500000 0.304688 0.500000 0.281250 0.506250 0.276563 0.525000 0.276563 0.527083 0.278125 0.525000 0.292188 0.537500 0.279687 0.547917 0.279687 0.550000 0.281250 0.566667 0.279687 0.568750 0.267188 0.525000 0.257812 0.508333 0.257812 0.497917 0.253125 0.489583 0.254687 0.487500 0.267188
7 0.041667 0.362500 0.016667 0.618750 0.275000 0.626562 0.291667 0.376563
7 0.304167 0.384375 0.304167 0.390625 0.306250 0.392188 0.306250 0.396875 0.312500 0.400000 0.316667 0.400000 0.318750 0.401563 0.322917 0.401563 0.325000 0.403125 0.329167 0.403125 0.331250 0.404687 0.335417 0.404687 0.337500 0.406250 0.341667 0.406250 0.343750 0.407813 0.347917 0.407813 0.350000 0.409375 0.354167 0.409375 0.356250 0.410937 0.360417 0.410937 0.362500 0.412500 0.366667 0.412500 0.368750 0.414062 0.366667 0.410937 0.366667 0.384375 0.364583 0.382812 0.356250 0.382812 0.354167 0.381250 0.345833 0.381250 0.343750 0.379687 0.335417 0.379687 0.333333 0.378125 0.314583 0.376563
7 0.418750 0.509375 0.418750 0.521875 0.447917 0.521875 0.447917 0.515625 0.450000 0.514063 0.450000 0.509375
7 0.352083 0.573438 0.327083 0.575000 0.325000 0.576563 0.314583 0.576563 0.312500 0.578125 0.300000 0.578125 0.293750 0.587500 0.293750 0.590625 0.287500 0.601562 0.287500 0.606250 0.295833 0.612500 0.300000 0.612500 0.302083 0.610937 0.354167 0.610937 0.354167 0.607813 0.352083 0.606250
7 0.016667 0.987500 0.218750 0.989062 0.212500 0.978125 0.220833 0.962500 0.210417 0.956250 0.210417 0.946875 0.239583 0.942187 0.222917 0.932813 0.014583 0.931250
8 0.472917 0.079687 0.460417 0.079687 0.431250 0.109375 0.414583 0.146875 0.356250 0.117188 0.341667 0.123438 0.412500 0.164062 0.410417 0.182812 0.362500 0.182812 0.354167 0.192188 0.418750 0.195312 0.416667 0.204688 0.354167 0.204688 0.345833 0.212500 0.408333 0.218750 0.400000 0.231250 0.422917 0.220313 0.458333 0.257812 0.504167 0.239063 0.481250 0.223438 0.516667 0.212500 0.522917 0.164062 0.497917 0.145313 0.522917 0.104687 0.518750 0.090625 0.439583 0.143750 0.439583 0.121875 0.452083 0.112500 0.441667 0.104687
8 0.639583 0.078125 0.633333 0.087500 0.633333 0.090625 0.625000 0.101562 0.625000 0.104687 0.622917 0.107813 0.629167 0.107813 0.631250 0.109375 0.639583 0.109375 0.641667 0.110937 0.650000 0.110937 0.652083 0.112500 0.660417 0.112500 0.662500 0.114063 0.685417 0.079687 0.681250 0.078125
8 0.547917 0.181250 0.547917 0.196875 0.556250 0.192188 0.560417 0.192188 0.572917 0.201562 0.625000 0.201562 0.627083 0.203125 0.639583 0.203125 0.641667 0.204688 0.652083 0.204688 0.654167 0.206250 0.654167 0.193750 0.650000 0.192188 0.597917 0.190625 0.595833 0.189063 0.585417 0.189063 0.583333 0.187500 0.558333 0.185937
8 0.429167 0.303125 0.429167 0.329688 0.479167 0.331250 0.481250 0.332812 0.506250 0.332812 0.508333 0.334375 0.533333 0.334375 0.537500 0.335938 0.537500 0.310937 0.531250 0.304688 0.512500 0.303125 0.512500 0.307813 0.500000 0.314063 0.489583 0.307813 0.489583 0.303125 0.485417 0.301562 0.431250 0.300000
8 0.412500 0.350000 0.412500 0.354688 0.437500 0.367188 0.437500 0.375000 0.431250 0.378125 0.429167 0.376563 0.406250 0.378125 0.402083 0.382812 0.408333 0.387500 0.429167 0.382812 0.431250 0.395312 0.435417 0.396875 0.435417 0.392188 0.439583 0.389062 0.497917 0.395312 0.497917 0.387500 0.502083 0.384375 0.497917 0.379687 0.481250 0.378125 0.445833 0.382812 0.443750 0.381250 0.445833 0.368750 0.441667 0.359375 0.425000 0.350000
8 0.704167 0.434375 0.752083 0.459375 0.762500 0.451562 0.881250 0.465625 0.816667 0.446875 0.822917 0.443750 0.858333 0.453125 0.989583 0.468750 0.987500 0.401563 0.916667 0.403125 0.816667 0.384375 0.737500 0.420312 0.718750 0.421875
8 0.404167 0.407813 0.404167 0.414062 0.408333 0.415625 0.414583 0.415625 0.435417 0.421875 0.445833 0.417188 0.460417 0.417188 0.462500 0.418750 0.472917 0.420312 0.489583 0.432813 0.491667 0.407813 0.483333 0.410937 0.472917 0.410937 0.470833 0.412500 0.460417 0.412500 0.458333 0.414062 0.456250 0.412500 0.450000 0.412500 0.441667 0.409375 0.431250 0.409375 0.429167 0.407813
8 0.337500 0.435937 0.337500 0.443750 0.339583 0.445312 0.366667 0.445312 0.366667 0.442187 0.368750 0.440625 0.368750 0.439063 0.370833 0.437500 0.368750 0.435937 0.360417 0.435937 0.358333 0.434375 0.356250 0.434375 0.354167 0.432813 0.352083 0.432813 0.350000 0.431250 0.345833 0.431250 0.343750 0.432813 0.341667 0.432813
8 0.425000 0.448438 0.425000 0.476562 0.441667 0.490625 0.470833 0.490625 0.472917 0.484375 0.447917 0.479688 0.445833 0.478125 0.447917 0.476562 0.495833 0.476562 0.504167 0.478125 0.502083 0.476562 0.502083 0.464063 0.497917 0.451562 0.481250 0.451562 0.479167 0.450000 0.462500 0.450000 0.460417 0.448438 0.443750 0.448438 0.441667 0.446875 0.427083 0.446875
8 0.345833 0.454688 0.345833 0.459375 0.343750 0.460938 0.343750 0.464063 0.341667 0.465625 0.341667 0.471875 0.343750 0.473437 0.343750 0.475000 0.347917 0.475000 0.350000 0.476562 0.352083 0.475000 0.356250 0.475000 0.356250 0.473437 0.362500 0.468750 0.362500 0.467187 0.364583 0.465625 0.364583 0.459375 0.362500 0.457812 0.358333 0.457812 0.356250 0.456250 0.352083 0.456250 0.350000 0.454688
8 0.345833 0.501562 0.345833 0.504687 0.343750 0.506250 0.343750 0.509375 0.341667 0.510938 0.341667 0.512500 0.339583 0.514063 0.339583 0.515625 0.337500 0.517187 0.337500 0.521875 0.339583 0.521875 0.341667 0.523438 0.343750 0.523438 0.347917 0.526563 0.350000 0.526563 0.354167 0.529688 0.356250 0.528125 0.360417 0.528125 0.360417 0.523438 0.362500 0.521875 0.362500 0.518750 0.364583 0.517187 0.362500 0.515625 0.362500 0.514063 0.360417 0.512500 0.360417 0.509375 0.358333 0.507812 0.358333 0.506250 0.356250 0.504687 0.354167 0.504687 0.352083 0.503125 0.350000 0.503125 0.347917 0.501562
8 0.310417 0.534375 0.310417 0.546875 0.312500 0.548437 0.339583 0.548437 0.341667 0.550000 0.343750 0.550000 0.354167 0.554688 0.354167 0.535937 0.356250 0.534375 0.352083 0.534375 0.350000 0.535937 0.347917 0.535937 0.341667 0.539062 0.337500 0.539062 0.331250 0.542188 0.329167 0.540625 0.327083 0.540625 0.316667 0.535937 0.312500 0.535937
8 0.385417 0.534375 0.379167 0.595312 0.477083 0.607813 0.487500 0.618750 0.491667 0.543750
8 0.435417 0.615625 0.435417 0.623438 0.433333 0.625000 0.433333 0.631250 0.431250 0.632812 0.431250 0.640625 0.429167 0.642187 0.429167 0.650000 0.427083 0.651563 0.427083 0.657812 0.425000 0.659375 0.425000 0.667188 0.433333 0.670313 0.443750 0.671875 0.450000 0.675000 0.452083 0.673437 0.462500 0.673437 0.464583 0.671875 0.472917 0.671875 0.475000 0.670313 0.485417 0.670313 0.485417 0.621875 0.483333 0.620313 0.477083 0.620313 0.475000 0.618750 0.460417 0.617188 0.458333 0.615625
8 0.487500 0.676562 0.472917 0.676562 0.470833 0.678125 0.454167 0.678125 0.452083 0.679688 0.452083 0.689062 0.450000 0.690625 0.450000 0.701563 0.456250 0.706250 0.456250 0.707812 0.475000 0.707812 0.475000 0.706250 0.481250 0.701563 0.483333 0.701563 0.483333 0.695312 0.485417 0.693750 0.485417 0.685938 0.487500 0.684375
8 0.441667 0.710938 0.441667 0.726562 0.443750 0.725000 0.475000 0.725000 0.472917 0.723437 0.472917 0.717188 0.470833 0.717188 0.468750 0.718750 0.466667 0.718750 0.464583 0.720312 0.458333 0.720312 0.452083 0.715625 0.452083 0.712500 0.450000 0.710938
8 0.233333 0.926562 0.268750 0.950000 0.264583 0.953125 0.233333 0.950000 0.245833 0.956250 0.237500 0.964063 0.241667 0.971875 0.239583 0.984375 0.258333 0.973437 0.266667 0.964063 0.291667 0.956250 0.308333 0.956250 0.318750 0.960938 0.322917 0.931250 0.306250 0.931250 0.279167 0.945312 0.252083 0.926562
8 0.456250 0.940625 0.450000 0.940625 0.447917 0.942187 0.443750 0.942187 0.441667 0.943750 0.437500 0.943750 0.435417 0.945312 0.429167 0.945312 0.427083 0.946875 0.422917 0.946875 0.422917 0.948438 0.420833 0.950000 0.420833 0.964063 0.425000 0.967188 0.425000 0.968750 0.427083 0.970312 0.427083 0.975000 0.429167 0.976562 0.433333 0.976562 0.435417 0.975000 0.439583 0.975000 0.441667 0.973437 0.445833 0.973437 0.452083 0.968750 0.456250 0.968750