1 0.527083 0.015625 0.341667 0.014062 0.320833 0.239063 0.300000 0.317187 0.300000 0.425000 0.318750 0.406250 0.364583 0.421875 0.416667 0.425000 0.414583 0.404687 0.397917 0.407813 0.393750 0.353125 0.418750 0.317187 0.420833 0.287500 0.375000 0.271875 0.356250 0.248437 0.364583 0.162500 0.389583 0.151562 0.402083 0.073437 0.420833 0.065625 0.431250 0.032812 0.525000 0.040625
1 0.310417 0.431250 0.293750 0.501562 0.183333 0.501562 0.116667 0.604688 0.120833 0.714063 0.139583 0.745313 0.270833 0.748438 0.260417 0.901563 0.370833 0.895312 0.397917 0.770312 0.385417 0.718750 0.406250 0.504687 0.418750 0.501562 0.422917 0.468750 0.362500 0.464063 0.360417 0.490625 0.331250 0.482812
2 0.983333 0.259375 0.927083 0.279687 0.887500 0.279687 0.768750 0.309375 0.770833 0.334375 0.752083 0.354688 0.750000 0.484375 0.762500 0.514063 0.750000 0.534375 0.729167 0.695312 0.983333 0.695312
3 0.014583 0.010937 0.016667 0.945312 0.252083 0.942187 0.268750 0.748438 0.137500 0.751562 0.112500 0.603125 0.177083 0.500000 0.287500 0.500000 0.337500 0.012500
3 0.985417 0.012500 0.906250 0.012500 0.487500 0.300000 0.420833 0.967188 0.514583 0.960938 0.552083 0.692187 0.589583 0.731250 0.589583 0.970312 0.731250 0.953125 0.756250 0.985937 0.985417 0.985937 0.985417 0.698438 0.604167 0.690625 0.720833 0.696875 0.764583 0.304688 0.985417 0.251563
3 0.889583 0.014062 0.768750 0.015625 0.687500 0.079687 0.643750 0.015625 0.618750 0.112500 0.579167 0.137500 0.595833 0.025000 0.562500 0.012500 0.560417 0.084375 0.535417 0.100000 0.491667 0.084375 0.487500 0.168750 0.456250 0.160938 0.477083 0.190625 0.427083 0.321875 0.445833 0.382812 0.414583 0.409375 0.447917 0.525000 0.383333 0.904688 0.410417 0.975000 0.475000 0.292188
7 0.760417 0.012500 0.675000 0.012500 0.675000 0.021875 0.672917 0.023438 0.668750 0.053125 0.666667 0.054688 0.666667 0.065625 0.675000 0.078125 0.685417 0.078125
7 0.402083 0.984375 0.379167 0.906250 0.262500 0.909375 0.254167 0.950000 0.233333 0.940625 0.014583 0.951563 0.014583 0.987500
7 0.522917 0.982813 0.520833 0.981250 0.520833 0.973437 0.518750 0.971875 0.516667 0.964063 0.489583 0.965625 0.487500 0.967188 0.472917 0.967188 0.470833 0.968750 0.458333 0.968750 0.456250 0.970312 0.441667 0.970312 0.439583 0.971875 0.425000 0.971875 0.422917 0.975000 0.422917 0.987500 0.425000 0.985937 0.456250 0.985937 0.458333 0.984375
8 0.570833 0.025000 0.547917 0.015625 0.527083 0.048437 0.435417 0.031250 0.425000 0.053125 0.429167 0.068750 0.404167 0.078125 0.395833 0.153125 0.456250 0.156250 0.487500 0.167187 0.500000 0.134375 0.491667 0.085938 0.483333 0.082813 0.516667 0.085938 0.527083 0.064062 0.535417 0.093750 0.554167 0.082813
8 0.641667 0.015625 0.591667 0.015625 0.604167 0.026563 0.600000 0.057813 0.583333 0.104687 0.577083 0.132812 0.614583 0.109375 0.620833 0.089062 0.639583 0.060938
8 0.368750 0.162500 0.364583 0.250000 0.372917 0.268750 0.425000 0.279687 0.447917 0.279687 0.472917 0.192188 0.458333 0.162500
8 0.622917 0.231250 0.681250 0.242188 0.727083 0.259375 0.743750 0.257812 0.745833 0.250000 0.797917 0.254687 0.875000 0.239063 0.872917 0.221875 0.685417 0.203125 0.670833 0.215625 0.656250 0.206250
8 0.418750 0.321875 0.416667 0.331250 0.410417 0.342187 0.410417 0.346875 0.404167 0.357812 0.404167 0.393750 0.420833 0.387500 0.425000 0.384375 0.439583 0.379687 0.439583 0.371875 0.441667 0.370313 0.443750 0.346875
8 0.331250 0.410937 0.318750 0.429688 0.331250 0.453125 0.354167 0.443750 0.387500 0.445312 0.358333 0.454688 0.345833 0.451562 0.333333 0.475000 0.356250 0.482812 0.358333 0.465625 0.362500 0.462500 0.404167 0.456250 0.420833 0.464063 0.429167 0.442187 0.406250 0.432813 0.362500 0.432813
8 0.416667 0.504687 0.410417 0.506250 0.389583 0.748438 0.406250 0.789062 0.445833 0.510938
8 0.560417 0.707812 0.514583 0.957812 0.529167 0.981250 0.575000 0.982813 0.587500 0.731250
8 0.320833 0.785937 0.320833 0.798437 0.322917 0.800000 0.335417 0.800000 0.337500 0.801562 0.354167 0.801562 0.356250 0.803125 0.356250 0.787500 0.358333 0.785937
8 0.587500 0.982813 0.750000 0.984375 0.733333 0.956250 0.612500 0.956250