1 0.014583 0.010937 0.014583 0.050000 0.193750 0.076563 0.187500 0.573438 0.108333 0.575000 0.110417 0.645312 0.179167 0.650000 0.183333 0.792188 0.016667 0.817187 0.016667 0.862500 0.302083 0.840625 0.225000 0.790625 0.227083 0.740625 0.272917 0.735937 0.272917 0.715625 0.200000 0.712500 0.270833 0.696875 0.254167 0.614062 0.206250 0.642187 0.220833 0.600000 0.264583 0.582812 0.241667 0.543750 0.312500 0.414062 0.279167 0.400000 0.306250 0.290625 0.208333 0.260938 0.210417 0.195312 0.320833 0.203125 0.293750 0.135937 0.212500 0.117188 0.216667 0.070312 0.279167 0.076563 0.285417 0.015625 0.143750 0.014062 0.087500 0.035937
2 0.987500 0.592188 0.904167 0.692187 0.587500 0.712500 0.654167 0.845312 0.620833 0.903125 0.643750 0.987500 0.987500 0.984375
3 0.337500 0.015625 0.314583 0.334375 0.416667 0.350000 0.450000 0.381250 0.410417 0.462500 0.506250 0.457812 0.506250 0.535937 0.433333 0.614062 0.354167 0.598437 0.362500 0.726562 0.341667 0.692187 0.310417 0.837500 0.350000 0.864062 0.333333 0.923437 0.347917 0.985937 0.406250 0.982813 0.362500 0.740625 0.414583 0.793750 0.479167 0.775000 0.510417 0.721875 0.543750 0.398438 0.495833 0.220313
3 0.014583 0.059375 0.018750 0.567187 0.179167 0.570312 0.185417 0.079687
3 0.418750 0.093750 0.510417 0.220313 0.520833 0.279687 0.550000 0.271875 0.583333 0.237500 0.631250 0.231250 0.627083 0.140625 0.577083 0.185937 0.520833 0.181250 0.500000 0.131250 0.452083 0.114063
3 0.779167 0.209375 0.733333 0.245312 0.610417 0.292188 0.531250 0.298438 0.552083 0.393750 0.552083 0.567187 0.518750 0.715625 0.895833 0.684375 0.987500 0.590625 0.985417 0.351562
3 0.020833 0.571875 0.016667 0.807813 0.168750 0.800000 0.172917 0.659375 0.102083 0.656250 0.100000 0.573438
3 0.310417 0.585938 0.297917 0.587500 0.285417 0.696875 0.275000 0.704687 0.275000 0.742188 0.262500 0.767187 0.266667 0.829687 0.279167 0.829687
5 0.404167 0.075000 0.408333 0.081250 0.472917 0.089062 0.514583 0.128125 0.522917 0.170312 0.575000 0.175000 0.633333 0.117188 0.631250 0.082813 0.700000 0.029687 0.677083 0.028125 0.656250 0.015625 0.410417 0.015625
5 0.981250 0.057813 0.908333 0.103125 0.887500 0.017188 0.731250 0.015625 0.639583 0.084375 0.637500 0.237500 0.589583 0.243750 0.522917 0.292188 0.608333 0.284375 0.733333 0.239063 0.781250 0.170312 0.804167 0.171875 0.829167 0.201562 0.872917 0.215625 0.983333 0.193750
7 0.212500 0.201562 0.210417 0.259375 0.287500 0.264062 0.293750 0.267188 0.293750 0.287500 0.306250 0.287500 0.306250 0.262500 0.310417 0.257812 0.327083 0.253125 0.322917 0.212500
7 0.291667 0.581250 0.277083 0.581250 0.277083 0.593750 0.275000 0.595312 0.275000 0.606250 0.272917 0.607813 0.272917 0.634375 0.275000 0.635938 0.275000 0.653125 0.277083 0.654688 0.277083 0.670313 0.279167 0.671875 0.279167 0.689062 0.285417 0.618750 0.287500 0.617188 0.289583 0.582812
7 0.264583 0.592188 0.256250 0.593750 0.225000 0.606250 0.225000 0.610937 0.222917 0.612500 0.222917 0.617188 0.220833 0.618750 0.220833 0.623438 0.218750 0.625000 0.218750 0.629687 0.216667 0.631250 0.214583 0.640625 0.227083 0.639063 0.227083 0.617188 0.233333 0.612500 0.241667 0.609375 0.247917 0.604688 0.270833 0.604688 0.268750 0.603125 0.268750 0.600000 0.266667 0.598437
8 0.058333 0.317187 0.068750 0.426562 0.175000 0.435937 0.172917 0.323438
8 0.291667 0.342187 0.289583 0.400000 0.397917 0.395312 0.339583 0.456250 0.345833 0.420312 0.333333 0.420312 0.277083 0.462500 0.266667 0.500000 0.304167 0.443750 0.333333 0.429688 0.335417 0.451562 0.262500 0.507812 0.252083 0.553125 0.268750 0.573438 0.427083 0.607813 0.500000 0.542188 0.493750 0.468750 0.391667 0.468750 0.433333 0.404687 0.383333 0.468750 0.333333 0.479688 0.366667 0.432813 0.425000 0.390625 0.435417 0.401563 0.416667 0.351562
8 0.387500 0.793750 0.414583 0.978125 0.637500 0.984375 0.608333 0.893750 0.641667 0.846875 0.572917 0.732813 0.518750 0.732813 0.491667 0.784375 0.406250 0.803125