1 0.012500 0.117188 0.018750 0.284375 0.170833 0.293750 0.208333 0.390625 0.177083 0.400000 0.152083 0.982813 0.575000 0.981250 0.433333 0.679688 0.289583 0.664062 0.287500 0.618750 0.395833 0.598437 0.377083 0.559375 0.310417 0.575000 0.322917 0.443750 0.218750 0.421875 0.202083 0.262500 0.343750 0.239063 0.606250 0.268750 0.622917 0.226562 0.041667 0.154687 0.364583 0.171875 0.362500 0.126563 0.237500 0.151562
2 0.372917 0.123438 0.379167 0.178125 0.431250 0.176563 0.466667 0.196875 0.635417 0.223438 0.622917 0.271875 0.985417 0.440625 0.989583 0.014062 0.518750 0.015625 0.506250 0.100000 0.416667 0.092188 0.410417 0.110937
3 0.114583 0.015625 0.175000 0.037500 0.237500 0.051562 0.500000 0.089062 0.508333 0.015625
3 0.335417 0.242188 0.375000 0.331250 0.333333 0.442187 0.385417 0.521875 0.418750 0.507812 0.422917 0.523438 0.445833 0.398438 0.483333 0.400000 0.483333 0.531250 0.443750 0.557813 0.425000 0.526563 0.414583 0.559375 0.383333 0.557813 0.404167 0.600000 0.454167 0.590625 0.439583 0.679688 0.470833 0.746875 0.472917 0.690625 0.506250 0.670313 0.583333 0.748438 0.537500 0.851562 0.516667 0.842188 0.579167 0.979688 0.987500 0.985937 0.979167 0.834375
3 0.347917 0.242188 0.983333 0.831250 0.985417 0.450000 0.608333 0.275000
3 0.018750 0.290625 0.016667 0.987500 0.147917 0.987500 0.168750 0.304688
5 0.260417 0.162500 0.306250 0.178125 0.385417 0.196875 0.445833 0.195312 0.427083 0.179688 0.360417 0.179688 0.295833 0.157813 0.272917 0.157813
7 0.018750 0.010937 0.014583 0.104687 0.070833 0.121875 0.225000 0.143750 0.304167 0.139062 0.318750 0.125000 0.318750 0.067188 0.293750 0.068750 0.231250 0.060938 0.166667 0.045313 0.114583 0.026563 0.104167 0.010937
8 0.320833 0.114063 0.345833 0.117188 0.347917 0.118750 0.356250 0.118750 0.377083 0.123438 0.381250 0.120312 0.410417 0.109375 0.414583 0.101562 0.418750 0.098438 0.414583 0.092188 0.408333 0.092188 0.406250 0.090625 0.400000 0.090625 0.397917 0.089062 0.325000 0.076563 0.322917 0.078125
8 0.204167 0.195312 0.204167 0.209375 0.202083 0.210938 0.202083 0.223438 0.206250 0.223438 0.208333 0.225000 0.214583 0.225000 0.216667 0.226562 0.222917 0.226562 0.225000 0.228125 0.231250 0.228125 0.233333 0.229687 0.239583 0.229687 0.241667 0.231250 0.247917 0.231250 0.250000 0.232812 0.250000 0.220313 0.252083 0.218750 0.252083 0.204688 0.247917 0.204688 0.245833 0.203125 0.239583 0.203125 0.237500 0.201562 0.233333 0.201562 0.231250 0.200000 0.225000 0.200000 0.222917 0.198437 0.218750 0.198437 0.216667 0.196875 0.212500 0.196875 0.210417 0.195312
8 0.212500 0.264062 0.212500 0.281250 0.214583 0.284375 0.247917 0.284375 0.250000 0.285937 0.270833 0.285937 0.272917 0.287500 0.314583 0.289062 0.316667 0.290625 0.335417 0.290625 0.339583 0.292188 0.337500 0.289062 0.337500 0.267188 0.329167 0.265625
8 0.218750 0.292188 0.206250 0.379687 0.229167 0.421875 0.339583 0.437500 0.364583 0.329688 0.337500 0.301562
8 0.477083 0.387500 0.447917 0.398438 0.441667 0.429688 0.429167 0.439063 0.422917 0.525000 0.418750 0.509375 0.385417 0.523438 0.377083 0.501562 0.362500 0.490625 0.325000 0.481250 0.306250 0.515625 0.316667 0.578125 0.339583 0.585938 0.391667 0.545313 0.412500 0.559375 0.425000 0.525000 0.445833 0.539062 0.443750 0.556250 0.481250 0.531250 0.481250 0.504687 0.489583 0.490625 0.479167 0.442187 0.481250 0.400000 0.466667 0.396875
8 0.452083 0.590625 0.356250 0.614062 0.327083 0.604688 0.287500 0.620313 0.291667 0.664062 0.316667 0.684375 0.354167 0.684375 0.360417 0.689062 0.454167 0.673437
8 0.497917 0.671875 0.475000 0.690625 0.468750 0.717188 0.472917 0.753125 0.495833 0.829687 0.535417 0.851562 0.581250 0.748438 0.560417 0.709375 0.525000 0.675000
8 0.302083 0.704687 0.302083 0.712500 0.300000 0.714063 0.297917 0.731250 0.304167 0.731250 0.306250 0.729688 0.385417 0.729688 0.383333 0.728125 0.383333 0.720312 0.381250 0.718750 0.379167 0.703125 0.310417 0.703125 0.308333 0.704687