1 0.193750 0.462500 0.202083 0.507812 0.162500 0.504687 0.183333 0.489062 0.112500 0.490625 0.145833 0.982813 0.318750 0.987500 0.287500 0.956250 0.177083 0.967188 0.168750 0.909375 0.300000 0.895312 0.279167 0.815625 0.252083 0.815625 0.227083 0.839063 0.158333 0.820312 0.218750 0.784375 0.281250 0.782812 0.270833 0.750000 0.204167 0.748438 0.202083 0.718750 0.164583 0.718750 0.164583 0.676562 0.185417 0.656250 0.262500 0.654688 0.227083 0.460938
3 0.887500 0.012500 0.895833 0.012500 0.897917 0.014062 0.906250 0.014062 0.908333 0.015625 0.916667 0.015625 0.918750 0.017188 0.927083 0.017188 0.929167 0.018750 0.935417 0.018750 0.937500 0.020312 0.945833 0.020312 0.947917 0.021875 0.956250 0.021875 0.958333 0.023438 0.966667 0.023438 0.968750 0.025000 0.977083 0.025000 0.979167 0.026563 0.983333 0.026563 0.983333 0.010937 0.910417 0.010937 0.908333 0.012500
3 0.735417 0.015625 0.852083 0.162500 0.985417 0.176563 0.983333 0.110937 0.900000 0.101562 0.887500 0.085938 0.875000 0.084375 0.868750 0.085938 0.870833 0.093750 0.879167 0.084375 0.902083 0.106250 0.879167 0.120312 0.875000 0.114063 0.885417 0.106250 0.860417 0.093750 0.804167 0.029687 0.802083 0.014062
3 0.364583 0.015625 0.302083 0.285937 0.327083 0.117188 0.266667 0.085938 0.260417 0.287500 0.445833 0.293750 0.441667 0.356250 0.306250 0.343750 0.310417 0.378125 0.464583 0.368750 0.333333 0.437500 0.489583 0.431250 0.462500 0.495313 0.343750 0.495313 0.354167 0.543750 0.520833 0.537500 0.518750 0.575000 0.352083 0.560938 0.458333 0.985937 0.989583 0.989062 0.985417 0.620313 0.595833 0.015625 0.489583 0.015625 0.518750 0.076563 0.447917 0.190625 0.529167 0.082813 0.725000 0.443750 0.572917 0.604688 0.475000 0.226562 0.397917 0.287500 0.366667 0.020312 0.420833 0.015625
3 0.608333 0.015625 0.877083 0.417188 0.985417 0.417188 0.979167 0.351562 0.727083 0.017188
3 0.300000 0.345313 0.297917 0.345313 0.287500 0.351562 0.281250 0.351562 0.279167 0.350000 0.270833 0.350000 0.268750 0.348437 0.262500 0.348437 0.262500 0.382812 0.264583 0.384375 0.264583 0.387500 0.270833 0.387500 0.272917 0.389062 0.281250 0.389062 0.281250 0.387500 0.289583 0.381250 0.300000 0.381250 0.304167 0.382812 0.302083 0.379687 0.302083 0.362500 0.300000 0.360938
3 0.879167 0.423438 0.985417 0.592188 0.987500 0.421875
3 0.327083 0.456250 0.272917 0.459375 0.293750 0.560938 0.352083 0.550000
3 0.235417 0.460938 0.264583 0.660937 0.289583 0.700000 0.281250 0.753125 0.304167 0.810938 0.297917 0.828125 0.312500 0.893750 0.322917 0.900000 0.322917 0.976562 0.354167 0.985937 0.268750 0.460938
3 0.016667 0.535937 0.016667 0.989062 0.139583 0.985937 0.127083 0.795313 0.062500 0.801562 0.125000 0.789062 0.108333 0.606250 0.047917 0.604688 0.108333 0.598437 0.102083 0.535937
3 0.295833 0.570312 0.314583 0.679688 0.381250 0.679688 0.343750 0.562500
3 0.316667 0.689062 0.358333 0.984375 0.450000 0.979688 0.375000 0.685938
7 0.014583 0.010937 0.016667 0.071875 0.131250 0.081250 0.166667 0.067188 0.166667 0.015625 0.118750 0.018750 0.129167 0.057813 0.127083 0.065625 0.112500 0.014062
7 0.527083 0.082813 0.458333 0.281250 0.577083 0.604688 0.714583 0.471875 0.670833 0.515625 0.656250 0.493750 0.668750 0.387500 0.639583 0.320312 0.664583 0.339063
7 0.018750 0.151562 0.016667 0.256250 0.162500 0.259375 0.156250 0.160938
7 0.014583 0.270312 0.014583 0.279687 0.016667 0.281250 0.016667 0.290625 0.018750 0.292188 0.018750 0.303125 0.020833 0.304688 0.020833 0.315625 0.031250 0.315625 0.033333 0.314063 0.041667 0.314063 0.043750 0.312500 0.054167 0.312500 0.056250 0.310937 0.075000 0.309375 0.072917 0.307813 0.070833 0.292188 0.068750 0.290625 0.068750 0.284375 0.066667 0.282813 0.066667 0.276563 0.064583 0.275000 0.052083 0.275000 0.050000 0.273438 0.039583 0.273438 0.037500 0.271875 0.025000 0.271875 0.022917 0.270312
7 0.170833 0.290625 0.170833 0.303125 0.191667 0.303125 0.193750 0.304688 0.216667 0.304688 0.218750 0.306250 0.220833 0.306250 0.220833 0.290625
7 0.220833 0.326562 0.214583 0.314063 0.087500 0.315625 0.081250 0.317187 0.087500 0.321875 0.122917 0.321875 0.125000 0.323438 0.143750 0.323438 0.145833 0.325000 0.210417 0.325000 0.212500 0.326562
7 0.018750 0.321875 0.018750 0.434375 0.039583 0.432813 0.056250 0.406250 0.089583 0.400000 0.056250 0.414062 0.056250 0.426562 0.106250 0.454688 0.404167 0.457812 0.425000 0.479688 0.356250 0.489062 0.443750 0.496875 0.460417 0.490625 0.456250 0.459375 0.483333 0.459375 0.483333 0.434375 0.279167 0.437500 0.304167 0.406250 0.406250 0.415625 0.410417 0.385938 0.416667 0.407813 0.450000 0.404687 0.462500 0.387500 0.450000 0.371875 0.320833 0.378125 0.316667 0.390625 0.127083 0.393750 0.168750 0.382812 0.160417 0.334375
7 0.225000 0.368750 0.225000 0.353125 0.216667 0.353125 0.214583 0.354688 0.206250 0.354688 0.204167 0.356250 0.195833 0.356250 0.193750 0.357812 0.185417 0.357812 0.183333 0.359375 0.175000 0.359375 0.179167 0.359375 0.181250 0.360938 0.187500 0.360938 0.189583 0.362500 0.197917 0.362500 0.200000 0.364062 0.206250 0.364062 0.208333 0.365625 0.214583 0.365625 0.216667 0.367188 0.222917 0.367188
7 0.014583 0.490625 0.014583 0.521875 0.016667 0.526563 0.022917 0.526563 0.025000 0.525000 0.106250 0.525000 0.106250 0.489062 0.022917 0.489062 0.020833 0.490625
7 0.520833 0.545313 0.512500 0.526563 0.452083 0.526563 0.429167 0.529688 0.381250 0.546875 0.354167 0.546875 0.352083 0.559375 0.381250 0.560938 0.389583 0.565625 0.404167 0.565625 0.431250 0.575000 0.443750 0.576563 0.518750 0.573438
8 0.804167 0.014062 0.806250 0.029687 0.862500 0.093750 0.887500 0.106250 0.877083 0.114063 0.879167 0.118750 0.897917 0.110937 0.900000 0.106250 0.875000 0.082813 0.887500 0.084375 0.900000 0.100000 0.989583 0.110937 0.987500 0.028125 0.875000 0.010937
8 0.197917 0.014062 0.197917 0.079687 0.200000 0.078125 0.245833 0.076563 0.245833 0.065625 0.247917 0.064062 0.247917 0.053125 0.250000 0.051562 0.250000 0.040625 0.252083 0.039062 0.252083 0.028125 0.254167 0.026563 0.254167 0.014062
8 0.258333 0.017188 0.260417 0.067188 0.293750 0.103125 0.358333 0.114063 0.358333 0.015625
8 0.512500 0.017188 0.368750 0.020312 0.362500 0.121875 0.395833 0.142188 0.379167 0.150000 0.364583 0.171875 0.362500 0.206250 0.370833 0.218750 0.391667 0.217187 0.385417 0.229687 0.397917 0.285937 0.412500 0.279687 0.402083 0.271875 0.408333 0.257812 0.475000 0.225000 0.445833 0.190625 0.443750 0.150000 0.452083 0.150000 0.510417 0.084375 0.485417 0.071875 0.516667 0.076563
8 0.016667 0.090625 0.016667 0.125000 0.018750 0.126563 0.022917 0.123438 0.025000 0.123438 0.027083 0.121875 0.029167 0.121875 0.029167 0.103125 0.031250 0.101562
8 0.139583 0.100000 0.137500 0.101562 0.137500 0.118750 0.135417 0.120312 0.135417 0.137500 0.177083 0.137500 0.177083 0.109375 0.179167 0.107813 0.179167 0.106250 0.177083 0.104687 0.168750 0.104687 0.166667 0.103125 0.158333 0.103125 0.156250 0.101562 0.147917 0.101562 0.145833 0.100000
8 0.229167 0.217187 0.227083 0.217187 0.212500 0.228125 0.212500 0.262500 0.214583 0.264062 0.214583 0.265625 0.220833 0.265625 0.222917 0.264062 0.229167 0.264062 0.231250 0.262500 0.237500 0.262500 0.235417 0.260938 0.235417 0.250000 0.233333 0.248437 0.233333 0.239063 0.231250 0.237500 0.231250 0.226562 0.229167 0.225000
8 0.222917 0.320312 0.256250 0.340625 0.287500 0.343750 0.322917 0.337500 0.370833 0.354688 0.441667 0.354688 0.460417 0.345313 0.443750 0.293750 0.352083 0.289062 0.312500 0.296875 0.277083 0.287500
8 0.641667 0.320312 0.670833 0.387500 0.658333 0.454688 0.658333 0.493750 0.670833 0.514063 0.714583 0.470313 0.722917 0.443750 0.664583 0.342187
8 0.204167 0.487500 0.195833 0.487500 0.193750 0.489062 0.185417 0.489062 0.183333 0.490625 0.177083 0.490625 0.175000 0.492188 0.166667 0.492188 0.164583 0.493750 0.164583 0.504687 0.197917 0.504687 0.200000 0.506250 0.202083 0.506250 0.202083 0.489062
8 0.227083 0.660937 0.210417 0.660937 0.208333 0.662500 0.189583 0.662500 0.189583 0.670313 0.202083 0.670313 0.204167 0.668750 0.214583 0.668750 0.216667 0.667188 0.227083 0.667188
8 0.266667 0.665625 0.256250 0.665625 0.243750 0.668750 0.172917 0.676562 0.172917 0.692187 0.175000 0.693750 0.175000 0.710938 0.177083 0.714063 0.197917 0.714063 0.202083 0.715625 0.200000 0.712500 0.200000 0.698438 0.204167 0.695312 0.272917 0.692187 0.270833 0.690625
8 0.208333 0.700000 0.208333 0.746875 0.287500 0.746875 0.285417 0.743750 0.283333 0.698438 0.214583 0.698438
8 0.297917 0.796875 0.291667 0.789062 0.281250 0.792188 0.277083 0.787500 0.252083 0.787500 0.241667 0.793750 0.220833 0.790625 0.220833 0.795313 0.212500 0.800000 0.181250 0.801562 0.179167 0.810938 0.166667 0.817187 0.200000 0.820312 0.208333 0.828125 0.210417 0.823438 0.216667 0.820312 0.225000 0.825000 0.227083 0.834375 0.241667 0.828125 0.245833 0.814062 0.250000 0.810938 0.283333 0.810938 0.289583 0.818750 0.295833 0.817187
8 0.312500 0.904688 0.241667 0.917188 0.235417 0.915625 0.254167 0.907812 0.172917 0.914062 0.179167 0.967188 0.258333 0.962500 0.252083 0.957812 0.237500 0.957812 0.237500 0.954687 0.308333 0.954687 0.316667 0.943750