1 0.220833 0.692187 0.160417 0.695312 0.158333 0.696875 0.139583 0.696875 0.135417 0.698438 0.125000 0.748438 0.127083 0.746875 0.220833 0.743750 0.212500 0.714063 0.212500 0.704687
1 0.358333 0.762500 0.233333 0.770312 0.233333 0.793750 0.310417 0.835938 0.295833 0.914062 0.191667 0.906250 0.185417 0.939062 0.045833 0.946875 0.047917 0.985937 0.235417 0.981250 0.245833 0.953125 0.377083 0.946875 0.350000 0.898438
2 0.747917 0.231250 0.660417 0.240625 0.650000 0.331250 0.643750 0.342187 0.729167 0.348437 0.729167 0.326562 0.743750 0.296875 0.731250 0.270312 0.754167 0.256250 0.745833 0.246875
2 0.689583 0.435937 0.666667 0.437500 0.656250 0.451562 0.656250 0.464063 0.654167 0.465625 0.654167 0.476562 0.652083 0.478125 0.650000 0.503125 0.683333 0.503125 0.683333 0.482812 0.685417 0.481250 0.685417 0.460938 0.687500 0.459375 0.687500 0.437500
2 0.708333 0.543750 0.779167 0.545313 0.781250 0.526563 0.802083 0.507812 0.814583 0.503125 0.839583 0.503125 0.762500 0.465625 0.739583 0.465625 0.727083 0.454688 0.714583 0.456250 0.708333 0.503125 0.725000 0.510938 0.727083 0.518750 0.718750 0.532812 0.708333 0.532812
2 0.770833 0.615625 0.641667 0.618750 0.635417 0.620313 0.625000 0.642187 0.650000 0.639063 0.768750 0.632812
2 0.762500 0.662500 0.622917 0.667188 0.618750 0.670313 0.618750 0.695312 0.643750 0.692187 0.762500 0.685938
2 0.777083 0.734375 0.764583 0.725000 0.754167 0.725000 0.610417 0.743750 0.610417 0.767187 0.770833 0.737500
2 0.985417 0.779688 0.852083 0.804688 0.852083 0.812500 0.837500 0.825000 0.766667 0.831250 0.841667 0.912500 0.964583 0.903125 0.985417 0.937500
2 0.604167 0.862500 0.575000 0.876562 0.543750 0.879687 0.525000 0.871875 0.510417 0.960938 0.585417 0.953125
2 0.985417 0.940625 0.970833 0.945312 0.770833 0.959375 0.770833 0.971875 0.787500 0.985937 0.987500 0.987500
5 0.327083 0.357812 0.352083 0.382812 0.560417 0.418750 0.539583 0.518750 0.597917 0.565625 0.618750 0.554688 0.783333 0.559375 0.779167 0.551562 0.695833 0.548437 0.697917 0.518750 0.718750 0.517187 0.700000 0.507812 0.708333 0.431250 0.689583 0.507812 0.639583 0.506250 0.647917 0.442187 0.658333 0.429688 0.691667 0.428125 0.660417 0.407813 0.693750 0.403125 0.585417 0.401563
5 0.254167 0.510938 0.247917 0.565625 0.256250 0.589063 0.329167 0.587500 0.312500 0.581250 0.275000 0.581250 0.272917 0.565625 0.337500 0.565625 0.272917 0.564062 0.272917 0.551562 0.383333 0.553125 0.381250 0.548437 0.272917 0.543750 0.270833 0.531250 0.341667 0.531250 0.275000 0.528125 0.279167 0.512500 0.387500 0.517187 0.270833 0.506250
5 0.987500 0.573438 0.881250 0.517187 0.835417 0.509375 0.800000 0.518750 0.785417 0.576563 0.566667 0.570312 0.533333 0.609375 0.522917 0.856250 0.545833 0.867188 0.575000 0.865625 0.606250 0.850000 0.985417 0.767187
5 0.241667 0.684375 0.235417 0.731250 0.247917 0.764063 0.366667 0.753125 0.366667 0.746875 0.262500 0.753125 0.264583 0.740625 0.368750 0.732813 0.260417 0.739062 0.258333 0.725000 0.370833 0.714063 0.258333 0.714063 0.264583 0.701563 0.368750 0.703125 0.262500 0.701563 0.266667 0.687500 0.368750 0.682813 0.250000 0.678125
5 0.839583 0.804688 0.837500 0.803125 0.827083 0.803125 0.825000 0.804688 0.816667 0.804688 0.814583 0.806250 0.808333 0.806250 0.806250 0.807813 0.802083 0.807813 0.785417 0.814062 0.781250 0.814062 0.779167 0.815625 0.772917 0.815625 0.770833 0.817187 0.766667 0.817187 0.764583 0.818750 0.754167 0.820312 0.768750 0.820312 0.770833 0.818750 0.791667 0.818750 0.793750 0.817187 0.814583 0.817187 0.816667 0.815625 0.835417 0.815625 0.835417 0.814062 0.839583 0.810938
5 0.975000 0.929688 0.964583 0.915625 0.833333 0.925000 0.745833 0.821875 0.727083 0.828125 0.802083 0.912500 0.756250 0.925000 0.683333 0.840625 0.616667 0.851562 0.602083 0.956250 0.458333 0.989062 0.606250 0.979688 0.620833 0.989062 0.777083 0.987500 0.758333 0.973437 0.762500 0.953125
6 0.987500 0.082813 0.852083 0.096875 0.779167 0.329688 0.787500 0.332812 0.804167 0.317187 0.833333 0.325000 0.852083 0.307813 0.887500 0.307813 0.900000 0.325000 0.985417 0.334375
6 0.987500 0.382812 0.866667 0.460938 0.779167 0.457812 0.772917 0.464063 0.966667 0.556250 0.935417 0.507812 0.937500 0.468750 0.947917 0.432813 0.987500 0.400000
6 0.435417 0.503125 0.397917 0.517187 0.397917 0.542188 0.462500 0.556250 0.483333 0.651563 0.381250 0.665625 0.362500 0.879687 0.400000 0.987500 0.447917 0.987500 0.497917 0.971875 0.516667 0.860937 0.508333 0.826563 0.522917 0.628125 0.550000 0.575000 0.500000 0.575000 0.497917 0.548437 0.562500 0.543750 0.541667 0.528125 0.468750 0.520312
7 0.016667 0.235938 0.016667 0.659375 0.337500 0.650000 0.333333 0.632812 0.314583 0.629687 0.316667 0.612500 0.337500 0.607813 0.314583 0.595312 0.247917 0.595312 0.237500 0.539062 0.250000 0.506250 0.379167 0.510938 0.441667 0.498437 0.504167 0.514063 0.518750 0.415625 0.383333 0.390625 0.347917 0.395312 0.293750 0.337500 0.250000 0.323438 0.254167 0.257812
7 0.122917 0.700000 0.033333 0.707812 0.031250 0.712500 0.033333 0.937500 0.179167 0.926562 0.185417 0.895312 0.289583 0.903125 0.300000 0.835938 0.220833 0.798437 0.225000 0.754687 0.112500 0.754687
8 0.270833 0.203125 0.272917 0.256250 0.264583 0.256250 0.260417 0.318750 0.287500 0.321875 0.308333 0.337500 0.316667 0.337500 0.327083 0.321875 0.352083 0.320312 0.352083 0.328125 0.379167 0.339063 0.508333 0.337500 0.531250 0.328125 0.633333 0.343750 0.647917 0.325000 0.656250 0.243750 0.637500 0.232812 0.481250 0.214062 0.416667 0.223438 0.343750 0.215625 0.343750 0.193750
8 0.985417 0.371875 0.983333 0.337500 0.881250 0.317187 0.802083 0.321875 0.787500 0.339063 0.747917 0.343750 0.770833 0.331250 0.806250 0.214062 0.754167 0.240625 0.764583 0.256250 0.743750 0.273438 0.754167 0.295312 0.737500 0.323438 0.750000 0.368750 0.735417 0.356250 0.531250 0.340625 0.350000 0.345313 0.720833 0.382812 0.741667 0.373437 0.700000 0.403125 0.693750 0.425000 0.743750 0.454688 0.870833 0.450000
8 0.987500 0.410937 0.966667 0.428125 0.950000 0.448438 0.941667 0.493750 0.941667 0.507812 0.956250 0.534375 0.975000 0.554688 0.987500 0.559375
8 0.460417 0.581250 0.454167 0.570312 0.447917 0.565625 0.441667 0.565625 0.425000 0.559375 0.420833 0.559375 0.408333 0.567187 0.366667 0.568750 0.364583 0.570312 0.360417 0.568750 0.347917 0.568750 0.343750 0.573438 0.331250 0.573438 0.331250 0.579687 0.341667 0.581250 0.347917 0.584375 0.358333 0.584375 0.360417 0.582812 0.395833 0.582812 0.408333 0.589063 0.443750 0.589063 0.447917 0.590625
8 0.337500 0.615625 0.337500 0.625000 0.360417 0.629687 0.385417 0.631250 0.404167 0.642187 0.470833 0.642187 0.468750 0.640625 0.464583 0.600000 0.458333 0.598437 0.406250 0.598437 0.370833 0.612500
8 0.347917 0.632812 0.347917 0.639063 0.350000 0.640625 0.350000 0.645312 0.352083 0.646875 0.352083 0.651563 0.354167 0.653125 0.418750 0.653125 0.422917 0.650000 0.429167 0.648438 0.402083 0.648438 0.385417 0.635938 0.377083 0.635938 0.375000 0.634375 0.368750 0.634375 0.366667 0.632812