1 0.193750 0.015625 0.166667 0.054688 0.256250 0.062500 0.277083 0.089062 0.264583 0.167187 0.235417 0.173438 0.231250 0.215625 0.314583 0.229687 0.314583 0.176563 0.350000 0.035937 0.212500 0.021875
1 0.208333 0.234375 0.085417 0.253125 0.089583 0.579687 0.137500 0.557813 0.135417 0.526563 0.168750 0.518750 0.152083 0.484375 0.160417 0.443750 0.127083 0.432813 0.125000 0.410937 0.200000 0.406250 0.181250 0.370313 0.191667 0.342187 0.118750 0.339063 0.116667 0.293750 0.185417 0.289062 0.206250 0.271875
2 0.706250 0.015625 0.731250 0.018750 0.741667 0.021875 0.750000 0.021875 0.760417 0.025000 0.768750 0.025000 0.779167 0.028125 0.787500 0.028125 0.797917 0.031250 0.806250 0.031250 0.816667 0.034375 0.829167 0.014062 0.710417 0.014062
2 0.600000 0.073437 0.779167 0.095312 0.795833 0.062500 0.612500 0.035937
2 0.564583 0.150000 0.787500 0.154687 0.777083 0.142188 0.768750 0.137500 0.572917 0.126563
2 0.983333 0.234375 0.718750 0.232812 0.735417 0.304688 0.858333 0.340625 0.835417 0.356250 0.664583 0.332812 0.685417 0.375000 0.800000 0.390625 0.779167 0.414062 0.508333 0.404687 0.560417 0.418750 0.495833 0.435937 0.525000 0.535937 0.568750 0.548437 0.506250 0.576563 0.531250 0.596875 0.487500 0.628125 0.600000 0.639063 0.529167 0.717188 0.643750 0.718750 0.664583 0.832812 0.652083 0.900000 0.441667 0.935938 0.481250 0.985937 0.989583 0.987500
2 0.535417 0.237500 0.512500 0.237500 0.472917 0.248437 0.458333 0.240625 0.439583 0.279687 0.464583 0.279687 0.468750 0.282813 0.508333 0.282813 0.514583 0.284375
3 0.018750 0.250000 0.018750 0.567187 0.081250 0.579687 0.087500 0.259375
3 0.164583 0.446875 0.156250 0.460938 0.156250 0.487500 0.164583 0.496875 0.166667 0.501562 0.168750 0.500000 0.181250 0.500000 0.183333 0.498437 0.210417 0.496875 0.210417 0.478125 0.212500 0.475000 0.210417 0.473437 0.210417 0.467187 0.206250 0.459375 0.204167 0.446875
3 0.281250 0.553125 0.314583 0.900000 0.458333 0.893750 0.450000 0.887500 0.454167 0.839063 0.489583 0.814062 0.489583 0.745313 0.520833 0.729688 0.422917 0.740625 0.381250 0.737500 0.356250 0.709375 0.354167 0.668750 0.308333 0.651563 0.300000 0.573438 0.322917 0.551562
5 0.989583 0.010937 0.847917 0.012500 0.820833 0.040625 0.616667 0.015625 0.614583 0.028125 0.806250 0.059375 0.783333 0.101562 0.587500 0.078125 0.612500 0.015625 0.504167 0.015625 0.450000 0.165625 0.452083 0.223438 0.475000 0.239063 0.535417 0.228125 0.987500 0.231250
5 0.577083 0.190625 0.610417 0.190625 0.612500 0.192188 0.687500 0.193750 0.679167 0.193750 0.677083 0.192188 0.658333 0.190625 0.656250 0.189063 0.639583 0.187500 0.637500 0.185937 0.629167 0.185937 0.627083 0.184375 0.618750 0.184375 0.616667 0.182812 0.587500 0.182812
5 0.847917 0.335938 0.725000 0.315625 0.708333 0.231250 0.704167 0.295312 0.654167 0.289062 0.641667 0.231250 0.554167 0.234375 0.518750 0.295312 0.425000 0.292188 0.522917 0.303125 0.308333 0.301562 0.283333 0.412500 0.272917 0.398438 0.202083 0.398438 0.202083 0.418750 0.545833 0.426562 0.491667 0.410937 0.502083 0.396875 0.466667 0.410937 0.404167 0.400000 0.550000 0.387500 0.772917 0.404687 0.783333 0.393750 0.668750 0.379687 0.650000 0.340625 0.654167 0.373437 0.616667 0.373437 0.645833 0.328125 0.837500 0.348437
5 0.208333 0.350000 0.208333 0.357812 0.225000 0.357812 0.227083 0.359375 0.229167 0.359375 0.231250 0.357812 0.268750 0.357812 0.270833 0.359375 0.275000 0.359375 0.275000 0.350000
5 0.560417 0.532812 0.400000 0.562500 0.325000 0.554688 0.306250 0.571875 0.316667 0.650000 0.395833 0.679688 0.408333 0.696875 0.554167 0.696875 0.539583 0.681250 0.464583 0.675000 0.479167 0.667188 0.591667 0.659375 0.593750 0.640625 0.468750 0.646875 0.450000 0.598437 0.512500 0.614062 0.522917 0.596875 0.447917 0.573438 0.560417 0.556250
6 0.491667 0.015625 0.358333 0.017188 0.316667 0.176563 0.329167 0.292188 0.383333 0.289062 0.418750 0.295312 0.452083 0.235938 0.431250 0.215625
7 0.183333 0.014062 0.072917 0.014062 0.068750 0.034375 0.018750 0.015625 0.022917 0.226562 0.064583 0.231250 0.083333 0.203125 0.085417 0.251563 0.227083 0.220313 0.229167 0.173438 0.262500 0.167187 0.272917 0.096875 0.254167 0.068750 0.156250 0.059375
7 0.020833 0.642187 0.018750 0.643750 0.016667 0.698438 0.020833 0.696875 0.072917 0.696875 0.072917 0.651563 0.075000 0.650000 0.075000 0.646875 0.072917 0.645312 0.056250 0.645312 0.054167 0.643750
7 0.114583 0.645312 0.114583 0.657812 0.093750 0.665625 0.085417 0.671875 0.085417 0.698438 0.091667 0.720312 0.116667 0.735937 0.170833 0.739062 0.170833 0.707812 0.158333 0.700000 0.166667 0.646875
7 0.164583 0.756250 0.085417 0.765625 0.100000 0.834375 0.170833 0.823438 0.172917 0.806250 0.177083 0.803125 0.191667 0.801562 0.191667 0.785937 0.181250 0.787500 0.168750 0.785937
7 0.018750 0.803125 0.018750 0.845312 0.033333 0.845312 0.035417 0.843750 0.064583 0.842188 0.066667 0.823438 0.068750 0.821875 0.068750 0.814062 0.070833 0.812500 0.070833 0.803125
8 0.122917 0.296875 0.122917 0.323438 0.189583 0.325000 0.193750 0.326562 0.193750 0.295312 0.125000 0.295312
8 0.139583 0.529688 0.139583 0.550000 0.143750 0.550000 0.152083 0.546875 0.166667 0.546875 0.168750 0.548437 0.179167 0.548437 0.181250 0.550000 0.202083 0.551562 0.204167 0.553125 0.214583 0.553125 0.216667 0.554688 0.227083 0.554688 0.229167 0.556250 0.229167 0.529688 0.231250 0.528125 0.227083 0.528125 0.225000 0.526563 0.162500 0.526563 0.160417 0.528125
8 0.627083 0.720312 0.570833 0.723437 0.495833 0.743750 0.497917 0.812500 0.560417 0.820312 0.637500 0.796875
8 0.291667 0.757812 0.281250 0.757812 0.279167 0.759375 0.266667 0.759375 0.264583 0.760938 0.254167 0.760938 0.252083 0.762500 0.239583 0.762500 0.237500 0.764063 0.227083 0.764063 0.225000 0.765625 0.212500 0.765625 0.212500 0.779688 0.220833 0.779688 0.222917 0.778125 0.231250 0.778125 0.233333 0.776563 0.241667 0.776563 0.243750 0.775000 0.291667 0.775000
8 0.304167 0.821875 0.300000 0.817187 0.293750 0.801562 0.250000 0.801562 0.247917 0.803125 0.239583 0.803125 0.210417 0.814062 0.189583 0.817187 0.189583 0.821875 0.241667 0.823438 0.243750 0.825000 0.250000 0.823438 0.277083 0.823438 0.279167 0.821875
8 0.645833 0.815625 0.631250 0.806250 0.602083 0.810938 0.558333 0.826563 0.577083 0.845312 0.577083 0.857813 0.568750 0.865625 0.570833 0.846875 0.554167 0.829687 0.491667 0.826563 0.479167 0.835938 0.481250 0.842188 0.475000 0.840625 0.464583 0.851562 0.470833 0.901563 0.502083 0.904688 0.516667 0.900000 0.562500 0.898438 0.566667 0.864062 0.570833 0.903125 0.643750 0.895312 0.652083 0.885938
8 0.254167 0.898438 0.235417 0.898438 0.233333 0.900000 0.214583 0.900000 0.212500 0.901563 0.193750 0.901563 0.189583 0.904688 0.189583 0.918750 0.191667 0.917188 0.225000 0.917188 0.227083 0.915625 0.256250 0.915625 0.256250 0.914062 0.254167 0.912500