2 0.820833 0.010937 0.825000 0.028125 0.883333 0.034375 0.908333 0.076563 0.862500 0.135937 0.985417 0.318750 0.985417 0.015625
2 0.983333 0.814062 0.620833 0.835938 0.591667 0.862500 0.614583 0.942187 0.662500 0.975000 0.985417 0.984375
3 0.020833 0.017188 0.022917 0.328125 0.064583 0.456250 0.281250 0.462500 0.318750 0.062500
3 0.514583 0.081250 0.733333 0.718750 0.618750 0.829687 0.975000 0.804688 0.979167 0.340625 0.829167 0.121875
3 0.514583 0.153125 0.487500 0.270312 0.460417 0.306250 0.439583 0.376563 0.418750 0.393750 0.433333 0.465625 0.385417 0.453125 0.389583 0.518750 0.429167 0.525000 0.433333 0.537500 0.470833 0.415625 0.497917 0.459375 0.572917 0.314063
3 0.472917 0.435937 0.447917 0.550000 0.510417 0.550000
3 0.429167 0.548437 0.414583 0.553125 0.393750 0.629687 0.385417 0.581250 0.362500 0.579687 0.360417 0.667188 0.368750 0.671875 0.389583 0.645312 0.364583 0.707812 0.372917 0.725000
3 0.443750 0.554688 0.385417 0.729688 0.450000 0.737500 0.445833 0.731250 0.420833 0.728125 0.418750 0.701563 0.454167 0.698438 0.462500 0.681250 0.525000 0.679688 0.508333 0.556250
3 0.279167 0.576563 0.106250 0.585938 0.110417 0.709375 0.093750 0.759375 0.277083 0.750000 0.272917 0.632812
3 0.160417 0.787500 0.093750 0.789062 0.089583 0.792188 0.079167 0.906250 0.150000 0.903125
3 0.554167 0.812500 0.191667 0.829687 0.181250 0.987500 0.464583 0.973437 0.508333 0.954687 0.587500 0.956250
3 0.139583 0.921875 0.087500 0.934375 0.085417 0.939062 0.085417 0.979688 0.102083 0.981250 0.104167 0.982813 0.114583 0.982813 0.116667 0.984375 0.125000 0.984375 0.137500 0.987500 0.137500 0.928125 0.139583 0.926562
7 0.591667 0.320312 0.575000 0.320312 0.504167 0.496875 0.522917 0.618750 0.568750 0.585938 0.589583 0.678125 0.643750 0.678125 0.664583 0.698438 0.666667 0.729688 0.643750 0.746875 0.600000 0.750000 0.597917 0.801562 0.583333 0.809375 0.558333 0.796875 0.570833 0.851562 0.591667 0.850000 0.731250 0.729688
7 0.312500 0.470313 0.070833 0.475000 0.097917 0.571875 0.314583 0.575000
8 0.375000 0.092188 0.354167 0.220313 0.375000 0.265625 0.385417 0.271875 0.470833 0.287500 0.506250 0.148438 0.493750 0.103125
8 0.350000 0.300000 0.354167 0.303125 0.358333 0.309375 0.366667 0.309375 0.368750 0.310937 0.402083 0.312500 0.404167 0.314063 0.420833 0.314063 0.422917 0.315625 0.441667 0.315625 0.443750 0.317187 0.443750 0.312500 0.445833 0.310937 0.445833 0.304688 0.412500 0.292188 0.381250 0.293750 0.372917 0.296875 0.368750 0.300000
8 0.345833 0.329688 0.343750 0.337500 0.345833 0.343750 0.358333 0.350000 0.377083 0.362500 0.393750 0.362500 0.395833 0.364062 0.393750 0.365625 0.379167 0.365625 0.379167 0.376563 0.437500 0.376563 0.435417 0.364062 0.447917 0.337500 0.447917 0.331250 0.441667 0.325000 0.360417 0.318750
8 0.585417 0.460938 0.570833 0.460938 0.558333 0.470313 0.552083 0.481250 0.552083 0.503125 0.554167 0.504687 0.554167 0.509375 0.556250 0.510938 0.558333 0.518750 0.566667 0.526563 0.575000 0.523438 0.575000 0.518750 0.577083 0.517187 0.579167 0.509375 0.583333 0.504687 0.583333 0.501562 0.589583 0.492188 0.593750 0.489062 0.593750 0.484375 0.597917 0.478125 0.597917 0.473437 0.593750 0.467187
8 0.320833 0.462500 0.337500 0.485938 0.333333 0.515625 0.377083 0.531250 0.368750 0.537500 0.379167 0.539062 0.385417 0.550000 0.418750 0.550000 0.431250 0.546875 0.429167 0.526563 0.387500 0.525000 0.379167 0.529688 0.377083 0.528125 0.379167 0.509375 0.387500 0.487500 0.375000 0.478125 0.358333 0.482812 0.345833 0.482812 0.337500 0.470313
8 0.656250 0.696875 0.631250 0.682813 0.533333 0.681250 0.583333 0.678125 0.575000 0.606250 0.564583 0.592188 0.525000 0.625000 0.533333 0.681250 0.466667 0.685938 0.456250 0.703125 0.427083 0.704687 0.427083 0.728125 0.454167 0.726562 0.481250 0.743750 0.593750 0.745313 0.654167 0.739062
8 0.362500 0.743750 0.360417 0.742188 0.360417 0.740625 0.358333 0.739062 0.358333 0.737500 0.341667 0.737500 0.339583 0.739062 0.322917 0.739062 0.320833 0.740625 0.320833 0.743750 0.322917 0.745313 0.322917 0.746875 0.325000 0.748438 0.327083 0.746875 0.337500 0.746875 0.339583 0.745313 0.350000 0.745313 0.352083 0.743750
8 0.543750 0.750000 0.545833 0.756250 0.547917 0.757812 0.547917 0.765625 0.550000 0.767187 0.550000 0.775000 0.552083 0.776563 0.552083 0.790625 0.554167 0.792188 0.560417 0.792188 0.568750 0.798437 0.568750 0.800000 0.570833 0.800000 0.579167 0.806250 0.583333 0.798437 0.593750 0.790625 0.595833 0.765625 0.597917 0.764063 0.597917 0.751562 0.595833 0.750000