1 0.216667 0.010937 0.510417 0.064062 0.514583 0.012500
1 0.035417 0.014062 0.012500 0.014062 0.016667 0.235938 0.041667 0.204688
1 0.018750 0.339063 0.016667 0.435937 0.137500 0.442187 0.133333 0.485938 0.233333 0.489062 0.243750 0.604688 0.352083 0.614062 0.360417 0.600000 0.416667 0.600000 0.412500 0.590625 0.343750 0.587500 0.312500 0.575000 0.312500 0.562500 0.339583 0.546875 0.391667 0.546875 0.410417 0.459375 0.356250 0.454688 0.343750 0.439063 0.368750 0.395312 0.368750 0.359375
2 0.720833 0.017188 0.700000 0.089062 0.595833 0.092188 0.566667 0.256250 0.987500 0.596875 0.987500 0.010937
3 0.014583 0.267188 0.016667 0.329688 0.104167 0.337500 0.125000 0.276563
3 0.443750 0.376563 0.589583 0.623438 0.560417 0.631250 0.752083 0.962500 0.987500 0.939062 0.983333 0.601562 0.712500 0.382812
3 0.014583 0.437500 0.014583 0.471875 0.062500 0.475000 0.064583 0.476562 0.079167 0.476562 0.097917 0.479688 0.114583 0.479688 0.116667 0.481250 0.131250 0.448438 0.129167 0.443750
7 0.060417 0.015625 0.066667 0.181250 0.554167 0.234375 0.587500 0.085938 0.185417 0.010937
7 0.016667 0.256250 0.216667 0.273438 0.229167 0.265625 0.237500 0.275000 0.618750 0.303125 0.568750 0.264062 0.043750 0.217187
8 0.712500 0.012500 0.514583 0.015625 0.512500 0.048437 0.516667 0.060938 0.539583 0.075000 0.693750 0.082813
8 0.125000 0.342187 0.402083 0.357812 0.406250 0.353125 0.410417 0.359375 0.602083 0.370313 0.597917 0.357812 0.533333 0.304688 0.418750 0.293750 0.410417 0.284375 0.381250 0.301562 0.237500 0.281250 0.229167 0.267188 0.214583 0.284375 0.204167 0.276563 0.202083 0.285937 0.145833 0.281250
8 0.372917 0.376563 0.372917 0.393750 0.375000 0.395312 0.375000 0.396875 0.377083 0.396875 0.379167 0.395312 0.427083 0.395312 0.427083 0.384375 0.425000 0.382812 0.416667 0.382812 0.414583 0.381250 0.404167 0.381250 0.402083 0.379687 0.393750 0.379687 0.391667 0.378125 0.381250 0.378125 0.379167 0.376563
8 0.383333 0.407813 0.383333 0.432813 0.381250 0.434375 0.379167 0.432813 0.362500 0.431250 0.352083 0.439063 0.354167 0.445312 0.360417 0.453125 0.416667 0.453125 0.416667 0.440625 0.414583 0.439063 0.397917 0.437500 0.387500 0.434375 0.389583 0.432813 0.414583 0.432813 0.418750 0.434375 0.418750 0.414062 0.420833 0.412500 0.418750 0.410937
8 0.435417 0.407813 0.395833 0.540625 0.479167 0.568750 0.339583 0.551562 0.320833 0.575000 0.472917 0.570312 0.508333 0.621875 0.181250 0.628125 0.231250 0.604688 0.227083 0.492188 0.079167 0.496875 0.039583 0.623438 0.181250 0.628125 0.039583 0.631250 0.016667 0.989062 0.735417 0.964063 0.558333 0.629687 0.522917 0.620313 0.543750 0.612500