2 0.862500 0.010937 0.945833 0.978125 0.989583 0.987500 0.989583 0.014062
3 0.012500 0.010937 0.016667 0.218750 0.183333 0.234375 0.185417 0.014062
3 0.483333 0.014062 0.485417 0.170312 0.770833 0.201562 0.589583 0.192188 0.600000 0.434375 0.893750 0.431250 0.868750 0.012500
3 0.379167 0.015625 0.402083 0.103125 0.360417 0.092188 0.339583 0.109375 0.366667 0.206250 0.325000 0.234375 0.335417 0.268750 0.391667 0.239063 0.437500 0.257812 0.452083 0.237500 0.458333 0.428125 0.402083 0.468750 0.458333 0.453125 0.464583 0.626562 0.337500 0.593750 0.312500 0.700000 0.333333 0.731250 0.339583 0.654688 0.372917 0.673437 0.393750 0.764063 0.454167 0.796875 0.406250 0.785937 0.408333 0.901563 0.452083 0.943750 0.452083 0.984375 0.510417 0.989062 0.470833 0.015625
3 0.887500 0.448438 0.600000 0.462500 0.610417 0.696875 0.912500 0.675000
3 0.906250 0.698438 0.612500 0.720312 0.627083 0.885938 0.918750 0.850000
3 0.187500 0.710938 0.016667 0.718750 0.014583 0.987500 0.191667 0.989062 0.202083 0.734375
3 0.600000 0.715625 0.527083 0.723437 0.533333 0.900000 0.604167 0.892187
3 0.910417 0.870313 0.752083 0.881250 0.758333 0.981250 0.927083 0.985937
3 0.733333 0.896875 0.625000 0.909375 0.625000 0.981250 0.741667 0.987500
3 0.604167 0.907812 0.539583 0.914062 0.539583 0.979688 0.541667 0.987500 0.547917 0.985937 0.608333 0.985937 0.606250 0.981250
7 0.016667 0.246875 0.016667 0.712500 0.268750 0.693750 0.256250 0.468750 0.347917 0.476562 0.352083 0.503125 0.383333 0.506250 0.393750 0.470313 0.381250 0.453125 0.254167 0.457812 0.245833 0.415625 0.291667 0.400000 0.293750 0.382812 0.231250 0.412500 0.250000 0.464063 0.231250 0.453125 0.222917 0.414062 0.260417 0.385938 0.252083 0.284375 0.225000 0.264062
7 0.450000 0.264062 0.395833 0.320312 0.393750 0.434375 0.414583 0.448438 0.456250 0.428125
7 0.439583 0.460938 0.402083 0.476562 0.393750 0.529688 0.397917 0.598437 0.460417 0.625000 0.454167 0.467187
7 0.320833 0.720312 0.264583 0.748438 0.297917 0.796875 0.289583 0.800000 0.287500 0.845312 0.389583 0.832812 0.391667 0.781250 0.360417 0.784375 0.404167 0.771875 0.331250 0.732813
8 0.270833 0.025000 0.270833 0.029687 0.279167 0.032812 0.289583 0.042188 0.295833 0.045313 0.354167 0.048437 0.356250 0.050000 0.375000 0.050000 0.377083 0.051562 0.379167 0.037500 0.377083 0.035937 0.377083 0.028125 0.375000 0.026563 0.327083 0.021875 0.325000 0.020312 0.291667 0.017188 0.289583 0.015625 0.279167 0.015625
8 0.297917 0.050000 0.295833 0.053125 0.295833 0.092188 0.316667 0.092188 0.318750 0.093750 0.341667 0.093750 0.345833 0.095312 0.350000 0.089062 0.356250 0.085938 0.364583 0.092188 0.375000 0.095312 0.379167 0.098438 0.383333 0.071875 0.385417 0.070312 0.385417 0.059375
8 0.339583 0.115625 0.254167 0.128125 0.291667 0.215625 0.266667 0.204688 0.239583 0.223438 0.235417 0.235938 0.241667 0.267188 0.275000 0.281250 0.325000 0.289062 0.341667 0.246875 0.308333 0.228125 0.356250 0.217187 0.362500 0.210938 0.358333 0.125000
8 0.408333 0.117188 0.375000 0.134375 0.375000 0.164062 0.381250 0.170312 0.397917 0.176563 0.431250 0.176563 0.450000 0.162500 0.447917 0.160938 0.447917 0.153125 0.445833 0.151562 0.443750 0.135937 0.412500 0.117188
8 0.370833 0.248437 0.362500 0.256250 0.364583 0.268750 0.362500 0.270312 0.343750 0.271875 0.345833 0.290625 0.347917 0.292188 0.387500 0.293750 0.389583 0.295312 0.408333 0.295312 0.412500 0.296875 0.410417 0.293750 0.410417 0.279687 0.412500 0.278125 0.425000 0.279687 0.425000 0.251563 0.420833 0.248437
8 0.295833 0.410937 0.331250 0.409375 0.325000 0.373437 0.327083 0.364062 0.387500 0.370313 0.379167 0.343750 0.293750 0.337500 0.293750 0.357812 0.297917 0.362500
8 0.281250 0.503125 0.281250 0.504687 0.368750 0.506250 0.350000 0.504687 0.347917 0.503125 0.347917 0.490625 0.343750 0.489062 0.320833 0.489062 0.318750 0.487500 0.297917 0.487500
8 0.293750 0.518750 0.295833 0.550000 0.297917 0.551562 0.297917 0.568750 0.300000 0.570312 0.304167 0.568750 0.339583 0.568750 0.339583 0.564062 0.337500 0.562500 0.337500 0.518750
8 0.341667 0.654688 0.335417 0.732813 0.389583 0.762500 0.400000 0.760938 0.370833 0.673437 0.345833 0.654688
8 0.404167 0.850000 0.308333 0.859375 0.314583 0.871875 0.312500 0.907812 0.308333 0.910937 0.304167 0.907812 0.304167 0.896875 0.245833 0.907812 0.229167 0.917188 0.225000 0.929688 0.272917 0.918750 0.281250 0.912500 0.293750 0.909375 0.316667 0.910937 0.395833 0.900000 0.402083 0.896875 0.412500 0.871875 0.412500 0.862500
8 0.375000 0.917188 0.356250 0.942187 0.356250 0.945312 0.372917 0.967188 0.397917 0.985937 0.400000 0.984375 0.450000 0.981250 0.447917 0.979688 0.445833 0.950000 0.425000 0.920313 0.416667 0.917188