1 0.987500 0.014062 0.645833 0.017188 0.537500 0.175000 0.558333 0.217187 0.429167 0.201562 0.468750 0.178125 0.491667 0.015625 0.385417 0.015625 0.383333 0.201562 0.077083 0.189063 0.100000 0.768750 0.014583 0.835938 0.018750 0.987500 0.989583 0.987500 0.972917 0.895312 0.710417 0.721875 0.612500 0.737500 0.560417 0.698438 0.627083 0.675000 0.587500 0.543750 0.529167 0.509375 0.535417 0.446875 0.591667 0.435937 0.591667 0.371875 0.647917 0.348437 0.575000 0.328125 0.560417 0.217187 0.781250 0.214062 0.987500 0.075000
1 0.012500 0.184375 0.014583 0.831250 0.081250 0.756250 0.068750 0.192188
2 0.985417 0.087500 0.783333 0.223438 0.822917 0.237500 0.831250 0.253125 0.781250 0.276563 0.779167 0.307813 0.814583 0.306250 0.837500 0.328125 0.868750 0.310937 0.981250 0.317187 0.987500 0.329688 0.960417 0.342187 0.987500 0.356250 0.985417 0.368750 0.927083 0.368750 0.927083 0.384375 0.987500 0.393750 0.987500 0.553125
2 0.683333 0.350000 0.637500 0.375000 0.637500 0.443750 0.639583 0.450000 0.656250 0.445312 0.670833 0.443750 0.666667 0.409375 0.672917 0.398438 0.691667 0.384375
2 0.604167 0.445312 0.604167 0.450000 0.602083 0.451562 0.602083 0.464063 0.600000 0.465625 0.600000 0.526563 0.604167 0.526563 0.606250 0.523438 0.625000 0.509375 0.622917 0.506250 0.620833 0.460938
2 0.733333 0.512500 0.731250 0.514063 0.731250 0.515625 0.729167 0.517187 0.729167 0.518750 0.727083 0.520312 0.727083 0.521875 0.725000 0.523438 0.725000 0.525000 0.720833 0.528125 0.720833 0.542188 0.722917 0.543750 0.722917 0.545313 0.731250 0.551562 0.731250 0.515625 0.733333 0.514063
2 0.679167 0.581250 0.679167 0.587500 0.681250 0.587500 0.700000 0.601562 0.702083 0.601562 0.731250 0.621875 0.731250 0.604688 0.733333 0.603125 0.731250 0.600000 0.731250 0.571875 0.725000 0.571875 0.722917 0.573438 0.716667 0.573438 0.714583 0.575000 0.708333 0.575000 0.706250 0.576563 0.700000 0.576563 0.691667 0.579687 0.685417 0.579687 0.683333 0.581250
2 0.858333 0.587500 0.850000 0.667188 0.914583 0.673437 0.983333 0.664062 0.985417 0.693750 0.929167 0.714063 0.891667 0.703125 0.764583 0.707812 0.739583 0.729688 0.750000 0.748438 0.843750 0.787500 0.987500 0.895312 0.987500 0.573438
2 0.622917 0.576563 0.620833 0.578125 0.614583 0.654688 0.672917 0.679688 0.670833 0.670313 0.670833 0.587500
3 0.014583 0.015625 0.012500 0.153125 0.025000 0.176563 0.383333 0.200000 0.370833 0.015625
3 0.637500 0.015625 0.512500 0.015625 0.493750 0.056250 0.483333 0.101562 0.493750 0.092188 0.529167 0.092188 0.541667 0.110937 0.522917 0.142188 0.533333 0.178125
5 0.581250 0.310937 0.583333 0.325000 0.633333 0.346875 0.650000 0.348437 0.722917 0.323438 0.758333 0.323438 0.770833 0.340625 0.843750 0.331250 0.956250 0.345313 0.968750 0.321875 0.893750 0.315625 0.864583 0.318750 0.847917 0.331250 0.822917 0.329688 0.812500 0.320312 0.787500 0.314063 0.670833 0.314063 0.612500 0.300000 0.591667 0.300000
5 0.977083 0.401563 0.908333 0.387500 0.829167 0.395312 0.683333 0.392188 0.670833 0.445312 0.672917 0.575000 0.825000 0.559375 0.972917 0.564062
5 0.589583 0.443750 0.560417 0.445312 0.539583 0.454688 0.539583 0.471875 0.533333 0.490625 0.531250 0.509375 0.541667 0.529688 0.558333 0.542188 0.585417 0.540625 0.579167 0.509375 0.579167 0.460938 0.581250 0.459375 0.600000 0.459375
5 0.689583 0.712500 0.641667 0.679688 0.635417 0.679688 0.610417 0.685938 0.604167 0.689062 0.593750 0.690625 0.579167 0.703125 0.579167 0.704687 0.614583 0.729688 0.629167 0.729688 0.631250 0.731250 0.666667 0.704687
6 0.579167 0.231250 0.585417 0.239063 0.600000 0.243750 0.583333 0.278125 0.587500 0.285937 0.670833 0.296875 0.687500 0.303125 0.739583 0.307813 0.768750 0.306250 0.777083 0.265625 0.781250 0.262500 0.804167 0.264062 0.822917 0.254687 0.816667 0.242188 0.785417 0.243750 0.775000 0.225000 0.591667 0.223438 0.591667 0.228125
6 0.602083 0.378125 0.595833 0.451562 0.622917 0.460938 0.627083 0.509375 0.597917 0.526563 0.595833 0.460938 0.595833 0.650000 0.679167 0.714063 0.735417 0.723437 0.800000 0.696875 0.975000 0.696875 0.979167 0.679688 0.845833 0.679688 0.852083 0.589063 0.902083 0.576563 0.883333 0.565625 0.752083 0.575000 0.731250 0.623438 0.679167 0.589063 0.668750 0.445312 0.635417 0.443750 0.635417 0.375000 0.681250 0.348437 0.691667 0.385938 0.797917 0.387500 0.831250 0.357812 0.968750 0.360938 0.879167 0.340625 0.768750 0.350000 0.737500 0.328125
6 0.733333 0.403125 0.729167 0.407813 0.729167 0.414062 0.727083 0.415625 0.727083 0.426562 0.729167 0.428125 0.729167 0.434375 0.731250 0.435937 0.731250 0.439063 0.733333 0.440625 0.731250 0.442187 0.731250 0.448438 0.739583 0.448438 0.741667 0.450000 0.754167 0.450000 0.754167 0.409375 0.756250 0.407813 0.756250 0.404687 0.754167 0.403125
7 0.172917 0.276563 0.181250 0.698438 0.547917 0.690625 0.556250 0.548437 0.527083 0.537500 0.525000 0.443750 0.545833 0.435937 0.560417 0.298438
7 0.022917 0.471875 0.022917 0.567187 0.039583 0.553125 0.050000 0.531250 0.056250 0.523438 0.052083 0.515625 0.052083 0.509375 0.050000 0.507812 0.045833 0.490625
7 0.375000 0.781250 0.375000 0.784375 0.389583 0.814062 0.468750 0.814062 0.464583 0.807813 0.464583 0.803125 0.462500 0.801562 0.462500 0.796875 0.458333 0.790625 0.456250 0.781250
7 0.237500 0.789062 0.193750 0.790625 0.191667 0.792188 0.164583 0.792188 0.162500 0.793750 0.137500 0.793750 0.133333 0.795313 0.118750 0.823438 0.120833 0.821875 0.222917 0.818750
7 0.247917 0.789062 0.252083 0.817187 0.254167 0.818750 0.339583 0.818750 0.341667 0.820312 0.350000 0.820312 0.347917 0.818750 0.341667 0.790625 0.333333 0.790625 0.331250 0.789062
7 0.341667 0.823438 0.297917 0.823438 0.295833 0.825000 0.250000 0.825000 0.243750 0.826563 0.233333 0.876562 0.235417 0.875000 0.337500 0.871875 0.339583 0.825000
7 0.381250 0.821875 0.383333 0.873438 0.385417 0.875000 0.483333 0.868750 0.481250 0.867188 0.475000 0.826563 0.470833 0.825000
7 0.097917 0.831250 0.079167 0.887500 0.081250 0.885938 0.193750 0.879687 0.197917 0.857813 0.204167 0.842188 0.202083 0.834375
7 0.775000 0.854688 0.775000 0.856250 0.777083 0.857813 0.777083 0.860937 0.781250 0.865625 0.818750 0.865625 0.820833 0.867188 0.822917 0.867188 0.822917 0.865625 0.820833 0.864062 0.820833 0.862500 0.818750 0.860937 0.818750 0.859375 0.814583 0.854688
7 0.341667 0.889063 0.214583 0.892187 0.200000 0.956250 0.339583 0.954687
7 0.383333 0.889063 0.381250 0.940625 0.508333 0.945312 0.495833 0.889063
7 0.177083 0.903125 0.043750 0.907812 0.025000 0.965625 0.156250 0.962500
8 0.516667 0.093750 0.506250 0.093750 0.495833 0.101562 0.495833 0.103125 0.493750 0.104687 0.489583 0.104687 0.487500 0.106250 0.477083 0.109375 0.485417 0.123438 0.487500 0.123438 0.510417 0.137500 0.514583 0.134375 0.516667 0.134375 0.520833 0.131250 0.522917 0.131250 0.522917 0.126563 0.525000 0.125000 0.525000 0.120312 0.527083 0.118750 0.527083 0.114063 0.529167 0.112500 0.527083 0.110937
8 0.475000 0.128125 0.479167 0.154687 0.485417 0.175000 0.447917 0.201562 0.520833 0.210938 0.527083 0.184375 0.525000 0.182812 0.525000 0.164062 0.516667 0.148438 0.506250 0.140625
8 0.572917 0.243750 0.568750 0.243750 0.566667 0.245312 0.562500 0.245312 0.560417 0.246875 0.558333 0.246875 0.556250 0.248437 0.556250 0.250000 0.554167 0.251563 0.554167 0.253125 0.550000 0.257812 0.550000 0.262500 0.558333 0.268750 0.558333 0.270312 0.566667 0.276563 0.566667 0.278125 0.568750 0.276563 0.572917 0.276563 0.575000 0.275000 0.579167 0.275000 0.579167 0.254687 0.575000 0.250000 0.575000 0.246875 0.572917 0.245312
8 0.656250 0.503125 0.645833 0.506250 0.639583 0.510938 0.637500 0.510938 0.606250 0.537500 0.606250 0.540625 0.604167 0.542188 0.604167 0.554688 0.616667 0.559375 0.620833 0.559375 0.627083 0.562500 0.633333 0.562500 0.643750 0.565625 0.645833 0.562500 0.664583 0.548437 0.662500 0.546875 0.662500 0.537500 0.660417 0.535937 0.660417 0.525000 0.658333 0.523438