1 0.016667 0.743750 0.014583 0.881250 0.041667 0.881250 0.031250 0.750000
1 0.014583 0.890625 0.014583 0.918750 0.241667 0.909375 0.204167 0.906250 0.056250 0.909375 0.050000 0.904688 0.043750 0.890625
2 0.987500 0.528125 0.889583 0.656250 0.858333 0.654688 0.900000 0.726562 0.760417 0.890625 0.731250 0.892187 0.739583 0.910937 0.677083 0.984375 0.987500 0.984375
3 0.987500 0.185937 0.858333 0.448438 0.018750 0.401563 0.210417 0.439063 0.208333 0.606250 0.035417 0.610937 0.016667 0.471875 0.016667 0.610937 0.237500 0.614062 0.287500 0.434375 0.545833 0.456250 0.479167 0.673437 0.475000 0.625000 0.341667 0.610937 0.297917 0.539062 0.295833 0.653125 0.066667 0.621875 0.031250 0.681250 0.018750 0.618750 0.054167 0.906250 0.758333 0.885938 0.895833 0.726562 0.847917 0.668750 0.500000 0.659375 0.577083 0.457812 0.518750 0.643750 0.879167 0.653125 0.989583 0.510938
7 0.364583 0.626562 0.322917 0.676562 0.366667 0.700000 0.387500 0.700000 0.389583 0.715625 0.443750 0.714063 0.452083 0.706250 0.431250 0.675000 0.425000 0.656250
7 0.208333 0.653125 0.208333 0.698438 0.210417 0.704687 0.214583 0.703125 0.297917 0.701563 0.306250 0.659375
7 0.577083 0.835938 0.572917 0.835938 0.570833 0.837500 0.566667 0.837500 0.564583 0.839063 0.560417 0.839063 0.558333 0.840625 0.554167 0.840625 0.552083 0.842188 0.541667 0.843750 0.535417 0.846875 0.525000 0.848437 0.537500 0.868750 0.552083 0.868750 0.554167 0.867188 0.564583 0.867188 0.566667 0.865625 0.579167 0.865625 0.581250 0.864062 0.591667 0.864062 0.587500 0.859375 0.587500 0.856250 0.581250 0.846875 0.581250 0.843750 0.579167 0.842188 0.579167 0.839063
7 0.454167 0.840625 0.454167 0.843750 0.452083 0.845312 0.452083 0.850000 0.450000 0.851562 0.450000 0.854688 0.447917 0.856250 0.447917 0.859375 0.445833 0.860937 0.445833 0.865625 0.450000 0.865625 0.452083 0.867188 0.458333 0.867188 0.460417 0.868750 0.468750 0.868750 0.470833 0.870313 0.477083 0.870313 0.479167 0.871875 0.485417 0.871875 0.487500 0.873438 0.487500 0.868750 0.489583 0.867188 0.489583 0.862500 0.491667 0.860937 0.491667 0.856250 0.493750 0.854688 0.493750 0.851562 0.495833 0.850000 0.495833 0.843750 0.483333 0.843750 0.481250 0.842188 0.468750 0.842188 0.466667 0.840625
7 0.733333 0.915625 0.725000 0.904688 0.022917 0.929688 0.016667 0.989062 0.681250 0.982813
8 0.022917 0.014062 0.050000 0.390625 0.833333 0.443750 0.987500 0.154687 0.616667 0.103125 0.550000 0.306250 0.610417 0.098438
8 0.018750 0.417188 0.035417 0.609375 0.206250 0.606250 0.202083 0.431250
8 0.333333 0.432813 0.325000 0.432813 0.320833 0.457812 0.297917 0.489062 0.281250 0.484375 0.277083 0.485938 0.277083 0.503125 0.285417 0.506250 0.291667 0.501562 0.300000 0.509375 0.289583 0.531250 0.312500 0.550000 0.356250 0.531250 0.362500 0.478125 0.360417 0.470313 0.352083 0.464063 0.354167 0.437500
8 0.368750 0.442187 0.379167 0.456250 0.350000 0.607813 0.479167 0.625000 0.520833 0.478125 0.406250 0.439063
8 0.077083 0.625000 0.064583 0.703125 0.191667 0.709375 0.193750 0.650000 0.172917 0.629687
8 0.183333 0.628125 0.193750 0.640625 0.206250 0.640625 0.208333 0.642187 0.220833 0.642187 0.222917 0.643750 0.235417 0.643750 0.237500 0.645312 0.250000 0.645312 0.252083 0.646875 0.264583 0.646875 0.266667 0.648438 0.279167 0.648438 0.281250 0.650000 0.293750 0.650000 0.295833 0.651563 0.293750 0.648438 0.293750 0.625000 0.187500 0.626562
8 0.252083 0.742188 0.097917 0.746875 0.079167 0.760938 0.104167 0.765625 0.095833 0.806250 0.075000 0.807813 0.075000 0.817187 0.087500 0.825000 0.208333 0.837500
8 0.316667 0.754687 0.304167 0.754687 0.289583 0.757812 0.247917 0.760938 0.247917 0.767187 0.252083 0.775000 0.247917 0.781250 0.247917 0.785937 0.237500 0.812500 0.262500 0.809375 0.297917 0.801562 0.314583 0.800000 0.314583 0.759375
8 0.529167 0.754687 0.508333 0.815625 0.512500 0.814062 0.575000 0.812500 0.558333 0.796875 0.558333 0.771875 0.566667 0.770312 0.587500 0.775000 0.600000 0.762500
8 0.206250 0.854688 0.222917 0.864062 0.258333 0.864062 0.260417 0.865625 0.266667 0.865625 0.275000 0.868750 0.272917 0.867188 0.272917 0.862500 0.270833 0.860937 0.270833 0.854688 0.268750 0.853125 0.268750 0.848437 0.266667 0.846875 0.264583 0.835938 0.260417 0.834375 0.235417 0.834375 0.231250 0.835938
8 0.310417 0.865625 0.408333 0.882812 0.408333 0.887500 0.400000 0.887500 0.402083 0.892187 0.493750 0.893750 0.493750 0.879687 0.454167 0.879687 0.418750 0.885938 0.410417 0.884375 0.435417 0.876562 0.452083 0.843750 0.352083 0.837500
8 0.102083 0.851562 0.114583 0.893750 0.235417 0.896875 0.243750 0.868750
8 0.379167 0.881250 0.370833 0.881250 0.360417 0.878125 0.341667 0.876562 0.331250 0.873438 0.316667 0.873438 0.314583 0.875000 0.275000 0.881250 0.254167 0.890625 0.345833 0.890625 0.358333 0.885938