1 0.018750 0.014062 0.018750 0.057813 0.172917 0.081250 0.154167 0.014062
1 0.187500 0.046875 0.489583 0.101562 0.510417 0.068750 0.502083 0.064062 0.193750 0.014062
1 0.018750 0.076563 0.020833 0.143750 0.054167 0.176563 0.139583 0.187500 0.143750 0.132812 0.120833 0.090625
1 0.018750 0.179688 0.016667 0.392188 0.114583 0.403125 0.129167 0.387500 0.150000 0.387500 0.150000 0.314063 0.131250 0.303125 0.129167 0.289062
1 0.014583 0.428125 0.016667 0.464063 0.064583 0.468750 0.014583 0.898438 0.220833 0.893750 0.233333 0.803125 0.681250 0.803125 0.695833 0.745313 0.066667 0.745313 0.085417 0.467187 0.735417 0.500000 0.741667 0.468750
1 0.750000 0.467187 0.747917 0.468750 0.747917 0.485938 0.745833 0.487500 0.745833 0.503125 0.754167 0.503125 0.756250 0.504687 0.768750 0.504687 0.770833 0.506250 0.770833 0.495313 0.772917 0.493750 0.772917 0.481250 0.775000 0.479688 0.775000 0.467187
2 0.602083 0.207813 0.608333 0.246875 0.568750 0.250000 0.554167 0.281250 0.575000 0.317187 0.497917 0.351562 0.454167 0.343750 0.433333 0.410937 0.462500 0.429688 0.787500 0.457812 0.766667 0.695312 0.737500 0.751562 0.791667 0.750000 0.791667 0.771875 0.760417 0.771875 0.779167 0.785937 0.854167 0.785937 0.866667 0.803125 0.852083 0.834375 0.793750 0.837500 0.787500 0.873438 0.852083 0.887500 0.812500 0.901563 0.910417 0.989062 0.989583 0.989062 0.985417 0.253125
3 0.400000 0.015625 0.979167 0.112500 0.985417 0.018750
3 0.718750 0.075000 0.527083 0.050000 0.518750 0.056250 0.556250 0.192188 0.564583 0.203125 0.581250 0.203125 0.727083 0.089062 0.727083 0.081250
3 0.610417 0.192188 0.966667 0.248437 0.981250 0.237500 0.989583 0.126563 0.741667 0.087500
3 0.016667 0.471875 0.014583 0.732813 0.035417 0.734375 0.054167 0.476562
3 0.106250 0.473437 0.079167 0.720312 0.750000 0.726562 0.745833 0.656250 0.775000 0.517187 0.729167 0.506250
3 0.406250 0.806250 0.397917 0.812500 0.395833 0.845312 0.404167 0.845312 0.412500 0.851562 0.414583 0.860937 0.410417 0.904688 0.400000 0.909375 0.402083 0.932813 0.414583 0.964063 0.412500 0.987500 0.485417 0.987500 0.414583 0.810938
3 0.425000 0.810938 0.435417 0.840625 0.620833 0.840625 0.677083 0.912500 0.797917 0.909375 0.785417 0.896875 0.733333 0.892187 0.679167 0.839063 0.681250 0.810938
3 0.433333 0.845312 0.466667 0.918750 0.472917 0.917188 0.535417 0.917188 0.529167 0.909375 0.495833 0.845312
3 0.504167 0.843750 0.541667 0.915625 0.670833 0.915625 0.614583 0.843750
3 0.222917 0.898438 0.012500 0.904688 0.016667 0.989062 0.220833 0.989062
3 0.893750 0.989062 0.814583 0.915625 0.468750 0.925000 0.491667 0.987500
5 0.710417 0.760938 0.693750 0.785937 0.691667 0.832812 0.737500 0.887500 0.837500 0.896875 0.839583 0.887500 0.833333 0.884375 0.785417 0.882812 0.779167 0.878125 0.779167 0.859375 0.789583 0.828125 0.845833 0.826563 0.860417 0.817187 0.845833 0.793750 0.777083 0.795313 0.741667 0.768750 0.777083 0.765625 0.783333 0.756250
6 0.412500 0.179688 0.408333 0.201562 0.402083 0.201562 0.406250 0.243750 0.391667 0.267188 0.387500 0.264062 0.381250 0.309375 0.391667 0.301562 0.427083 0.301562 0.566667 0.317187 0.560417 0.296875 0.441667 0.282813 0.445833 0.228125 0.420833 0.226562 0.412500 0.220313 0.422917 0.185937 0.418750 0.178125
7 0.220833 0.154687 0.218750 0.187500 0.227083 0.195312 0.231250 0.212500 0.243750 0.226562 0.247917 0.254687 0.364583 0.268750 0.366667 0.264062 0.360417 0.260938 0.356250 0.245312 0.358333 0.220313 0.379167 0.207813 0.379167 0.185937 0.383333 0.182812
7 0.097917 0.192188 0.118750 0.193750 0.120833 0.195312 0.181250 0.203125 0.202083 0.209375 0.212500 0.215625 0.214583 0.210938 0.218750 0.207813 0.216667 0.206250 0.216667 0.196875 0.206250 0.200000 0.187500 0.201562 0.185417 0.203125 0.183333 0.201562 0.172917 0.201562 0.170833 0.200000 0.160417 0.200000 0.158333 0.198437 0.147917 0.198437 0.145833 0.196875
7 0.079167 0.218750 0.204167 0.234375 0.210417 0.239063 0.229167 0.245312 0.233333 0.240625 0.233333 0.228125 0.214583 0.228125 0.210417 0.232812 0.197917 0.232812
7 0.102083 0.243750 0.102083 0.245312 0.112500 0.245312 0.114583 0.246875 0.202083 0.254687 0.212500 0.262500 0.229167 0.264062 0.231250 0.265625 0.237500 0.259375 0.237500 0.253125 0.235417 0.251563 0.216667 0.251563 0.214583 0.254687 0.208333 0.254687 0.206250 0.253125 0.191667 0.253125 0.175000 0.250000 0.160417 0.250000 0.158333 0.248437
7 0.237500 0.271875 0.237500 0.279687 0.235417 0.281250 0.235417 0.287500 0.233333 0.289062 0.233333 0.296875 0.247917 0.296875 0.250000 0.298438 0.268750 0.298438 0.270833 0.300000 0.272917 0.300000 0.272917 0.295312 0.275000 0.293750 0.275000 0.290625 0.277083 0.289062 0.277083 0.284375 0.279167 0.282813 0.279167 0.278125 0.281250 0.276563 0.281250 0.273438 0.279167 0.273438 0.277083 0.271875
7 0.200000 0.331250 0.197917 0.401563 0.420833 0.418750 0.427083 0.353125
8 0.547917 0.534375 0.543750 0.535937 0.539583 0.606250 0.522917 0.706250 0.533333 0.693750 0.552083 0.589063 0.556250 0.537500
8 0.197917 0.781250 0.197917 0.790625 0.195833 0.792188 0.195833 0.800000 0.241667 0.800000 0.241667 0.782812 0.243750 0.781250
8 0.291667 0.870313 0.291667 0.887500 0.300000 0.893750 0.320833 0.903125 0.375000 0.901563 0.385417 0.896875 0.395833 0.903125 0.404167 0.900000 0.408333 0.889063 0.404167 0.850000 0.387500 0.851562 0.377083 0.850000 0.370833 0.845312 0.343750 0.845312 0.335417 0.848437 0.331250 0.845312 0.335417 0.851562 0.331250 0.857813 0.325000 0.854688 0.310417 0.854688 0.297917 0.862500 0.297917 0.865625
8 0.391667 0.910937 0.314583 0.915625 0.308333 0.920313 0.308333 0.987500 0.393750 0.987500 0.393750 0.975000 0.404167 0.964063 0.400000 0.943750 0.391667 0.928125