1 0.864583 0.382812 0.837500 0.278125 0.802083 0.278125 0.756250 0.223438 0.768750 0.181250 0.714583 0.128125 0.708333 0.020312 0.550000 0.023438 0.508333 0.175000 0.016667 0.135937 0.018750 0.350000
1 0.020833 0.534375 0.016667 0.870313 0.075000 0.870313 0.077083 0.889063 0.345833 0.879687 0.335417 0.985937 0.416667 0.985937 0.410417 0.909375 0.481250 0.895312 0.500000 0.842188 0.554167 0.828125 0.433333 0.812500 0.197917 0.815625 0.208333 0.668750 0.143750 0.670313 0.118750 0.634375 0.122917 0.571875
1 0.127083 0.571875 0.125000 0.632812 0.491667 0.639063 0.489583 0.568750
2 0.985417 0.564062 0.762500 0.653125 0.600000 0.648438 0.595833 0.676562 0.541667 0.678125 0.568750 0.734375 0.547917 0.740625 0.550000 0.764063 0.677083 0.757812 0.606250 0.800000 0.658333 0.804688 0.622917 0.821875 0.939583 0.814062 0.964583 0.834375 0.989583 0.895312
3 0.016667 0.131250 0.497917 0.167187 0.543750 0.017188 0.014583 0.015625
3 0.987500 0.182812 0.922917 0.210938 0.914583 0.276563 0.877083 0.287500 0.862500 0.281250 0.854167 0.292188 0.856250 0.348437 0.875000 0.392188 0.920833 0.400000 0.987500 0.390625
3 0.016667 0.357812 0.018750 0.520312 0.158333 0.520312 0.050000 0.364062
3 0.500000 0.634375 0.766667 0.643750 0.981250 0.557813 0.508333 0.537500
3 0.502083 0.842188 0.504167 0.943750 0.531250 0.943750 0.533333 0.984375 0.766667 0.984375 0.756250 0.970312 0.754167 0.943750 0.729167 0.950000 0.704167 0.948438 0.679167 0.940625 0.656250 0.925000 0.643750 0.901563 0.652083 0.845312 0.529167 0.848437 0.518750 0.842188
3 0.229167 0.881250 0.108333 0.882812 0.052083 0.898438 0.033333 0.985937 0.222917 0.989062
5 0.429167 0.764063 0.429167 0.803125 0.452083 0.812500 0.531250 0.817187 0.562500 0.828125 0.570833 0.839063 0.668750 0.834375 0.679167 0.826563 0.618750 0.828125 0.600000 0.823438 0.597917 0.773438 0.610417 0.767187 0.629167 0.765625 0.585417 0.770312 0.439583 0.759375
5 0.483333 0.906250 0.414583 0.907812 0.412500 0.909375 0.412500 0.973437 0.414583 0.979688 0.429167 0.975000 0.433333 0.953125 0.447917 0.942187 0.481250 0.942187
7 0.235417 0.696875 0.239583 0.776563 0.427083 0.764063 0.439583 0.757812 0.468750 0.760938 0.522917 0.757812 0.514583 0.700000
7 0.083333 0.735937 0.064583 0.732813 0.064583 0.739062 0.062500 0.740625 0.062500 0.745313 0.060417 0.746875 0.060417 0.753125 0.058333 0.754687 0.058333 0.759375 0.056250 0.760938 0.056250 0.767187 0.054167 0.768750 0.054167 0.773438 0.052083 0.775000 0.052083 0.781250 0.050000 0.782812 0.047917 0.793750 0.070833 0.792188 0.070833 0.785937 0.072917 0.784375 0.072917 0.778125 0.075000 0.776563 0.075000 0.770312 0.077083 0.768750 0.077083 0.760938 0.079167 0.759375 0.079167 0.753125 0.081250 0.751562 0.081250 0.745313 0.083333 0.743750
7 0.345833 0.882812 0.231250 0.885938 0.225000 0.989062 0.333333 0.985937
8 0.720833 0.012500 0.729167 0.128125 0.793750 0.142188 0.989583 0.157813 0.989583 0.014062
8 0.072917 0.384375 0.179167 0.521875 0.281250 0.515625 0.295833 0.537500 0.622917 0.535937 0.722917 0.453125 0.641667 0.528125 0.683333 0.534375 0.668750 0.542188 0.695833 0.529688 0.922917 0.553125 0.985417 0.517187 0.800000 0.490625 0.758333 0.512500 0.733333 0.489062 0.985417 0.500000 0.981250 0.410937 0.775000 0.404687 0.768750 0.417188 0.760417 0.393750 0.135417 0.370313
8 0.518750 0.545313 0.512500 0.550000 0.512500 0.554688 0.510417 0.556250 0.510417 0.564062 0.508333 0.565625 0.508333 0.575000 0.506250 0.576563 0.506250 0.585938 0.508333 0.587500 0.510417 0.592188 0.525000 0.603125 0.525000 0.592188 0.527083 0.590625 0.525000 0.589063 0.525000 0.554688 0.522917 0.553125 0.520833 0.545313
8 0.950000 0.828125 0.931250 0.817187 0.677083 0.828125 0.662500 0.850000 0.666667 0.901563 0.683333 0.932813 0.706250 0.945312 0.722917 0.942187 0.735417 0.931250 0.941667 0.925000 0.960417 0.932813 0.970833 0.928125 0.975000 0.910937 0.970833 0.865625
8 0.977083 0.989062 0.966667 0.971875 0.947917 0.970312 0.952083 0.934375 0.772917 0.940625 0.768750 0.946875 0.768750 0.976562 0.777083 0.984375
8 0.435417 0.953125 0.431250 0.981250 0.435417 0.978125 0.439583 0.959375 0.452083 0.950000 0.468750 0.950000 0.470833 0.951563 0.466667 0.957812 0.460417 0.959375 0.460417 0.962500 0.452083 0.968750 0.452083 0.976562 0.456250 0.981250 0.456250 0.985937 0.510417 0.985937 0.510417 0.968750 0.506250 0.962500 0.506250 0.950000 0.497917 0.945312 0.452083 0.945312 0.441667 0.948438
8 0.514583 0.945312 0.512500 0.946875 0.510417 0.946875 0.510417 0.948438 0.512500 0.950000 0.512500 0.959375 0.516667 0.962500 0.516667 0.982813 0.514583 0.984375 0.514583 0.985937 0.531250 0.985937 0.531250 0.954687 0.529167 0.953125 0.527083 0.948438 0.522917 0.945312