1 0.072917 0.015625 0.100000 0.192188 0.170833 0.193750 0.175000 0.179688 0.356250 0.185937 0.350000 0.370313 0.227083 0.367188 0.235417 0.431250 0.400000 0.437500 0.385417 0.379687 0.437500 0.368750 0.439583 0.350000 0.404167 0.323438 0.416667 0.229687 0.481250 0.223438 0.506250 0.200000 0.543750 0.185937 0.581250 0.190625 0.577083 0.181250 0.416667 0.126563 0.158333 0.103125 0.145833 0.014062
2 0.616667 0.014062 0.614583 0.057813 0.587500 0.050000 0.583333 0.078125 0.754167 0.089062 0.752083 0.120312 0.662500 0.123438 0.660417 0.142188 0.718750 0.142188 0.718750 0.170312 0.768750 0.171875 0.783333 0.189063 0.920833 0.203125 0.947917 0.215625 0.987500 0.218750 0.991667 0.014062
2 0.518750 0.225000 0.516667 0.234375 0.512500 0.240625 0.512500 0.256250 0.510417 0.257812 0.510417 0.270312 0.508333 0.271875 0.508333 0.301562 0.512500 0.298438 0.514583 0.298438 0.518750 0.290625 0.522917 0.287500 0.522917 0.281250 0.525000 0.279687 0.525000 0.275000 0.527083 0.273438 0.525000 0.270312 0.522917 0.229687
2 0.914583 0.470313 0.852083 0.609375 0.983333 0.754687 0.981250 0.462500
3 0.543750 0.187500 0.525000 0.301562 0.558333 0.225000 0.583333 0.335938 0.543750 0.539062 0.500000 0.490625 0.487500 0.567187 0.520833 0.681250 0.554167 0.645312 0.525000 0.739062 0.550000 0.681250 0.641667 0.671875 0.660417 0.690625 0.595833 0.728125 0.616667 0.787500 0.960417 0.770312 0.847917 0.623438 0.554167 0.635938 0.595833 0.215625 0.620833 0.248437 0.558333 0.625000 0.850000 0.612500 0.906250 0.468750 0.839583 0.435937 0.818750 0.353125 0.754167 0.329688 0.768750 0.214062
3 0.020833 0.190625 0.056250 0.635938 0.220833 0.629687 0.208333 0.204688
3 0.375000 0.589063 0.237500 0.589063 0.227083 0.646875 0.056250 0.656250 0.016667 0.751562 0.018750 0.914062 0.381250 0.890625 0.391667 0.812500
3 0.560417 0.776563 0.581250 0.837500 0.591667 0.818750 0.654167 0.985937 0.989583 0.987500 0.989583 0.779688 0.625000 0.792188 0.685417 0.979688 0.587500 0.732813
3 0.497917 0.764063 0.491667 0.768750 0.477083 0.837500 0.485417 0.895312 0.493750 0.898438 0.497917 0.937500 0.545833 0.925000 0.552083 0.943750 0.558333 0.939062 0.585417 0.851562 0.579167 0.850000 0.552083 0.773438 0.522917 0.779688 0.506250 0.765625
5 0.460417 0.060938 0.439583 0.114063 0.443750 0.131250 0.531250 0.160938 0.589583 0.170312 0.591667 0.192188 0.760417 0.198437 0.766667 0.182812 0.658333 0.168750 0.718750 0.156250 0.718750 0.143750 0.658333 0.145313 0.658333 0.118750 0.750000 0.114063 0.747917 0.089062 0.616667 0.096875 0.479167 0.059375
5 0.487500 0.235938 0.422917 0.239063 0.418750 0.246875 0.418750 0.310937 0.435417 0.310937 0.456250 0.307813 0.468750 0.298438 0.477083 0.298438 0.487500 0.301562 0.485417 0.296875 0.485417 0.237500
5 0.491667 0.451562 0.485417 0.451562 0.470833 0.456250 0.464583 0.456250 0.456250 0.459375 0.450000 0.459375 0.435417 0.464063 0.422917 0.465625 0.425000 0.489062 0.431250 0.500000 0.433333 0.487500 0.437500 0.484375 0.445833 0.481250 0.450000 0.481250 0.464583 0.475000 0.468750 0.475000 0.483333 0.468750 0.487500 0.468750 0.487500 0.462500 0.489583 0.460938 0.489583 0.454688
5 0.485417 0.475000 0.475000 0.478125 0.470833 0.481250 0.460417 0.484375 0.456250 0.487500 0.454167 0.487500 0.439583 0.493750 0.439583 0.495313 0.443750 0.498437 0.443750 0.500000 0.447917 0.503125 0.447917 0.504687 0.452083 0.507812 0.452083 0.509375 0.456250 0.512500 0.456250 0.514063 0.460417 0.517187 0.460417 0.518750 0.470833 0.514063 0.475000 0.514063 0.485417 0.509375 0.489583 0.509375 0.489583 0.504687 0.491667 0.503125 0.491667 0.498437 0.493750 0.496875 0.493750 0.492188 0.495833 0.490625 0.495833 0.482812
6 0.516667 0.204688 0.506250 0.214062 0.500000 0.223438 0.500000 0.226562 0.493750 0.234375 0.493750 0.240625 0.506250 0.259375 0.514583 0.217187 0.516667 0.215625 0.527083 0.225000 0.529167 0.262500 0.535417 0.215625 0.529167 0.209375
6 0.510417 0.421875 0.508333 0.421875 0.506250 0.423438 0.504167 0.423438 0.500000 0.426562 0.497917 0.426562 0.495833 0.428125 0.493750 0.428125 0.491667 0.429688 0.489583 0.429688 0.487500 0.431250 0.487500 0.445312 0.489583 0.446875 0.493750 0.446875 0.495833 0.448438 0.495833 0.446875 0.497917 0.445312 0.497917 0.443750 0.500000 0.442187 0.500000 0.440625 0.502083 0.439063 0.502083 0.437500 0.504167 0.435937 0.504167 0.432813 0.506250 0.431250 0.506250 0.428125 0.508333 0.426562 0.508333 0.425000 0.510417 0.423438
7 0.181250 0.051562 0.183333 0.081250 0.431250 0.096875 0.445833 0.071875
7 0.187500 0.189063 0.216667 0.204688 0.225000 0.354688 0.337500 0.359375 0.339583 0.200000
7 0.229167 0.443750 0.229167 0.584375 0.379167 0.578125 0.383333 0.610937 0.406250 0.581250 0.477083 0.576563 0.454167 0.517187 0.416667 0.504687 0.414583 0.453125 0.385417 0.445312
7 0.595833 0.837500 0.566667 0.934375 0.566667 0.943750 0.591667 0.985937 0.647917 0.981250
7 0.416667 0.942187 0.402083 0.909375 0.339583 0.918750 0.337500 0.903125 0.041667 0.925000 0.018750 0.987500 0.420833 0.985937
8 0.781250 0.198437 0.752083 0.254687 0.752083 0.309375 0.758333 0.325000 0.775000 0.340625 0.793750 0.350000 0.825000 0.340625 0.985417 0.343750 0.981250 0.223438 0.812500 0.206250 0.793750 0.192188
8 0.558333 0.232812 0.554167 0.232812 0.552083 0.234375 0.552083 0.257812 0.556250 0.257812 0.558333 0.259375 0.558333 0.267188 0.556250 0.268750 0.556250 0.278125 0.554167 0.279687 0.554167 0.284375 0.558333 0.281250 0.558333 0.270312 0.560417 0.268750 0.560417 0.256250 0.558333 0.254687 0.560417 0.253125 0.560417 0.243750 0.564583 0.240625 0.566667 0.242188 0.566667 0.248437 0.566667 0.237500 0.568750 0.235938 0.566667 0.234375 0.560417 0.234375
8 0.537500 0.275000 0.533333 0.310937 0.475000 0.301562 0.460417 0.306250 0.454167 0.345313 0.472917 0.350000 0.458333 0.342187 0.460417 0.314063 0.491667 0.309375 0.477083 0.334375 0.487500 0.350000 0.500000 0.353125 0.485417 0.368750 0.527083 0.365625 0.510417 0.493750 0.531250 0.542188 0.579167 0.320312
8 0.833333 0.348437 0.835417 0.398438 0.856250 0.426562 0.902083 0.457812 0.983333 0.457812 0.981250 0.350000
8 0.450000 0.354688 0.445833 0.357812 0.445833 0.365625 0.443750 0.367188 0.443750 0.368750 0.439583 0.373437 0.439583 0.376563 0.437500 0.378125 0.437500 0.382812 0.439583 0.384375 0.439583 0.385938 0.443750 0.389062 0.443750 0.390625 0.445833 0.390625 0.452083 0.393750 0.452083 0.390625 0.454167 0.389062 0.454167 0.385938 0.458333 0.381250 0.458333 0.375000 0.460417 0.373437 0.460417 0.362500
8 0.506250 0.401563 0.491667 0.400000 0.483333 0.395312 0.472917 0.395312 0.460417 0.398438 0.456250 0.404687 0.418750 0.378125 0.410417 0.378125 0.408333 0.389062 0.395833 0.398438 0.404167 0.425000 0.416667 0.434375 0.422917 0.456250 0.427083 0.457812 0.435417 0.442187 0.439583 0.439063 0.445833 0.439063 0.452083 0.426562 0.450000 0.420312 0.443750 0.415625 0.445833 0.412500 0.452083 0.417188 0.464583 0.417188 0.483333 0.421875 0.493750 0.420312 0.497917 0.423438 0.506250 0.412500
8 0.397917 0.595312 0.395833 0.620313 0.402083 0.681250 0.468750 0.685938 0.495833 0.695312 0.516667 0.675000 0.510417 0.631250 0.491667 0.590625
8 0.652083 0.685938 0.625000 0.681250 0.550000 0.682813 0.539583 0.704687 0.539583 0.745313 0.543750 0.760938 0.541667 0.762500 0.522917 0.754687 0.512500 0.754687 0.514583 0.768750 0.527083 0.778125 0.547917 0.771875 0.547917 0.759375 0.564583 0.746875 0.581250 0.728125
8 0.597917 0.934375 0.597917 0.937500 0.595833 0.939062 0.595833 0.948438 0.600000 0.953125 0.600000 0.959375 0.602083 0.960938 0.604167 0.965625 0.610417 0.962500 0.614583 0.962500 0.620833 0.959375 0.625000 0.959375 0.631250 0.956250 0.635417 0.956250 0.633333 0.954687 0.633333 0.951563 0.631250 0.950000 0.631250 0.945312 0.629167 0.943750 0.629167 0.940625 0.627083 0.939062 0.627083 0.935938 0.625000 0.935938 0.622917 0.934375
8 0.564583 0.950000 0.556250 0.950000 0.554167 0.951563 0.543750 0.951563 0.541667 0.953125 0.533333 0.953125 0.529167 0.956250 0.518750 0.971875 0.518750 0.987500 0.520833 0.985937 0.545833 0.985937 0.547917 0.984375 0.570833 0.984375 0.568750 0.982813 0.568750 0.971875 0.566667 0.970312 0.566667 0.960938 0.564583 0.959375