1 0.404167 0.015625 0.387500 0.235938 0.268750 0.239063 0.270833 0.350000 0.362500 0.348437 0.372917 0.306250 0.385417 0.331250 0.381250 0.448438 0.433333 0.446875 0.443750 0.478125 0.439583 0.423438 0.468750 0.368750 0.441667 0.323438 0.487500 0.223438 0.520833 0.064062 0.468750 0.059375 0.445833 0.043750 0.450000 0.017188
1 0.014583 0.254687 0.016667 0.365625 0.039583 0.384375 0.014583 0.418750 0.014583 0.721875 0.025000 0.718750 0.039583 0.737500 0.018750 0.765625 0.014583 0.818750 0.043750 0.821875 0.050000 0.845312 0.070833 0.846875 0.085417 0.845312 0.102083 0.796875 0.120833 0.659375 0.097917 0.575000 0.106250 0.456250 0.068750 0.359375 0.041667 0.342187
1 0.443750 0.490625 0.441667 0.637500 0.445833 0.587500
1 0.441667 0.650000 0.431250 0.695312 0.377083 0.682813 0.370833 0.684375 0.370833 0.785937 0.447917 0.779688 0.441667 0.725000 0.450000 0.696875 0.435417 0.698438
2 0.802083 0.201562 0.793750 0.229687 0.787500 0.231250 0.787500 0.242188 0.775000 0.257812 0.762500 0.284375 0.764583 0.290625 0.756250 0.303125 0.750000 0.329688 0.795833 0.345313 0.837500 0.348437
2 0.743750 0.340625 0.650000 0.456250 0.643750 0.487500 0.762500 0.479688 0.831250 0.506250 0.814583 0.621875 0.797917 0.645312 0.772917 0.651563 0.772917 0.670313 0.839583 0.673437 0.841667 0.703125 0.800000 0.714063 0.775000 0.745313 0.825000 0.760938 0.816667 0.814062 0.983333 0.817187 0.989583 0.492188 0.939583 0.489062 0.925000 0.510938 0.895833 0.509375 0.870833 0.479688 0.841667 0.357812
3 0.666667 0.015625 0.666667 0.067188 0.679167 0.073437 0.668750 0.126563 0.616667 0.142188 0.620833 0.175000 0.787500 0.154687 0.800000 0.170312 0.843750 0.346875 0.933333 0.334375 0.950000 0.320312 0.931250 0.300000 0.933333 0.275000 0.906250 0.242188 0.893750 0.201562 0.845833 0.198437 0.818750 0.157813 0.808333 0.093750 0.831250 0.010937
3 0.014583 0.068750 0.014583 0.215625 0.379167 0.228125 0.393750 0.018750 0.114583 0.014062 0.129167 0.015625 0.139583 0.032812 0.122917 0.081250 0.070833 0.101562 0.043750 0.089062 0.039583 0.067188
3 0.543750 0.039062 0.535417 0.085938 0.497917 0.165625 0.493750 0.232812 0.512500 0.275000 0.516667 0.206250 0.525000 0.187500 0.579167 0.185937 0.610417 0.178125 0.606250 0.146875 0.600000 0.153125 0.560417 0.159375 0.566667 0.104687 0.560417 0.073437 0.547917 0.068750 0.556250 0.060938
3 0.800000 0.203125 0.789583 0.165625 0.625000 0.189063 0.627083 0.207813 0.635417 0.210938 0.791667 0.229687
3 0.612500 0.190625 0.554167 0.200000 0.539583 0.200000 0.527083 0.265625 0.647917 0.273438 0.633333 0.256250 0.625000 0.228125 0.614583 0.210938 0.595833 0.207813 0.614583 0.207813
3 0.631250 0.214062 0.639583 0.226562 0.647917 0.248437 0.666667 0.275000 0.758333 0.281250 0.785417 0.242188 0.785417 0.239063
3 0.525000 0.270312 0.522917 0.292188 0.566667 0.296875 0.568750 0.304688 0.535417 0.396875 0.489583 0.401563 0.487500 0.406250 0.677083 0.407813 0.729167 0.335938 0.695833 0.318750 0.650000 0.279687
3 0.670833 0.282813 0.677083 0.292188 0.679167 0.292188 0.691667 0.301562 0.693750 0.301562 0.708333 0.312500 0.716667 0.315625 0.729167 0.323438 0.733333 0.323438 0.735417 0.325000 0.737500 0.325000 0.741667 0.320312 0.747917 0.309375 0.752083 0.306250 0.762500 0.289062 0.745833 0.289062 0.743750 0.287500 0.727083 0.287500 0.725000 0.285937 0.708333 0.285937 0.706250 0.284375
3 0.952083 0.331250 0.920833 0.346875 0.864583 0.357812 0.845833 0.357812 0.854167 0.406250 0.868750 0.432813 0.877083 0.478125 0.895833 0.503125 0.910417 0.506250 0.939583 0.485938 0.987500 0.485938 0.985417 0.376563 0.970833 0.376563 0.960417 0.365625
3 0.362500 0.446875 0.368750 0.350000 0.270833 0.353125 0.268750 0.390625 0.241667 0.398438 0.066667 0.351562 0.110417 0.450000
3 0.672917 0.414062 0.487500 0.409375 0.468750 0.492188 0.460417 0.440625 0.479167 0.409375 0.472917 0.396875 0.454167 0.421875 0.447917 0.517187 0.454167 0.554688 0.466667 0.553125 0.456250 0.785937 0.468750 0.784375 0.491667 0.546875 0.472917 0.542188 0.491667 0.535937 0.520833 0.481250 0.641667 0.489062 0.641667 0.465625 0.495833 0.450000 0.635417 0.462500
3 0.118750 0.671875 0.104167 0.793750 0.289583 0.793750 0.097917 0.798437 0.087500 0.848437 0.445833 0.835938 0.452083 0.817187 0.479167 0.817187 0.462500 0.792188 0.354167 0.792188 0.360417 0.675000
5 0.833333 0.678125 0.775000 0.675000 0.752083 0.650000 0.670833 0.629687 0.635417 0.651563 0.589583 0.650000 0.581250 0.665625 0.593750 0.682813 0.577083 0.693750 0.512500 0.695312 0.497917 0.701563 0.487500 0.731250 0.489583 0.776563 0.506250 0.785937 0.529167 0.779688 0.606250 0.784375 0.631250 0.776563 0.714583 0.782812 0.743750 0.775000 0.789583 0.778125 0.818750 0.768750 0.818750 0.760938 0.802083 0.753125 0.787500 0.764063 0.766667 0.762500 0.762500 0.714063
5 0.481250 0.832812 0.650000 0.834375 0.720833 0.815625 0.810417 0.818750 0.810417 0.785937 0.697917 0.787500 0.631250 0.793750 0.620833 0.784375 0.587500 0.800000 0.564583 0.792188 0.529167 0.792188 0.516667 0.812500
6 0.770833 0.485938 0.520833 0.501562 0.491667 0.543750 0.466667 0.785937 0.485417 0.823438 0.506250 0.807813 0.506250 0.790625 0.487500 0.787500 0.479167 0.775000 0.495833 0.693750 0.512500 0.681250 0.579167 0.685938 0.577083 0.642187 0.614583 0.642187 0.666667 0.621875 0.797917 0.642187 0.827083 0.534375 0.818750 0.515625
7 0.016667 0.014062 0.014583 0.017188 0.016667 0.056250 0.022917 0.048437 0.035417 0.048437 0.045833 0.065625 0.050000 0.082813 0.066667 0.093750 0.085417 0.093750 0.100000 0.075000 0.122917 0.059375 0.129167 0.034375 0.104167 0.017188 0.095833 0.015625
7 0.575000 0.021875 0.562500 0.015625 0.466667 0.017188 0.456250 0.025000 0.456250 0.043750 0.458333 0.048437 0.466667 0.053125 0.479167 0.053125 0.493750 0.050000 0.485417 0.043750 0.472917 0.040625 0.475000 0.032812 0.485417 0.020312 0.566667 0.020312
7 0.614583 0.015625 0.604167 0.015625 0.591667 0.025000 0.591667 0.026563 0.587500 0.031250 0.587500 0.062500 0.606250 0.062500 0.606250 0.060938 0.610417 0.057813 0.610417 0.039062 0.612500 0.037500 0.612500 0.017188
7 0.662500 0.015625 0.635417 0.015625 0.633333 0.017188 0.633333 0.037500 0.631250 0.039062 0.631250 0.057813 0.629167 0.059375 0.629167 0.065625 0.641667 0.060938 0.645833 0.060938 0.654167 0.056250 0.660417 0.054688 0.660417 0.018750
7 0.597917 0.078125 0.585417 0.078125 0.585417 0.092188 0.583333 0.093750 0.583333 0.107813 0.581250 0.109375 0.581250 0.123438 0.579167 0.125000 0.577083 0.151562 0.600000 0.143750 0.600000 0.079687
7 0.629167 0.093750 0.627083 0.093750 0.627083 0.118750 0.629167 0.120312 0.627083 0.121875 0.627083 0.126563 0.625000 0.128125 0.625000 0.131250 0.622917 0.132812 0.622917 0.137500 0.627083 0.137500 0.629167 0.135937 0.637500 0.135937 0.637500 0.134375 0.639583 0.132812 0.639583 0.129688 0.641667 0.128125 0.641667 0.126563 0.647917 0.118750 0.647917 0.107813 0.650000 0.106250 0.650000 0.103125 0.647917 0.103125 0.643750 0.100000 0.641667 0.100000 0.637500 0.096875 0.635417 0.096875
7 0.100000 0.567187 0.104167 0.585938 0.189583 0.581250 0.245833 0.598437 0.216667 0.601562 0.210417 0.621875 0.427083 0.628125 0.427083 0.587500 0.347917 0.575000 0.339583 0.550000 0.391667 0.535937 0.425000 0.543750 0.431250 0.504687 0.395833 0.481250 0.214583 0.478125 0.216667 0.551562 0.250000 0.554688 0.260417 0.582812 0.254167 0.565625 0.147917 0.576563
7 0.041667 0.670313 0.041667 0.673437 0.039583 0.675000 0.039583 0.687500 0.041667 0.689062 0.041667 0.690625 0.050000 0.696875 0.062500 0.696875 0.066667 0.693750 0.068750 0.693750 0.072917 0.690625 0.075000 0.690625 0.075000 0.689062 0.072917 0.687500 0.072917 0.668750 0.047917 0.668750 0.045833 0.670313
7 0.987500 0.818750 0.029167 0.851562 0.039583 0.831250 0.027083 0.831250 0.014583 0.987500 0.985417 0.989062
8 0.620833 0.015625 0.612500 0.062500 0.550000 0.068750 0.606250 0.079687 0.616667 0.212500 0.660417 0.289062 0.722917 0.332812 0.806250 0.356250 0.864583 0.356250 0.941667 0.335938 0.950000 0.325000 0.891667 0.346875 0.795833 0.346875 0.729167 0.325000 0.675000 0.292188 0.625000 0.207813 0.614583 0.104687 0.620833 0.090625 0.656250 0.103125 0.677083 0.073437 0.625000 0.068750
8 0.489583 0.220313 0.454167 0.314063 0.454167 0.323438 0.487500 0.401563 0.529167 0.398438 0.552083 0.304688 0.508333 0.292188
8 0.014583 0.223438 0.054167 0.346875 0.179167 0.375000 0.227083 0.395312 0.260417 0.392188 0.268750 0.376563 0.268750 0.356250 0.252083 0.287500 0.256250 0.234375
8 0.347917 0.553125 0.347917 0.562500 0.354167 0.567187 0.354167 0.568750 0.360417 0.568750 0.362500 0.570312 0.364583 0.568750 0.381250 0.568750 0.389583 0.571875 0.395833 0.576563 0.406250 0.576563 0.408333 0.578125 0.410417 0.576563 0.420833 0.576563 0.427083 0.573438 0.433333 0.573438 0.433333 0.557813 0.420833 0.548437 0.406250 0.542188 0.387500 0.542188 0.379167 0.548437 0.375000 0.548437 0.366667 0.551562 0.350000 0.551562