1 0.222917 0.015625 0.214583 0.062500 0.339583 0.084375 0.352083 0.067188 0.302083 0.062500 0.300000 0.054688 0.293750 0.053125 0.293750 0.015625
1 0.018750 0.057813 0.018750 0.104687 0.354167 0.146875 0.385417 0.101562 0.029167 0.053125
1 0.293750 0.435937 0.200000 0.434375 0.195833 0.479688 0.025000 0.482812 0.016667 0.489062 0.179167 0.496875 0.179167 0.703125 0.235417 0.696875 0.227083 0.671875 0.233333 0.626562 0.256250 0.582812 0.291667 0.568750 0.304167 0.496875
2 0.985417 0.200000 0.931250 0.215625 0.610417 0.634375 0.608333 0.689062 0.985417 0.675000
3 0.016667 0.017188 0.016667 0.046875 0.200000 0.073437 0.206250 0.017188 0.102083 0.014062 0.018750 0.014062
3 0.983333 0.014062 0.716667 0.015625 0.508333 0.168750 0.331250 0.739062 0.175000 0.707812 0.172917 0.503125 0.025000 0.500000 0.014583 0.987500 0.404167 0.984375 0.397917 0.921875 0.422917 0.987500 0.989583 0.987500 0.568750 0.693750 0.418750 0.875000 0.527083 0.723437 0.597917 0.693750 0.597917 0.631250 0.918750 0.214062 0.987500 0.192188
3 0.635417 0.015625 0.383333 0.015625 0.356250 0.082813 0.404167 0.118750 0.347917 0.348437 0.366667 0.364062 0.354167 0.356250 0.341667 0.376563 0.370833 0.378125 0.395833 0.301562 0.416667 0.378125 0.366667 0.506250 0.350000 0.437500 0.368750 0.382812 0.339583 0.384375 0.289583 0.576563 0.312500 0.585938 0.329167 0.729688 0.333333 0.654688 0.491667 0.170312 0.639583 0.050000
3 0.987500 0.953125 0.987500 0.685938 0.589583 0.700000
7 0.025000 0.117188 0.016667 0.420312 0.306250 0.429688 0.306250 0.382812 0.275000 0.385938 0.277083 0.415625 0.260417 0.409375 0.247917 0.379687 0.287500 0.368750 0.231250 0.354688 0.208333 0.328125 0.202083 0.339063 0.175000 0.334375 0.166667 0.318750 0.191667 0.292188 0.262500 0.253125 0.318750 0.282813 0.337500 0.198437 0.289583 0.198437 0.281250 0.184375 0.256250 0.179688 0.247917 0.142188
7 0.395833 0.303125 0.370833 0.379687 0.329167 0.379687 0.318750 0.371875 0.272917 0.376563 0.254167 0.387500 0.258333 0.398438 0.275000 0.404687 0.264583 0.396875 0.264583 0.385938 0.275000 0.376563 0.314583 0.373437 0.318750 0.384375 0.350000 0.382812 0.360417 0.390625 0.370833 0.382812 0.352083 0.437500 0.366667 0.504687 0.414583 0.378125
7 0.260417 0.350000 0.260417 0.357812 0.287500 0.359375 0.289583 0.360938 0.297917 0.357812 0.310417 0.357812 0.312500 0.359375 0.327083 0.360938 0.337500 0.368750 0.343750 0.370313 0.350000 0.365625 0.350000 0.360938 0.354167 0.354688 0.356250 0.359375 0.364583 0.364062 0.364583 0.351562 0.362500 0.350000 0.358333 0.350000 0.347917 0.354688 0.331250 0.348437 0.262500 0.348437
8 0.706250 0.012500 0.697917 0.012500 0.695833 0.014062 0.681250 0.014062 0.679167 0.015625 0.664583 0.015625 0.662500 0.017188 0.647917 0.017188 0.647917 0.025000 0.650000 0.026563 0.650000 0.032812 0.652083 0.034375 0.652083 0.042188 0.654167 0.042188 0.658333 0.039062 0.660417 0.039062 0.666667 0.034375 0.668750 0.034375 0.675000 0.029687 0.677083 0.029687 0.683333 0.025000 0.685417 0.025000 0.691667 0.020312 0.693750 0.020312
8 0.304167 0.015625 0.302083 0.020312 0.302083 0.060938 0.347917 0.064062 0.350000 0.065625 0.364583 0.065625 0.366667 0.067188 0.370833 0.037500 0.372917 0.035937 0.372917 0.028125 0.375000 0.026563 0.375000 0.017188 0.368750 0.015625
8 0.258333 0.150000 0.256250 0.173438 0.264583 0.173438 0.279167 0.178125 0.293750 0.193750 0.302083 0.192188 0.360417 0.192188 0.362500 0.154687 0.364583 0.153125 0.362500 0.151562 0.320833 0.148438 0.306250 0.145313 0.291667 0.145313 0.281250 0.154687 0.264583 0.150000
8 0.310417 0.287500 0.285417 0.275000 0.281250 0.276563 0.268750 0.257812 0.264583 0.257812 0.239583 0.268750 0.225000 0.285937 0.208333 0.292188 0.172917 0.325000 0.193750 0.329688 0.206250 0.315625 0.218750 0.326562 0.233333 0.331250 0.250000 0.342187 0.243750 0.343750 0.231250 0.334375 0.231250 0.350000 0.247917 0.350000 0.266667 0.343750 0.310417 0.343750
8 0.014583 0.425000 0.016667 0.478125 0.187500 0.475000 0.181250 0.434375 0.177083 0.432813