1 0.068750 0.012500 0.020833 0.204688 0.018750 0.529688 0.083333 0.446875 0.618750 0.453125 0.589583 0.382812 0.537500 0.362500 0.420833 0.401563 0.381250 0.243750 0.397917 0.207813 0.120833 0.185937 0.097917 0.159375 0.139583 0.110937 0.502083 0.142188 0.489583 0.075000 0.106250 0.032812 0.104167 0.010937
1 0.058333 0.014062 0.014583 0.014062 0.014583 0.203125
1 0.435417 0.212500 0.466667 0.287500 0.460417 0.314063 0.497917 0.345313 0.522917 0.350000 0.543750 0.340625 0.570833 0.337500 0.560417 0.314063 0.522917 0.315625 0.489583 0.298438 0.485417 0.270312 0.489583 0.245312 0.497917 0.229687
1 0.552083 0.348437 0.552083 0.354688 0.550000 0.356250 0.550000 0.362500 0.556250 0.362500 0.558333 0.364062 0.568750 0.364062 0.570833 0.365625 0.581250 0.365625 0.583333 0.367188 0.581250 0.365625 0.581250 0.362500 0.579167 0.360938 0.579167 0.356250 0.577083 0.354688 0.577083 0.351562 0.575000 0.350000 0.575000 0.346875 0.572917 0.345313 0.570833 0.345313 0.568750 0.346875 0.554167 0.346875
1 0.014583 0.551562 0.016667 0.637500 0.054167 0.682813 0.079167 0.687500 0.085417 0.631250 0.056250 0.514063 0.095833 0.681250 0.162500 0.678125 0.175000 0.609375 0.441667 0.603125 0.441667 0.589063 0.150000 0.589063 0.156250 0.476562 0.091667 0.453125
1 0.020833 0.657812 0.014583 0.920313 0.060417 0.912500 0.056250 0.895312 0.068750 0.885938 0.116667 0.889063 0.114583 0.865625 0.097917 0.854688 0.100000 0.818750 0.133333 0.807813 0.175000 0.807813 0.177083 0.818750 0.204167 0.812500 0.208333 0.773438 0.293750 0.770312 0.289583 0.823438 0.314583 0.806250 0.333333 0.812500 0.387500 0.804688 0.372917 0.828125 0.431250 0.823438 0.429167 0.768750 0.400000 0.743750 0.425000 0.735937 0.422917 0.675000 0.058333 0.692187
2 0.506250 0.018750 0.493750 0.079687 0.520833 0.120312 0.485417 0.170312 0.629167 0.178125 0.631250 0.192188 0.556250 0.195312 0.570833 0.220313 0.664583 0.221875 0.560417 0.239063 0.560417 0.254687 0.612500 0.259375 0.552083 0.267188 0.554167 0.295312 0.620833 0.303125 0.562500 0.314063 0.570833 0.335938 0.633333 0.335938 0.575000 0.345313 0.585417 0.367188 0.622917 0.367188 0.591667 0.385938 0.625000 0.462500 0.558333 0.529688 0.681250 0.581250 0.981250 0.579687 0.985417 0.010937 0.547917 0.012500 0.529167 0.057813
2 0.514583 0.012500 0.514583 0.015625 0.516667 0.017188 0.516667 0.020312 0.518750 0.021875 0.518750 0.025000 0.520833 0.026563 0.520833 0.029687 0.522917 0.031250 0.522917 0.034375 0.525000 0.035937 0.525000 0.039062 0.527083 0.037500 0.527083 0.034375 0.529167 0.032812 0.529167 0.031250 0.531250 0.029687 0.531250 0.028125 0.533333 0.026563 0.533333 0.025000 0.535417 0.023438 0.535417 0.021875 0.537500 0.020312 0.537500 0.018750 0.539583 0.017188 0.539583 0.014062 0.527083 0.014062 0.525000 0.012500
2 0.600000 0.467187 0.410417 0.473437 0.445833 0.578125 0.441667 0.632812 0.518750 0.510938 0.552083 0.523438
3 0.525000 0.520312 0.439583 0.675000 0.508333 0.554688 0.545833 0.559375 0.614583 0.621875 0.577083 0.796875 0.547917 0.789062 0.479167 0.826563 0.447917 0.815625 0.456250 0.767187 0.437500 0.756250 0.437500 0.826563 0.627083 0.804688 0.612500 0.762500 0.643750 0.751562 0.658333 0.759375 0.637500 0.809375 0.685417 0.826563 0.839583 0.743750 0.904167 0.746875 0.981250 0.915625 0.985417 0.714063
3 0.704167 0.585938 0.987500 0.704687 0.985417 0.584375
3 0.437500 0.610937 0.175000 0.615625 0.177083 0.678125 0.431250 0.670313
3 0.639583 0.959375 0.529167 0.965625 0.525000 0.982813 0.485417 0.984375 0.602083 0.982813
3 0.697917 0.981250 0.704167 0.981250 0.706250 0.979688 0.785417 0.979688 0.764583 0.971875 0.760417 0.971875 0.733333 0.960938 0.729167 0.960938 0.725000 0.959375 0.700000 0.978125
5 0.360417 0.146875 0.385417 0.192188 0.500000 0.229687 0.487500 0.270312 0.495833 0.301562 0.522917 0.314063 0.616667 0.312500 0.614583 0.301562 0.539583 0.292188 0.552083 0.265625 0.608333 0.265625 0.610417 0.256250 0.560417 0.256250 0.562500 0.235938 0.654167 0.234375 0.660417 0.226562 0.570833 0.221875 0.556250 0.193750 0.631250 0.190625 0.629167 0.179688 0.558333 0.182812 0.472917 0.171875 0.377083 0.140625
6 0.400000 0.206250 0.383333 0.243750 0.422917 0.401563 0.485417 0.367188 0.537500 0.360938 0.545833 0.378125 0.620833 0.379687 0.620833 0.367188 0.597917 0.370313 0.547917 0.362500 0.554167 0.345313 0.620833 0.343750 0.631250 0.334375 0.618750 0.329688 0.543750 0.342187 0.522917 0.351562 0.495833 0.345313 0.458333 0.314063 0.464583 0.287500 0.431250 0.207813
7 0.400000 0.468750 0.164583 0.471875 0.154167 0.584375 0.433333 0.582812
8 0.535417 0.553125 0.510417 0.554688 0.475000 0.629687 0.433333 0.685938 0.437500 0.725000 0.427083 0.748438 0.458333 0.767187 0.450000 0.815625 0.479167 0.825000 0.502083 0.803125 0.537500 0.801562 0.547917 0.787500 0.575000 0.796875 0.612500 0.621875
8 0.652083 0.623438 0.610417 0.732813 0.610417 0.737500 0.620833 0.740625 0.631250 0.740625 0.637500 0.737500 0.664583 0.739062 0.691667 0.687500
8 0.652083 0.753125 0.643750 0.753125 0.641667 0.754687 0.635417 0.754687 0.629167 0.757812 0.622917 0.757812 0.614583 0.762500 0.614583 0.767187 0.616667 0.768750 0.618750 0.779688 0.622917 0.785937 0.622917 0.790625 0.625000 0.792188 0.627083 0.803125 0.631250 0.809375 0.633333 0.807813 0.637500 0.807813 0.637500 0.803125 0.639583 0.801562 0.639583 0.798437 0.643750 0.792188 0.643750 0.787500 0.647917 0.781250 0.647917 0.776563 0.650000 0.775000 0.650000 0.771875 0.654167 0.765625 0.656250 0.754687
8 0.212500 0.778125 0.214583 0.814062 0.216667 0.815625 0.216667 0.832812 0.218750 0.835938 0.222917 0.834375 0.277083 0.834375 0.277083 0.829687 0.275000 0.828125 0.275000 0.778125
8 0.375000 0.809375 0.333333 0.825000 0.325000 0.815625 0.304167 0.815625 0.281250 0.840625 0.262500 0.846875 0.208333 0.840625 0.200000 0.851562 0.191667 0.840625 0.200000 0.821875 0.179167 0.831250 0.166667 0.814062 0.118750 0.815625 0.104167 0.829687 0.112500 0.856250 0.179167 0.865625 0.210417 0.881250 0.120833 0.867188 0.127083 0.892187 0.097917 0.906250 0.070833 0.893750 0.066667 0.918750 0.033333 0.920313 0.014583 0.932813 0.016667 0.984375 0.364583 0.984375 0.293750 0.978125 0.283333 0.939062 0.300000 0.885938 0.352083 0.843750