1 0.025000 0.060938 0.031250 0.079687 0.400000 0.115625 0.420833 0.092188
1 0.497917 0.137500 0.558333 0.356250 0.514583 0.478125 0.918750 0.487500 0.956250 0.445312 0.762500 0.156250 0.712500 0.154687 0.652083 0.203125 0.600000 0.203125 0.579167 0.190625 0.583333 0.137500
1 0.020833 0.240625 0.418750 0.250000 0.402083 0.209375 0.416667 0.187500 0.366667 0.187500 0.256250 0.173438 0.039583 0.171875
1 0.018750 0.251563 0.031250 0.315625 0.060417 0.303125 0.050000 0.273438 0.318750 0.275000 0.337500 0.287500 0.408333 0.285937 0.408333 0.265625
1 0.016667 0.306250 0.020833 0.506250 0.081250 0.525000 0.235417 0.525000 0.225000 0.484375 0.185417 0.478125 0.037500 0.475000 0.056250 0.396875
1 0.037500 0.664062 0.077083 0.559375 0.272917 0.556250 0.270833 0.535937 0.254167 0.534375 0.247917 0.539062 0.245833 0.534375 0.062500 0.535937 0.029167 0.645312
1 0.331250 0.662500 0.258333 0.667188 0.260417 0.989062 0.364583 0.982813 0.343750 0.934375 0.370833 0.929688 0.370833 0.918750 0.337500 0.917188 0.343750 0.870313 0.366667 0.868750 0.358333 0.792188 0.368750 0.784375 0.302083 0.789062 0.291667 0.770312 0.302083 0.748438 0.318750 0.745313 0.316667 0.704687 0.347917 0.692187
2 0.989583 0.071875 0.983333 0.014062 0.660417 0.017188 0.654167 0.045313 0.683333 0.048437 0.706250 0.060938 0.758333 0.065625 0.779167 0.051562 0.793750 0.065625 0.808333 0.065625 0.831250 0.029687 0.858333 0.026563 0.879167 0.039062 0.872917 0.046875 0.875000 0.079687 0.860417 0.110937 0.893750 0.128125 0.914583 0.114063 0.947917 0.073437
2 0.764583 0.157813 0.958333 0.448438 0.887500 0.496875 0.666667 0.751562 0.602083 0.757812 0.616667 0.837500 0.675000 0.785937 0.695833 0.800000 0.783333 0.793750 0.847917 0.768750 0.983333 0.762500 0.985417 0.196875 0.933333 0.225000 0.897917 0.196875 0.895833 0.162500
3 0.456250 0.040625 0.447917 0.053125 0.447917 0.065625 0.456250 0.087500 0.466667 0.129688 0.470833 0.139062 0.495833 0.162500
3 0.516667 0.220313 0.514583 0.226562 0.512500 0.228125 0.512500 0.231250 0.508333 0.235938 0.508333 0.239063 0.504167 0.243750 0.504167 0.246875 0.500000 0.251563 0.497917 0.259375 0.493750 0.264062 0.493750 0.267188 0.489583 0.271875 0.489583 0.275000 0.487500 0.276563 0.487500 0.279687 0.483333 0.285937 0.516667 0.260938
3 0.502083 0.478125 0.475000 0.482812 0.456250 0.478125 0.456250 0.507812 0.416667 0.503125 0.418750 0.545313 0.387500 0.551562 0.395833 0.565625 0.387500 0.651563 0.412500 0.729688
3 0.508333 0.485938 0.433333 0.745313 0.387500 0.732813 0.404167 0.978125 0.525000 0.956250 0.558333 0.887500 0.664583 0.889063 0.645833 0.948438 0.743750 0.985937 0.702083 0.823438 0.750000 0.985937 0.985417 0.987500 0.985417 0.768750 0.837500 0.775000 0.697917 0.817187 0.689583 0.787500 0.564583 0.876562 0.602083 0.840625 0.583333 0.751562 0.662500 0.750000 0.872917 0.503125
3 0.020833 0.654688 0.014583 0.987500 0.258333 0.985937 0.256250 0.671875 0.037500 0.665625
3 0.381250 0.775000 0.360417 0.792188 0.368750 0.871875 0.372917 0.875000 0.372917 0.890625 0.379167 0.917188 0.391667 0.925000 0.381250 0.806250
5 0.531250 0.073437 0.560417 0.117188 0.600000 0.118750 0.585417 0.148438 0.600000 0.201562 0.652083 0.193750 0.722917 0.150000 0.841667 0.162500 0.895833 0.153125 0.897917 0.192188 0.933333 0.223438 0.981250 0.190625 0.989583 0.076563 0.954167 0.076563 0.908333 0.129688 0.714583 0.096875 0.712500 0.087500 0.804167 0.093750 0.802083 0.112500 0.850000 0.109375 0.872917 0.079687 0.856250 0.031250 0.806250 0.073437 0.785417 0.057813 0.764583 0.070312 0.708333 0.068750 0.706250 0.079687 0.685417 0.051562 0.645833 0.065625 0.650000 0.048437 0.616667 0.018750 0.556250 0.015625 0.581250 0.015625 0.602083 0.037500 0.612500 0.087500 0.587500 0.110937 0.539583 0.031250
7 0.025000 0.087500 0.018750 0.215625 0.039583 0.170312 0.268750 0.171875 0.268750 0.154687 0.287500 0.151562 0.293750 0.131250 0.362500 0.182812 0.416667 0.182812 0.400000 0.123438
7 0.039583 0.312500 0.056250 0.389062 0.220833 0.389062 0.243750 0.367188 0.243750 0.362500 0.254167 0.357812 0.235417 0.350000 0.233333 0.317187
7 0.016667 0.539062 0.022917 0.539062 0.025000 0.537500 0.031250 0.537500 0.033333 0.535937 0.039583 0.535937 0.041667 0.534375 0.047917 0.534375 0.050000 0.532812 0.056250 0.532812 0.058333 0.531250 0.064583 0.531250 0.066667 0.529688 0.072917 0.529688 0.075000 0.528125 0.079167 0.528125 0.072917 0.528125 0.070833 0.526563 0.064583 0.526563 0.062500 0.525000 0.056250 0.525000 0.054167 0.523438 0.050000 0.523438 0.047917 0.521875 0.041667 0.521875 0.039583 0.520312 0.033333 0.520312 0.031250 0.518750 0.025000 0.518750 0.022917 0.517187 0.018750 0.517187 0.016667 0.518750
7 0.052083 0.664062 0.337500 0.654688 0.350000 0.634375 0.385417 0.629687 0.383333 0.560938 0.302083 0.560938 0.287500 0.579687 0.256250 0.564062 0.077083 0.560938
8 0.154167 0.014062 0.158333 0.050000 0.366667 0.082813 0.375000 0.015625
8 0.387500 0.015625 0.381250 0.081250 0.435417 0.076563 0.408333 0.207813 0.425000 0.279687 0.414583 0.432813 0.427083 0.501562 0.456250 0.506250 0.452083 0.465625 0.475000 0.481250 0.508333 0.465625 0.487500 0.437500 0.533333 0.384375 0.522917 0.267188 0.472917 0.309375 0.508333 0.204688 0.464583 0.134375 0.441667 0.059375 0.456250 0.037500 0.483333 0.084375 0.529167 0.090625 0.520833 0.054688 0.537500 0.017188
8 0.543750 0.017188 0.543750 0.026563 0.541667 0.028125 0.543750 0.051562 0.568750 0.070312 0.568750 0.087500 0.579167 0.103125 0.587500 0.109375 0.610417 0.087500 0.600000 0.067188 0.600000 0.037500 0.581250 0.017188
8 0.291667 0.137500 0.289583 0.156250 0.287500 0.157813 0.285417 0.156250 0.275000 0.156250 0.272917 0.175000 0.308333 0.176563 0.310417 0.178125 0.329167 0.178125 0.331250 0.179688 0.350000 0.179688 0.352083 0.181250 0.339583 0.162500 0.333333 0.157813
8 0.227083 0.229687 0.227083 0.231250 0.233333 0.231250 0.235417 0.232812 0.243750 0.232812 0.245833 0.234375 0.254167 0.234375 0.256250 0.235938 0.264583 0.235938 0.266667 0.237500 0.275000 0.237500 0.277083 0.239063 0.277083 0.220313 0.279167 0.218750 0.241667 0.218750 0.239583 0.220313 0.235417 0.220313
8 0.318750 0.276563 0.297917 0.289062 0.287500 0.281250 0.264583 0.314063 0.239583 0.317187 0.237500 0.350000 0.256250 0.357812 0.245833 0.362500 0.250000 0.376563 0.222917 0.387500 0.210417 0.435937 0.229167 0.423438 0.243750 0.442187 0.237500 0.454688 0.210417 0.462500 0.200000 0.479688 0.243750 0.481250 0.247917 0.537500 0.270833 0.517187 0.285417 0.575000 0.287500 0.517187 0.300000 0.503125 0.402083 0.492188 0.414583 0.370313 0.387500 0.364062 0.400000 0.339063 0.364583 0.335938 0.364583 0.323438 0.389583 0.309375 0.379167 0.292188 0.356250 0.300000 0.347917 0.323438 0.314583 0.318750 0.314583 0.301562 0.335417 0.287500
8 0.345833 0.545313 0.377083 0.545313 0.381250 0.546875 0.387500 0.542188 0.389583 0.542188 0.395833 0.537500 0.397917 0.537500 0.408333 0.531250 0.393750 0.531250 0.391667 0.529688 0.391667 0.515625 0.383333 0.515625 0.381250 0.514063 0.375000 0.514063 0.372917 0.512500 0.358333 0.510938 0.358333 0.514063 0.354167 0.520312 0.354167 0.525000 0.352083 0.526563 0.352083 0.529688 0.347917 0.535937 0.347917 0.540625 0.345833 0.542188
8 0.358333 0.696875 0.333333 0.696875 0.318750 0.704687 0.318750 0.742188 0.325000 0.750000 0.304167 0.750000 0.300000 0.757812 0.300000 0.767187 0.308333 0.787500 0.333333 0.785937 0.370833 0.775000 0.354167 0.760938 0.339583 0.756250 0.345833 0.754687 0.364583 0.760938 0.372917 0.737500 0.372917 0.714063 0.362500 0.698438
8 0.341667 0.875000 0.341667 0.887500 0.339583 0.889063 0.339583 0.901563 0.337500 0.903125 0.337500 0.914062 0.372917 0.914062 0.372917 0.910937 0.370833 0.909375 0.370833 0.875000
8 0.689583 0.979688 0.672917 0.957812 0.633333 0.950000 0.631250 0.929688 0.637500 0.928125 0.635417 0.909375 0.641667 0.890625 0.620833 0.898438 0.608333 0.884375 0.587500 0.895312 0.564583 0.896875 0.562500 0.914062 0.527083 0.932813 0.520833 0.954687 0.545833 0.954687 0.545833 0.957812 0.447917 0.965625 0.422917 0.987500 0.637500 0.985937
8 0.347917 0.932813 0.345833 0.934375 0.345833 0.937500 0.347917 0.939062 0.347917 0.943750 0.350000 0.945312 0.350000 0.948438 0.352083 0.950000 0.352083 0.954687 0.354167 0.956250 0.354167 0.960938 0.356250 0.962500 0.356250 0.965625 0.358333 0.967188 0.383333 0.967188 0.383333 0.934375 0.385417 0.932813 0.385417 0.931250 0.368750 0.931250 0.366667 0.932813