1 0.312500 0.234375 0.291667 0.334375 0.197917 0.343750 0.175000 0.471875 0.279167 0.476562 0.250000 0.885938 0.270833 0.864062 0.322917 0.881250 0.412500 0.871875 0.358333 0.814062 0.383333 0.770312 0.345833 0.767187 0.327083 0.789062 0.268750 0.782812 0.275000 0.751562 0.404167 0.746875 0.391667 0.670313 0.335417 0.662500 0.337500 0.612500 0.379167 0.607813 0.362500 0.539062 0.404167 0.484375 0.364583 0.470313 0.372917 0.389062 0.412500 0.387500 0.400000 0.290625 0.331250 0.285937
1 0.016667 0.356250 0.087500 0.357812 0.091667 0.359375 0.125000 0.325000 0.122917 0.323438 0.016667 0.318750
1 0.014583 0.435937 0.014583 0.462500 0.016667 0.465625 0.114583 0.465625 0.093750 0.445312 0.081250 0.437500
1 0.297917 0.914062 0.256250 0.915625 0.252083 0.904688 0.241667 0.967188 0.060417 0.970312 0.058333 0.989062 0.295833 0.985937
2 0.693750 0.012500 0.770833 0.354688 0.829167 0.364062 0.910417 0.353125 0.929167 0.382812 0.987500 0.398438 0.987500 0.010937
2 0.831250 0.595312 0.833333 0.595312 0.841667 0.589063 0.843750 0.589063 0.879167 0.565625 0.875000 0.565625 0.872917 0.564062 0.868750 0.564062 0.860417 0.560938 0.854167 0.560938 0.852083 0.559375 0.847917 0.559375 0.845833 0.557813 0.841667 0.557813 0.839583 0.556250 0.835417 0.556250 0.833333 0.554688 0.827083 0.554688 0.822917 0.553125 0.822917 0.559375 0.825000 0.560938 0.825000 0.568750 0.827083 0.570312 0.827083 0.578125 0.829167 0.579687 0.829167 0.585938 0.831250 0.587500
2 0.283333 0.646875 0.283333 0.656250 0.281250 0.657812 0.281250 0.665625 0.318750 0.665625 0.320833 0.667188 0.325000 0.667188 0.325000 0.646875
3 0.456250 0.050000 0.464583 0.987500 0.731250 0.985937 0.710417 0.690625 0.752083 0.942187 0.975000 0.929688 0.989583 0.987500 0.989583 0.509375 0.708333 0.675000 0.820833 0.603125 0.814583 0.551562 0.606250 0.504687 0.764583 0.346875 0.691667 0.084375 0.462500 0.050000 0.497917 0.771875
3 0.012500 0.054688 0.016667 0.312500 0.133333 0.320312 0.189583 0.271875 0.206250 0.279687 0.210417 0.328125 0.287500 0.331250 0.302083 0.079687
3 0.016667 0.468750 0.012500 0.968750 0.235417 0.960938 0.272917 0.481250
5 0.612500 0.496875 0.893750 0.562500 0.989583 0.503125 0.987500 0.403125 0.735417 0.356250 0.718750 0.362500 0.689583 0.421875 0.822917 0.465625 0.931250 0.481250 0.941667 0.492188 0.931250 0.529688 0.895833 0.523438 0.864583 0.551562 0.804167 0.526563 0.779167 0.532812 0.716667 0.509375 0.641667 0.501562 0.622917 0.481250
7 0.306250 0.350000 0.306250 0.364062 0.318750 0.364062 0.320833 0.365625 0.337500 0.365625 0.339583 0.367188 0.339583 0.350000 0.337500 0.350000 0.335417 0.348437 0.308333 0.348437
8 0.312500 0.014062 0.677083 0.071875 0.697917 0.081250 0.668750 0.012500
8 0.354167 0.109375 0.347917 0.142188 0.352083 0.182812 0.345833 0.195312 0.354167 0.190625 0.418750 0.196875 0.422917 0.195312 0.429167 0.175000 0.425000 0.114063
8 0.366667 0.210938 0.366667 0.235938 0.360417 0.243750 0.360417 0.246875 0.362500 0.245312 0.381250 0.245312 0.383333 0.243750 0.418750 0.242188 0.420833 0.234375 0.425000 0.229687 0.425000 0.226562 0.431250 0.215625 0.406250 0.215625 0.402083 0.217187 0.400000 0.215625 0.393750 0.215625 0.391667 0.214062 0.383333 0.214062 0.381250 0.212500
8 0.450000 0.250000 0.414583 0.292188 0.414583 0.306250 0.420833 0.309375 0.414583 0.315625 0.418750 0.387500 0.425000 0.392188 0.385417 0.390625 0.379167 0.407813 0.377083 0.468750 0.385417 0.473437 0.391667 0.468750 0.431250 0.467187 0.429167 0.393750 0.439583 0.406250 0.435417 0.468750 0.443750 0.450000 0.458333 0.448438
8 0.197917 0.278125 0.187500 0.276563 0.093750 0.364062 0.014583 0.359375 0.014583 0.431250 0.085417 0.432813 0.125000 0.470313 0.166667 0.473437 0.179167 0.464063 0.195833 0.337500 0.204167 0.329688
8 0.918750 0.382812 0.912500 0.376563 0.912500 0.368750 0.902083 0.360938 0.893750 0.367188 0.891667 0.367188 0.889583 0.364062 0.883333 0.364062 0.881250 0.365625 0.875000 0.365625 0.872917 0.367188 0.866667 0.367188 0.864583 0.368750 0.858333 0.368750 0.856250 0.370313 0.841667 0.371875 0.847917 0.371875 0.850000 0.373437 0.858333 0.373437 0.860417 0.375000 0.868750 0.375000 0.870833 0.376563 0.879167 0.376563 0.881250 0.378125 0.887500 0.378125 0.889583 0.379687 0.897917 0.379687 0.900000 0.381250 0.908333 0.381250 0.910417 0.382812
8 0.633333 0.457812 0.629167 0.481250 0.637500 0.490625 0.664583 0.498437 0.720833 0.503125 0.733333 0.514063 0.766667 0.525000 0.775000 0.521875 0.779167 0.528125 0.806250 0.525000 0.829167 0.532812 0.843750 0.529688 0.845833 0.540625 0.864583 0.545313 0.891667 0.529688 0.893750 0.518750 0.929167 0.525000 0.939583 0.512500 0.939583 0.496875 0.931250 0.487500 0.916667 0.489062 0.827083 0.470313 0.758333 0.446875 0.683333 0.429688 0.679167 0.420312 0.685417 0.400000 0.666667 0.404687
8 0.406250 0.498437 0.406250 0.510938 0.414583 0.517187 0.425000 0.517187 0.427083 0.515625 0.429167 0.515625 0.431250 0.514063 0.433333 0.514063 0.433333 0.501562 0.431250 0.500000 0.431250 0.498437 0.427083 0.495313 0.414583 0.495313 0.412500 0.496875 0.410417 0.496875 0.408333 0.498437
8 0.379167 0.518750 0.379167 0.532812 0.385417 0.535937 0.383333 0.537500 0.372917 0.537500 0.368750 0.540625 0.368750 0.548437 0.372917 0.551562 0.381250 0.551562 0.383333 0.553125 0.387500 0.550000 0.389583 0.550000 0.391667 0.548437 0.395833 0.548437 0.397917 0.546875 0.402083 0.550000 0.408333 0.550000 0.408333 0.545313 0.410417 0.543750 0.410417 0.535937 0.412500 0.534375 0.410417 0.532812 0.410417 0.528125 0.400000 0.528125 0.397917 0.529688 0.395833 0.528125 0.395833 0.526563 0.397917 0.525000 0.397917 0.521875 0.393750 0.518750
8 0.387500 0.556250 0.387500 0.557813 0.385417 0.559375 0.385417 0.562500 0.383333 0.564062 0.383333 0.568750 0.395833 0.578125 0.397917 0.576563 0.404167 0.576563 0.406250 0.575000 0.408333 0.575000 0.408333 0.570312 0.410417 0.568750 0.408333 0.567187 0.408333 0.564062 0.406250 0.562500 0.406250 0.556250
8 0.385417 0.576563 0.385417 0.582812 0.387500 0.584375 0.387500 0.592188 0.400000 0.601562 0.402083 0.600000 0.414583 0.600000 0.418750 0.596875 0.420833 0.596875 0.422917 0.595312 0.429167 0.593750 0.427083 0.592188 0.427083 0.590625 0.425000 0.589063 0.425000 0.587500 0.422917 0.585938 0.420833 0.581250 0.410417 0.581250 0.408333 0.582812 0.406250 0.582812 0.400000 0.585938
8 0.410417 0.631250 0.410417 0.634375 0.414583 0.640625 0.410417 0.645312 0.410417 0.653125 0.412500 0.654688 0.412500 0.659375 0.414583 0.660937 0.412500 0.662500 0.412500 0.668750 0.410417 0.670313 0.408333 0.668750 0.400000 0.668750 0.402083 0.685938 0.404167 0.687500 0.404167 0.695312 0.404167 0.693750 0.412500 0.685938 0.414583 0.681250 0.425000 0.673437 0.418750 0.668750 0.420833 0.667188 0.431250 0.667188 0.433333 0.665625 0.431250 0.664062 0.429167 0.643750
8 0.447917 0.640625 0.441667 0.650000 0.441667 0.653125 0.439583 0.654688 0.439583 0.670313 0.450000 0.665625 0.454167 0.667188 0.454167 0.684375 0.445833 0.692187 0.445833 0.696875 0.450000 0.700000 0.450000 0.701563 0.456250 0.690625 0.464583 0.684375 0.464583 0.682813 0.462500 0.681250 0.462500 0.664062 0.460417 0.662500 0.460417 0.648438 0.450000 0.640625
8 0.379167 0.782812 0.379167 0.796875 0.395833 0.796875 0.402083 0.800000 0.400000 0.803125 0.400000 0.834375 0.427083 0.834375 0.429167 0.835938 0.441667 0.834375 0.443750 0.784375 0.445833 0.782812 0.439583 0.776563 0.408333 0.776563 0.406250 0.778125 0.400000 0.778125 0.391667 0.781250
8 0.441667 0.879687 0.306250 0.889063 0.300000 0.984375 0.452083 0.985937