1 0.500000 0.020312 0.477083 0.031250 0.395833 0.017188 0.375000 0.042188 0.306250 0.064062 0.260417 0.017188 0.135417 0.018750 0.145833 0.095312 0.170833 0.109375 0.179167 0.303125 0.206250 0.328125 0.214583 0.476562 0.241667 0.468750 0.254167 0.407813 0.275000 0.417188 0.329167 0.407813 0.297917 0.390625 0.287500 0.356250 0.227083 0.332812 0.229167 0.309375 0.381250 0.298438 0.318750 0.251563 0.312500 0.165625 0.362500 0.126563 0.393750 0.075000 0.485417 0.079687
1 0.014583 0.925000 0.033333 0.917188 0.043750 0.690625 0.235417 0.685938 0.250000 0.720312 0.264583 0.720312 0.281250 0.681250 0.450000 0.675000 0.439583 0.631250 0.387500 0.640625 0.375000 0.632812 0.152083 0.639063 0.108333 0.593750 0.054167 0.595312 0.043750 0.673437 0.043750 0.595312 0.018750 0.593750
2 0.985417 0.462500 0.635417 0.623438 0.479167 0.626562 0.497917 0.689062 0.495833 0.842188 0.712500 0.881250 0.752083 0.954687 0.797917 0.960938 0.808333 0.985937 0.989583 0.989062
3 0.016667 0.014062 0.014583 0.450000 0.185417 0.440625 0.118750 0.018750
3 0.847917 0.014062 0.512500 0.015625 0.497917 0.079687 0.522917 0.056250 0.539583 0.079687 0.520833 0.065625 0.493750 0.100000 0.397917 0.081250 0.416667 0.267188 0.539583 0.275000 0.568750 0.231250 0.554167 0.092188 0.577083 0.226562 0.512500 0.370313 0.433333 0.362500 0.433333 0.465625 0.391667 0.465625 0.364583 0.553125 0.245833 0.556250 0.210417 0.520312 0.218750 0.560938 0.191667 0.562500 0.179167 0.448438 0.018750 0.454688 0.016667 0.578125 0.118750 0.568750 0.160417 0.631250 0.375000 0.626562 0.370833 0.581250 0.387500 0.637500
3 0.862500 0.015625 0.795833 0.126563 0.772917 0.143750 0.979167 0.154687 0.981250 0.017188
3 0.768750 0.146875 0.564583 0.420312 0.981250 0.420312 0.983333 0.159375
3 0.479167 0.531250 0.806250 0.537500 0.987500 0.457812 0.985417 0.429688 0.566667 0.425000
3 0.414583 0.628125 0.635417 0.621875 0.785417 0.543750 0.472917 0.539062
3 0.452083 0.681250 0.335417 0.684375 0.333333 0.695312 0.341667 0.750000 0.343750 0.751562 0.475000 0.743750
3 0.056250 0.703125 0.043750 0.914062 0.104167 0.910937 0.047917 0.918750 0.045833 0.931250 0.016667 0.928125 0.016667 0.987500 0.252083 0.987500 0.239583 0.910937 0.239583 0.703125
3 0.333333 0.743750 0.333333 0.859375 0.320833 0.860937 0.320833 0.870313 0.379167 0.895312 0.372917 0.985937 0.435417 0.987500 0.431250 0.935938 0.441667 0.982813 0.668750 0.987500 0.677083 0.965625 0.745833 0.956250 0.712500 0.882812 0.575000 0.862500 0.497917 0.873438 0.479167 0.810938 0.339583 0.817187
3 0.472917 0.751562 0.343750 0.756250 0.341667 0.810938 0.481250 0.801562
3 0.329167 0.884375 0.320833 0.884375 0.312500 0.887500 0.312500 0.912500 0.314583 0.914062 0.314583 0.932813 0.312500 0.934375 0.312500 0.942187 0.322917 0.950000 0.325000 0.948438 0.331250 0.948438 0.333333 0.946875 0.345833 0.946875 0.345833 0.943750 0.347917 0.942187 0.345833 0.940625 0.345833 0.935938 0.343750 0.934375 0.343750 0.917188 0.345833 0.914062 0.343750 0.912500 0.343750 0.900000 0.341667 0.898438 0.341667 0.892187
7 0.227083 0.328125 0.243750 0.337500 0.331250 0.354688 0.339583 0.354688 0.350000 0.331250 0.395833 0.342187 0.389583 0.314063 0.385417 0.312500 0.272917 0.309375 0.233333 0.314063
7 0.502083 0.373437 0.445833 0.373437 0.447917 0.437500 0.450000 0.439063 0.450000 0.451562 0.454167 0.467187 0.460417 0.451562 0.481250 0.426562 0.491667 0.400000 0.497917 0.390625 0.497917 0.381250
7 0.262500 0.965625 0.262500 0.978125 0.264583 0.979688 0.264583 0.981250 0.270833 0.985937 0.283333 0.985937 0.285417 0.987500 0.320833 0.987500 0.320833 0.984375 0.275000 0.984375 0.268750 0.976562 0.268750 0.970312 0.270833 0.968750 0.270833 0.960938
8 0.385417 0.128125 0.331250 0.159375 0.322917 0.178125 0.322917 0.228125 0.345833 0.265625 0.400000 0.285937 0.412500 0.282813 0.404167 0.346875 0.508333 0.370313 0.547917 0.279687 0.529167 0.279687 0.518750 0.270312 0.460417 0.279687 0.435417 0.273438 0.454167 0.265625 0.414583 0.267188 0.414583 0.121875
8 0.431250 0.360938 0.368750 0.346875 0.335417 0.359375 0.302083 0.351562 0.302083 0.385938 0.333333 0.387500 0.370833 0.401563 0.345833 0.404687 0.345833 0.420312 0.370833 0.428125 0.320833 0.431250 0.322917 0.423438 0.287500 0.428125 0.252083 0.410937 0.252083 0.478125 0.302083 0.476562 0.314583 0.460938 0.308333 0.453125 0.339583 0.464063 0.431250 0.465625 0.433333 0.442187 0.414583 0.437500 0.425000 0.404687 0.385417 0.403125 0.418750 0.401563
8 0.381250 0.471875 0.318750 0.465625 0.308333 0.487500 0.243750 0.492188 0.245833 0.554688 0.350000 0.550000 0.362500 0.525000
8 0.452083 0.632812 0.452083 0.646875 0.450000 0.648438 0.450000 0.660937 0.452083 0.659375 0.472917 0.659375 0.472917 0.637500 0.475000 0.635938 0.472917 0.634375 0.462500 0.634375 0.460417 0.632812
8 0.464583 0.675000 0.464583 0.676562 0.462500 0.678125 0.462500 0.681250 0.460417 0.682813 0.460417 0.689062 0.462500 0.690625 0.462500 0.692187 0.464583 0.693750 0.464583 0.695312 0.466667 0.696875 0.466667 0.698438 0.468750 0.700000 0.468750 0.701563 0.470833 0.703125 0.470833 0.704687 0.472917 0.706250 0.472917 0.707812 0.475000 0.709375 0.475000 0.710938 0.477083 0.712500 0.477083 0.714063 0.477083 0.707812 0.479167 0.706250 0.479167 0.696875 0.481250 0.695312 0.481250 0.685938 0.466667 0.675000
8 0.325000 0.695312 0.285417 0.695312 0.283333 0.732813 0.243750 0.731250 0.245833 0.893750 0.275000 0.870313 0.329167 0.856250 0.333333 0.734375 0.322917 0.731250
8 0.297917 0.900000 0.291667 0.900000 0.279167 0.904688 0.268750 0.912500 0.266667 0.915625 0.266667 0.918750 0.264583 0.920313 0.264583 0.939062 0.279167 0.948438 0.295833 0.948438 0.302083 0.945312 0.306250 0.945312 0.306250 0.942187 0.308333 0.940625 0.308333 0.909375 0.310417 0.906250 0.306250 0.903125
8 0.800000 0.964063 0.797917 0.962500 0.785417 0.962500 0.783333 0.960938 0.758333 0.959375 0.756250 0.957812 0.737500 0.957812 0.714583 0.962500 0.683333 0.965625 0.677083 0.975000 0.672917 0.987500 0.683333 0.987500 0.685417 0.985937 0.800000 0.985937
8 0.337500 0.960938 0.337500 0.967188 0.335417 0.968750 0.335417 0.971875 0.333333 0.973437 0.333333 0.984375 0.360417 0.984375 0.362500 0.985937 0.364583 0.985937 0.362500 0.984375 0.362500 0.970312 0.360417 0.968750 0.360417 0.967188 0.354167 0.962500 0.345833 0.962500 0.343750 0.960938