1 0.052083 0.151562 0.075000 0.371875 0.133333 0.373437 0.116667 0.156250
1 0.279167 0.617188 0.016667 0.620313 0.018750 0.642187 0.277083 0.639063
1 0.020833 0.650000 0.016667 0.834375 0.437500 0.807813 0.414583 0.771875 0.414583 0.726562 0.402083 0.725000 0.387500 0.739062 0.316667 0.737500 0.308333 0.725000 0.152083 0.721875 0.179167 0.650000
2 0.868750 0.023438 0.829167 0.107813 0.793750 0.123438 0.654167 0.135937 0.550000 0.123438 0.533333 0.257812 0.583333 0.265625 0.600000 0.317187 0.720833 0.350000 0.718750 0.364062 0.656250 0.365625 0.656250 0.387500 0.718750 0.414062 0.691667 0.429688 0.700000 0.506250 0.656250 0.501562 0.656250 0.582812 0.608333 0.607813 0.604167 0.645312 0.981250 0.721875 0.979167 0.028125
3 0.064583 0.014062 0.077083 0.050000 0.139583 0.084375 0.677083 0.125000 0.785417 0.107813 0.791667 0.093750 0.814583 0.100000 0.831250 0.039062 0.558333 0.012500
3 0.106250 0.071875 0.110417 0.137500 0.133333 0.143750 0.306250 0.146875 0.304167 0.100000 0.137500 0.089062
3 0.425000 0.109375 0.422917 0.112500 0.422917 0.131250 0.420833 0.132812 0.420833 0.150000 0.460417 0.150000 0.462500 0.151562 0.466667 0.151562 0.466667 0.132812 0.468750 0.131250 0.468750 0.110937 0.470833 0.109375 0.468750 0.107813 0.443750 0.107813 0.441667 0.109375
3 0.397917 0.109375 0.393750 0.112500 0.393750 0.129688 0.391667 0.131250 0.391667 0.146875 0.400000 0.146875 0.402083 0.148438 0.414583 0.148438 0.416667 0.150000 0.416667 0.131250 0.418750 0.129688 0.418750 0.110937 0.420833 0.109375
3 0.531250 0.115625 0.477083 0.109375 0.472917 0.153125 0.527083 0.157813 0.527083 0.160938 0.391667 0.151562 0.389583 0.232812 0.522917 0.240625 0.533333 0.162500 0.529167 0.159375
3 0.387500 0.332812 0.395833 0.337500 0.393750 0.284375 0.397917 0.265625 0.410417 0.250000 0.439583 0.250000 0.522917 0.259375 0.522917 0.246875 0.391667 0.239063 0.385417 0.296875
3 0.435417 0.260938 0.420833 0.260938 0.414583 0.264062 0.408333 0.289062 0.406250 0.356250 0.410417 0.359375 0.418750 0.354688 0.422917 0.360938 0.425000 0.373437 0.418750 0.393750 0.427083 0.412500 0.445833 0.390625 0.443750 0.325000
3 0.445833 0.262500 0.452083 0.385938 0.470833 0.371875 0.512500 0.371875 0.535417 0.390625 0.543750 0.418750 0.587500 0.415625 0.637500 0.396875 0.641667 0.354688 0.708333 0.356250 0.647917 0.354688 0.635417 0.346875 0.625000 0.326562 0.591667 0.325000 0.583333 0.285937 0.562500 0.267188
3 0.131250 0.389062 0.127083 0.409375 0.137500 0.489062 0.120833 0.512500 0.118750 0.532812 0.220833 0.532812 0.239583 0.517187 0.258333 0.517187 0.262500 0.532812 0.300000 0.531250 0.302083 0.403125 0.283333 0.396875 0.137500 0.393750
3 0.416667 0.484375 0.408333 0.490625 0.395833 0.490625 0.397917 0.525000 0.389583 0.537500 0.389583 0.575000 0.393750 0.570312 0.402083 0.575000 0.408333 0.601562 0.402083 0.618750 0.402083 0.695312 0.412500 0.550000 0.425000 0.540625 0.433333 0.503125
3 0.422917 0.575000 0.408333 0.718750 0.431250 0.718750 0.439583 0.700000 0.477083 0.679688 0.539583 0.681250 0.575000 0.693750 0.575000 0.662500 0.593750 0.651563 0.602083 0.604688 0.504167 0.612500 0.485417 0.607813 0.458333 0.612500 0.452083 0.595312 0.475000 0.581250
5 0.450000 0.393750 0.429167 0.453125 0.433333 0.496875 0.493750 0.484375 0.520833 0.490625 0.543750 0.465625 0.604167 0.464063 0.664583 0.492188 0.689583 0.495313 0.687500 0.489062 0.660417 0.482812 0.677083 0.470313 0.679167 0.418750 0.702083 0.409375 0.675000 0.414062 0.666667 0.400000 0.672917 0.400000 0.658333 0.396875 0.579167 0.423438 0.545833 0.425000 0.527083 0.385938 0.504167 0.396875 0.493750 0.420312 0.447917 0.420312 0.445833 0.407813 0.464583 0.384375 0.522917 0.382812 0.468750 0.379687
5 0.583333 0.659375 0.585417 0.700000 0.610417 0.739062 0.668750 0.801562 0.687500 0.806250 0.677083 0.809375 0.722917 0.853125 0.872917 0.951563 0.947917 0.989062 0.989583 0.989062 0.987500 0.740625 0.629167 0.653125
5 0.468750 0.684375 0.443750 0.707812 0.427083 0.740625 0.425000 0.782812 0.500000 0.851562 0.558333 0.860937 0.577083 0.868750 0.585417 0.826563 0.618750 0.762500 0.625000 0.764063 0.572917 0.696875 0.527083 0.684375
6 0.620833 0.762500 0.589583 0.831250 0.585417 0.987500 0.908333 0.990625 0.893750 0.964063 0.754167 0.882812
7 0.370833 0.329688 0.366667 0.332812 0.366667 0.335938 0.381250 0.346875 0.387500 0.356250 0.391667 0.359375 0.395833 0.367188 0.393750 0.368750 0.379167 0.368750 0.377083 0.370313 0.368750 0.364062 0.368750 0.362500 0.368750 0.370313 0.377083 0.376563 0.381250 0.375000 0.416667 0.375000 0.416667 0.368750 0.408333 0.368750 0.402083 0.360938 0.379167 0.339063 0.379167 0.329688
7 0.181250 0.659375 0.170833 0.718750 0.312500 0.720312 0.318750 0.657812
8 0.083333 0.460938 0.083333 0.467187 0.089583 0.467187 0.100000 0.475000 0.100000 0.473437 0.104167 0.470313 0.106250 0.470313 0.108333 0.468750 0.129167 0.468750 0.129167 0.462500 0.104167 0.462500 0.097917 0.457812 0.093750 0.460938
8 0.654167 0.515625 0.618750 0.489062 0.547917 0.510938 0.562500 0.531250 0.562500 0.545313 0.625000 0.551562 0.566667 0.556250 0.537500 0.531250 0.493750 0.534375 0.435417 0.528125 0.431250 0.542188 0.422917 0.545313 0.422917 0.562500 0.479167 0.576563 0.483333 0.567187 0.472917 0.553125 0.491667 0.540625 0.510417 0.559375 0.497917 0.600000 0.502083 0.606250 0.639583 0.596875 0.650000 0.565625 0.639583 0.550000 0.650000 0.548437
8 0.254167 0.520312 0.241667 0.520312 0.193750 0.565625 0.014583 0.564062 0.014583 0.596875 0.187500 0.593750 0.241667 0.610937 0.258333 0.560938