1 0.029167 0.054688 0.018750 0.673437 0.070833 0.606250 0.020833 0.139062 0.064583 0.421875 0.162500 0.418750 0.127083 0.065625
1 0.020833 0.785937 0.231250 0.789062 0.281250 0.746875 0.018750 0.745313
1 0.358333 0.748438 0.337500 0.934375 0.516667 0.935938 0.512500 0.917188 0.531250 0.898438 0.581250 0.893750 0.531250 0.757812 0.470833 0.762500 0.447917 0.745313
1 0.018750 0.873438 0.016667 0.948438 0.285417 0.942187 0.233333 0.870313
2 0.989583 0.014062 0.893750 0.017188 0.827083 0.243750 0.987500 0.253125
3 0.450000 0.012500 0.118750 0.014062 0.445833 0.035937
3 0.877083 0.014062 0.585417 0.018750 0.529167 0.637500 0.556250 0.567187 0.664583 0.592188 0.658333 0.443750 0.845833 0.579687 0.687500 0.607813 0.812500 0.625000 0.818750 0.673437 0.756250 0.676562 0.727083 0.764063 0.658333 0.756250 0.589583 0.979688 0.397917 0.987500 0.831250 0.985937 0.814583 0.925000 0.670833 0.876562 0.716667 0.775000 0.812500 0.790625 0.781250 0.881250 0.856250 0.917188 0.954167 0.700000 0.925000 0.403125 0.985417 0.398438 0.987500 0.257812 0.597917 0.198437 0.547917 0.559375 0.610417 0.018750 0.872917 0.048437
3 0.614583 0.034375 0.593750 0.192188 0.835417 0.206250 0.864583 0.053125
3 0.168750 0.456250 0.168750 0.596875 0.131250 0.668750 0.135417 0.700000 0.429167 0.703125 0.420833 0.595312 0.441667 0.465625
7 0.458333 0.014062 0.458333 0.031250 0.477083 0.032812 0.510417 0.039062 0.520833 0.039062 0.554167 0.045313 0.564583 0.045313 0.577083 0.048437 0.577083 0.015625 0.579167 0.012500 0.460417 0.012500
7 0.143750 0.059375 0.179167 0.428125 0.443750 0.431250 0.445833 0.364062 0.543750 0.368750 0.560417 0.079687
7 0.566667 0.201562 0.558333 0.207813 0.558333 0.231250 0.556250 0.232812 0.554167 0.279687 0.552083 0.281250 0.552083 0.304688 0.560417 0.318750 0.568750 0.231250 0.570833 0.229687 0.570833 0.214062 0.572917 0.212500
7 0.800000 0.321875 0.762500 0.339063 0.733333 0.373437 0.733333 0.445312 0.741667 0.478125 0.777083 0.510938 0.810417 0.484375 0.825000 0.393750 0.822917 0.345313
7 0.639583 0.454688 0.633333 0.468750 0.727083 0.565625 0.691667 0.575000 0.633333 0.520312 0.629167 0.529688 0.681250 0.601562 0.766667 0.604688 0.789583 0.610937 0.839583 0.584375 0.837500 0.564062 0.806250 0.571875 0.764583 0.565625 0.683333 0.476562 0.687500 0.464063 0.668750 0.446875
7 0.800000 0.793750 0.787500 0.800000 0.735417 0.862500 0.714583 0.871875 0.831250 0.925000 0.833333 0.909375 0.760417 0.881250 0.812500 0.817187 0.810417 0.793750
8 0.522917 0.093750 0.522917 0.114063 0.525000 0.115625 0.525000 0.117188 0.527083 0.118750 0.529167 0.118750 0.531250 0.120312 0.533333 0.120312 0.535417 0.121875 0.541667 0.123438 0.545833 0.126563 0.547917 0.126563 0.550000 0.128125 0.550000 0.101562 0.552083 0.100000 0.552083 0.098438 0.550000 0.096875 0.541667 0.096875 0.539583 0.095312 0.531250 0.095312 0.529167 0.093750
8 0.362500 0.096875 0.370833 0.109375 0.364583 0.112500 0.352083 0.114063 0.358333 0.134375 0.379167 0.125000 0.381250 0.126563 0.375000 0.132812 0.387500 0.139062 0.397917 0.126563 0.404167 0.123438 0.425000 0.135937 0.425000 0.096875 0.410417 0.112500
8 0.404167 0.256250 0.404167 0.285937 0.427083 0.285937 0.427083 0.257812 0.425000 0.257812 0.422917 0.256250
8 0.454167 0.370313 0.454167 0.432813 0.520833 0.434375 0.525000 0.412500 0.550000 0.415625 0.550000 0.389062 0.527083 0.396875 0.525000 0.395312 0.525000 0.375000 0.527083 0.373437
8 0.495833 0.454688 0.495833 0.470313 0.533333 0.470313 0.531250 0.468750 0.531250 0.456250 0.529167 0.456250 0.527083 0.454688
8 0.106250 0.490625 0.106250 0.496875 0.112500 0.496875 0.114583 0.498437 0.122917 0.498437 0.125000 0.500000 0.152083 0.500000 0.152083 0.489062 0.150000 0.489062 0.147917 0.487500 0.129167 0.487500 0.127083 0.485938 0.116667 0.485938 0.114583 0.487500 0.112500 0.487500
8 0.087500 0.565625 0.087500 0.573438 0.089583 0.575000 0.093750 0.575000 0.095833 0.576563 0.100000 0.576563 0.102083 0.578125 0.106250 0.578125 0.108333 0.576563 0.156250 0.576563 0.156250 0.564062 0.154167 0.564062 0.152083 0.562500 0.097917 0.562500 0.095833 0.564062 0.091667 0.564062 0.089583 0.565625
8 0.452083 0.587500 0.452083 0.598437 0.475000 0.614062 0.500000 0.614062 0.506250 0.609375 0.514583 0.606250 0.516667 0.587500 0.518750 0.585938 0.518750 0.576563 0.512500 0.576563 0.510417 0.575000 0.504167 0.575000 0.502083 0.573438 0.493750 0.573438 0.491667 0.571875 0.483333 0.571875 0.470833 0.579687 0.462500 0.582812 0.456250 0.587500
8 0.441667 0.648438 0.441667 0.670313 0.477083 0.682813 0.512500 0.682813 0.514583 0.696875 0.568750 0.696875 0.570833 0.704687 0.639583 0.723437 0.708333 0.714063 0.708333 0.690625 0.681250 0.667188 0.816667 0.673437 0.810417 0.628125 0.668750 0.623438 0.666667 0.637500 0.583333 0.621875 0.579167 0.589063 0.562500 0.589063 0.547917 0.656250 0.520833 0.675000 0.518750 0.639063 0.485417 0.631250 0.468750 0.643750
8 0.068750 0.648438 0.068750 0.650000 0.075000 0.654688 0.075000 0.656250 0.131250 0.656250 0.131250 0.643750 0.087500 0.643750 0.085417 0.645312 0.077083 0.645312 0.075000 0.646875
8 0.345833 0.706250 0.235417 0.790625 0.014583 0.793750 0.016667 0.864062 0.241667 0.862500 0.297917 0.940625 0.320833 0.939062
8 0.452083 0.731250 0.452083 0.732813 0.468750 0.748438 0.468750 0.750000 0.472917 0.750000 0.475000 0.748438 0.529167 0.748438 0.529167 0.725000 0.522917 0.721875 0.518750 0.721875 0.502083 0.715625 0.495833 0.715625 0.489583 0.718750 0.485417 0.718750
8 0.964583 0.735937 0.918750 0.881250 0.947917 0.835938 0.952083 0.832812 0.985417 0.831250 0.983333 0.748438
8 0.587500 0.737500 0.585417 0.740625 0.556250 0.742188 0.545833 0.745313 0.593750 0.882812 0.612500 0.792188
8 0.987500 0.835938 0.958333 0.842188 0.902083 0.928125 0.902083 0.932813 0.939583 0.989062 0.989583 0.989062