1 0.060417 0.010937 0.014583 0.014062 0.014583 0.292188 0.045833 0.323438 0.014583 0.509375 0.014583 0.784375 0.072917 0.756250 0.100000 0.696875 0.164583 0.675000 0.189583 0.567187 0.172917 0.514063 0.147917 0.510938 0.145833 0.493750 0.172917 0.498437 0.200000 0.482812 0.216667 0.376563 0.206250 0.362500 0.177083 0.364062 0.145833 0.321875 0.150000 0.271875 0.108333 0.184375 0.110417 0.121875
1 0.550000 0.015625 0.483333 0.015625 0.462500 0.104687 0.466667 0.103125 0.506250 0.103125 0.512500 0.093750 0.520833 0.087500
1 0.514583 0.125000 0.495833 0.134375 0.483333 0.132812 0.479167 0.128125 0.489583 0.114063 0.472917 0.114063 0.452083 0.129688 0.450000 0.167187 0.437500 0.168750 0.433333 0.165625 0.412500 0.171875 0.400000 0.250000 0.460417 0.256250 0.470833 0.232812 0.454167 0.228125 0.420833 0.198437 0.454167 0.182812 0.493750 0.189063 0.493750 0.178125 0.481250 0.168750 0.481250 0.162500 0.489583 0.159375 0.495833 0.164062 0.504167 0.156250
1 0.016667 0.810938 0.016667 0.856250 0.668750 0.868750 0.679167 0.853125 0.047917 0.842188 0.118750 0.785937 0.658333 0.804688 0.600000 0.773438 0.087500 0.762500
2 0.987500 0.046875 0.647917 0.356250 0.902083 0.381250 0.908333 0.407813 0.985417 0.392188
2 0.560417 0.620313 0.547917 0.657812 0.608333 0.676562 0.620833 0.726562 0.618750 0.770312 0.662500 0.796875 0.672917 0.825000 0.664583 0.832812 0.522917 0.829687 0.522917 0.842188 0.675000 0.842188 0.804167 0.632812
3 0.627083 0.015625 0.556250 0.015625 0.527083 0.085938 0.531250 0.109375 0.545833 0.070312 0.545833 0.128125 0.529167 0.182812 0.520833 0.120312 0.506250 0.165625 0.522917 0.135937 0.522917 0.190625 0.506250 0.229687 0.479167 0.231250 0.468750 0.256250 0.477083 0.268750 0.466667 0.278125 0.466667 0.345313
3 0.620833 0.042188 0.925000 0.090625 0.950000 0.081250 0.989583 0.035937 0.979167 0.015625 0.637500 0.015625
3 0.568750 0.157813 0.822917 0.190625 0.920833 0.095312 0.618750 0.054688
3 0.116667 0.128125 0.114583 0.181250 0.154167 0.270312 0.381250 0.292188 0.410417 0.164062
3 0.516667 0.268750 0.697917 0.292188 0.710417 0.282813 0.725000 0.285937 0.825000 0.193750 0.562500 0.162500
3 0.479167 0.346875 0.556250 0.353125 0.564583 0.346875 0.575000 0.346875 0.585417 0.357812 0.625000 0.362500 0.718750 0.289062 0.693750 0.298438 0.508333 0.273438 0.491667 0.318750 0.502083 0.320312 0.489583 0.321875
3 0.572917 0.353125 0.481250 0.454688 0.522917 0.420312 0.522917 0.554688 0.468750 0.575000 0.458333 0.546875 0.464583 0.498437 0.454167 0.479688 0.452083 0.615625 0.558333 0.615625 0.537500 0.612500 0.547917 0.607813
3 0.210417 0.587500 0.195833 0.600000 0.185417 0.667188 0.325000 0.675000 0.331250 0.593750
3 0.981250 0.653125 0.885417 0.626562 0.816667 0.635938 0.668750 0.873438 0.485417 0.867188 0.510417 0.918750 0.472917 0.865625 0.468750 0.914062 0.514583 0.985937 0.754167 0.984375 0.697917 0.973437 0.660417 0.906250 0.691667 0.896875 0.697917 0.840625 0.797917 0.778125 0.856250 0.770312 0.835417 0.757812 0.883333 0.685938 0.904167 0.689062 0.981250 0.795313 0.914583 0.690625 0.935417 0.665625 0.981250 0.720312
3 0.437500 0.657812 0.437500 0.720312 0.427083 0.767187 0.612500 0.771875 0.614583 0.728125 0.604167 0.682813 0.595833 0.684375 0.583333 0.671875 0.541667 0.662500
3 0.120833 0.696875 0.331250 0.712500 0.333333 0.682813 0.181250 0.671875
3 0.870833 0.778125 0.889583 0.948438 0.764583 0.984375 0.985417 0.982813 0.985417 0.967188 0.983333 0.976562 0.931250 0.976562 0.916667 0.781250
7 0.191667 0.023438 0.225000 0.125000 0.389583 0.146875 0.397917 0.050000
7 0.545833 0.064062 0.527083 0.129688 0.527083 0.182812 0.533333 0.156250 0.543750 0.128125 0.543750 0.070312
7 0.522917 0.114063 0.500000 0.106250 0.464583 0.106250 0.460417 0.107813 0.443750 0.123438 0.443750 0.129688 0.435417 0.151562 0.435417 0.159375 0.439583 0.164062 0.445833 0.164062 0.450000 0.126563 0.472917 0.109375 0.495833 0.109375 0.497917 0.110937 0.500000 0.123438 0.489583 0.129688 0.495833 0.126563 0.508333 0.125000 0.510417 0.118750 0.514583 0.115625
7 0.520833 0.135937 0.518750 0.145313 0.514583 0.151562 0.514583 0.156250 0.510417 0.162500 0.510417 0.167187 0.506250 0.173438 0.506250 0.182812 0.504167 0.184375 0.506250 0.223438 0.506250 0.220313 0.520833 0.190625
7 0.014583 0.293750 0.016667 0.518750 0.041667 0.528125 0.029167 0.637500 0.079167 0.639063 0.116667 0.393750 0.077083 0.359375 0.058333 0.459375 0.025000 0.446875 0.043750 0.323438
7 0.135417 0.720312 0.135417 0.726562 0.133333 0.728125 0.133333 0.734375 0.131250 0.735937 0.131250 0.742188 0.129167 0.743750 0.131250 0.742188 0.156250 0.742188 0.158333 0.740625 0.181250 0.740625 0.181250 0.731250 0.183333 0.729688 0.183333 0.718750 0.141667 0.718750 0.139583 0.720312
7 0.260417 0.720312 0.237500 0.720312 0.235417 0.721875 0.210417 0.721875 0.208333 0.723437 0.206250 0.723437 0.206250 0.734375 0.204167 0.735937 0.204167 0.746875 0.206250 0.745313 0.231250 0.745313 0.233333 0.743750 0.258333 0.743750 0.258333 0.732813 0.260417 0.731250
7 0.275000 0.720312 0.275000 0.748438 0.295833 0.748438 0.297917 0.750000 0.300000 0.750000 0.300000 0.746875 0.302083 0.745313 0.304167 0.745313 0.306250 0.746875 0.308333 0.745313 0.320833 0.745313 0.320833 0.740625 0.322917 0.739062 0.322917 0.732813 0.325000 0.731250 0.327083 0.720312
8 0.427083 0.198437 0.427083 0.201562 0.450000 0.218750 0.456250 0.220313 0.464583 0.226562 0.475000 0.226562 0.477083 0.228125 0.479167 0.226562 0.500000 0.226562 0.502083 0.225000 0.506250 0.225000 0.504167 0.223438 0.504167 0.207813 0.502083 0.206250 0.502083 0.201562 0.497917 0.195312 0.487500 0.195312 0.485417 0.193750 0.477083 0.193750 0.475000 0.192188 0.454167 0.192188 0.452083 0.193750 0.441667 0.195312 0.435417 0.198437
8 0.435417 0.262500 0.435417 0.265625 0.437500 0.267188 0.437500 0.268750 0.439583 0.270312 0.464583 0.270312 0.466667 0.271875 0.468750 0.271875 0.470833 0.270312 0.470833 0.267188 0.472917 0.265625 0.470833 0.264062 0.462500 0.264062 0.460417 0.262500 0.452083 0.262500 0.450000 0.260938 0.439583 0.260938 0.437500 0.262500
8 0.350000 0.340625 0.350000 0.371875 0.404167 0.375000 0.406250 0.376563 0.422917 0.376563 0.425000 0.378125 0.443750 0.378125 0.445833 0.379687 0.456250 0.356250 0.456250 0.351562 0.443750 0.351562 0.429167 0.348437 0.416667 0.348437 0.414583 0.346875 0.402083 0.346875 0.387500 0.343750
8 0.452083 0.382812 0.472917 0.382812 0.475000 0.384375 0.497917 0.384375 0.500000 0.385938 0.522917 0.385938 0.527083 0.387500 0.531250 0.381250 0.552083 0.360938 0.550000 0.359375 0.531250 0.359375 0.529167 0.357812 0.508333 0.357812 0.506250 0.356250 0.466667 0.354688 0.458333 0.368750 0.458333 0.371875 0.452083 0.379687
8 0.577083 0.365625 0.550000 0.607813 0.539583 0.612500 0.814583 0.629687 0.920833 0.607813 0.920833 0.587500 0.954167 0.595312 0.985417 0.584375 0.987500 0.431250 0.968750 0.429688 0.945833 0.454688 0.893750 0.418750 0.831250 0.403125 0.775000 0.423438 0.816667 0.400000 0.902083 0.414062 0.895833 0.392188
8 0.325000 0.392188 0.325000 0.404687 0.322917 0.406250 0.322917 0.417188 0.320833 0.418750 0.320833 0.429688 0.318750 0.431250 0.314583 0.468750 0.343750 0.473437 0.345833 0.475000 0.350000 0.428125 0.352083 0.426562 0.352083 0.412500 0.354167 0.410937 0.354167 0.396875 0.356250 0.395312 0.354167 0.393750
8 0.225000 0.431250 0.214583 0.456250 0.214583 0.432813 0.204167 0.431250 0.204167 0.487500 0.191667 0.487500 0.175000 0.503125 0.162500 0.503125 0.152083 0.495313 0.152083 0.510938 0.158333 0.503125 0.172917 0.503125 0.185417 0.515625 0.185417 0.550000 0.191667 0.562500 0.197917 0.543750 0.202083 0.543750 0.193750 0.592188 0.206250 0.589063 0.210417 0.512500 0.218750 0.500000 0.214583 0.484375
8 0.520833 0.431250 0.479167 0.462500 0.477083 0.468750 0.475000 0.570312 0.512500 0.554688
8 0.375000 0.500000 0.372917 0.501562 0.370833 0.542188 0.377083 0.543750 0.385417 0.554688 0.400000 0.559375 0.427083 0.582812 0.435417 0.582812 0.447917 0.587500 0.450000 0.531250 0.452083 0.529688 0.439583 0.531250 0.427083 0.529688 0.427083 0.517187 0.429167 0.515625 0.429167 0.503125 0.427083 0.501562
8 0.935417 0.667188 0.916667 0.687500 0.916667 0.690625 0.985417 0.779688 0.985417 0.728125
8 0.900000 0.687500 0.883333 0.687500 0.837500 0.757812 0.858333 0.770312 0.797917 0.779688 0.700000 0.840625 0.693750 0.896875 0.662500 0.906250 0.697917 0.971875 0.731250 0.971875 0.758333 0.985937 0.887500 0.948438 0.870833 0.776563 0.918750 0.781250 0.933333 0.976562 0.983333 0.975000 0.987500 0.806250
8 0.368750 0.710938 0.368750 0.714063 0.379167 0.721875 0.381250 0.726562 0.425000 0.726562 0.422917 0.725000 0.422917 0.714063 0.420833 0.712500 0.420833 0.704687 0.418750 0.703125 0.389583 0.703125 0.387500 0.704687 0.379167 0.704687 0.377083 0.706250 0.377083 0.707812 0.375000 0.709375 0.375000 0.712500 0.372917 0.714063
8 0.166667 0.887500 0.129167 0.957812 0.277083 0.967188 0.289583 0.885938