1 0.027083 0.085938 0.027083 0.126563 0.793750 0.182812 0.795833 0.153125
1 0.014583 0.134375 0.014583 0.984375 0.600000 0.985937 0.516667 0.906250 0.366667 0.896875 0.343750 0.754687 0.285417 0.703125 0.381250 0.501562 0.504167 0.498437 0.466667 0.451562 0.389583 0.468750 0.316667 0.418750 0.404167 0.390625 0.412500 0.415625 0.472917 0.409375 0.475000 0.365625 0.591667 0.335938 0.216667 0.317187 0.650000 0.325000 0.793750 0.187500
2 0.987500 0.014062 0.937500 0.018750 0.806250 0.146875 0.795833 0.195312 0.656250 0.321875 0.687500 0.395312 0.829167 0.339063 0.847917 0.406250 0.881250 0.414062 0.935417 0.700000 0.952083 0.989062 0.987500 0.987500
3 0.675000 0.359375 0.650000 0.365625 0.533333 0.354688 0.512500 0.357812 0.497917 0.373437 0.493750 0.418750 0.512500 0.421875 0.510417 0.451562 0.493750 0.451562 0.493750 0.454688 0.514583 0.459375 0.514583 0.484375 0.504167 0.489062 0.543750 0.484375 0.606250 0.435937 0.675000 0.400000 0.677083 0.375000 0.681250 0.373437
4 0.825000 0.345313 0.675000 0.404687 0.510417 0.509375 0.385417 0.507812 0.291667 0.695312 0.347917 0.756250 0.375000 0.900000 0.516667 0.898438 0.495833 0.853125 0.414583 0.829687 0.429167 0.535937 0.497917 0.540625 0.508333 0.512500 0.562500 0.673437 0.558333 0.825000 0.520833 0.831250 0.508333 0.881250 0.606250 0.987500 0.941667 0.989062 0.883333 0.429688 0.837500 0.417188
7 0.016667 0.014062 0.025000 0.075000 0.806250 0.137500 0.910417 0.028125
7 0.197917 0.225000 0.202083 0.276563 0.210417 0.292188 0.356250 0.293750 0.364583 0.243750 0.362500 0.231250
7 0.327083 0.423438 0.339583 0.428125 0.339583 0.448438 0.400000 0.467187 0.410417 0.456250 0.412500 0.431250 0.425000 0.445312 0.489583 0.442187 0.483333 0.417188 0.425000 0.414062 0.408333 0.423438 0.406250 0.396875 0.339583 0.407813 0.339583 0.421875
7 0.066667 0.609375 0.047917 0.806250 0.256250 0.795313 0.262500 0.614062
8 0.602083 0.325000 0.602083 0.332812 0.600000 0.334375 0.600000 0.342187 0.597917 0.343750 0.597917 0.351562 0.602083 0.351562 0.604167 0.350000 0.658333 0.350000 0.656250 0.348437 0.656250 0.343750 0.654167 0.342187 0.654167 0.335938 0.652083 0.334375 0.652083 0.329688 0.650000 0.328125 0.635417 0.328125 0.633333 0.326562 0.618750 0.326562 0.616667 0.325000
8 0.489583 0.423438 0.489583 0.440625 0.491667 0.442187 0.489583 0.443750 0.489583 0.448438 0.508333 0.448438 0.508333 0.423438
8 0.510417 0.457812 0.493750 0.457812 0.491667 0.459375 0.483333 0.459375 0.481250 0.460938 0.477083 0.460938 0.477083 0.467187 0.479167 0.468750 0.479167 0.475000 0.481250 0.476562 0.481250 0.482812 0.495833 0.482812 0.497917 0.481250 0.510417 0.481250
8 0.439583 0.539062 0.431250 0.643750 0.466667 0.626562 0.420833 0.656250 0.447917 0.693750 0.458333 0.734375 0.552083 0.692187 0.552083 0.676562 0.533333 0.650000 0.535417 0.646875 0.543750 0.653125 0.535417 0.556250 0.512500 0.545313 0.450000 0.548437
8 0.427083 0.692187 0.425000 0.835938 0.450000 0.831250 0.533333 0.829687 0.541667 0.823438 0.541667 0.706250 0.537500 0.704687 0.450000 0.740625 0.439583 0.696875