1 0.014583 0.014062 0.014583 0.090625 0.300000 0.134375 0.283333 0.385938 0.027083 0.371875 0.014583 0.128125 0.016667 0.545313 0.372917 0.540625 0.356250 0.515625 0.145833 0.534375 0.133333 0.490625 0.329167 0.450000 0.350000 0.475000 0.320833 0.375000 0.356250 0.090625 0.614583 0.109375 0.672917 0.135937 0.725000 0.015625
1 0.408333 0.543750 0.016667 0.550000 0.016667 0.662500 0.043750 0.571875 0.416667 0.571875
1 0.475000 0.578125 0.468750 0.582812 0.454167 0.582812 0.483333 0.712500 0.495833 0.692187 0.502083 0.687500 0.510417 0.687500
1 0.468750 0.734375 0.016667 0.745313 0.014583 0.912500 0.027083 0.801562 0.300000 0.803125 0.302083 0.907812 0.014583 0.932813 0.014583 0.970312 0.310417 0.951563 0.316667 0.987500 0.525000 0.987500
2 0.731250 0.015625 0.683333 0.140625 0.981250 0.350000 0.975000 0.407813 0.750000 0.756250 0.727083 0.731250 0.683333 0.771875 0.775000 0.979688 0.985417 0.987500 0.983333 0.014062
3 0.435417 0.498437 0.431250 0.501562 0.431250 0.504687 0.439583 0.515625 0.439583 0.521875 0.435417 0.529688 0.435417 0.565625 0.437500 0.567187 0.437500 0.575000 0.445833 0.575000 0.452083 0.581250 0.454167 0.579687 0.464583 0.579687 0.468750 0.576563 0.475000 0.575000 0.472917 0.573438 0.472917 0.564062 0.470833 0.562500 0.470833 0.554688 0.468750 0.553125 0.468750 0.543750 0.466667 0.542188 0.462500 0.514063 0.456250 0.506250 0.456250 0.501562 0.452083 0.498437
4 0.368750 0.087500 0.322917 0.404687 0.347917 0.415625 0.345833 0.329688 0.383333 0.325000 0.343750 0.300000 0.397917 0.146875 0.368750 0.109375 0.500000 0.126563 0.556250 0.176563 0.466667 0.514063 0.533333 0.725000 0.668750 0.773438 0.691667 0.731250 0.741667 0.726562 0.972917 0.407813 0.979167 0.343750 0.912500 0.331250 0.783333 0.214062 0.625000 0.117188 0.547917 0.123438
4 0.420833 0.312500 0.420833 0.315625 0.418750 0.317187 0.418750 0.320312 0.416667 0.321875 0.416667 0.325000 0.414583 0.326562 0.414583 0.335938 0.425000 0.343750 0.437500 0.346875 0.443750 0.351562 0.443750 0.348437 0.445833 0.346875 0.445833 0.343750 0.447917 0.342187 0.445833 0.340625 0.445833 0.320312 0.447917 0.318750 0.447917 0.315625 0.445833 0.314063 0.433333 0.314063 0.431250 0.312500
7 0.014583 0.092188 0.029167 0.371875 0.285417 0.384375 0.297917 0.134375
7 0.416667 0.500000 0.391667 0.500000 0.385417 0.495313 0.391667 0.489062 0.362500 0.481250 0.335417 0.482812 0.329167 0.457812 0.268750 0.470313 0.266667 0.487500 0.256250 0.489062 0.254167 0.495313 0.252083 0.482812 0.150000 0.482812 0.154167 0.528125 0.250000 0.529688 0.256250 0.493750 0.268750 0.495313 0.266667 0.509375 0.300000 0.514063 0.325000 0.523438 0.329167 0.517187 0.320833 0.504687 0.335417 0.495313 0.387500 0.506250
7 0.422917 0.579687 0.085417 0.589063 0.045833 0.717188 0.450000 0.709375
7 0.025000 0.804688 0.014583 0.931250 0.300000 0.907812 0.300000 0.804688
7 0.310417 0.953125 0.014583 0.971875 0.012500 0.979688 0.016667 0.989062 0.310417 0.987500
8 0.420833 0.128125 0.383333 0.179688 0.352083 0.300000 0.477083 0.320312 0.454167 0.318750 0.443750 0.367188 0.443750 0.354688 0.381250 0.332812 0.366667 0.339063 0.354167 0.371875 0.354167 0.471875 0.456250 0.496875 0.464583 0.509375 0.487500 0.384375 0.477083 0.390625 0.516667 0.284375 0.531250 0.204688 0.550000 0.176563 0.510417 0.146875 0.447917 0.140625
8 0.500000 0.692187 0.472917 0.742188 0.506250 0.857813 0.520833 0.840625 0.508333 0.898438 0.527083 0.984375 0.758333 0.987500 0.691667 0.825000 0.579167 0.823438 0.683333 0.817187 0.672917 0.781250 0.543750 0.740625 0.520833 0.692187