1 0.039583 0.010937 0.485417 0.060938 0.504167 0.018750 0.489583 0.014062
1 0.014583 0.117188 0.014583 0.267188 0.197917 0.287500 0.204167 0.585938 0.031250 0.606250 0.014583 0.570312 0.016667 0.989062 0.627083 0.917188 0.629167 0.873438 0.410417 0.867188 0.447917 0.787500 0.322917 0.804688 0.316667 0.848437 0.160417 0.795313 0.200000 0.740625 0.304167 0.698438 0.314583 0.748438 0.410417 0.739062 0.366667 0.685938 0.527083 0.660937 0.262500 0.635938 0.250000 0.256250 0.331250 0.165625 0.429167 0.154687
1 0.764583 0.981250 0.758333 0.923437 0.691667 0.948438 0.616667 0.925000 0.541667 0.942187 0.633333 0.987500
2 0.987500 0.531250 0.729167 0.632812 0.766667 0.814062 0.945833 0.790625 0.983333 0.793750
3 0.722917 0.651563 0.497917 0.665625 0.447917 0.679688 0.462500 0.684375 0.464583 0.723437 0.454167 0.725000 0.454167 0.739062 0.468750 0.753125 0.460417 0.773438 0.468750 0.846875 0.485417 0.867188 0.527083 0.873438 0.631250 0.864062 0.650000 0.856250 0.750000 0.853125 0.750000 0.826563 0.758333 0.823438 0.741667 0.823438 0.725000 0.806250 0.712500 0.718750 0.718750 0.687500 0.735417 0.673437
4 0.989583 0.014062 0.533333 0.012500 0.454167 0.135937 0.479167 0.179688 0.485417 0.381250 0.512500 0.431250 0.529167 0.571875 0.562500 0.604688 0.500000 0.607813 0.533333 0.640625 0.654167 0.650000 0.814583 0.570312 0.862500 0.575000 0.987500 0.525000
4 0.266667 0.251563 0.258333 0.257812 0.266667 0.350000 0.258333 0.378125 0.268750 0.396875 0.262500 0.439063 0.272917 0.475000 0.268750 0.581250 0.275000 0.634375 0.289583 0.650000 0.333333 0.645312 0.327083 0.628125 0.300000 0.632812 0.287500 0.607813 0.304167 0.592188 0.314583 0.598437 0.306250 0.537500 0.287500 0.537500 0.283333 0.529688 0.291667 0.504687 0.302083 0.503125 0.285417 0.490625 0.285417 0.475000 0.300000 0.465625 0.302083 0.412500 0.291667 0.409375 0.281250 0.384375 0.322917 0.382812 0.322917 0.371875 0.281250 0.368750 0.277083 0.267188 0.285417 0.254687
7 0.014583 0.021875 0.014583 0.112500 0.445833 0.153125 0.447917 0.135937 0.487500 0.078125
7 0.014583 0.268750 0.016667 0.603125 0.202083 0.595312 0.195833 0.287500
7 0.172917 0.795313 0.193750 0.792188 0.191667 0.823438 0.310417 0.840625 0.312500 0.796875 0.297917 0.778125 0.318750 0.782812 0.331250 0.796875 0.456250 0.775000 0.466667 0.753125 0.462500 0.745313 0.335417 0.750000 0.325000 0.759375 0.308333 0.753125 0.302083 0.710938 0.293750 0.706250 0.241667 0.732813 0.191667 0.750000 0.191667 0.779688 0.170833 0.779688
7 0.170833 0.807813 0.020833 0.820312 0.018750 0.948438 0.177083 0.914062
7 0.625000 0.987500 0.535417 0.945312 0.520833 0.943750 0.243750 0.989062
8 0.462500 0.157813 0.331250 0.173438 0.297917 0.200000 0.287500 0.359375 0.352083 0.348437 0.325000 0.356250 0.329167 0.395312 0.364583 0.375000 0.420833 0.370313 0.431250 0.429688 0.416667 0.431250 0.412500 0.375000 0.379167 0.378125 0.377083 0.432813 0.345833 0.437500 0.335417 0.423438 0.306250 0.451562 0.337500 0.635938 0.358333 0.645312 0.385417 0.610937 0.558333 0.607813 0.525000 0.582812 0.497917 0.396875 0.477083 0.420312 0.481250 0.343750 0.437500 0.314063 0.464583 0.310937 0.489583 0.329688
8 0.520833 0.634375 0.497917 0.617188 0.493750 0.609375 0.489583 0.607813 0.481250 0.612500 0.427083 0.615625 0.425000 0.617188 0.387500 0.617188 0.383333 0.621875 0.381250 0.632812 0.372917 0.640625 0.387500 0.640625 0.420833 0.634375 0.443750 0.634375 0.456250 0.640625 0.468750 0.640625 0.479167 0.635938 0.487500 0.635938 0.500000 0.640625 0.520833 0.640625
8 0.460417 0.684375 0.445833 0.684375 0.443750 0.685938 0.427083 0.685938 0.425000 0.687500 0.408333 0.687500 0.408333 0.692187 0.412500 0.698438 0.408333 0.704687 0.408333 0.712500 0.410417 0.714063 0.410417 0.717188 0.422917 0.725000 0.435417 0.725000 0.437500 0.723437 0.462500 0.723437 0.462500 0.720312 0.460417 0.718750
8 0.489583 0.740625 0.481250 0.745313 0.481250 0.746875 0.479167 0.748438 0.479167 0.751562 0.477083 0.753125 0.477083 0.771875 0.475000 0.773438 0.472917 0.773438 0.472917 0.782812 0.483333 0.782812 0.485417 0.784375 0.497917 0.784375 0.500000 0.785937 0.497917 0.784375 0.495833 0.779688 0.493750 0.778125 0.489583 0.778125 0.487500 0.776563 0.489583 0.775000 0.493750 0.775000 0.491667 0.773438 0.491667 0.765625 0.502083 0.756250 0.500000 0.754687 0.500000 0.743750 0.493750 0.740625
8 0.475000 0.789062 0.472917 0.837500 0.475000 0.837500 0.502083 0.857813 0.502083 0.817187 0.504167 0.814062 0.502083 0.810938 0.483333 0.795313 0.483333 0.793750 0.477083 0.789062
8 0.983333 0.801562 0.941667 0.796875 0.752083 0.826563 0.754167 0.867188 0.737500 0.857813 0.650000 0.857813 0.637500 0.870313 0.637500 0.907812 0.658333 0.935938 0.760417 0.910937 0.770833 0.971875 0.781250 0.984375 0.983333 0.987500
8 0.462500 0.815625 0.456250 0.815625 0.445833 0.818750 0.437500 0.818750 0.435417 0.820312 0.414583 0.821875 0.414583 0.857813 0.416667 0.859375 0.416667 0.862500 0.425000 0.864062 0.431250 0.867188 0.481250 0.867188 0.481250 0.860937 0.466667 0.850000 0.464583 0.817187