1 0.014583 0.020312 0.027083 0.162500 0.354167 0.187500 0.366667 0.164062 0.416667 0.162500 0.439583 0.071875 0.110417 0.051562 0.095833 0.042188 0.025000 0.048437
1 0.316667 0.190625 0.014583 0.171875 0.020833 0.500000 0.077083 0.500000 0.045833 0.468750 0.033333 0.417188 0.041667 0.354688 0.079167 0.314063 0.062500 0.284375 0.308333 0.292188 0.306250 0.271875 0.233333 0.267188 0.220833 0.245312 0.291667 0.225000 0.308333 0.239063
1 0.025000 0.542188 0.018750 0.987500 0.095833 0.985937 0.112500 0.884375 0.256250 0.876562 0.254167 0.982813 0.522917 0.979688 0.483333 0.873438 0.568750 0.801562 0.589583 0.806250 0.641667 0.767187 0.625000 0.725000 0.433333 0.737500 0.420833 0.703125 0.364583 0.706250 0.350000 0.607813 0.370833 0.560938 0.237500 0.562500 0.210417 0.534375
2 0.779167 0.015625 0.831250 0.035937 0.852083 0.062500 0.820833 0.093750 0.662500 0.451562 0.691667 0.473437 0.668750 0.500000 0.710417 0.525000 0.722917 0.554688 0.875000 0.550000 0.985417 0.595312 0.983333 0.015625
2 0.937500 0.659375 0.941667 0.687500 0.943750 0.689062 0.943750 0.698438 0.947917 0.709375 0.947917 0.718750 0.983333 0.743750 0.983333 0.667188 0.985417 0.665625 0.985417 0.659375
2 0.912500 0.850000 0.900000 0.854688 0.885417 0.867188 0.893750 0.873438 0.897917 0.882812 0.893750 0.885938 0.860417 0.885938 0.841667 0.896875 0.904167 0.970312 0.931250 0.975000 0.947917 0.982813 0.970833 0.981250 0.985417 0.940625 0.985417 0.928125 0.977083 0.931250 0.952083 0.931250 0.939583 0.925000 0.939583 0.903125 0.952083 0.862500
2 0.795833 0.920313 0.795833 0.923437 0.808333 0.940625 0.808333 0.943750 0.820833 0.960938 0.820833 0.964063 0.835417 0.984375 0.879167 0.984375 0.885417 0.985937 0.870833 0.962500 0.822917 0.912500 0.818750 0.915625
3 0.020833 0.014062 0.031250 0.045313 0.077083 0.039062 0.112500 0.046875 0.445833 0.070312 0.452083 0.035937 0.468750 0.017188
3 0.364583 0.168750 0.362500 0.170312 0.362500 0.187500 0.368750 0.195312 0.368750 0.198437 0.372917 0.204688 0.372917 0.210938 0.377083 0.218750 0.377083 0.226562 0.400000 0.215625 0.402083 0.212500 0.414583 0.212500 0.416667 0.214062 0.418750 0.196875 0.420833 0.195312 0.420833 0.185937 0.422917 0.184375 0.422917 0.173438 0.410417 0.173438 0.406250 0.170312 0.385417 0.170312 0.383333 0.171875 0.368750 0.173438 0.366667 0.171875 0.366667 0.168750
3 0.666667 0.462500 0.652083 0.476562 0.439583 0.468750 0.435417 0.517187 0.443750 0.515625 0.456250 0.528125 0.441667 0.542188 0.445833 0.593750 0.456250 0.600000 0.464583 0.684375 0.450000 0.693750 0.460417 0.729688 0.514583 0.717188 0.629167 0.710938 0.627083 0.657812 0.652083 0.600000 0.683333 0.585938 0.697917 0.590625 0.704167 0.573438 0.693750 0.532812 0.650000 0.501562 0.650000 0.489062 0.675000 0.481250
3 0.695833 0.620313 0.681250 0.626562 0.666667 0.659375 0.666667 0.712500 0.668750 0.715625 0.691667 0.715625 0.695833 0.717188 0.700000 0.709375 0.697917 0.704687 0.685417 0.701563 0.687500 0.695312 0.702083 0.679688 0.700000 0.678125 0.700000 0.665625 0.697917 0.664062 0.697917 0.651563 0.695833 0.650000
4 0.468750 0.018750 0.443750 0.075000 0.427083 0.209375 0.454167 0.215625 0.481250 0.276563 0.464583 0.321875 0.477083 0.414062 0.454167 0.425000 0.454167 0.462500 0.645833 0.471875 0.808333 0.089062 0.835417 0.056250 0.812500 0.054688 0.758333 0.018750
4 0.081250 0.290625 0.135417 0.300000 0.122917 0.320312 0.093750 0.315625 0.106250 0.329688 0.052083 0.375000 0.052083 0.420312 0.081250 0.448438 0.056250 0.465625 0.100000 0.476562 0.100000 0.514063 0.060417 0.504687 0.014583 0.518750 0.060417 0.529688 0.079167 0.520312 0.222917 0.521875 0.220833 0.506250 0.262500 0.498437 0.279167 0.470313 0.297917 0.473437 0.320833 0.501562 0.250000 0.512500 0.239583 0.525000 0.416667 0.517187 0.404167 0.498437 0.375000 0.501562 0.343750 0.448438 0.318750 0.434375 0.308333 0.364062 0.320833 0.298438
5 0.981250 0.607813 0.847917 0.557813 0.718750 0.565625 0.702083 0.601562 0.687500 0.589063 0.662500 0.600000 0.633333 0.667188 0.662500 0.765625 0.591667 0.817187 0.560417 0.818750 0.506250 0.870313 0.537500 0.987500 0.681250 0.985937 0.781250 0.909375 0.812500 0.910937 0.820833 0.890625 0.908333 0.831250 0.972917 0.832812 0.952083 0.917188 0.979167 0.920313 0.985417 0.756250 0.937500 0.721875 0.916667 0.667188 0.927083 0.651563 0.985417 0.650000
7 0.160417 0.082813 0.160417 0.112500 0.191667 0.114063 0.193750 0.115625 0.208333 0.115625 0.210417 0.117188 0.227083 0.117188 0.229167 0.118750 0.243750 0.118750 0.245833 0.120312 0.262500 0.120312 0.264583 0.121875 0.264583 0.095312 0.266667 0.093750 0.264583 0.092188 0.250000 0.092188 0.247917 0.090625 0.235417 0.090625 0.233333 0.089062 0.218750 0.089062 0.216667 0.087500
7 0.237500 0.242188 0.237500 0.253125 0.245833 0.259375 0.266667 0.264062 0.318750 0.267188 0.314583 0.264062 0.254167 0.260938 0.245833 0.257812 0.239583 0.251563 0.239583 0.248437 0.247917 0.240625 0.270833 0.240625 0.272917 0.243750 0.279167 0.243750 0.285417 0.251563 0.297917 0.251563 0.297917 0.231250 0.285417 0.231250 0.281250 0.232812 0.277083 0.239063 0.245833 0.239063
7 0.227083 0.514063 0.229167 0.537500 0.247917 0.546875 0.287500 0.551562 0.414583 0.546875 0.420833 0.560938 0.429167 0.565625 0.433333 0.543750 0.427083 0.537500 0.416667 0.546875 0.241667 0.543750 0.227083 0.529688 0.227083 0.517187 0.235417 0.507812 0.266667 0.504687 0.275000 0.498437 0.291667 0.503125 0.312500 0.501562 0.300000 0.484375 0.285417 0.476562 0.277083 0.481250 0.275000 0.498437 0.239583 0.504687
7 0.258333 0.600000 0.145833 0.603125 0.137500 0.671875 0.256250 0.668750
7 0.258333 0.678125 0.137500 0.681250 0.127083 0.764063 0.254167 0.756250
7 0.258333 0.765625 0.125000 0.771875 0.120833 0.775000 0.112500 0.871875 0.256250 0.862500
7 0.254167 0.876562 0.112500 0.885938 0.097917 0.989062 0.252083 0.990625
8 0.447917 0.220313 0.414583 0.217187 0.404167 0.228125 0.391667 0.226562 0.335417 0.250000 0.322917 0.260938 0.320833 0.282813 0.333333 0.292188 0.333333 0.304688 0.333333 0.290625 0.354167 0.273438 0.379167 0.264062 0.387500 0.265625 0.360417 0.275000 0.339583 0.292188 0.343750 0.342187 0.354167 0.350000 0.389583 0.346875 0.456250 0.320312 0.443750 0.320312 0.425000 0.307813 0.439583 0.312500 0.462500 0.309375 0.470833 0.296875 0.470833 0.279687
8 0.337500 0.314063 0.327083 0.314063 0.327083 0.326562 0.325000 0.328125 0.325000 0.357812 0.327083 0.359375 0.327083 0.375000 0.341667 0.364062 0.366667 0.354688 0.350000 0.354688 0.339583 0.346875 0.339583 0.343750 0.337500 0.342187
8 0.460417 0.334375 0.395833 0.348437 0.370833 0.357812 0.341667 0.378125 0.341667 0.437500 0.364583 0.448438 0.375000 0.448438 0.385417 0.445312 0.416667 0.426562 0.464583 0.415625 0.466667 0.396875 0.458333 0.376563
8 0.445833 0.423438 0.431250 0.428125 0.433333 0.445312 0.420833 0.470313 0.418750 0.465625 0.427083 0.448438 0.427083 0.429688 0.406250 0.435937 0.387500 0.450000 0.377083 0.453125 0.362500 0.453125 0.352083 0.446875 0.360417 0.468750 0.381250 0.496875 0.395833 0.493750 0.402083 0.482812 0.416667 0.471875 0.418750 0.475000 0.410417 0.481250 0.414583 0.495313 0.427083 0.493750 0.431250 0.487500 0.433333 0.467187 0.437500 0.462500 0.445833 0.462500 0.450000 0.451562 0.445833 0.442187
8 0.391667 0.570312 0.389583 0.584375 0.385417 0.585938 0.377083 0.592188 0.377083 0.593750 0.381250 0.596875 0.387500 0.596875 0.391667 0.595312 0.395833 0.598437 0.395833 0.601562 0.397917 0.603125 0.412500 0.603125 0.414583 0.604688 0.431250 0.604688 0.433333 0.606250 0.439583 0.601562 0.439583 0.581250 0.433333 0.575000 0.433333 0.573438 0.427083 0.570312
8 0.447917 0.601562 0.439583 0.614062 0.387500 0.617188 0.381250 0.609375 0.372917 0.621875 0.372917 0.631250 0.383333 0.626562 0.383333 0.637500 0.370833 0.657812 0.377083 0.670313 0.427083 0.668750 0.375000 0.673437 0.377083 0.689062 0.412500 0.685938 0.454167 0.689062 0.458333 0.685938 0.458333 0.653125 0.452083 0.642187 0.454167 0.621875 0.389583 0.621875 0.454167 0.617188 0.454167 0.607813