1 0.016667 0.018750 0.014583 0.075000 0.527083 0.121875 0.529167 0.070312 0.514583 0.050000 0.262500 0.014062 0.095833 0.014062 0.070833 0.025000 0.060417 0.018750 0.045833 0.025000
1 0.014583 0.082813 0.016667 0.285937 0.566667 0.314063 0.568750 0.289062 0.493750 0.259375 0.470833 0.232812 0.358333 0.225000 0.343750 0.214062 0.347917 0.201562 0.387500 0.198437 0.470833 0.212500 0.577083 0.196875 0.581250 0.156250 0.537500 0.165625 0.525000 0.126563
1 0.504167 0.632812 0.087500 0.635938 0.050000 0.646875 0.016667 0.639063 0.014583 0.742188 0.370833 0.745313 0.410417 0.728125 0.491667 0.734375
1 0.016667 0.748438 0.014583 0.987500 0.320833 0.965625 0.310417 0.921875 0.208333 0.923437 0.193750 0.896875 0.227083 0.868750 0.297917 0.854688 0.300000 0.898438 0.314583 0.901563 0.325000 0.837500 0.316667 0.795313 0.372917 0.764063 0.377083 0.751562
2 0.585417 0.189063 0.591667 0.189063 0.593750 0.187500 0.597917 0.187500 0.600000 0.185937 0.606250 0.185937 0.608333 0.184375 0.612500 0.184375 0.614583 0.182812 0.620833 0.182812 0.622917 0.181250 0.631250 0.181250 0.631250 0.175000 0.633333 0.173438 0.633333 0.171875 0.637500 0.168750 0.639583 0.164062 0.631250 0.164062 0.629167 0.162500 0.610417 0.162500 0.608333 0.160938 0.591667 0.160938 0.591667 0.167187 0.589583 0.168750 0.589583 0.175000 0.587500 0.176563 0.587500 0.182812 0.585417 0.184375
2 0.743750 0.178125 0.745833 0.228125 0.731250 0.248437 0.606250 0.259375 0.610417 0.292188 0.593750 0.279687 0.581250 0.285937 0.579167 0.310937 0.635417 0.321875 0.597917 0.484375 0.625000 0.476562 0.760417 0.484375 0.987500 0.604688 0.985417 0.204688 0.879167 0.214062 0.829167 0.187500
3 0.533333 0.017188 0.522917 0.050000 0.533333 0.064062 0.527083 0.154687 0.537500 0.160938 0.572917 0.150000 0.841667 0.182812 0.856250 0.203125 0.885417 0.207813 0.987500 0.196875 0.989583 0.014062
3 0.016667 0.292188 0.014583 0.635938 0.506250 0.629687 0.531250 0.518750 0.514583 0.510938 0.495833 0.523438 0.431250 0.495313 0.487500 0.475000 0.585417 0.482812 0.622917 0.325000 0.083333 0.285937
3 0.491667 0.739062 0.410417 0.737500 0.402083 0.742188 0.389583 0.742188 0.383333 0.746875 0.379167 0.785937 0.387500 0.792188 0.393750 0.810938 0.393750 0.832812 0.397917 0.837500 0.395833 0.867188 0.391667 0.875000 0.395833 0.867188 0.420833 0.853125 0.481250 0.832812
4 0.443750 0.493750 0.497917 0.517187 0.510417 0.504687 0.545833 0.512500 0.522917 0.557813 0.487500 0.845312 0.518750 0.898438 0.554167 0.910937 0.587500 0.985937 0.989583 0.989062 0.987500 0.614062 0.747917 0.489062 0.520833 0.492188 0.487500 0.481250
7 0.120833 0.171875 0.118750 0.215625 0.256250 0.229687 0.254167 0.182812
7 0.127083 0.648438 0.127083 0.675000 0.250000 0.675000 0.247917 0.671875 0.247917 0.645312 0.129167 0.645312
7 0.316667 0.912500 0.310417 0.909375 0.233333 0.910937 0.210417 0.903125 0.210417 0.896875 0.222917 0.889063 0.262500 0.889063 0.272917 0.896875 0.291667 0.903125 0.295833 0.864062 0.275000 0.868750 0.262500 0.878125 0.254167 0.875000 0.245833 0.878125 0.229167 0.878125 0.202083 0.898438 0.202083 0.903125 0.210417 0.910937 0.231250 0.915625
8 0.572917 0.018750 0.568750 0.021875 0.568750 0.039062 0.579167 0.046875 0.585417 0.046875 0.587500 0.048437 0.591667 0.048437 0.593750 0.050000 0.593750 0.048437 0.602083 0.042188 0.602083 0.037500 0.604167 0.035937 0.604167 0.032812 0.606250 0.031250 0.606250 0.018750
8 0.587500 0.068750 0.577083 0.068750 0.568750 0.075000 0.564583 0.075000 0.562500 0.076563 0.560417 0.076563 0.558333 0.078125 0.556250 0.078125 0.558333 0.078125 0.560417 0.079687 0.562500 0.079687 0.564583 0.081250 0.566667 0.081250 0.577083 0.089062 0.577083 0.090625 0.579167 0.089062 0.583333 0.089062 0.587500 0.085938 0.587500 0.079687 0.589583 0.078125 0.589583 0.076563 0.591667 0.075000 0.591667 0.071875
8 0.739583 0.182812 0.733333 0.168750 0.647917 0.160938 0.635417 0.190625 0.602083 0.218750 0.577083 0.203125 0.533333 0.210938 0.489583 0.207813 0.479167 0.210938 0.481250 0.221875 0.397917 0.212500 0.393750 0.206250 0.356250 0.206250 0.352083 0.215625 0.472917 0.225000 0.508333 0.245312 0.493750 0.246875 0.495833 0.253125 0.525000 0.257812 0.562500 0.278125 0.575000 0.278125 0.587500 0.271875 0.595833 0.243750 0.620833 0.253125 0.725000 0.245312
8 0.375000 0.787500 0.368750 0.787500 0.366667 0.789062 0.352083 0.790625 0.337500 0.796875 0.327083 0.796875 0.327083 0.803125 0.329167 0.804688 0.329167 0.825000 0.345833 0.818750 0.358333 0.818750 0.358333 0.817187 0.370833 0.807813 0.385417 0.807813 0.381250 0.803125 0.381250 0.800000 0.379167 0.798437 0.379167 0.795313 0.377083 0.793750 0.377083 0.790625
8 0.391667 0.835938 0.333333 0.835938 0.327083 0.848437 0.325000 0.890625 0.362500 0.890625 0.370833 0.885938 0.375000 0.881250 0.379167 0.870313 0.387500 0.864062 0.387500 0.846875 0.391667 0.840625
8 0.585417 0.987500 0.550000 0.910937 0.516667 0.901563 0.479167 0.835938 0.410417 0.860937 0.387500 0.884375 0.347917 0.907812 0.325000 0.912500 0.322917 0.931250 0.335417 0.951563 0.333333 0.984375 0.477083 0.987500 0.464583 0.954687 0.468750 0.934375 0.483333 0.987500