1 0.014583 0.114063 0.014583 0.720312 0.385417 0.709375 0.066667 0.721875 0.031250 0.893750 0.527083 0.857813 0.497917 0.735937 0.383333 0.707812 0.425000 0.706250 0.443750 0.590625 0.625000 0.618750 0.662500 0.525000 0.475000 0.520312 0.447917 0.451562 0.379167 0.440625 0.385417 0.370313 0.466667 0.353125 0.389583 0.265625 0.475000 0.250000 0.241667 0.234375 0.210417 0.203125 0.314583 0.150000 0.337500 0.223438 0.481250 0.231250 0.579167 0.165625
1 0.525000 0.862500 0.027083 0.900000 0.016667 0.881250 0.014583 0.945312 0.510417 0.914062
2 0.810417 0.368750 0.816667 0.400000 0.800000 0.431250 0.741667 0.492188 0.741667 0.501562 0.764583 0.506250 0.766667 0.521875 0.697917 0.518750 0.672917 0.526563 0.631250 0.621875 0.656250 0.621875 0.687500 0.635938 0.693750 0.610937 0.720833 0.614062 0.827083 0.679688 0.856250 0.653125 0.887500 0.659375 0.933333 0.629687 0.987500 0.632812 0.987500 0.528125
2 0.987500 0.750000 0.893750 0.717188 0.860417 0.726562 0.829167 0.707812 0.814583 0.828125 0.793750 0.848437 0.647917 0.856250 0.585417 0.850000 0.556250 0.820312 0.543750 0.834375 0.554167 0.754687 0.522917 0.742188 0.537500 0.842188 0.504167 0.739062 0.535417 0.862500 0.502083 0.984375 0.989583 0.987500
2 0.593750 0.771875 0.581250 0.781250 0.581250 0.785937 0.583333 0.787500 0.583333 0.792188 0.585417 0.793750 0.591667 0.804688 0.602083 0.812500 0.602083 0.814062 0.604167 0.814062 0.608333 0.817187 0.610417 0.817187 0.618750 0.821875 0.616667 0.820312 0.616667 0.817187 0.614583 0.815625 0.614583 0.812500 0.612500 0.810938 0.612500 0.806250 0.610417 0.804688 0.610417 0.801562 0.608333 0.800000 0.608333 0.796875 0.606250 0.795313 0.606250 0.792188 0.604167 0.790625 0.604167 0.785937 0.602083 0.784375 0.602083 0.781250 0.600000 0.779688 0.597917 0.771875
3 0.508333 0.201562 0.500000 0.218750 0.518750 0.279687 0.512500 0.300000 0.495833 0.300000 0.500000 0.335938 0.475000 0.342187 0.470833 0.373437 0.495833 0.392188 0.462500 0.453125 0.472917 0.512500 0.485417 0.520312 0.483333 0.512500 0.495833 0.510938 0.520833 0.521875 0.764583 0.518750 0.731250 0.492188 0.804167 0.409375 0.800000 0.362500 0.633333 0.210938
4 0.014583 0.014062 0.014583 0.076563 0.200000 0.092188 0.033333 0.085938 0.031250 0.115625 0.595833 0.146875 0.597917 0.178125 0.987500 0.523438 0.989583 0.014062 0.727083 0.015625 0.679167 0.150000 0.635417 0.167187 0.552083 0.131250 0.220833 0.106250 0.456250 0.112500 0.406250 0.078125 0.418750 0.015625
4 0.987500 0.643750 0.964583 0.635938 0.916667 0.640625 0.885417 0.668750 0.872917 0.662500 0.856250 0.662500 0.852083 0.671875 0.839583 0.681250 0.822917 0.681250 0.812500 0.687500 0.814583 0.696875 0.839583 0.703125 0.862500 0.720312 0.872917 0.720312 0.895833 0.712500 0.912500 0.726562 0.931250 0.734375 0.981250 0.742188 0.985417 0.740625
5 0.439583 0.601562 0.431250 0.709375 0.464583 0.731250 0.500000 0.731250 0.562500 0.753125 0.552083 0.771875 0.554167 0.807813 0.595833 0.846875 0.629167 0.846875 0.631250 0.837500 0.666667 0.846875 0.791667 0.840625 0.808333 0.815625 0.820833 0.714063 0.804167 0.696875 0.814583 0.675000 0.702083 0.615625 0.700000 0.634375 0.677083 0.640625 0.656250 0.628125 0.612500 0.626562 0.604167 0.617188 0.564583 0.626562 0.518750 0.610937 0.445833 0.596875
7 0.216667 0.207813 0.222917 0.220313 0.245833 0.231250 0.481250 0.243750 0.491667 0.259375 0.506250 0.256250 0.506250 0.231250 0.495833 0.221875 0.487500 0.225000 0.485417 0.237500 0.250000 0.229687 0.231250 0.223438 0.222917 0.206250 0.237500 0.196875 0.279167 0.198437 0.310417 0.215625 0.343750 0.210938 0.345833 0.181250 0.314583 0.153125 0.285417 0.168750 0.279167 0.189063 0.233333 0.193750
7 0.125000 0.250000 0.129167 0.346875 0.262500 0.353125 0.264583 0.262500
7 0.133333 0.356250 0.137500 0.439063 0.264583 0.443750 0.262500 0.359375
7 0.141667 0.445312 0.147917 0.515625 0.262500 0.521875 0.262500 0.450000
7 0.150000 0.521875 0.154167 0.585938 0.262500 0.585938 0.262500 0.526563
7 0.300000 0.715625 0.258333 0.715625 0.256250 0.717188 0.210417 0.717188 0.208333 0.718750 0.204167 0.718750 0.202083 0.742188 0.206250 0.740625 0.300000 0.739062
7 0.212500 0.750000 0.210417 0.751562 0.206250 0.812500 0.214583 0.810938 0.289583 0.810938 0.291667 0.753125 0.293750 0.750000
7 0.516667 0.935938 0.066667 0.971875 0.072917 0.989062 0.497917 0.987500
8 0.422917 0.017188 0.414583 0.078125 0.425000 0.093750 0.475000 0.112500 0.587500 0.134375 0.641667 0.159375 0.654167 0.160938 0.670833 0.151562 0.695833 0.050000 0.716667 0.015625
8 0.400000 0.265625 0.397917 0.279687 0.408333 0.282813 0.437500 0.282813 0.447917 0.292188 0.506250 0.295312 0.508333 0.296875 0.508333 0.292188 0.512500 0.284375 0.512500 0.275000 0.508333 0.264062 0.450000 0.264062 0.445833 0.267188 0.437500 0.267188 0.435417 0.268750 0.412500 0.268750
8 0.412500 0.306250 0.414583 0.312500 0.427083 0.321875 0.431250 0.332812 0.439583 0.332812 0.441667 0.334375 0.450000 0.334375 0.452083 0.335938 0.462500 0.335938 0.464583 0.337500 0.475000 0.337500 0.477083 0.339063 0.479167 0.337500 0.493750 0.335938 0.493750 0.332812 0.491667 0.331250 0.491667 0.303125 0.487500 0.301562 0.435417 0.300000 0.429167 0.306250
8 0.400000 0.378125 0.393750 0.387500 0.393750 0.401563 0.389583 0.407813 0.389583 0.414062 0.400000 0.431250 0.468750 0.432813 0.468750 0.425000 0.475000 0.418750 0.479167 0.418750 0.483333 0.410937 0.485417 0.400000 0.479167 0.398438 0.481250 0.381250 0.475000 0.376563 0.406250 0.376563 0.418750 0.396875 0.414583 0.398438
8 0.389583 0.429688 0.389583 0.440625 0.406250 0.440625 0.408333 0.442187 0.427083 0.442187 0.429167 0.443750 0.447917 0.443750 0.450000 0.445312 0.454167 0.445312 0.464583 0.453125 0.464583 0.450000 0.466667 0.448438 0.464583 0.446875 0.464583 0.443750 0.468750 0.440625 0.466667 0.439063 0.433333 0.439063 0.431250 0.437500 0.400000 0.437500
8 0.231250 0.598437 0.231250 0.606250 0.233333 0.607813 0.233333 0.617188 0.235417 0.618750 0.250000 0.618750 0.252083 0.620313 0.254167 0.620313 0.254167 0.610937 0.256250 0.609375 0.256250 0.600000 0.254167 0.598437
8 0.229167 0.679688 0.229167 0.692187 0.262500 0.692187 0.262500 0.681250 0.260417 0.681250 0.258333 0.679688