1 0.012500 0.014062 0.012500 0.239063 0.016667 0.140625 0.114583 0.143750 0.133333 0.260938 0.014583 0.256250 0.016667 0.517187 0.420833 0.514063 0.433333 0.476562 0.379167 0.487500 0.364583 0.468750 0.383333 0.443750 0.456250 0.451562 0.456250 0.429688 0.418750 0.412500 0.412500 0.382812 0.354167 0.379687 0.397917 0.035937 0.437500 0.040625 0.441667 0.018750
1 0.018750 0.523438 0.016667 0.989062 0.647917 0.987500 0.635417 0.959375 0.345833 0.959375 0.339583 0.921875 0.400000 0.921875 0.379167 0.889063 0.389583 0.843750 0.302083 0.846875 0.289583 0.889063 0.083333 0.889063 0.091667 0.842188 0.343750 0.815625 0.260417 0.778125 0.264583 0.753125 0.431250 0.712500 0.568750 0.714063 0.510417 0.532812
2 0.781250 0.018750 0.772917 0.029687 0.827083 0.032812 0.866667 0.071875 0.860417 0.087500 0.814583 0.084375 0.804167 0.115625 0.783333 0.123438 0.985417 0.401563 0.985417 0.014062
2 0.987500 0.512500 0.764583 0.728125 0.770833 0.740625 0.706250 0.748438 0.731250 0.764063 0.660417 0.768750 0.704167 0.928125 0.643750 0.957812 0.656250 0.985937 0.989583 0.987500
3 0.693750 0.020312 0.722917 0.060938 0.729167 0.064062 0.735417 0.078125 0.806250 0.076563 0.808333 0.079687 0.860417 0.081250 0.858333 0.071875 0.831250 0.040625 0.762500 0.035937 0.760417 0.031250 0.768750 0.015625
3 0.477083 0.432813 0.477083 0.439063 0.466667 0.445312 0.464583 0.457812 0.470833 0.459375 0.466667 0.464063 0.470833 0.465625 0.470833 0.506250 0.472917 0.507812 0.466667 0.525000 0.493750 0.535937 0.500000 0.532812 0.506250 0.523438 0.520833 0.523438 0.529167 0.526563 0.508333 0.446875 0.500000 0.446875
3 0.433333 0.717188 0.429167 0.737500 0.441667 0.767187 0.435417 0.775000 0.439583 0.848437 0.431250 0.851562 0.443750 0.859375 0.441667 0.898438 0.456250 0.950000 0.443750 0.959375 0.654167 0.951563 0.691667 0.928125 0.693750 0.898438 0.652083 0.768750 0.585417 0.735937 0.572917 0.718750 0.441667 0.726562
4 0.700000 0.076563 0.472917 0.050000 0.468750 0.076563 0.441667 0.084375 0.433333 0.046875 0.402083 0.039062 0.356250 0.378125 0.412500 0.378125 0.427083 0.307813 0.447917 0.276563 0.431250 0.221875 0.454167 0.148438 0.450000 0.118750 0.470833 0.101562 0.470833 0.082813 0.568750 0.114063 0.608333 0.085938 0.695833 0.085938
4 0.710417 0.082813 0.608333 0.092188 0.570833 0.118750 0.602083 0.143750 0.508333 0.426562 0.575000 0.715625 0.662500 0.765625 0.706250 0.762500 0.704167 0.743750 0.764583 0.740625 0.758333 0.729688 0.987500 0.506250 0.985417 0.407813 0.756250 0.098438
7 0.443750 0.076563 0.458333 0.073437 0.460417 0.039062 0.472917 0.035937 0.731250 0.070312 0.725000 0.062500 0.464583 0.032812 0.454167 0.017188 0.454167 0.039062 0.445833 0.043750
7 0.193750 0.031250 0.200000 0.120312 0.322917 0.128125 0.329167 0.039062
7 0.806250 0.078125 0.770833 0.078125 0.768750 0.079687 0.766667 0.079687 0.768750 0.081250 0.768750 0.098438 0.770833 0.100000 0.770833 0.106250 0.772917 0.107813 0.772917 0.112500 0.775000 0.114063 0.777083 0.114063 0.779167 0.115625 0.783333 0.115625 0.785417 0.117188 0.789583 0.114063 0.795833 0.112500 0.797917 0.104687 0.800000 0.103125 0.800000 0.101562 0.802083 0.100000 0.802083 0.096875 0.804167 0.095312 0.804167 0.087500 0.806250 0.085938
7 0.018750 0.140625 0.014583 0.254687 0.131250 0.262500 0.118750 0.146875
7 0.154167 0.157813 0.160417 0.262500 0.343750 0.279687 0.352083 0.176563
7 0.208333 0.301562 0.210417 0.359375 0.212500 0.362500 0.293750 0.365625 0.297917 0.367188 0.297917 0.306250 0.293750 0.304688
7 0.091667 0.403125 0.114583 0.487500 0.339583 0.492188 0.341667 0.403125 0.104167 0.395312
7 0.368750 0.476562 0.377083 0.476562 0.381250 0.479688 0.381250 0.481250 0.381250 0.471875 0.383333 0.470313 0.441667 0.470313 0.447917 0.465625 0.450000 0.465625 0.454167 0.462500 0.454167 0.460938 0.387500 0.459375 0.381250 0.451562 0.372917 0.457812 0.368750 0.464063
7 0.447917 0.562500 0.387500 0.571875 0.135417 0.575000 0.116667 0.701563 0.462500 0.689062
7 0.287500 0.835938 0.300000 0.839063 0.314583 0.837500 0.333333 0.832812 0.337500 0.829687 0.350000 0.829687 0.358333 0.832812 0.389583 0.834375 0.420833 0.842188 0.427083 0.842188 0.433333 0.837500 0.429167 0.823438 0.422917 0.818750 0.418750 0.818750 0.414583 0.831250 0.412500 0.829687 0.389583 0.829687 0.387500 0.831250 0.372917 0.829687 0.358333 0.825000 0.335417 0.823438 0.322917 0.818750 0.306250 0.818750 0.293750 0.826563
7 0.220833 0.828125 0.218750 0.832812 0.218750 0.882812 0.222917 0.887500 0.229167 0.885938 0.289583 0.885938 0.295833 0.881250 0.295833 0.842188 0.293750 0.840625 0.287500 0.840625 0.281250 0.832812 0.277083 0.831250
7 0.154167 0.837500 0.150000 0.842188 0.150000 0.881250 0.206250 0.882812 0.210417 0.884375 0.210417 0.835938
7 0.095833 0.846875 0.095833 0.854688 0.093750 0.856250 0.093750 0.864062 0.091667 0.865625 0.091667 0.871875 0.089583 0.873438 0.089583 0.881250 0.110417 0.881250 0.112500 0.882812 0.137500 0.882812 0.141667 0.884375 0.141667 0.845312 0.102083 0.845312 0.100000 0.846875
7 0.347917 0.926562 0.347917 0.950000 0.350000 0.953125 0.354167 0.953125 0.356250 0.951563 0.410417 0.951563 0.408333 0.950000 0.408333 0.939062 0.406250 0.937500 0.406250 0.929688 0.402083 0.928125 0.375000 0.928125 0.372917 0.926562
8 0.479167 0.087500 0.477083 0.109375 0.460417 0.109375 0.456250 0.115625 0.458333 0.145313 0.447917 0.173438 0.439583 0.248437 0.458333 0.270312 0.487500 0.270312 0.541667 0.296875 0.552083 0.292188 0.562500 0.221875 0.579167 0.184375 0.579167 0.167187 0.593750 0.142188 0.541667 0.131250 0.545833 0.128125 0.568750 0.134375 0.545833 0.114063 0.520833 0.104687 0.504167 0.104687
8 0.454167 0.273438 0.441667 0.290625 0.441667 0.301562 0.429167 0.329688 0.420833 0.406250 0.454167 0.418750 0.487500 0.437500 0.504167 0.440625 0.529167 0.360938 0.531250 0.337500 0.552083 0.304688 0.525000 0.298438 0.502083 0.281250 0.485417 0.276563 0.466667 0.281250
8 0.341667 0.790625 0.339583 0.785937 0.339583 0.746875 0.337500 0.745313 0.331250 0.745313 0.331250 0.748438 0.322917 0.760938 0.318750 0.757812 0.314583 0.750000 0.314583 0.753125 0.308333 0.759375 0.295833 0.765625 0.287500 0.762500 0.281250 0.767187 0.277083 0.767187 0.268750 0.760938 0.266667 0.760938 0.262500 0.765625 0.262500 0.768750 0.270833 0.778125 0.281250 0.781250 0.287500 0.785937 0.302083 0.785937 0.314583 0.779688 0.318750 0.779688 0.335417 0.790625
8 0.429167 0.746875 0.416667 0.751562 0.410417 0.756250 0.408333 0.759375 0.404167 0.754687 0.395833 0.751562 0.393750 0.754687 0.389583 0.754687 0.381250 0.757812 0.379167 0.759375 0.379167 0.770312 0.385417 0.770312 0.387500 0.771875 0.393750 0.768750 0.400000 0.768750 0.406250 0.773438 0.412500 0.773438 0.420833 0.776563 0.431250 0.776563 0.435417 0.773438 0.437500 0.773438 0.435417 0.771875 0.435417 0.767187 0.429167 0.759375
8 0.425000 0.892187 0.410417 0.904688 0.410417 0.932813 0.412500 0.934375 0.412500 0.946875 0.414583 0.948438 0.414583 0.959375 0.416667 0.960938 0.435417 0.960938 0.437500 0.959375 0.441667 0.959375 0.450000 0.953125 0.447917 0.951563 0.447917 0.942187 0.445833 0.940625 0.445833 0.932813 0.443750 0.931250 0.443750 0.921875 0.441667 0.920313 0.441667 0.910937 0.439583 0.909375 0.437500 0.892187