1 0.016667 0.015625 0.014583 0.165625 0.218750 0.181250 0.181250 0.042188 0.195833 0.034375 0.204167 0.014062
1 0.222917 0.014062 0.239583 0.079687 0.316667 0.076563 0.335417 0.100000 0.247917 0.159375 0.247917 0.182812 0.416667 0.196875 0.404167 0.156250 0.445833 0.167187 0.450000 0.198437 0.485417 0.135937 0.481250 0.110937 0.466667 0.129688 0.343750 0.117188 0.343750 0.082813 0.406250 0.095312 0.345833 0.068750 0.372917 0.062500 0.410417 0.076563 0.368750 0.056250 0.339583 0.065625 0.329167 0.034375 0.356250 0.028125 0.350000 0.014062 0.522917 0.014062 0.537500 0.026563 0.527083 0.048437 0.556250 0.014062
1 0.458333 0.200000 0.722917 0.220313 0.808333 0.085938 0.872917 0.064062 0.904167 0.029687 0.933333 0.014062 0.579167 0.014062
1 0.412500 0.053125 0.414583 0.054688 0.435417 0.035937 0.466667 0.035937 0.468750 0.037500 0.495833 0.037500 0.502083 0.040625 0.514583 0.059375 0.518750 0.054688 0.516667 0.056250 0.510417 0.050000 0.510417 0.040625 0.506250 0.035937 0.452083 0.035937 0.441667 0.032812 0.433333 0.032812 0.429167 0.037500 0.420833 0.040625 0.418750 0.051562
1 0.439583 0.056250 0.414583 0.076563 0.418750 0.078125 0.445833 0.057813 0.470833 0.057813 0.475000 0.084375 0.466667 0.092188 0.456250 0.087500 0.450000 0.087500 0.429167 0.093750 0.452083 0.092188 0.462500 0.096875 0.472917 0.093750 0.479167 0.098438 0.481250 0.107813 0.485417 0.109375 0.489583 0.104687 0.479167 0.096875 0.481250 0.053125
1 0.018750 0.495313 0.016667 0.989062 0.395833 0.987500 0.400000 0.867188 0.447917 0.853125 0.456250 0.812500 0.475000 0.853125 0.704167 0.840625 0.660417 0.796875 0.600000 0.798437 0.602083 0.714063 0.637500 0.715625 0.664583 0.545313 0.772917 0.539062 0.775000 0.514063
2 0.810417 0.420312 0.785417 0.535937 0.854167 0.542188 0.879167 0.571875 0.870833 0.581250 0.820833 0.581250 0.777083 0.607813 0.777083 0.784375 0.866667 0.845312 0.858333 0.860937 0.816667 0.854688 0.800000 0.884375 0.897917 0.981250 0.987500 0.985937 0.987500 0.559375 0.887500 0.439063 0.843750 0.418750
3 0.212500 0.010937 0.206250 0.012500 0.197917 0.034375 0.183333 0.042188 0.227083 0.209375 0.237500 0.215625 0.245833 0.187500 0.245833 0.159375 0.272917 0.151562 0.293750 0.132812 0.308333 0.126563 0.310417 0.115625 0.333333 0.100000 0.316667 0.078125 0.241667 0.082813 0.225000 0.017188
3 0.577083 0.012500 0.560417 0.012500 0.552083 0.025000 0.539583 0.031250 0.527083 0.053125 0.514583 0.060938 0.512500 0.082813 0.497917 0.103125 0.483333 0.109375 0.479167 0.125000 0.487500 0.135937 0.475000 0.145313 0.470833 0.160938 0.458333 0.175000 0.458333 0.189063 0.445833 0.207813 0.443750 0.221875
3 0.627083 0.095312 0.537500 0.089062 0.489583 0.175000 0.506250 0.168750 0.512500 0.160938 0.535417 0.146875 0.547917 0.132812 0.568750 0.126563 0.600000 0.112500
4 0.479167 0.870313 0.487500 0.884375 0.483333 0.895312 0.500000 0.893750 0.516667 0.906250 0.562500 0.904688 0.591667 0.928125 0.602083 0.909375 0.600000 0.928125 0.618750 0.942187 0.614583 0.987500 0.891667 0.985937 0.781250 0.881250 0.772917 0.862500 0.750000 0.867188 0.712500 0.859375 0.689583 0.865625 0.697917 0.859375
4 0.412500 0.870313 0.408333 0.882812 0.408333 0.984375 0.470833 0.987500 0.464583 0.943750 0.475000 0.926562 0.481250 0.903125 0.470833 0.907812 0.447917 0.906250 0.443750 0.903125 0.435417 0.870313
5 0.958333 0.014062 0.862500 0.081250 0.816667 0.089062 0.697917 0.256250 0.658333 0.339063 0.689583 0.382812 0.739583 0.382812 0.783333 0.410937 0.852083 0.406250 0.877083 0.415625 0.989583 0.548437 0.989583 0.014062
6 0.672917 0.543750 0.662500 0.584375 0.679167 0.553125 0.729167 0.562500 0.733333 0.578125 0.729167 0.618750 0.695833 0.626562 0.685417 0.701563 0.704167 0.715625 0.681250 0.720312 0.691667 0.770312 0.677083 0.771875 0.666667 0.803125 0.733333 0.859375 0.812500 0.843750 0.858333 0.853125 0.764583 0.782812 0.768750 0.621875 0.785417 0.582812 0.868750 0.573438 0.870833 0.556250 0.854167 0.548437
7 0.333333 0.162500 0.333333 0.176563 0.335417 0.178125 0.343750 0.178125 0.345833 0.179688 0.356250 0.179688 0.358333 0.181250 0.366667 0.181250 0.368750 0.182812 0.379167 0.182812 0.381250 0.184375 0.391667 0.184375 0.393750 0.185937 0.393750 0.181250 0.395833 0.179688 0.395833 0.175000 0.397917 0.173438 0.397917 0.167187 0.381250 0.167187 0.379167 0.165625 0.364583 0.165625 0.362500 0.164062 0.347917 0.164062 0.345833 0.162500
7 0.014583 0.256250 0.025000 0.492188 0.789583 0.509375 0.797917 0.421875 0.729167 0.384375 0.677083 0.379687 0.652083 0.359375 0.641667 0.328125 0.666667 0.304688 0.658333 0.293750
7 0.056250 0.684375 0.050000 0.862500 0.377083 0.850000 0.381250 0.676562 0.104167 0.684375 0.093750 0.676562 0.072917 0.676562
7 0.450000 0.900000 0.470833 0.903125 0.477083 0.898438 0.477083 0.884375 0.468750 0.871875 0.472917 0.862500 0.716667 0.850000 0.685417 0.846875 0.464583 0.859375 0.468750 0.818750 0.456250 0.818750 0.458333 0.864062 0.443750 0.867188
7 0.800000 0.851562 0.797917 0.851562 0.793750 0.854688 0.793750 0.856250 0.787500 0.860937 0.787500 0.871875 0.789583 0.873438 0.789583 0.878125 0.791667 0.879687 0.800000 0.879687 0.800000 0.875000 0.802083 0.873438 0.802083 0.870313 0.804167 0.868750 0.804167 0.854688
7 0.331250 0.884375 0.206250 0.893750 0.208333 0.978125 0.331250 0.964063
8 0.350000 0.015625 0.358333 0.028125 0.341667 0.025000 0.329167 0.039062 0.339583 0.064062 0.368750 0.054688 0.412500 0.076563 0.372917 0.064062 0.345833 0.070312 0.408333 0.095312 0.343750 0.084375 0.343750 0.115625 0.466667 0.128125 0.477083 0.098438 0.433333 0.092188 0.466667 0.090625 0.470833 0.059375 0.445833 0.059375 0.412500 0.076563 0.443750 0.053125 0.481250 0.051562 0.481250 0.096875 0.491667 0.104687 0.514583 0.062500 0.495833 0.039062 0.435417 0.037500 0.418750 0.053125 0.418750 0.040625 0.433333 0.031250 0.506250 0.034375 0.516667 0.054688 0.535417 0.026563 0.522917 0.015625
8 0.322917 0.109375 0.322917 0.128125 0.325000 0.134375 0.331250 0.137500 0.337500 0.137500 0.352083 0.142188 0.364583 0.134375 0.370833 0.134375 0.385417 0.139062 0.420833 0.159375 0.431250 0.156250 0.450000 0.156250 0.454167 0.150000 0.454167 0.146875 0.445833 0.140625 0.437500 0.139062 0.427083 0.128125 0.395833 0.128125 0.370833 0.121875 0.339583 0.120312 0.335417 0.117188 0.335417 0.109375
8 0.402083 0.157813 0.418750 0.179688 0.418750 0.184375 0.420833 0.185937 0.418750 0.189063 0.418750 0.207813 0.420833 0.209375 0.420833 0.212500 0.429167 0.220313 0.437500 0.220313 0.439583 0.204688 0.441667 0.203125 0.441667 0.193750 0.452083 0.184375 0.452083 0.178125 0.443750 0.167187 0.435417 0.160938 0.429167 0.160938 0.422917 0.164062
8 0.250000 0.339063 0.243750 0.339063 0.216667 0.353125 0.200000 0.365625 0.193750 0.375000 0.193750 0.390625 0.202083 0.403125 0.220833 0.421875 0.239583 0.434375 0.247917 0.429688 0.227083 0.409375 0.218750 0.396875 0.214583 0.381250 0.222917 0.370313 0.252083 0.343750
8 0.372917 0.375000 0.372917 0.378125 0.370833 0.379687 0.370833 0.395312 0.381250 0.403125 0.393750 0.403125 0.395833 0.404687 0.406250 0.404687 0.408333 0.406250 0.412500 0.403125 0.422917 0.400000 0.422917 0.393750 0.425000 0.392188 0.425000 0.385938 0.427083 0.384375 0.416667 0.370313 0.414583 0.370313 0.412500 0.368750 0.408333 0.368750 0.406250 0.367188 0.387500 0.367188 0.379167 0.371875 0.377083 0.371875
8 0.168750 0.539062 0.168750 0.632812 0.179167 0.631250 0.189583 0.639063 0.206250 0.632812 0.216667 0.634375 0.229167 0.631250 0.239583 0.639063 0.254167 0.632812 0.264583 0.635938 0.283333 0.631250 0.316667 0.634375 0.316667 0.615625 0.325000 0.598437 0.320833 0.585938 0.320833 0.540625 0.283333 0.534375 0.250000 0.535937 0.245833 0.532812 0.191667 0.534375
8 0.675000 0.557813 0.672917 0.559375 0.672917 0.573438 0.670833 0.575000 0.668750 0.606250 0.702083 0.618750 0.727083 0.618750 0.729167 0.567187 0.731250 0.565625 0.702083 0.557813
8 0.610417 0.720312 0.616667 0.728125 0.616667 0.771875 0.618750 0.778125 0.606250 0.785937 0.606250 0.792188 0.612500 0.796875 0.629167 0.790625 0.654167 0.789062 0.670833 0.782812 0.670833 0.765625 0.672917 0.764063 0.672917 0.742188 0.670833 0.739062 0.654167 0.728125 0.641667 0.725000 0.622917 0.725000
8 0.485417 0.904688 0.485417 0.921875 0.497917 0.929688 0.493750 0.931250 0.477083 0.925000 0.470833 0.934375 0.470833 0.948438 0.477083 0.962500 0.475000 0.985937 0.606250 0.982813 0.606250 0.964063 0.612500 0.943750 0.585417 0.942187 0.604167 0.935938 0.602083 0.932813 0.585417 0.934375 0.572917 0.929688 0.552083 0.914062 0.541667 0.910937 0.512500 0.912500 0.502083 0.906250