1 0.437500 0.015625 0.377083 0.167187 0.556250 0.184375 0.572917 0.075000 0.610417 0.015625
1 0.558333 0.195312 0.368750 0.173438 0.208333 0.200000 0.016667 0.164062 0.014583 0.984375 0.037500 0.815625 0.643750 0.806250 0.654167 0.726562 0.489583 0.726562 0.458333 0.643750 0.020833 0.635938 0.031250 0.429688 0.477083 0.453125 0.491667 0.329688 0.416667 0.289062 0.552083 0.243750
1 0.491667 0.815625 0.043750 0.823438 0.037500 0.935938 0.066667 0.859375 0.489583 0.854688
2 0.985417 0.270312 0.935417 0.295312 0.747917 0.271875 0.731250 0.335938 0.775000 0.334375 0.787500 0.351562 0.754167 0.356250 0.710417 0.632812 0.729167 0.659375 0.681250 0.668750 0.650000 0.807813 0.500000 0.817187 0.500000 0.850000 0.556250 0.857813 0.627083 0.984375 0.989583 0.987500
3 0.612500 0.020312 0.581250 0.076563 0.560417 0.248437 0.937500 0.289062 0.983333 0.251563 0.983333 0.020312 0.872917 0.020312 0.841667 0.051562 0.793750 0.046875 0.718750 0.101562 0.720833 0.039062
3 0.543750 0.250000 0.508333 0.268750 0.460417 0.675000 0.489583 0.715625 0.670833 0.720312 0.672917 0.662500 0.727083 0.656250 0.704167 0.648438 0.745833 0.351562 0.775000 0.348437 0.772917 0.340625 0.729167 0.345313 0.735417 0.270312 0.589583 0.254687 0.558333 0.262500
7 0.014583 0.010937 0.012500 0.156250 0.204167 0.190625 0.227083 0.171875 0.256250 0.168750 0.358333 0.182812 0.427083 0.015625
7 0.039583 0.426562 0.025000 0.625000 0.460417 0.634375 0.477083 0.454688
7 0.604167 0.942187 0.554167 0.857813 0.072917 0.864062 0.033333 0.975000 0.597917 0.948438
8 0.645833 0.015625 0.654167 0.028125 0.718750 0.035937 0.722917 0.039062 0.718750 0.100000 0.793750 0.045313 0.806250 0.043750 0.841667 0.050000 0.872917 0.018750
8 0.641667 0.093750 0.635417 0.093750 0.591667 0.137500 0.579167 0.139062 0.579167 0.173438 0.587500 0.204688 0.608333 0.210938 0.645833 0.192188 0.658333 0.098438
8 0.437500 0.273438 0.431250 0.278125 0.431250 0.295312 0.443750 0.306250 0.452083 0.309375 0.458333 0.314063 0.462500 0.314063 0.475000 0.318750 0.479167 0.321875 0.481250 0.320312 0.493750 0.320312 0.504167 0.312500 0.504167 0.303125 0.506250 0.301562 0.504167 0.285937 0.489583 0.273438 0.475000 0.268750 0.454167 0.268750 0.452083 0.270312