1 0.014583 0.295312 0.320833 0.317187 0.295833 0.290625 0.312500 0.250000 0.237500 0.242188 0.216667 0.262500 0.156250 0.234375 0.154167 0.207813 0.212500 0.173438 0.225000 0.221875 0.306250 0.229687 0.333333 0.195312 0.372917 0.184375 0.495833 0.190625 0.508333 0.146875 0.650000 0.015625 0.012500 0.014062
1 0.022917 0.798437 0.014583 0.956250 0.468750 0.954687 0.431250 0.931250 0.318750 0.926562 0.287500 0.876562 0.254167 0.878125 0.260417 0.857813 0.295833 0.848437 0.297917 0.826563 0.204167 0.829687 0.181250 0.867188 0.125000 0.839063 0.127083 0.812500 0.191667 0.776563 0.204167 0.815625 0.293750 0.810938 0.312500 0.776563 0.150000 0.773438 0.037500 0.785937
2 0.697917 0.012500 0.545833 0.134375 0.591667 0.175000 0.787500 0.167187 0.864583 0.235938 0.818750 0.284375 0.793750 0.867188 0.847917 0.898438 0.802083 0.951563 0.989583 0.959375 0.989583 0.023438
3 0.475000 0.210938 0.377083 0.201562 0.366667 0.195312 0.343750 0.226562 0.343750 0.232812 0.354167 0.232812 0.356250 0.237500 0.345833 0.253125 0.341667 0.253125 0.339583 0.290625 0.345833 0.292188 0.345833 0.310937 0.341667 0.315625 0.364583 0.315625 0.404167 0.298438 0.418750 0.287500 0.452083 0.251563
3 0.327083 0.782812 0.327083 0.792188 0.347917 0.807813 0.343750 0.845312 0.329167 0.845312 0.318750 0.831250 0.316667 0.848437 0.325000 0.846875 0.331250 0.859375 0.333333 0.887500 0.318750 0.889063 0.331250 0.912500 0.341667 0.920313 0.435417 0.920313 0.391667 0.853125 0.391667 0.829687 0.383333 0.812500 0.358333 0.804688
4 0.702083 0.159375 0.495833 0.195312 0.420833 0.287500 0.316667 0.359375 0.233333 0.345313 0.129167 0.359375 0.064583 0.570312 0.104167 0.715625 0.137500 0.750000 0.322917 0.757812 0.383333 0.803125 0.447917 0.926562 0.577083 0.962500 0.816667 0.976562 0.787500 0.932813 0.829167 0.893750 0.781250 0.876562 0.816667 0.284375 0.860417 0.237500 0.802083 0.175000
7 0.156250 0.207813 0.158333 0.234375 0.216667 0.260938 0.237500 0.240625 0.343750 0.253125 0.354167 0.234375 0.225000 0.223438 0.220833 0.220313 0.214583 0.175000
7 0.018750 0.304688 0.014583 0.767187 0.295833 0.759375 0.289583 0.750000 0.135417 0.750000 0.102083 0.715625 0.062500 0.531250 0.122917 0.362500 0.158333 0.343750 0.295833 0.353125 0.322917 0.326562
7 0.127083 0.815625 0.127083 0.839063 0.181250 0.865625 0.195833 0.834375 0.204167 0.828125 0.297917 0.825000 0.320833 0.831250 0.316667 0.804688 0.293750 0.812500 0.204167 0.817187 0.200000 0.814062 0.193750 0.778125
8 0.500000 0.190625 0.527083 0.189063 0.529167 0.187500 0.539583 0.187500 0.541667 0.185937 0.550000 0.185937 0.552083 0.184375 0.581250 0.181250 0.570833 0.164062 0.554167 0.151562 0.535417 0.142188 0.525000 0.142188 0.514583 0.145313 0.514583 0.153125 0.512500 0.154687 0.512500 0.160938 0.510417 0.162500 0.508333 0.178125
8 0.300000 0.271875 0.297917 0.273438 0.297917 0.290625 0.300000 0.293750 0.331250 0.293750 0.333333 0.295312 0.333333 0.317187 0.335417 0.320312 0.335417 0.318750 0.343750 0.310937 0.343750 0.292188 0.339583 0.292188 0.337500 0.290625 0.337500 0.270312
8 0.297917 0.368750 0.247917 0.434375 0.247917 0.448438 0.302083 0.465625 0.285417 0.470313 0.254167 0.518750 0.295833 0.548437 0.304167 0.562500 0.289583 0.567187 0.254167 0.620313 0.279167 0.640625 0.306250 0.629687 0.343750 0.665625 0.352083 0.660937 0.337500 0.576563 0.302083 0.564062 0.339583 0.559375 0.356250 0.462500 0.345833 0.460938 0.377083 0.385938
8 0.281250 0.656250 0.264583 0.682813 0.264583 0.710938 0.287500 0.732813 0.310417 0.746875 0.331250 0.753125 0.352083 0.726562 0.358333 0.721875 0.377083 0.718750 0.354167 0.676562 0.347917 0.671875
8 0.316667 0.793750 0.316667 0.803125 0.318750 0.804688 0.318750 0.814062 0.320833 0.815625 0.320833 0.826563 0.322917 0.828125 0.322917 0.832812 0.325000 0.834375 0.327083 0.842188 0.329167 0.843750 0.339583 0.843750 0.341667 0.845312 0.341667 0.828125 0.343750 0.826563 0.343750 0.809375 0.345833 0.807813 0.343750 0.806250 0.343750 0.804688 0.329167 0.793750
8 0.325000 0.848437 0.320833 0.850000 0.289583 0.850000 0.285417 0.857813 0.260417 0.859375 0.256250 0.862500 0.256250 0.878125 0.260417 0.881250 0.262500 0.879687 0.275000 0.879687 0.287500 0.875000 0.289583 0.876562 0.289583 0.881250 0.293750 0.889063 0.295833 0.887500 0.331250 0.887500 0.329167 0.884375 0.329167 0.859375 0.327083 0.857813