1 0.016667 0.709375 0.016667 0.753125 0.085417 0.757812 0.062500 0.800000 0.016667 0.803125 0.016667 0.864062 0.537500 0.851562 0.514583 0.835938 0.466667 0.832812 0.475000 0.781250 0.429167 0.784375 0.354167 0.746875 0.300000 0.745313 0.268750 0.759375 0.279167 0.714063 0.295833 0.709375 0.308333 0.718750 0.306250 0.706250 0.041667 0.700000 0.033333 0.710938
2 0.662500 0.015625 0.637500 0.059375 0.627083 0.195312 0.687500 0.179688 0.754167 0.237500 0.777083 0.240625 0.772917 0.312500 0.787500 0.350000 0.762500 0.464063 0.831250 0.503125 0.972917 0.482812 0.987500 0.506250 0.983333 0.018750 0.960417 0.068750 0.910417 0.084375 0.862500 0.060938 0.839583 0.075000 0.810417 0.056250 0.758333 0.062500 0.716667 0.018750
2 0.937500 0.676562 0.922917 0.700000 0.904167 0.703125 0.891667 0.701563 0.889583 0.798437 0.983333 0.825000 0.985417 0.679688
4 0.977083 0.014062 0.727083 0.017188 0.762500 0.054688 0.802083 0.050000 0.829167 0.064062 0.839583 0.065625 0.854167 0.056250 0.902083 0.067188 0.912500 0.076563 0.937500 0.073437 0.954167 0.064062 0.956250 0.051562 0.966667 0.046875
4 0.683333 0.189063 0.583333 0.215625 0.489583 0.310937 0.470833 0.556250 0.527083 0.532812 0.527083 0.570312 0.606250 0.567187 0.725000 0.581250 0.725000 0.535937 0.670833 0.498437 0.645833 0.459375 0.691667 0.450000 0.756250 0.465625 0.756250 0.435937 0.777083 0.401563 0.760417 0.348437 0.775000 0.351562 0.777083 0.321875 0.764583 0.318750 0.770833 0.248437 0.745833 0.242188
4 0.525000 0.578125 0.525000 0.589063 0.510417 0.628125 0.493750 0.650000 0.475000 0.662500 0.439583 0.675000 0.431250 0.685938 0.445833 0.685938 0.454167 0.681250 0.466667 0.684375 0.475000 0.682813 0.489583 0.662500 0.497917 0.667188 0.520833 0.668750
5 0.654167 0.459375 0.672917 0.498437 0.764583 0.554688 0.789583 0.585938 0.816667 0.593750 0.827083 0.614062 0.887500 0.617188 0.897917 0.650000 0.935417 0.646875 0.941667 0.603125 0.983333 0.634375 0.985417 0.618750 0.947917 0.592188 0.950000 0.546875 0.985417 0.531250 0.987500 0.512500 0.939583 0.509375 0.975000 0.501562 0.972917 0.490625 0.889583 0.507812 0.829167 0.507812 0.729167 0.457812
5 0.887500 0.692187 0.910417 0.692187 0.916667 0.687500 0.916667 0.684375 0.918750 0.682813 0.918750 0.681250 0.927083 0.675000 0.925000 0.673437 0.906250 0.673437 0.904167 0.671875 0.887500 0.671875
6 0.529167 0.570312 0.522917 0.690625 0.458333 0.687500 0.464583 0.712500 0.516667 0.723437 0.510417 0.779688 0.600000 0.785937 0.612500 0.807813 0.595833 0.828125 0.520833 0.831250 0.550000 0.851562 0.835417 0.840625 0.820833 0.821875 0.827083 0.796875 0.877083 0.803125 0.885417 0.670313 0.981250 0.670313 0.981250 0.643750 0.893750 0.653125 0.887500 0.618750 0.829167 0.621875 0.812500 0.593750
7 0.012500 0.014062 0.018750 0.704687 0.077083 0.692187 0.312500 0.700000 0.316667 0.723437 0.458333 0.712500 0.458333 0.693750 0.372917 0.690625 0.429167 0.679688 0.400000 0.657812 0.400000 0.617188 0.464583 0.554688 0.477083 0.317187 0.575000 0.217187 0.620833 0.198437 0.629167 0.071875 0.397917 0.015625
7 0.016667 0.754687 0.016667 0.801562 0.031250 0.801562 0.033333 0.800000 0.062500 0.798437 0.066667 0.792188 0.066667 0.789062 0.083333 0.765625 0.083333 0.757812 0.079167 0.756250
7 0.987500 0.846875 0.891667 0.848437 0.877083 0.804688 0.837500 0.801562 0.825000 0.823438 0.841667 0.840625 0.820833 0.850000 0.020833 0.867188 0.014583 0.987500 0.989583 0.989062
8 0.764583 0.534375 0.764583 0.535937 0.766667 0.535937 0.789583 0.553125 0.789583 0.528125 0.785417 0.528125 0.783333 0.529688 0.781250 0.529688 0.779167 0.531250 0.775000 0.531250 0.772917 0.532812 0.768750 0.532812 0.766667 0.534375
8 0.525000 0.539062 0.504167 0.553125 0.483333 0.560938 0.454167 0.565625 0.420833 0.590625 0.406250 0.620313 0.406250 0.656250 0.420833 0.668750 0.431250 0.671875 0.450000 0.667188 0.487500 0.650000 0.500000 0.637500 0.510417 0.617188 0.520833 0.581250
8 0.729167 0.539062 0.729167 0.543750 0.727083 0.545313 0.727083 0.575000 0.733333 0.584375 0.783333 0.585938 0.785417 0.587500 0.785417 0.585938 0.777083 0.579687 0.775000 0.576563 0.775000 0.573438 0.772917 0.571875 0.772917 0.562500 0.766667 0.557813 0.764583 0.557813 0.752083 0.550000 0.743750 0.546875 0.737500 0.542188
8 0.270833 0.751562 0.275000 0.754687 0.297917 0.737500 0.360417 0.739062 0.362500 0.737500 0.372917 0.737500 0.402083 0.728125 0.408333 0.728125 0.310417 0.728125 0.308333 0.729688 0.289583 0.715625 0.283333 0.720312 0.275000 0.732813
8 0.362500 0.742188 0.366667 0.750000 0.391667 0.760938 0.404167 0.762500 0.416667 0.760938 0.435417 0.775000 0.504167 0.775000 0.510417 0.726562 0.481250 0.715625 0.427083 0.715625 0.425000 0.728125 0.418750 0.732813
8 0.470833 0.809375 0.470833 0.818750 0.479167 0.829687 0.504167 0.826563 0.597917 0.821875 0.606250 0.817187 0.608333 0.798437 0.602083 0.792188 0.485417 0.784375 0.477083 0.789062