1 0.014583 0.014062 0.027083 0.037500 0.145833 0.064062 0.175000 0.084375 0.193750 0.117188 0.179167 0.146875 0.985417 0.245312 0.981250 0.076563 0.597917 0.015625
1 0.018750 0.210938 0.014583 0.492188 0.400000 0.517187 0.393750 0.610937 0.481250 0.632812 0.493750 0.614062 0.525000 0.623438 0.560417 0.585938 0.475000 0.528125 0.497917 0.381250 0.600000 0.328125 0.725000 0.320312 0.731250 0.262500
1 0.445833 0.960938 0.433333 0.942187 0.433333 0.920313 0.372917 0.925000 0.368750 0.942187 0.352083 0.946875 0.172917 0.954687 0.014583 0.976562 0.014583 0.985937 0.425000 0.985937
2 0.668750 0.829687 0.687500 0.864062 0.833333 0.885938 0.831250 0.903125 0.695833 0.884375 0.716667 0.910937 0.708333 0.951563 0.731250 0.984375 0.989583 0.989062 0.987500 0.864062 0.935417 0.871875 0.891667 0.895312 0.829167 0.859375 0.758333 0.784375 0.754167 0.820312
4 0.606250 0.334375 0.560417 0.371875 0.508333 0.384375 0.477083 0.528125 0.564583 0.584375 0.831250 0.851562 0.908333 0.885938 0.927083 0.865625 0.983333 0.857813 0.987500 0.328125 0.887500 0.348437
5 0.747917 0.806250 0.608333 0.823438 0.597917 0.892187 0.562500 0.910937 0.547917 0.931250 0.543750 0.985937 0.637500 0.985937 0.677083 0.957812 0.685417 0.875000 0.827083 0.896875 0.825000 0.889063 0.677083 0.865625 0.647917 0.825000 0.752083 0.815625
6 0.493750 0.615625 0.481250 0.667188 0.493750 0.670313 0.500000 0.695312 0.479167 0.692187 0.477083 0.784375 0.487500 0.792188 0.460417 0.800000 0.475000 0.809375 0.466667 0.867188 0.452083 0.864062 0.483333 0.929688 0.475000 0.953125 0.458333 0.954687 0.472917 0.982813 0.533333 0.987500 0.558333 0.793750 0.725000 0.792188 0.739583 0.800000 0.752083 0.775000 0.604167 0.634375 0.506250 0.631250
7 0.016667 0.164062 0.018750 0.200000 0.047917 0.210938 0.495833 0.246875 0.968750 0.265625 0.968750 0.250000 0.154167 0.151562
7 0.020833 0.504687 0.012500 0.970312 0.366667 0.942187 0.375000 0.910937 0.452083 0.904688 0.456250 0.876562 0.431250 0.890625 0.333333 0.879687 0.314583 0.857813 0.329167 0.820312 0.379167 0.809375 0.385417 0.687500 0.495833 0.685938 0.491667 0.670313 0.387500 0.676562 0.395833 0.529688
7 0.475000 0.732813 0.454167 0.734375 0.452083 0.735937 0.431250 0.737500 0.429167 0.739062 0.418750 0.739062 0.416667 0.740625 0.410417 0.793750 0.420833 0.801562 0.422917 0.800000 0.431250 0.800000 0.452083 0.795313 0.479167 0.792188 0.468750 0.784375 0.468750 0.771875 0.470833 0.770312 0.470833 0.759375 0.472917 0.757812 0.472917 0.746875 0.475000 0.745313
8 0.016667 0.051562 0.014583 0.157813 0.043750 0.164062 0.097917 0.156250 0.133333 0.154687 0.152083 0.150000 0.175000 0.137500 0.179167 0.106250 0.125000 0.075000 0.058333 0.060938 0.035417 0.051562
8 0.341667 0.812500 0.316667 0.834375 0.316667 0.857813 0.322917 0.868750 0.333333 0.878125 0.345833 0.884375 0.362500 0.884375 0.364583 0.885938 0.400000 0.884375 0.414583 0.873438 0.427083 0.856250 0.425000 0.854688 0.425000 0.831250 0.406250 0.817187 0.395833 0.812500 0.387500 0.810938
8 0.466667 0.895312 0.458333 0.907812 0.454167 0.910937 0.450000 0.918750 0.445833 0.921875 0.445833 0.925000 0.447917 0.926562 0.447917 0.929688 0.452083 0.934375 0.452083 0.937500 0.456250 0.942187 0.456250 0.945312 0.458333 0.948438 0.468750 0.953125 0.472917 0.953125 0.472917 0.943750 0.475000 0.942187 0.475000 0.932813 0.477083 0.931250 0.477083 0.920313 0.479167 0.918750 0.475000 0.914062 0.475000 0.910937 0.472917 0.909375 0.472917 0.906250 0.468750 0.901563 0.468750 0.898438