1 0.220833 0.014062 0.227083 0.035937 0.237500 0.039062 0.247917 0.048437 0.252083 0.050000 0.291667 0.050000 0.314583 0.057813 0.316667 0.056250 0.325000 0.056250 0.327083 0.040625 0.329167 0.039062 0.329167 0.023438 0.335417 0.015625 0.327083 0.015625 0.325000 0.014062
1 0.241667 0.068750 0.220833 0.079687 0.212500 0.076563 0.212500 0.109375 0.195833 0.104687 0.189583 0.125000 0.183333 0.129688 0.185417 0.212500 0.210417 0.215625 0.237500 0.232812 0.247917 0.142188 0.256250 0.140625 0.320833 0.156250 0.318750 0.104687 0.308333 0.092188 0.300000 0.087500 0.281250 0.087500
1 0.264583 0.310937 0.175000 0.334375 0.152083 0.492188 0.016667 0.493750 0.018750 0.814062 0.060417 0.809375 0.087500 0.985937 0.522917 0.987500 0.252083 0.706250 0.281250 0.529688 0.460417 0.478125 0.525000 0.500000 0.533333 0.478125 0.295833 0.456250 0.289583 0.414062 0.197917 0.406250 0.193750 0.364062 0.231250 0.360938 0.220833 0.337500 0.297917 0.340625
2 0.989583 0.010937 0.708333 0.017188 0.704167 0.068750 0.835417 0.095312 0.791667 0.114063 0.702083 0.098438 0.704167 0.168750 0.645833 0.164062 0.629167 0.253125 0.795833 0.259375 0.820833 0.281250 0.777083 0.293750 0.597917 0.279687 0.691667 0.301562 0.662500 0.321875 0.710417 0.392188 0.697917 0.421875 0.660417 0.432813 0.658333 0.475000 0.541667 0.484375 0.541667 0.501562 0.785417 0.512500 0.883333 0.467187 0.983333 0.517187
4 0.918750 0.481250 0.881250 0.475000 0.766667 0.521875 0.491667 0.503125 0.462500 0.481250 0.327083 0.523438 0.420833 0.543750 0.406250 0.770312 0.381250 0.796875 0.322917 0.756250 0.331250 0.787500 0.531250 0.987500 0.989583 0.989062 0.989583 0.521875 0.970833 0.525000
5 0.495833 0.015625 0.475000 0.200000 0.506250 0.225000 0.508333 0.267188 0.525000 0.282813 0.679167 0.310937 0.677083 0.300000 0.562500 0.281250 0.562500 0.271875 0.810417 0.278125 0.595833 0.257812 0.633333 0.182812 0.631250 0.142188 0.693750 0.162500 0.637500 0.129688 0.639583 0.081250 0.797917 0.106250 0.825000 0.092188 0.629167 0.073437 0.616667 0.056250
6 0.343750 0.017188 0.335417 0.056250 0.356250 0.071875 0.329167 0.101562 0.335417 0.220313 0.354167 0.226562 0.316667 0.251563 0.345833 0.285937 0.316667 0.337500 0.356250 0.346875 0.360417 0.387500 0.312500 0.403125 0.304167 0.446875 0.543750 0.475000 0.650000 0.470313 0.654167 0.428125 0.572917 0.428125 0.550000 0.382812 0.579167 0.334375 0.614583 0.332812 0.643750 0.357812 0.668750 0.357812 0.670833 0.332812 0.527083 0.312500 0.502083 0.229687 0.468750 0.207813 0.493750 0.015625
6 0.514583 0.015625 0.618750 0.053125 0.631250 0.067188 0.652083 0.065625 0.695833 0.071875 0.702083 0.015625
6 0.645833 0.089062 0.645833 0.103125 0.650000 0.109375 0.647917 0.110937 0.647917 0.118750 0.639583 0.128125 0.652083 0.132812 0.656250 0.132812 0.662500 0.135937 0.666667 0.135937 0.677083 0.140625 0.681250 0.140625 0.687500 0.143750 0.687500 0.129688 0.689583 0.128125 0.689583 0.114063 0.691667 0.112500 0.691667 0.098438 0.693750 0.096875 0.691667 0.095312 0.683333 0.095312 0.681250 0.093750 0.672917 0.093750 0.670833 0.092188 0.664583 0.092188 0.662500 0.090625
7 0.014583 0.014062 0.016667 0.481250 0.152083 0.484375 0.166667 0.437500 0.166667 0.326562 0.135417 0.315625 0.108333 0.268750 0.141667 0.217187 0.175000 0.218750 0.181250 0.101562 0.100000 0.054688 0.100000 0.014062
7 0.106250 0.051562 0.204167 0.103125 0.210417 0.059375 0.225000 0.067188 0.241667 0.062500 0.297917 0.078125 0.312500 0.078125 0.320833 0.089062 0.339583 0.098438 0.350000 0.071875 0.345833 0.060938 0.308333 0.067188 0.302083 0.062500 0.247917 0.057813 0.233333 0.043750 0.212500 0.048437 0.210417 0.014062 0.108333 0.014062
7 0.258333 0.148438 0.254167 0.229687 0.325000 0.243750 0.341667 0.229687 0.325000 0.223438 0.329167 0.165625
7 0.056250 0.815625 0.018750 0.820312 0.014583 0.987500 0.079167 0.987500
8 0.143750 0.225000 0.118750 0.254687 0.127083 0.296875 0.168750 0.320312 0.222917 0.323438 0.264583 0.298438 0.297917 0.301562 0.306250 0.326562 0.320833 0.332812 0.337500 0.292188 0.325000 0.253125 0.304167 0.292188 0.277083 0.282813 0.250000 0.243750 0.206250 0.221875 0.177083 0.220313
8 0.568750 0.346875 0.554167 0.370313 0.558333 0.385938 0.558333 0.414062 0.566667 0.423438 0.587500 0.428125 0.604167 0.428125 0.685417 0.420312 0.700000 0.410937 0.704167 0.373437 0.691667 0.360938 0.643750 0.359375 0.635417 0.348437 0.620833 0.339063 0.587500 0.339063
8 0.202083 0.373437 0.202083 0.396875 0.308333 0.406250 0.312500 0.384375 0.314583 0.390625 0.354167 0.387500 0.354167 0.346875 0.320833 0.359375 0.314583 0.384375 0.308333 0.373437 0.250000 0.370313 0.304167 0.367188 0.312500 0.345313 0.233333 0.343750 0.250000 0.370313
8 0.304167 0.520312 0.287500 0.532812 0.279167 0.556250 0.272917 0.664062 0.260417 0.712500 0.275000 0.726562 0.289583 0.725000 0.381250 0.790625 0.391667 0.787500 0.402083 0.768750 0.408333 0.732813 0.416667 0.539062 0.322917 0.534375