1 0.987500 0.015625 0.016667 0.014062 0.262500 0.087500 0.220833 0.129688 0.075000 0.101562 0.077083 0.142188 0.258333 0.173438 0.020833 0.143750 0.016667 0.987500 0.122917 0.984375 0.050000 0.981250 0.037500 0.798437 0.262500 0.753125 0.372917 0.765625 0.402083 0.639063 0.527083 0.604688 0.316667 0.545313 0.370833 0.215625 0.985417 0.207813
2 0.781250 0.300000 0.768750 0.365625 0.787500 0.392188 0.750000 0.415625 0.779167 0.459375 0.704167 0.503125 0.689583 0.557813 0.731250 0.618750 0.695833 0.653125 0.662500 0.634375 0.639583 0.648438 0.631250 0.684375 0.652083 0.725000 0.614583 0.846875 0.733333 0.982813 0.972917 0.987500 0.985417 0.401563 0.925000 0.417188 0.879167 0.401563 0.810417 0.301562
3 0.414583 0.640625 0.397917 0.659375 0.387500 0.764063 0.412500 0.795313 0.422917 0.825000 0.464583 0.831250 0.472917 0.825000 0.587500 0.825000 0.593750 0.820312 0.616667 0.820312 0.618750 0.793750 0.643750 0.715625 0.637500 0.695312 0.620833 0.682813 0.570833 0.690625 0.495833 0.687500 0.470833 0.671875 0.445833 0.640625
3 0.145833 0.771875 0.143750 0.787500 0.152083 0.810938 0.150000 0.821875 0.139583 0.821875 0.147917 0.826563 0.150000 0.839063 0.137500 0.840625 0.143750 0.850000 0.135417 0.853125 0.135417 0.879687 0.131250 0.881250 0.131250 0.887500 0.141667 0.889063 0.139583 0.900000 0.129167 0.901563 0.137500 0.914062 0.127083 0.915625 0.141667 0.918750 0.141667 0.928125 0.122917 0.940625 0.135417 0.956250 0.129167 0.965625 0.120833 0.962500 0.131250 0.990625 0.152083 0.990625 0.172917 0.803125 0.162500 0.775000
4 0.339583 0.832812 0.381250 0.984375 0.391667 0.979688 0.450000 0.985937 0.725000 0.982813 0.579167 0.837500 0.458333 0.837500 0.410417 0.829687 0.406250 0.809375 0.391667 0.793750
5 0.377083 0.220313 0.329167 0.545313 0.375000 0.567187 0.525000 0.579687 0.593750 0.642187 0.720833 0.629687 0.727083 0.595312 0.662500 0.587500 0.687500 0.473437 0.770833 0.457812 0.768750 0.440625 0.710417 0.425000 0.739583 0.293750 0.804167 0.290625 0.795833 0.278125 0.750000 0.278125 0.766667 0.225000
7 0.014583 0.042188 0.016667 0.079687 0.025000 0.084375 0.237500 0.125000 0.260417 0.087500
7 0.014583 0.087500 0.014583 0.090625 0.012500 0.092188 0.012500 0.137500 0.041667 0.139062 0.043750 0.140625 0.058333 0.140625 0.060417 0.142188 0.075000 0.142188 0.077083 0.143750 0.075000 0.142188 0.075000 0.134375 0.072917 0.132812 0.072917 0.126563 0.070833 0.125000 0.070833 0.117188 0.068750 0.115625 0.066667 0.100000 0.052083 0.095312 0.045833 0.095312 0.043750 0.093750
8 0.979167 0.209375 0.914583 0.206250 0.854167 0.239063 0.843750 0.239063 0.822917 0.250000 0.808333 0.264062 0.827083 0.318750 0.864583 0.364062 0.872917 0.368750 0.868750 0.356250 0.883333 0.370313 0.877083 0.371875 0.885417 0.382812 0.872917 0.384375 0.875000 0.392188 0.922917 0.406250 0.970833 0.396875 0.983333 0.381250
8 0.554167 0.228125 0.525000 0.237500 0.525000 0.265625 0.489583 0.320312 0.589583 0.354688 0.625000 0.234375 0.595833 0.226562
8 0.514583 0.484375 0.512500 0.490625 0.506250 0.498437 0.506250 0.556250 0.527083 0.571875 0.527083 0.565625 0.531250 0.557813 0.531250 0.551562 0.533333 0.550000 0.535417 0.537500 0.539583 0.529688 0.539583 0.523438 0.543750 0.515625 0.543750 0.509375 0.547917 0.501562 0.547917 0.493750 0.518750 0.484375
8 0.483333 0.607813 0.470833 0.629687 0.470833 0.650000 0.483333 0.668750 0.500000 0.681250 0.566667 0.682813 0.589583 0.676562 0.616667 0.673437 0.629167 0.656250 0.629167 0.653125 0.618750 0.650000 0.591667 0.648438 0.585417 0.645312 0.577083 0.635938 0.558333 0.629687 0.558333 0.621875 0.550000 0.621875 0.541667 0.610937 0.512500 0.606250
8 0.214583 0.775000 0.214583 0.781250 0.222917 0.793750 0.237500 0.793750 0.239583 0.792188 0.252083 0.792188 0.254167 0.790625 0.281250 0.789062 0.281250 0.785937 0.283333 0.784375 0.283333 0.781250 0.287500 0.775000 0.287500 0.770312 0.285417 0.768750 0.277083 0.768750 0.275000 0.767187 0.266667 0.767187 0.264583 0.765625 0.254167 0.765625 0.252083 0.764063 0.243750 0.764063 0.241667 0.762500 0.231250 0.762500 0.222917 0.765625 0.218750 0.768750
8 0.150000 0.810938 0.147917 0.809375 0.147917 0.803125 0.145833 0.800000 0.129167 0.800000 0.127083 0.801562 0.112500 0.801562 0.110417 0.803125 0.093750 0.803125 0.087500 0.807813 0.058333 0.810938 0.047917 0.814062 0.045833 0.817187 0.085417 0.817187 0.089583 0.820312 0.141667 0.820312 0.143750 0.821875 0.147917 0.821875 0.147917 0.812500
8 0.241667 0.821875 0.237500 0.835938 0.275000 0.840625 0.277083 0.842188 0.285417 0.842188 0.295833 0.845312 0.304167 0.845312 0.306250 0.846875 0.314583 0.846875 0.316667 0.848437 0.325000 0.848437 0.337500 0.851562 0.345833 0.851562 0.347917 0.853125 0.339583 0.842188 0.327083 0.839063 0.316667 0.834375 0.312500 0.834375 0.302083 0.829687 0.297917 0.829687 0.287500 0.825000 0.283333 0.825000 0.272917 0.820312 0.268750 0.820312 0.258333 0.815625 0.252083 0.815625
8 0.147917 0.832812 0.145833 0.831250 0.145833 0.826563 0.116667 0.828125 0.114583 0.829687 0.102083 0.829687 0.100000 0.831250 0.085417 0.831250 0.064583 0.839063 0.062500 0.837500 0.058333 0.837500 0.056250 0.834375 0.052083 0.832812 0.045833 0.837500 0.043750 0.845312 0.060417 0.840625 0.075000 0.840625 0.085417 0.843750 0.087500 0.842188 0.106250 0.842188 0.108333 0.840625 0.147917 0.839063
8 0.341667 0.859375 0.195833 0.840625 0.212500 0.985937 0.345833 0.901563 0.352083 0.867188
8 0.141667 0.845312 0.120833 0.845312 0.118750 0.846875 0.095833 0.846875 0.093750 0.848437 0.091667 0.848437 0.085417 0.853125 0.085417 0.854688 0.097917 0.854688 0.100000 0.856250 0.102083 0.854688 0.116667 0.854688 0.118750 0.853125 0.131250 0.853125 0.137500 0.850000 0.141667 0.850000
8 0.075000 0.875000 0.075000 0.876562 0.083333 0.882812 0.095833 0.882812 0.097917 0.881250 0.127083 0.881250 0.129167 0.879687 0.133333 0.879687 0.131250 0.878125 0.131250 0.875000 0.129167 0.873438 0.129167 0.871875 0.093750 0.871875 0.091667 0.873438 0.077083 0.873438
8 0.139583 0.889063 0.122917 0.889063 0.120833 0.890625 0.110417 0.890625 0.108333 0.892187 0.091667 0.893750 0.089583 0.895312 0.087500 0.893750 0.056250 0.893750 0.054167 0.895312 0.043750 0.895312 0.043750 0.900000 0.047917 0.901563 0.054167 0.901563 0.056250 0.903125 0.062500 0.903125 0.064583 0.904688 0.093750 0.903125 0.095833 0.901563 0.102083 0.901563 0.104167 0.900000 0.137500 0.900000 0.137500 0.890625
8 0.135417 0.909375 0.129167 0.903125 0.114583 0.903125 0.106250 0.906250 0.097917 0.906250 0.095833 0.907812 0.089583 0.907812 0.087500 0.909375 0.072917 0.909375 0.070833 0.910937 0.068750 0.909375 0.054167 0.909375 0.045833 0.914062 0.043750 0.918750 0.045833 0.920313 0.047917 0.918750 0.054167 0.918750 0.056250 0.917188 0.079167 0.917188 0.081250 0.915625 0.104167 0.915625 0.106250 0.914062 0.135417 0.914062
8 0.139583 0.918750 0.137500 0.917188 0.122917 0.917188 0.120833 0.918750 0.114583 0.918750 0.112500 0.920313 0.108333 0.920313 0.106250 0.921875 0.102083 0.921875 0.093750 0.925000 0.060417 0.926562 0.054167 0.931250 0.054167 0.934375 0.058333 0.937500 0.058333 0.939062 0.068750 0.934375 0.081250 0.932813 0.083333 0.931250 0.102083 0.931250 0.122917 0.939062 0.137500 0.928125 0.139583 0.928125
8 0.133333 0.956250 0.131250 0.954687 0.127083 0.946875 0.118750 0.946875 0.116667 0.948438 0.108333 0.948438 0.106250 0.950000 0.102083 0.950000 0.095833 0.953125 0.091667 0.953125 0.085417 0.956250 0.075000 0.957812 0.070833 0.960938 0.066667 0.968750 0.072917 0.968750 0.079167 0.965625 0.083333 0.965625 0.089583 0.962500 0.095833 0.962500 0.097917 0.960938 0.120833 0.960938 0.122917 0.962500 0.127083 0.962500 0.129167 0.964063 0.129167 0.960938