1 0.014583 0.198437 0.018750 0.303125 0.045833 0.301562 0.089583 0.329688 0.143750 0.320312 0.158333 0.285937 0.572917 0.326562 0.593750 0.264062 0.566667 0.290625 0.293750 0.234375
1 0.018750 0.454688 0.016667 0.989062 0.989583 0.989062 0.987500 0.885938 0.937500 0.848437 0.854167 0.859375 0.816667 0.834375 0.510417 0.851562 0.491667 0.728125 0.545833 0.714063 0.495833 0.660937 0.262500 0.651563 0.229167 0.546875 0.358333 0.542188 0.343750 0.521875 0.445833 0.504687 0.154167 0.492188 0.141667 0.471875
2 0.697917 0.015625 0.654167 0.232812 0.643750 0.240625 0.637500 0.229687 0.610417 0.229687 0.581250 0.326562 0.614583 0.332812 0.625000 0.389062 0.731250 0.396875 0.735417 0.445312 0.762500 0.445312 0.985417 0.535937 0.987500 0.010937
3 0.162500 0.292188 0.154167 0.484375 0.445833 0.501562 0.458333 0.439063 0.412500 0.423438 0.500000 0.420312 0.460417 0.435937 0.452083 0.504687 0.493750 0.520312 0.489583 0.548437 0.606250 0.571875 0.618750 0.618750 0.597917 0.665625 0.506250 0.659375 0.554167 0.714063 0.643750 0.698438 0.664583 0.718750 0.652083 0.840625 0.945833 0.818750 0.977083 0.798437 0.985417 0.540625 0.768750 0.451562 0.512500 0.440625 0.539583 0.437500 0.543750 0.407813 0.618750 0.390625 0.606250 0.331250
4 0.431250 0.015625 0.435417 0.042188 0.445833 0.060938 0.481250 0.085938 0.589583 0.131250 0.597917 0.131250 0.604167 0.126563 0.641667 0.065625 0.608333 0.037500 0.564583 0.015625
7 0.014583 0.017188 0.014583 0.043750 0.218750 0.112500 0.014583 0.048437 0.012500 0.192188 0.566667 0.284375 0.597917 0.250000 0.581250 0.235938 0.643750 0.225000 0.689583 0.015625 0.572917 0.015625 0.647917 0.064062 0.589583 0.137500 0.447917 0.068750 0.477083 0.107813 0.535417 0.121875 0.441667 0.145313 0.466667 0.168750 0.447917 0.210938 0.472917 0.220313 0.331250 0.154687 0.441667 0.201562 0.414583 0.126563 0.441667 0.073437 0.422917 0.015625
7 0.014583 0.315625 0.014583 0.334375 0.037500 0.334375 0.039583 0.332812 0.047917 0.332812 0.050000 0.331250 0.056250 0.331250 0.058333 0.329688 0.066667 0.329688 0.066667 0.320312 0.047917 0.307813 0.029167 0.307813 0.027083 0.309375 0.016667 0.312500 0.016667 0.314063
7 0.350000 0.526563 0.354167 0.532812 0.358333 0.535937 0.362500 0.543750 0.414583 0.543750 0.416667 0.545313 0.420833 0.545313 0.420833 0.542188 0.427083 0.534375 0.427083 0.531250 0.431250 0.525000 0.358333 0.525000 0.356250 0.526563
7 0.920833 0.850000 0.904167 0.825000 0.895833 0.825000 0.893750 0.826563 0.883333 0.826563 0.881250 0.828125 0.872917 0.828125 0.870833 0.829687 0.862500 0.829687 0.860417 0.831250 0.839583 0.832812 0.841667 0.837500 0.845833 0.840625 0.854167 0.853125 0.858333 0.851562 0.891667 0.851562 0.893750 0.850000
8 0.420833 0.093750 0.420833 0.098438 0.425000 0.103125 0.422917 0.104687 0.420833 0.129688 0.447917 0.143750 0.464583 0.115625 0.508333 0.131250 0.533333 0.121875 0.529167 0.117188 0.520833 0.114063 0.495833 0.114063 0.485417 0.110937 0.477083 0.110937 0.464583 0.103125 0.462500 0.095312 0.452083 0.095312 0.439583 0.092188 0.422917 0.092188
8 0.377083 0.325000 0.364583 0.325000 0.362500 0.323438 0.352083 0.323438 0.350000 0.331250 0.345833 0.335938 0.345833 0.339063 0.343750 0.340625 0.343750 0.343750 0.341667 0.345313 0.341667 0.348437 0.337500 0.354688 0.337500 0.367188 0.343750 0.371875 0.343750 0.373437 0.372917 0.360938 0.385417 0.360938 0.387500 0.362500 0.385417 0.360938 0.385417 0.353125 0.383333 0.351562 0.381250 0.334375 0.379167 0.332812 0.379167 0.326562
8 0.016667 0.339063 0.020833 0.356250 0.041667 0.360938 0.052083 0.370313 0.060417 0.373437 0.062500 0.371875 0.083333 0.371875 0.091667 0.375000 0.112500 0.375000 0.114583 0.373437 0.150000 0.375000 0.145833 0.360938 0.137500 0.354688 0.114583 0.354688 0.112500 0.356250 0.093750 0.351562 0.091667 0.348437 0.102083 0.340625 0.097917 0.337500 0.083333 0.334375 0.060417 0.334375 0.050000 0.337500
8 0.439583 0.337500 0.439583 0.370313 0.441667 0.373437 0.466667 0.373437 0.468750 0.375000 0.485417 0.375000 0.487500 0.376563 0.487500 0.373437 0.485417 0.371875 0.485417 0.342187 0.483333 0.340625 0.468750 0.340625 0.466667 0.339063 0.452083 0.339063 0.450000 0.337500
8 0.187500 0.354688 0.229167 0.356250 0.231250 0.357812 0.239583 0.357812 0.247917 0.360938 0.256250 0.360938 0.258333 0.362500 0.266667 0.362500 0.268750 0.364062 0.279167 0.359375 0.283333 0.359375 0.283333 0.356250 0.289583 0.348437 0.289583 0.342187 0.277083 0.342187 0.275000 0.343750 0.272917 0.342187 0.256250 0.342187 0.239583 0.346875 0.237500 0.345313 0.218750 0.343750 0.210417 0.340625 0.191667 0.340625 0.187500 0.348437
8 0.506250 0.348437 0.512500 0.407813 0.535417 0.412500 0.547917 0.403125 0.581250 0.390625 0.579167 0.389062 0.577083 0.357812 0.570833 0.356250 0.527083 0.356250 0.525000 0.354688 0.525000 0.345313
8 0.020833 0.384375 0.018750 0.407813 0.031250 0.414062 0.052083 0.417188 0.041667 0.420312 0.014583 0.414062 0.014583 0.443750 0.018750 0.450000 0.031250 0.454688 0.104167 0.457812 0.118750 0.464063 0.145833 0.467187 0.150000 0.448438 0.145833 0.439063 0.110417 0.431250 0.135417 0.428125 0.150000 0.435937 0.154167 0.429688 0.150000 0.421875 0.152083 0.404687 0.147917 0.403125 0.154167 0.392188 0.152083 0.381250 0.141667 0.379687 0.127083 0.385938 0.112500 0.382812 0.108333 0.378125 0.064583 0.375000 0.035417 0.385938
8 0.443750 0.378125 0.441667 0.381250 0.441667 0.414062 0.487500 0.414062 0.489583 0.415625 0.493750 0.415625 0.493750 0.412500 0.491667 0.410937 0.491667 0.382812 0.489583 0.381250 0.481250 0.381250 0.479167 0.379687 0.468750 0.379687 0.466667 0.378125
8 0.545833 0.409375 0.550000 0.435937 0.589583 0.434375 0.604167 0.439063 0.631250 0.437500 0.650000 0.440625 0.685417 0.440625 0.691667 0.446875 0.731250 0.446875 0.731250 0.403125 0.720833 0.398438 0.597917 0.392188
8 0.414583 0.423438 0.414583 0.435937 0.416667 0.437500 0.435417 0.437500 0.437500 0.439063 0.445833 0.439063 0.447917 0.440625 0.454167 0.440625 0.456250 0.442187 0.456250 0.439063 0.462500 0.431250 0.495833 0.431250 0.497917 0.432813 0.497917 0.420312 0.493750 0.418750 0.437500 0.417188 0.435417 0.418750 0.427083 0.418750
8 0.233333 0.550000 0.233333 0.571875 0.266667 0.643750 0.497917 0.648438 0.508333 0.654688 0.552083 0.650000 0.595833 0.662500 0.597917 0.651563 0.608333 0.650000 0.614583 0.625000 0.608333 0.578125 0.562500 0.551562 0.522917 0.550000 0.520833 0.560938 0.477083 0.551562 0.491667 0.540625 0.487500 0.520312 0.443750 0.518750 0.431250 0.540625 0.439583 0.550000
8 0.645833 0.706250 0.502083 0.728125 0.514583 0.843750 0.604167 0.834375 0.608333 0.839063 0.637500 0.828125 0.660417 0.717188