1 0.014583 0.028125 0.018750 0.050000 0.041667 0.050000 0.060417 0.062500 0.064583 0.089062 0.089583 0.084375 0.095833 0.060938 0.147917 0.068750 0.143750 0.095312 0.168750 0.100000 0.166667 0.054688 0.177083 0.051562 0.260417 0.054688 0.281250 0.068750 0.281250 0.087500 0.308333 0.092188 0.427083 0.026563 0.583333 0.035937 0.631250 0.017188 0.400000 0.017188 0.377083 0.045313 0.314583 0.056250 0.022917 0.014062
1 0.018750 0.150000 0.022917 0.282813 0.591667 0.295312 0.589583 0.287500 0.391667 0.281250 0.397917 0.214062 0.331250 0.192188 0.327083 0.137500 0.272917 0.129688 0.275000 0.150000 0.256250 0.162500 0.166667 0.160938 0.172917 0.106250 0.150000 0.101562 0.133333 0.193750 0.116667 0.100000 0.070833 0.095312 0.093750 0.154687
1 0.016667 0.659375 0.020833 0.926562 0.089583 0.923437 0.083333 0.884375 0.193750 0.871875 0.208333 0.829687 0.218750 0.835938 0.447917 0.812500 0.456250 0.773438 0.425000 0.775000 0.422917 0.759375 0.460417 0.760938 0.481250 0.665625
1 0.014583 0.943750 0.091667 0.937500 0.089583 0.979688 0.110417 0.979688 0.112500 0.968750 0.116667 0.965625 0.197917 0.951563 0.181250 0.939062 0.156250 0.931250 0.127083 0.931250 0.091667 0.935938 0.085417 0.928125 0.018750 0.932813
2 0.604167 0.289062 0.597917 0.295312 0.622917 0.304688 0.625000 0.332812 0.597917 0.460938 0.708333 0.440625 0.722917 0.453125 0.758333 0.459375 0.754167 0.492188 0.793750 0.503125 0.825000 0.526563 0.985417 0.582812 0.981250 0.323438 0.650000 0.285937
3 0.837500 0.012500 0.850000 0.012500 0.852083 0.020312 0.893750 0.031250 0.983333 0.071875 0.983333 0.010937
3 0.408333 0.214062 0.400000 0.275000 0.652083 0.279687 0.987500 0.317187 0.983333 0.112500 0.818750 0.110937 0.725000 0.126563 0.712500 0.014062 0.650000 0.015625 0.602083 0.037500 0.583333 0.126563 0.504167 0.182812
3 0.450000 0.818750 0.216667 0.840625 0.208333 0.832812 0.204167 0.875000 0.210417 0.885938 0.210417 0.950000 0.216667 0.951563 0.214583 0.987500 0.306250 0.987500 0.308333 0.925000 0.325000 0.923437 0.318750 0.910937 0.325000 0.906250 0.395833 0.904688 0.372917 0.854688 0.443750 0.832812
4 0.547917 0.487500 0.518750 0.510938 0.454167 0.828125 0.522917 0.801562 0.575000 0.826563 0.614583 0.887500 0.597917 0.909375 0.654167 0.985937 0.989583 0.987500 0.985417 0.589063 0.779167 0.503125 0.714583 0.493750 0.741667 0.465625 0.706250 0.446875
7 0.191667 0.014062 0.193750 0.017188 0.364583 0.045313 0.368750 0.043750 0.368750 0.035937 0.383333 0.017188 0.383333 0.012500
7 0.177083 0.054688 0.177083 0.126563 0.172917 0.156250 0.252083 0.157813 0.266667 0.139062 0.266667 0.107813 0.287500 0.106250 0.314583 0.109375 0.314583 0.100000 0.275000 0.092188 0.272917 0.065625 0.254167 0.057813 0.235417 0.053125
7 0.016667 0.289062 0.018750 0.406250 0.158333 0.417188 0.022917 0.410937 0.016667 0.550000 0.502083 0.517187 0.508333 0.445312 0.587500 0.450000 0.610417 0.304688
7 0.497917 0.523438 0.018750 0.556250 0.016667 0.651563 0.477083 0.660937
7 0.425000 0.759375 0.425000 0.773438 0.427083 0.771875 0.458333 0.771875 0.458333 0.756250 0.429167 0.756250
7 0.085417 0.942187 0.072917 0.942187 0.070833 0.943750 0.058333 0.943750 0.056250 0.945312 0.043750 0.945312 0.041667 0.946875 0.012500 0.948438 0.012500 0.965625 0.014583 0.967188 0.014583 0.985937 0.016667 0.989062 0.079167 0.989062 0.079167 0.975000 0.081250 0.973437 0.081250 0.959375 0.083333 0.957812 0.083333 0.943750
7 0.212500 0.956250 0.204167 0.956250 0.202083 0.957812 0.193750 0.957812 0.183333 0.960938 0.175000 0.960938 0.172917 0.962500 0.154167 0.964063 0.143750 0.967188 0.125000 0.968750 0.122917 0.971875 0.122917 0.989062 0.127083 0.987500 0.210417 0.985937 0.210417 0.959375
8 0.714583 0.012500 0.725000 0.125000 0.818750 0.109375 0.983333 0.110937 0.979167 0.070312 0.893750 0.032812 0.852083 0.021875 0.850000 0.014062
8 0.600000 0.042188 0.431250 0.034375 0.402083 0.045313 0.335417 0.092188 0.331250 0.167187 0.341667 0.175000 0.339583 0.192188 0.400000 0.207813 0.439583 0.201562 0.504167 0.181250 0.522917 0.162500 0.577083 0.128125
8 0.014583 0.059375 0.014583 0.142188 0.070833 0.151562 0.077083 0.150000 0.072917 0.140625 0.056250 0.064062 0.050000 0.059375
8 0.554167 0.818750 0.522917 0.831250 0.525000 0.807813 0.381250 0.853125 0.416667 0.945312 0.454167 0.932813 0.416667 0.951563 0.397917 0.906250 0.331250 0.910937 0.354167 0.984375 0.412500 0.984375 0.395833 0.957812 0.418750 0.982813 0.647917 0.984375 0.591667 0.912500 0.502083 0.935938 0.462500 0.926562 0.472917 0.920313 0.477083 0.931250 0.493750 0.931250 0.608333 0.890625
8 0.204167 0.878125 0.189583 0.878125 0.131250 0.890625 0.091667 0.895312 0.095833 0.928125 0.106250 0.928125 0.133333 0.920313 0.175000 0.923437 0.191667 0.928125 0.197917 0.932813 0.204167 0.943750 0.206250 0.921875 0.202083 0.912500 0.202083 0.890625 0.206250 0.887500
8 0.316667 0.931250 0.316667 0.946875 0.314583 0.948438 0.314583 0.951563 0.312500 0.953125 0.312500 0.956250 0.308333 0.962500 0.308333 0.967188 0.306250 0.968750 0.306250 0.975000 0.314583 0.985937 0.335417 0.985937 0.337500 0.984375 0.345833 0.984375 0.343750 0.982813 0.343750 0.979688 0.341667 0.978125 0.341667 0.975000 0.337500 0.968750 0.337500 0.946875 0.335417 0.945312 0.335417 0.940625 0.329167 0.931250