1 0.018750 0.014062 0.016667 0.300000 0.364583 0.331250 0.354167 0.295312 0.322917 0.278125 0.347917 0.243750 0.370833 0.248437 0.362500 0.221875 0.262500 0.203125 0.250000 0.257812 0.137500 0.196875 0.120833 0.162500 0.245833 0.126563 0.266667 0.134375 0.264583 0.176563 0.364583 0.182812 0.377083 0.175000 0.347917 0.153125 0.370833 0.132812 0.383333 0.060938 0.406250 0.034375 0.337500 0.015625
1 0.547917 0.015625 0.989583 0.098438 0.989583 0.014062
1 0.354167 0.015625 0.741667 0.071875 0.987500 0.117188 0.985417 0.103125 0.520833 0.015625
1 0.016667 0.346875 0.014583 0.717188 0.143750 0.715625 0.122917 0.645312 0.116667 0.543750 0.137500 0.439063 0.172917 0.360938
1 0.016667 0.846875 0.014583 0.978125 0.160417 0.970312 0.166667 0.989062 0.354167 0.987500 0.333333 0.892187 0.304167 0.896875 0.256250 0.857813 0.264583 0.837500 0.237500 0.832812 0.222917 0.848437 0.187500 0.850000 0.166667 0.832812
2 0.787500 0.089062 0.791667 0.104687 0.752083 0.118750 0.714583 0.259375 0.668750 0.354688 0.691667 0.373437 0.620833 0.398438 0.872917 0.659375 0.902083 0.671875 0.912500 0.700000 0.983333 0.707812 0.987500 0.121875
2 0.985417 0.787500 0.952083 0.795313 0.850000 0.926562 0.945833 0.915625 0.958333 0.925000 0.960417 0.935938 0.952083 0.942187 0.841667 0.964063 0.856250 0.985937 0.989583 0.989062
3 0.414583 0.034375 0.410417 0.051562 0.431250 0.056250 0.452083 0.087500 0.418750 0.159375 0.387500 0.176563 0.397917 0.214062 0.391667 0.229687 0.377083 0.226562 0.383333 0.273438 0.360417 0.300000 0.383333 0.351562 0.610417 0.387500 0.643750 0.375000 0.685417 0.375000 0.658333 0.357812 0.743750 0.114063 0.779167 0.110937 0.781250 0.089062 0.741667 0.073437
3 0.322917 0.820312 0.293750 0.826563 0.297917 0.832812 0.302083 0.832812 0.304167 0.834375 0.306250 0.850000 0.310417 0.857813 0.297917 0.876562 0.297917 0.881250 0.302083 0.889063 0.302083 0.885938 0.310417 0.881250 0.316667 0.881250 0.331250 0.885938 0.333333 0.884375 0.331250 0.882812 0.331250 0.870313 0.329167 0.868750 0.329167 0.857813 0.327083 0.856250
4 0.016667 0.304688 0.018750 0.342187 0.187500 0.357812 0.127083 0.518750 0.150000 0.717188 0.027083 0.720312 0.020833 0.743750 0.172917 0.739062 0.183333 0.384375 0.383333 0.384375 0.427083 0.529688 0.350000 0.740625 0.022917 0.748438 0.014583 0.837500 0.327083 0.817187 0.360417 0.985937 0.612500 0.985937 0.604167 0.946875 0.837500 0.928125 0.985417 0.782812 0.985417 0.714063 0.908333 0.706250 0.612500 0.398438 0.395833 0.368750 0.360417 0.335938
5 0.958333 0.935938 0.950000 0.925000 0.604167 0.951563 0.614583 0.967188 0.604167 0.982813 0.837500 0.987500 0.827083 0.967188 0.833333 0.956250
7 0.131250 0.168750 0.141667 0.193750 0.162500 0.198437 0.181250 0.209375 0.220833 0.243750 0.245833 0.250000 0.254167 0.195312 0.289583 0.198437 0.312500 0.207813 0.352083 0.204688 0.370833 0.220313 0.389583 0.215625 0.389583 0.201562 0.395833 0.195312 0.389583 0.189063 0.364583 0.195312 0.335417 0.195312 0.320833 0.185937 0.285417 0.187500 0.279167 0.181250 0.258333 0.184375 0.258333 0.135937 0.243750 0.132812 0.202083 0.140625 0.177083 0.153125 0.139583 0.156250
7 0.225000 0.826563 0.210417 0.826563 0.208333 0.828125 0.191667 0.828125 0.189583 0.829687 0.170833 0.829687 0.170833 0.831250 0.189583 0.845312 0.212500 0.845312 0.218750 0.842188 0.222917 0.842188 0.222917 0.832812 0.225000 0.831250
7 0.162500 0.989062 0.156250 0.973437 0.072917 0.976562 0.070833 0.978125 0.016667 0.979688 0.014583 0.981250 0.014583 0.987500 0.016667 0.989062
8 0.406250 0.056250 0.397917 0.070312 0.391667 0.068750 0.387500 0.087500 0.377083 0.114063 0.375000 0.128125 0.383333 0.137500 0.385417 0.135937 0.400000 0.135937 0.412500 0.145313 0.416667 0.159375 0.441667 0.092188 0.422917 0.056250
8 0.364583 0.145313 0.364583 0.150000 0.362500 0.151562 0.362500 0.157813 0.366667 0.160938 0.377083 0.160938 0.383333 0.165625 0.391667 0.165625 0.393750 0.167187 0.393750 0.165625 0.395833 0.164062 0.395833 0.162500 0.400000 0.159375 0.400000 0.151562 0.397917 0.150000 0.397917 0.148438 0.395833 0.146875 0.395833 0.145313 0.393750 0.143750 0.381250 0.143750 0.379167 0.145313
8 0.350000 0.251563 0.350000 0.254687 0.345833 0.259375 0.345833 0.262500 0.343750 0.264062 0.341667 0.271875 0.333333 0.278125 0.333333 0.281250 0.335417 0.282813 0.335417 0.284375 0.343750 0.289062 0.345833 0.289062 0.347917 0.287500 0.375000 0.287500 0.375000 0.282813 0.377083 0.281250 0.377083 0.275000 0.379167 0.273438 0.379167 0.268750 0.381250 0.267188 0.379167 0.265625 0.379167 0.257812 0.372917 0.253125 0.362500 0.253125 0.360417 0.251563
8 0.189583 0.389062 0.197917 0.453125 0.187500 0.531250 0.237500 0.528125 0.279167 0.451562 0.293750 0.464063 0.270833 0.467187 0.279167 0.554688 0.287500 0.554688 0.300000 0.481250 0.370833 0.496875 0.416667 0.492188 0.420833 0.464063 0.375000 0.473437 0.316667 0.468750 0.375000 0.467187 0.404167 0.454688 0.270833 0.429688 0.275000 0.420312 0.368750 0.448438 0.381250 0.395312
8 0.410417 0.498437 0.368750 0.501562 0.302083 0.489062 0.295833 0.562500 0.318750 0.575000 0.279167 0.559375 0.222917 0.562500 0.212500 0.589063 0.212500 0.723437 0.225000 0.728125 0.237500 0.720312 0.279167 0.718750 0.289583 0.690625 0.285417 0.717188 0.304167 0.737500 0.350000 0.735937 0.391667 0.645312 0.391667 0.617188 0.341667 0.606250 0.387500 0.604688 0.383333 0.590625 0.337500 0.581250 0.406250 0.585938 0.420833 0.518750
8 0.264583 0.506250 0.262500 0.507812 0.262500 0.509375 0.260417 0.510938 0.260417 0.512500 0.258333 0.514063 0.258333 0.515625 0.256250 0.517187 0.256250 0.518750 0.254167 0.520312 0.254167 0.521875 0.252083 0.523438 0.250000 0.528125 0.241667 0.534375 0.241667 0.540625 0.243750 0.542188 0.262500 0.542188 0.264583 0.543750 0.270833 0.543750 0.272917 0.545313 0.270833 0.543750 0.270833 0.535937 0.268750 0.534375 0.268750 0.525000 0.266667 0.523438 0.266667 0.515625 0.264583 0.514063
8 0.179167 0.537500 0.175000 0.540625 0.179167 0.643750 0.166667 0.659375 0.170833 0.662500 0.193750 0.664062 0.204167 0.654688 0.206250 0.570312 0.208333 0.565625 0.227083 0.550000 0.227083 0.540625
8 0.193750 0.667188 0.187500 0.668750 0.185417 0.671875 0.185417 0.675000 0.177083 0.687500 0.172917 0.703125 0.166667 0.710938 0.160417 0.725000 0.181250 0.737500 0.210417 0.737500 0.214583 0.734375 0.208333 0.729688 0.206250 0.726562 0.206250 0.720312 0.200000 0.712500 0.200000 0.693750 0.202083 0.692187 0.202083 0.681250 0.204167 0.679688 0.204167 0.667188
8 0.295833 0.832812 0.293750 0.832812 0.289583 0.835938 0.287500 0.835938 0.283333 0.839063 0.283333 0.845312 0.281250 0.846875 0.277083 0.846875 0.277083 0.865625 0.279167 0.867188 0.281250 0.867188 0.285417 0.870313 0.287500 0.870313 0.291667 0.873438 0.297917 0.868750 0.297917 0.865625 0.302083 0.860937 0.302083 0.857813 0.300000 0.856250 0.300000 0.848437 0.297917 0.846875 0.297917 0.840625 0.295833 0.839063