1 0.012500 0.014062 0.014583 0.106250 0.020833 0.106250 0.027083 0.101562 0.106250 0.118750 0.106250 0.068750 0.120833 0.014062
1 0.018750 0.225000 0.016667 0.296875 0.139583 0.306250 0.122917 0.264062 0.118750 0.232812
1 0.018750 0.346875 0.016667 0.450000 0.202083 0.451562 0.164583 0.439063 0.131250 0.420312 0.116667 0.406250 0.033333 0.400000 0.029167 0.395312 0.027083 0.346875
1 0.018750 0.454688 0.016667 0.564062 0.018750 0.551562 0.166667 0.554688 0.172917 0.667188 0.016667 0.679688 0.014583 0.606250 0.014583 0.731250 0.400000 0.714063 0.368750 0.682813 0.339583 0.500000 0.295833 0.504687 0.264583 0.456250
1 0.445833 0.767187 0.018750 0.789062 0.016667 0.853125 0.450000 0.820312
1 0.214583 0.848437 0.020833 0.864062 0.016667 0.910937 0.212500 0.895312
2 0.766667 0.017188 0.954167 0.217187 0.970833 0.214062 0.985417 0.235938 0.987500 0.014062
2 0.985417 0.348437 0.866667 0.468750 0.943750 0.475000 0.956250 0.482812 0.954167 0.501562 0.897917 0.512500 0.881250 0.507812 0.843750 0.512500 0.872917 0.556250 0.904167 0.628125 0.987500 0.625000
2 0.987500 0.665625 0.897917 0.671875 0.702083 0.807813 0.764583 0.815625 0.750000 0.837500 0.472917 0.860937 0.456250 0.828125 0.433333 0.837500 0.416667 0.915625 0.429167 0.982813 0.989583 0.989062
3 0.297917 0.432813 0.297917 0.496875 0.300000 0.500000 0.300000 0.498437 0.306250 0.495313 0.335417 0.495313 0.333333 0.493750 0.333333 0.481250 0.331250 0.479688 0.331250 0.467187 0.329167 0.465625 0.327083 0.442187 0.322917 0.439063 0.310417 0.434375
3 0.412500 0.834375 0.262500 0.840625 0.262500 0.885938 0.279167 0.887500 0.393750 0.876562 0.412500 0.857813
4 0.127083 0.014062 0.112500 0.120312 0.022917 0.104687 0.016667 0.217187 0.118750 0.231250 0.145833 0.309375 0.016667 0.298438 0.016667 0.340625 0.208333 0.348437 0.227083 0.407813 0.327083 0.435937 0.408333 0.718750 0.016667 0.735937 0.014583 0.785937 0.437500 0.764063 0.447917 0.678125 0.514583 0.676562 0.616667 0.585938 0.587500 0.467187 0.850000 0.467187 0.952083 0.364062 0.966667 0.243750 0.720833 0.018750 0.281250 0.014062 0.283333 0.092188 0.237500 0.089062 0.218750 0.134375 0.172917 0.126563 0.172917 0.079687 0.233333 0.087500 0.183333 0.073437 0.191667 0.018750 0.239583 0.014062
5 0.943750 0.476562 0.695833 0.462500 0.602083 0.468750 0.591667 0.517187 0.622917 0.581250 0.518750 0.679688 0.447917 0.687500 0.456250 0.826563 0.477083 0.851562 0.735417 0.831250 0.760417 0.820312 0.687500 0.817187 0.906250 0.664062 0.987500 0.654688 0.970833 0.626562 0.902083 0.628125 0.841667 0.512500 0.952083 0.501562
7 0.033333 0.340625 0.041667 0.393750 0.137500 0.396875 0.152083 0.389062 0.158333 0.381250 0.158333 0.348437 0.154167 0.346875
7 0.200000 0.370313 0.187500 0.381250 0.170833 0.389062 0.141667 0.398438 0.141667 0.417188 0.191667 0.443750 0.200000 0.443750 0.210417 0.446875 0.218750 0.412500 0.220833 0.410937 0.227083 0.412500 0.222917 0.406250 0.214583 0.404687 0.214583 0.375000 0.216667 0.371875
7 0.225000 0.442187 0.281250 0.442187 0.281250 0.440625 0.283333 0.439063 0.283333 0.435937 0.289583 0.431250 0.287500 0.429688 0.256250 0.429688 0.254167 0.428125 0.227083 0.428125 0.225000 0.429688
7 0.018750 0.553125 0.016667 0.678125 0.170833 0.667188 0.166667 0.556250
7 0.420833 0.987500 0.410417 0.928125 0.014583 0.959375 0.016667 0.990625
8 0.279167 0.014062 0.200000 0.015625 0.193750 0.018750 0.193750 0.057813 0.185417 0.076563 0.200000 0.081250 0.214583 0.079687 0.229167 0.085938 0.195833 0.087500 0.175000 0.079687 0.172917 0.117188 0.177083 0.128125 0.218750 0.132812 0.222917 0.129688 0.222917 0.117188 0.239583 0.089062 0.245833 0.093750 0.270833 0.087500 0.281250 0.092188
8 0.285417 0.017188 0.287500 0.096875 0.306250 0.115625 0.331250 0.118750 0.364583 0.131250 0.429167 0.142188 0.462500 0.026563 0.429167 0.025000 0.393750 0.017188
8 0.170833 0.232812 0.183333 0.251563 0.166667 0.318750 0.222917 0.334375 0.202083 0.278125 0.233333 0.309375 0.270833 0.303125 0.302083 0.251563 0.281250 0.304688 0.325000 0.328125 0.243750 0.306250 0.229167 0.400000 0.245833 0.390625 0.245833 0.356250 0.247917 0.410937 0.333333 0.426562 0.343750 0.356250 0.243750 0.350000 0.335417 0.350000 0.347917 0.334375 0.360417 0.337500 0.391667 0.256250 0.220833 0.235938 0.206250 0.278125 0.206250 0.254687 0.191667 0.246875 0.210417 0.250000 0.210417 0.234375