1 0.018750 0.018750 0.022917 0.501562 0.060417 0.479688 0.133333 0.526563 0.072917 0.534375 0.050000 0.787500 0.112500 0.784375 0.016667 0.859375 0.016667 0.989062 0.987500 0.987500 0.989583 0.945312 0.645833 0.970312 0.633333 0.926562 0.506250 0.878125 0.497917 0.821875 0.087500 0.831250 0.479167 0.814062 0.418750 0.756250 0.427083 0.667188 0.585417 0.614062 0.579167 0.567187 0.485417 0.568750 0.412500 0.464063 0.462500 0.440625 0.472917 0.340625 0.672917 0.323438 0.489583 0.287500 0.531250 0.018750 0.160417 0.014062 0.106250 0.048437
2 0.820833 0.014062 0.825000 0.059375 0.883333 0.071875 0.883333 0.087500 0.872917 0.092188 0.839583 0.079687 0.841667 0.118750 0.941667 0.139062 0.916667 0.140625 0.891667 0.162500 0.843750 0.160938 0.729167 0.270312 0.777083 0.284375 0.800000 0.262500 0.854167 0.254687 0.972917 0.281250 0.981250 0.275000 0.987500 0.014062
2 0.768750 0.400000 0.772917 0.481250 0.793750 0.493750 0.779167 0.506250 0.781250 0.528125 0.829167 0.542188 0.875000 0.510938 0.881250 0.515625 0.854167 0.582812 0.897917 0.626562 0.962500 0.582812 0.943750 0.634375 0.958333 0.646875 0.900000 0.731250 0.933333 0.731250 0.981250 0.746875 0.989583 0.432813 0.939583 0.443750 0.887500 0.476562 0.825000 0.451562
3 0.535417 0.326562 0.516667 0.326562 0.506250 0.337500 0.495833 0.340625 0.470833 0.353125 0.468750 0.384375 0.466667 0.385938 0.466667 0.390625 0.472917 0.385938 0.489583 0.378125 0.483333 0.376563 0.483333 0.357812 0.489583 0.353125 0.497917 0.351562 0.518750 0.335938 0.522917 0.335938
3 0.541667 0.326562 0.552083 0.353125 0.510417 0.375000 0.541667 0.375000 0.554167 0.414062 0.535417 0.434375 0.495833 0.434375 0.472917 0.423438 0.477083 0.439063 0.545833 0.434375 0.566667 0.454688 0.545833 0.459375 0.541667 0.473437 0.554167 0.523438 0.537500 0.542188 0.497917 0.546875 0.493750 0.559375 0.587500 0.556250 0.643750 0.523438 0.681250 0.535937 0.716667 0.501562 0.752083 0.504687 0.772917 0.518750 0.764583 0.390625 0.747917 0.365625 0.747917 0.339063
3 0.056250 0.481250 0.016667 0.846875 0.037500 0.842188 0.041667 0.806250 0.100000 0.793750 0.091667 0.789062 0.041667 0.795313 0.064583 0.526563 0.125000 0.525000 0.070833 0.512500 0.064583 0.484375
3 0.983333 0.750000 0.939583 0.739062 0.537500 0.748438 0.529167 0.760938 0.604167 0.757812 0.622917 0.768750 0.643750 0.815625 0.645833 0.909375 0.581250 0.890625 0.643750 0.926562 0.650000 0.964063 0.985417 0.940625
4 0.500000 0.285937 0.627083 0.304688 0.714583 0.275000 0.841667 0.154687 0.889583 0.159375 0.916667 0.139062 0.939583 0.139062 0.833333 0.118750 0.812500 0.017188 0.539583 0.018750 0.535417 0.206250
5 0.814583 0.260938 0.791667 0.276563 0.787500 0.289062 0.852083 0.303125 0.854167 0.345313 0.866667 0.368750 0.964583 0.396875 0.945833 0.414062 0.918750 0.417188 0.891667 0.409375 0.872917 0.439063 0.829167 0.445312 0.862500 0.465625 0.902083 0.470313 0.933333 0.437500 0.989583 0.428125 0.983333 0.279687 0.981250 0.287500 0.970833 0.289062 0.866667 0.260938
5 0.956250 0.589063 0.918750 0.628125 0.881250 0.626562 0.847917 0.589063 0.875000 0.518750 0.829167 0.546875 0.779167 0.537500 0.741667 0.507812 0.695833 0.517187 0.689583 0.543750 0.658333 0.543750 0.639583 0.528125 0.591667 0.559375 0.600000 0.620313 0.445833 0.654688 0.425000 0.703125 0.431250 0.756250 0.445833 0.778125 0.500000 0.806250 0.500000 0.764063 0.525000 0.762500 0.529167 0.743750 0.787500 0.739062 0.854167 0.721875 0.881250 0.729688 0.943750 0.651563 0.935417 0.635938
7 0.081250 0.054688 0.035417 0.476562 0.262500 0.487500 0.281250 0.073437
8 0.666667 0.304688 0.677083 0.323438 0.743750 0.315625 0.750000 0.309375 0.754167 0.312500 0.754167 0.353125 0.762500 0.381250 0.783333 0.395312 0.804167 0.421875 0.841667 0.439063 0.862500 0.435937 0.879167 0.423438 0.887500 0.403125 0.935417 0.410937 0.956250 0.396875 0.893750 0.389062 0.868750 0.379687 0.852083 0.350000 0.850000 0.309375 0.802083 0.293750 0.770833 0.292188 0.772917 0.284375 0.735417 0.278125 0.677083 0.293750
8 0.539583 0.326562 0.522917 0.337500 0.518750 0.337500 0.497917 0.353125 0.485417 0.357812 0.485417 0.376563 0.491667 0.378125 0.462500 0.393750 0.466667 0.418750 0.495833 0.432813 0.535417 0.432813 0.552083 0.414062 0.539583 0.392188 0.539583 0.375000 0.508333 0.375000 0.533333 0.356250 0.550000 0.353125 0.545833 0.348437 0.547917 0.332812
8 0.556250 0.453125 0.537500 0.437500 0.533333 0.437500 0.518750 0.442187 0.441667 0.450000 0.425000 0.462500 0.425000 0.465625 0.431250 0.473437 0.460417 0.485938 0.495833 0.485938 0.502083 0.487500 0.545833 0.468750 0.537500 0.456250 0.539583 0.454688 0.556250 0.454688
8 0.587500 0.445312 0.591667 0.454688 0.591667 0.476562 0.593750 0.479688 0.591667 0.481250 0.591667 0.487500 0.583333 0.495313 0.581250 0.523438 0.591667 0.528125 0.604167 0.523438 0.614583 0.521875 0.614583 0.512500 0.608333 0.507812 0.608333 0.498437 0.618750 0.482812 0.610417 0.462500 0.608333 0.450000 0.593750 0.445312
8 0.550000 0.506250 0.539583 0.485938 0.533333 0.485938 0.518750 0.490625 0.472917 0.493750 0.470833 0.495313 0.437500 0.490625 0.437500 0.504687 0.460417 0.532812 0.479167 0.532812 0.512500 0.546875 0.510417 0.545313 0.512500 0.534375 0.539583 0.534375 0.547917 0.520312 0.547917 0.507812
8 0.981250 0.764063 0.981250 0.759375 0.941667 0.750000 0.910417 0.750000 0.895833 0.753125 0.810417 0.751562 0.927083 0.770312
8 0.664583 0.757812 0.664583 0.759375 0.729167 0.775000 0.741667 0.773438 0.831250 0.773438 0.808333 0.767187 0.800000 0.762500 0.785417 0.762500 0.768750 0.765625 0.758333 0.762500 0.752083 0.756250
8 0.502083 0.764063 0.504167 0.828125 0.512500 0.870313 0.516667 0.873438 0.522917 0.868750 0.529167 0.873438 0.545833 0.871875 0.554167 0.881250 0.575000 0.881250 0.585417 0.889063 0.593750 0.889063 0.602083 0.895312 0.618750 0.895312 0.629167 0.904688 0.637500 0.906250 0.637500 0.809375 0.620833 0.784375 0.620833 0.770312 0.612500 0.764063
8 0.914583 0.792188 0.789583 0.796875 0.802083 0.904688 0.954167 0.895312 0.947917 0.834375 0.922917 0.809375
8 0.677083 0.825000 0.677083 0.860937 0.679167 0.862500 0.679167 0.901563 0.681250 0.906250 0.741667 0.906250 0.712500 0.854688 0.702083 0.831250 0.695833 0.826563