1 0.016667 0.014062 0.014583 0.279687 0.175000 0.284375 0.179167 0.707812 0.014583 0.703125 0.014583 0.937500 0.460417 0.904688 0.410417 0.814062 0.358333 0.810938 0.372917 0.770312 0.272917 0.737500 0.318750 0.695312 0.210417 0.696875 0.218750 0.667188 0.283333 0.664062 0.216667 0.525000 0.300000 0.365625 0.220833 0.343750 0.241667 0.318750 0.452083 0.329688 0.477083 0.292188 0.422917 0.231250 0.437500 0.185937 0.658333 0.182812 0.727083 0.015625
1 0.489583 0.909375 0.016667 0.942187 0.014583 0.989062 0.243750 0.989062 0.279167 0.973437 0.325000 0.979688 0.356250 0.962500 0.395833 0.951563 0.406250 0.925000
2 0.741667 0.015625 0.714583 0.117188 0.741667 0.107813 0.735417 0.085938 0.770833 0.085938 0.808333 0.123438 0.779167 0.214062 0.731250 0.228125 0.747917 0.279687 0.700000 0.339063 0.737500 0.342187 0.716667 0.396875 0.881250 0.504687 0.931250 0.523438 0.987500 0.570312 0.989583 0.014062
3 0.514583 0.176563 0.514583 0.182812 0.543750 0.200000 0.545833 0.242188 0.539583 0.250000 0.529167 0.250000 0.529167 0.279687 0.543750 0.295312 0.508333 0.337500 0.535417 0.357812 0.714583 0.359375 0.685417 0.351562 0.712500 0.231250 0.727083 0.214062 0.768750 0.214062 0.768750 0.207813 0.708333 0.200000 0.689583 0.192188
3 0.435417 0.767187 0.429167 0.773438 0.420833 0.771875 0.422917 0.776563 0.418750 0.785937 0.410417 0.789062 0.418750 0.796875 0.418750 0.809375 0.425000 0.823438 0.433333 0.856250 0.450000 0.854688 0.452083 0.853125 0.468750 0.853125 0.464583 0.846875 0.464583 0.842188 0.460417 0.835938 0.460417 0.831250 0.456250 0.825000 0.456250 0.820312 0.452083 0.814062 0.452083 0.809375 0.447917 0.803125
4 0.243750 0.326562 0.239583 0.348437 0.312500 0.375000 0.227083 0.526563 0.293750 0.662500 0.220833 0.693750 0.327083 0.693750 0.352083 0.564062 0.391667 0.579687 0.366667 0.415625 0.406250 0.426562 0.412500 0.365625 0.506250 0.406250 0.483333 0.439063 0.427083 0.432813 0.477083 0.442187 0.439583 0.471875 0.487500 0.529688 0.437500 0.765625 0.525000 0.985937 0.989583 0.987500 0.981250 0.570312 0.708333 0.395312 0.725000 0.348437 0.535417 0.359375 0.497917 0.337500
4 0.591667 0.604688 0.610417 0.604688 0.616667 0.607813 0.629167 0.628125 0.631250 0.642187 0.631250 0.629687 0.625000 0.617188 0.625000 0.614062 0.629167 0.612500 0.635417 0.617188 0.650000 0.637500 0.660417 0.645312 0.639583 0.620313 0.631250 0.614062 0.631250 0.606250 0.622917 0.609375 0.612500 0.604688
6 0.495833 0.915625 0.408333 0.929688 0.404167 0.953125 0.412500 0.960938 0.420833 0.987500 0.520833 0.987500
7 0.497917 0.203125 0.466667 0.206250 0.452083 0.217187 0.441667 0.210938 0.433333 0.223438 0.433333 0.226562 0.447917 0.234375 0.460417 0.253125 0.462500 0.271875 0.500000 0.270312 0.512500 0.265625 0.512500 0.239063 0.514583 0.237500 0.514583 0.231250 0.502083 0.215625
7 0.014583 0.281250 0.014583 0.701563 0.177083 0.707812 0.181250 0.287500
7 0.287500 0.717188 0.287500 0.726562 0.289583 0.728125 0.289583 0.732813 0.295833 0.739062 0.295833 0.740625 0.300000 0.742188 0.345833 0.742188 0.347917 0.743750 0.352083 0.743750 0.352083 0.735937 0.356250 0.731250 0.362500 0.731250 0.362500 0.728125 0.360417 0.726562 0.358333 0.726562 0.352083 0.721875 0.350000 0.721875 0.327083 0.709375 0.295833 0.709375 0.291667 0.710938
7 0.387500 0.742188 0.387500 0.757812 0.389583 0.759375 0.389583 0.760938 0.395833 0.760938 0.397917 0.762500 0.408333 0.762500 0.410417 0.764063 0.422917 0.764063 0.425000 0.765625 0.427083 0.765625 0.422917 0.762500 0.420833 0.762500 0.414583 0.757812 0.412500 0.757812 0.404167 0.751562 0.402083 0.751562 0.395833 0.746875 0.393750 0.746875
8 0.702083 0.214062 0.643750 0.214062 0.616667 0.279687 0.616667 0.289062 0.631250 0.298438 0.635417 0.306250 0.672917 0.309375
8 0.714583 0.231250 0.712500 0.246875 0.708333 0.256250 0.708333 0.264062 0.706250 0.265625 0.702083 0.289062 0.697917 0.298438 0.697917 0.306250 0.695833 0.307813 0.695833 0.314063 0.706250 0.318750 0.718750 0.318750 0.725000 0.312500 0.737500 0.281250 0.737500 0.240625 0.733333 0.237500
8 0.529167 0.285937 0.525000 0.285937 0.522917 0.287500 0.520833 0.287500 0.518750 0.289062 0.516667 0.289062 0.512500 0.292188 0.512500 0.293750 0.510417 0.295312 0.510417 0.296875 0.508333 0.298438 0.508333 0.301562 0.510417 0.303125 0.510417 0.304688 0.512500 0.306250 0.512500 0.307813 0.520833 0.314063 0.522917 0.314063 0.522917 0.310937 0.531250 0.304688 0.531250 0.303125 0.533333 0.301562 0.533333 0.300000 0.535417 0.298438 0.535417 0.289062 0.533333 0.287500 0.531250 0.287500
8 0.614583 0.303125 0.614583 0.306250 0.612500 0.307813 0.612500 0.310937 0.610417 0.312500 0.610417 0.315625 0.606250 0.321875 0.606250 0.326562 0.604167 0.328125 0.602083 0.335938 0.627083 0.337500 0.629167 0.339063 0.643750 0.339063 0.645833 0.340625 0.658333 0.340625 0.660417 0.342187 0.664583 0.335938 0.670833 0.331250 0.670833 0.317187 0.668750 0.315625 0.660417 0.315625 0.658333 0.314063 0.652083 0.314063 0.650000 0.312500 0.631250 0.310937 0.625000 0.303125
8 0.414583 0.365625 0.406250 0.425000 0.368750 0.415625 0.375000 0.564062 0.341667 0.598437 0.327083 0.701563 0.435417 0.764063 0.485417 0.542188 0.445833 0.448438 0.447917 0.471875 0.497917 0.476562 0.527083 0.617188 0.562500 0.584375 0.529167 0.656250 0.591667 0.831250 0.614583 0.837500 0.631250 0.810938 0.627083 0.834375 0.666667 0.829687 0.677083 0.757812 0.668750 0.840625 0.700000 0.845312 0.731250 0.779688 0.687500 0.745313 0.764583 0.720312 0.766667 0.667188 0.591667 0.565625 0.610417 0.554688 0.579167 0.523438 0.535417 0.521875 0.560417 0.518750 0.533333 0.471875 0.502083 0.470313 0.508333 0.448438 0.425000 0.432813 0.483333 0.437500 0.504167 0.406250
8 0.381250 0.748438 0.379167 0.748438 0.377083 0.746875 0.372917 0.746875 0.370833 0.745313 0.358333 0.745313 0.356250 0.746875 0.345833 0.746875 0.343750 0.748438 0.316667 0.748438 0.316667 0.754687 0.320833 0.757812 0.320833 0.759375 0.331250 0.759375 0.333333 0.760938 0.337500 0.753125 0.341667 0.750000 0.347917 0.751562 0.354167 0.756250 0.354167 0.757812 0.356250 0.756250 0.368750 0.756250 0.368750 0.754687 0.372917 0.750000 0.375000 0.750000 0.379167 0.753125
8 0.362500 0.803125 0.372917 0.803125 0.375000 0.804688 0.387500 0.804688 0.389583 0.806250 0.389583 0.803125 0.391667 0.801562 0.391667 0.800000 0.395833 0.796875 0.406250 0.796875 0.408333 0.795313 0.414583 0.795313 0.408333 0.795313 0.406250 0.793750 0.400000 0.793750 0.397917 0.792188 0.397917 0.789062 0.393750 0.789062 0.391667 0.787500 0.370833 0.787500 0.370833 0.789062 0.368750 0.790625 0.368750 0.792188 0.364583 0.796875 0.364583 0.800000 0.362500 0.801562
8 0.406250 0.956250 0.379167 0.957812 0.377083 0.959375 0.366667 0.960938 0.360417 0.964063 0.356250 0.964063 0.339583 0.976562 0.339583 0.987500 0.418750 0.987500 0.416667 0.985937 0.416667 0.981250 0.414583 0.979688 0.414583 0.975000 0.412500 0.973437 0.412500 0.968750 0.410417 0.967188 0.410417 0.960938