1 0.089583 0.014062 0.093750 0.132812 0.016667 0.123438 0.020833 0.465625 0.206250 0.464063 0.168750 0.400000 0.195833 0.325000 0.495833 0.404687 0.520833 0.359375 0.404167 0.353125 0.360417 0.293750 0.318750 0.279687 0.343750 0.237500 0.262500 0.232812 0.231250 0.196875 0.245833 0.148438 0.306250 0.150000 0.331250 0.175000 0.381250 0.170312 0.368750 0.151562 0.145833 0.117188 0.152083 0.079687 0.229167 0.087500 0.233333 0.035937 0.216667 0.014062
1 0.018750 0.471875 0.016667 0.989062 0.806250 0.987500 0.706250 0.842188 0.475000 0.860937 0.445833 0.898438 0.354167 0.903125 0.339583 0.879687 0.245833 0.870313 0.241667 0.782812 0.152083 0.784375 0.143750 0.728125 0.108333 0.707812 0.139583 0.698438 0.137500 0.642187 0.218750 0.628125 0.241667 0.590625 0.287500 0.579687 0.287500 0.506250 0.327083 0.482812
2 0.572917 0.276563 0.564583 0.328125 0.593750 0.337500 0.593750 0.362500 0.525000 0.357812 0.514583 0.410937 0.572917 0.448438 0.597917 0.503125 0.654167 0.517187 0.633333 0.460938 0.668750 0.445312 0.679167 0.453125 0.683333 0.481250 0.700000 0.429688 0.579167 0.426562 0.556250 0.409375 0.554167 0.395312 0.579167 0.376563 0.725000 0.379687 0.643750 0.337500
2 0.756250 0.434375 0.718750 0.520312 0.770833 0.532812 0.802083 0.521875 0.810417 0.546875 0.789583 0.562500 0.710417 0.554688 0.735417 0.643750 0.687500 0.643750 0.660417 0.587500 0.622917 0.590625 0.620833 0.628125 0.658333 0.664062 0.747917 0.668750 0.800000 0.740625 0.781250 0.787500 0.802083 0.781250 0.852083 0.832812 0.860417 0.917188 0.820833 0.953125 0.793750 0.939062 0.743750 0.843750 0.718750 0.837500 0.814583 0.982813 0.987500 0.985937 0.987500 0.440625
3 0.416667 0.189063 0.408333 0.243750 0.397917 0.242188 0.393750 0.260938 0.387500 0.265625 0.393750 0.293750 0.385417 0.304688 0.410417 0.345313 0.585417 0.353125 0.583333 0.342187 0.543750 0.335938 0.562500 0.270312 0.468750 0.204688 0.429167 0.196875
4 0.147917 0.093750 0.164583 0.110937 0.368750 0.137500 0.400000 0.178125 0.468750 0.201562 0.737500 0.387500 0.583333 0.382812 0.564583 0.398438 0.581250 0.418750 0.989583 0.432813 0.987500 0.010937 0.231250 0.010937 0.243750 0.092188
5 0.195833 0.335938 0.181250 0.390625 0.222917 0.467187 0.445833 0.503125 0.400000 0.517187 0.383333 0.493750 0.395833 0.528125 0.450000 0.520312 0.437500 0.614062 0.466667 0.639063 0.533333 0.632812 0.572917 0.557813 0.645833 0.532812 0.635417 0.575000 0.654167 0.578125 0.668750 0.548437 0.689583 0.634375 0.729167 0.639063 0.702083 0.617188 0.693750 0.542188 0.802083 0.545313 0.708333 0.521875 0.752083 0.428125 0.714583 0.428125 0.681250 0.493750 0.662500 0.470313 0.675000 0.456250 0.641667 0.460938 0.662500 0.521875 0.589583 0.515625 0.556250 0.442187 0.525000 0.420312
6 0.370833 0.498437 0.377083 0.585938 0.362500 0.604688 0.333333 0.609375 0.306250 0.565625 0.297917 0.592188 0.320833 0.626562 0.275000 0.651563 0.327083 0.679688 0.333333 0.775000 0.289583 0.785937 0.314583 0.812500 0.343750 0.809375 0.362500 0.893750 0.437500 0.893750 0.456250 0.850000 0.750000 0.826563 0.795833 0.737500 0.745833 0.673437 0.618750 0.670313 0.570833 0.585938 0.525000 0.639063 0.466667 0.642187 0.429167 0.612500 0.439583 0.534375 0.387500 0.534375
7 0.239583 0.164062 0.239583 0.190625 0.245833 0.196875 0.308333 0.206250 0.318750 0.187500 0.350000 0.192188 0.352083 0.187500 0.325000 0.182812 0.320833 0.165625 0.306250 0.154687 0.250000 0.153125
7 0.360417 0.178125 0.360417 0.184375 0.358333 0.185937 0.358333 0.192188 0.356250 0.193750 0.356250 0.200000 0.354167 0.201562 0.347917 0.231250 0.354167 0.231250 0.364583 0.234375 0.372917 0.234375 0.375000 0.235938 0.383333 0.235938 0.385417 0.237500 0.402083 0.239063 0.404167 0.240625 0.404167 0.231250 0.406250 0.229687 0.406250 0.221875 0.408333 0.220313 0.412500 0.189063 0.400000 0.181250
7 0.256250 0.773438 0.252083 0.776563 0.254167 0.789062 0.243750 0.801562 0.241667 0.846875 0.254167 0.864062 0.277083 0.871875 0.356250 0.867188 0.360417 0.864062 0.327083 0.864062 0.281250 0.868750 0.252083 0.854688 0.245833 0.845312 0.245833 0.810938 0.252083 0.800000 0.277083 0.775000 0.277083 0.770312
8 0.295833 0.014062 0.289583 0.100000 0.297917 0.112500 0.306250 0.117188 0.325000 0.112500 0.331250 0.118750 0.354167 0.117188 0.393750 0.125000 0.416667 0.137500 0.425000 0.151562 0.454167 0.012500
8 0.272917 0.206250 0.272917 0.207813 0.270833 0.209375 0.270833 0.212500 0.268750 0.214062 0.268750 0.217187 0.264583 0.221875 0.264583 0.225000 0.270833 0.225000 0.272917 0.226562 0.283333 0.226562 0.285417 0.228125 0.293750 0.228125 0.295833 0.229687 0.295833 0.228125 0.302083 0.223438 0.302083 0.210938 0.297917 0.207813 0.295833 0.207813 0.293750 0.206250
8 0.306250 0.214062 0.306250 0.225000 0.310417 0.228125 0.314583 0.228125 0.316667 0.229687 0.320833 0.229687 0.322917 0.231250 0.327083 0.228125 0.329167 0.228125 0.333333 0.225000 0.335417 0.225000 0.337500 0.223438 0.345833 0.223438 0.345833 0.221875 0.329167 0.221875 0.314583 0.210938 0.312500 0.210938 0.310417 0.212500 0.308333 0.212500
8 0.393750 0.248437 0.389583 0.245312 0.377083 0.245312 0.370833 0.240625 0.368750 0.240625 0.364583 0.245312 0.350000 0.245312 0.350000 0.246875 0.347917 0.248437 0.347917 0.262500 0.358333 0.262500 0.360417 0.264062 0.368750 0.264062 0.370833 0.262500 0.385417 0.262500 0.385417 0.260938 0.389583 0.257812 0.389583 0.254687 0.391667 0.253125 0.391667 0.250000
8 0.506250 0.240625 0.506250 0.254687 0.508333 0.254687 0.510417 0.256250 0.514583 0.256250 0.522917 0.264062 0.525000 0.264062 0.527083 0.265625 0.529167 0.265625 0.535417 0.268750 0.547917 0.268750 0.550000 0.270312 0.552083 0.268750 0.554167 0.268750 0.550000 0.265625 0.547917 0.265625 0.541667 0.260938 0.539583 0.260938 0.531250 0.254687 0.529167 0.254687 0.522917 0.250000 0.520833 0.250000 0.514583 0.245312 0.512500 0.245312
8 0.341667 0.265625 0.333333 0.271875 0.333333 0.281250 0.335417 0.281250 0.337500 0.282813 0.341667 0.282813 0.343750 0.284375 0.347917 0.284375 0.350000 0.285937 0.370833 0.285937 0.375000 0.289062 0.375000 0.290625 0.379167 0.295312 0.379167 0.298438 0.381250 0.300000 0.381250 0.301562 0.387500 0.296875 0.387500 0.285937 0.389583 0.284375 0.387500 0.282813 0.387500 0.273438 0.385417 0.271875 0.370833 0.271875 0.364583 0.268750 0.358333 0.268750 0.356250 0.267188 0.352083 0.267188 0.350000 0.265625
8 0.556250 0.273438 0.550000 0.276563 0.547917 0.275000 0.518750 0.275000 0.510417 0.281250 0.502083 0.278125 0.493750 0.278125 0.489583 0.282813 0.489583 0.296875 0.487500 0.298438 0.487500 0.314063 0.485417 0.315625 0.485417 0.329688 0.500000 0.335938 0.518750 0.334375 0.522917 0.331250 0.533333 0.332812 0.535417 0.323438 0.543750 0.307813 0.543750 0.303125 0.552083 0.287500
8 0.358333 0.487500 0.318750 0.490625 0.304167 0.501562 0.304167 0.520312 0.310417 0.543750 0.314583 0.550000 0.325000 0.551562 0.314583 0.556250 0.312500 0.564062 0.325000 0.573438 0.327083 0.600000 0.333333 0.607813 0.339583 0.603125 0.356250 0.603125 0.368750 0.593750 0.368750 0.532812 0.372917 0.526563 0.368750 0.518750 0.358333 0.523438 0.345833 0.540625 0.335417 0.545313 0.331250 0.543750 0.350000 0.529688 0.360417 0.506250
8 0.404167 0.584375 0.402083 0.584375 0.397917 0.587500 0.395833 0.587500 0.391667 0.590625 0.391667 0.592188 0.389583 0.593750 0.389583 0.607813 0.391667 0.609375 0.391667 0.610937 0.393750 0.610937 0.400000 0.615625 0.400000 0.614062 0.402083 0.612500 0.402083 0.609375 0.404167 0.607813 0.404167 0.606250 0.406250 0.604688 0.406250 0.603125 0.408333 0.601562 0.408333 0.600000 0.410417 0.598437 0.410417 0.593750 0.408333 0.592188 0.408333 0.590625 0.406250 0.589063 0.406250 0.587500 0.404167 0.585938
8 0.306250 0.595312 0.245833 0.601562 0.245833 0.618750 0.247917 0.621875 0.260417 0.623438 0.262500 0.626562 0.260417 0.628125 0.237500 0.628125 0.197917 0.642187 0.206250 0.646875 0.243750 0.643750 0.254167 0.639063 0.262500 0.639063 0.264583 0.629687 0.266667 0.631250 0.314583 0.632812
8 0.150000 0.651563 0.158333 0.776563 0.302083 0.768750 0.302083 0.731250 0.306250 0.729688 0.322917 0.743750 0.325000 0.679688 0.312500 0.678125 0.310417 0.695312 0.302083 0.704687 0.291667 0.700000 0.285417 0.668750 0.270833 0.662500 0.270833 0.648438
8 0.441667 0.675000 0.427083 0.675000 0.422917 0.681250 0.412500 0.681250 0.389583 0.692187 0.381250 0.714063 0.379167 0.764063 0.406250 0.821875 0.414583 0.831250 0.435417 0.817187 0.447917 0.817187 0.468750 0.753125 0.485417 0.732813 0.460417 0.706250
8 0.116667 0.710938 0.116667 0.714063 0.125000 0.720312 0.125000 0.721875 0.135417 0.721875 0.135417 0.720312 0.141667 0.715625 0.143750 0.715625 0.147917 0.718750 0.147917 0.714063 0.145833 0.712500 0.145833 0.710938 0.143750 0.709375 0.143750 0.707812 0.141667 0.706250 0.139583 0.707812 0.135417 0.707812 0.129167 0.703125 0.125000 0.703125 0.120833 0.706250 0.120833 0.707812
8 0.720833 0.706250 0.695833 0.707812 0.681250 0.720312 0.677083 0.729688 0.675000 0.746875 0.664583 0.762500 0.664583 0.767187 0.672917 0.778125 0.720833 0.778125 0.727083 0.779688 0.733333 0.764063 0.741667 0.751562 0.745833 0.737500
8 0.556250 0.739062 0.539583 0.739062 0.535417 0.743750 0.522917 0.748438 0.522917 0.751562 0.518750 0.756250 0.518750 0.759375 0.502083 0.793750 0.512500 0.793750 0.514583 0.792188 0.525000 0.792188 0.527083 0.790625 0.535417 0.790625 0.537500 0.789062 0.560417 0.787500 0.562500 0.785937 0.572917 0.784375 0.579167 0.779688 0.572917 0.771875 0.572917 0.768750 0.568750 0.764063 0.568750 0.760938 0.564583 0.756250 0.564583 0.753125
8 0.797917 0.787500 0.766667 0.800000 0.758333 0.825000 0.750000 0.829687 0.750000 0.840625 0.770833 0.862500 0.772917 0.893750 0.791667 0.907812 0.785417 0.870313 0.789583 0.862500 0.800000 0.934375 0.820833 0.946875 0.847917 0.928125 0.856250 0.903125 0.850000 0.884375 0.852083 0.857813 0.837500 0.825000 0.800000 0.825000 0.785417 0.834375 0.783333 0.859375 0.781250 0.832812 0.795833 0.821875 0.820833 0.821875 0.818750 0.800000
8 0.354167 0.840625 0.345833 0.834375 0.341667 0.834375 0.339583 0.835938 0.335417 0.835938 0.329167 0.839063 0.316667 0.839063 0.314583 0.840625 0.306250 0.840625 0.304167 0.842188 0.289583 0.846875 0.287500 0.848437 0.287500 0.850000 0.289583 0.851562 0.295833 0.862500 0.300000 0.862500 0.302083 0.860937 0.341667 0.860937 0.343750 0.859375 0.347917 0.859375 0.350000 0.851562 0.354167 0.846875