1 0.014583 0.014062 0.014583 0.168750 0.527083 0.231250 0.547917 0.190625 0.383333 0.167187 0.364583 0.179688 0.233333 0.157813 0.206250 0.132812 0.212500 0.014062
1 0.018750 0.287500 0.016667 0.375000 0.237500 0.395312 0.016667 0.381250 0.016667 0.601562 0.152083 0.600000 0.125000 0.989062 0.235417 0.989062 0.179167 0.968750 0.262500 0.948438 0.181250 0.757812 0.243750 0.632812 0.185417 0.614062 0.308333 0.612500 0.341667 0.592188 0.310417 0.515625 0.375000 0.485938 0.406250 0.321875
2 0.620833 0.015625 0.643750 0.062500 0.583333 0.201562 0.556250 0.192188 0.525000 0.246875 0.633333 0.235938 0.747917 0.270312 0.735417 0.290625 0.685417 0.295312 0.739583 0.323438 0.752083 0.376563 0.877083 0.559375 0.883333 0.610937 0.935417 0.645312 0.985417 0.650000 0.987500 0.015625
2 0.981250 0.696875 0.933333 0.703125 0.854167 0.778125 0.754167 0.835938 0.658333 0.926562 0.654167 0.948438 0.631250 0.971875 0.637500 0.984375 0.822917 0.984375 0.847917 0.959375 0.875000 0.971875 0.879167 0.987500 0.989583 0.989062
4 0.737500 0.268750 0.637500 0.248437 0.425000 0.257812 0.433333 0.271875 0.516667 0.273438 0.489583 0.300000 0.481250 0.421875 0.404167 0.595312 0.450000 0.889063 0.343750 0.948438 0.439583 0.962500 0.500000 0.935938 0.652083 0.920313 0.912500 0.698438 0.985417 0.689062 0.987500 0.656250 0.925000 0.654688 0.897917 0.618750 0.868750 0.617188 0.856250 0.548437 0.722917 0.323438 0.677083 0.300000
4 0.189583 0.618750 0.195833 0.629687 0.260417 0.629687 0.252083 0.660937 0.193750 0.750000 0.191667 0.787500 0.206250 0.825000 0.260417 0.895312 0.272917 0.935938 0.264583 0.956250 0.189583 0.957812 0.187500 0.971875 0.204167 0.978125 0.250000 0.968750 0.283333 0.946875 0.322917 0.946875 0.300000 0.901563 0.300000 0.775000 0.322917 0.746875 0.285417 0.625000 0.291667 0.617188
5 0.239583 0.989062 0.475000 0.985937 0.433333 0.968750 0.402083 0.964063 0.366667 0.953125 0.322917 0.948438 0.283333 0.948438 0.254167 0.970312
7 0.016667 0.612500 0.014583 0.989062 0.093750 0.989062 0.116667 0.610937
8 0.222917 0.012500 0.216667 0.095312 0.220833 0.137500 0.237500 0.154687 0.368750 0.175000 0.404167 0.012500
8 0.410417 0.015625 0.379167 0.160938 0.568750 0.185937 0.579167 0.196875 0.635417 0.056250 0.616667 0.025000 0.608333 0.032812 0.500000 0.012500
8 0.066667 0.179688 0.072917 0.206250 0.112500 0.217187 0.133333 0.206250 0.158333 0.232812 0.218750 0.242188 0.237500 0.267188 0.250000 0.268750 0.237500 0.260938 0.250000 0.250000 0.300000 0.250000 0.397917 0.270312 0.402083 0.243750 0.447917 0.240625 0.456250 0.246875 0.497917 0.248437 0.497917 0.234375 0.470833 0.228125 0.402083 0.226562 0.387500 0.220313
8 0.472917 0.298438 0.462500 0.300000 0.456250 0.314063 0.435417 0.320312 0.410417 0.318750 0.400000 0.384375 0.408333 0.412500 0.400000 0.412500 0.383333 0.440625 0.383333 0.473437 0.408333 0.501562 0.395833 0.504687 0.383333 0.528125 0.383333 0.560938 0.391667 0.570312 0.406250 0.570312 0.433333 0.535937 0.427083 0.506250 0.452083 0.489062 0.454167 0.459375 0.427083 0.453125 0.462500 0.454688 0.475000 0.431250 0.472917 0.376563 0.485417 0.351562 0.481250 0.304688
8 0.333333 0.504687 0.333333 0.512500 0.335417 0.514063 0.333333 0.515625 0.331250 0.515625 0.322917 0.521875 0.322917 0.523438 0.325000 0.525000 0.339583 0.529688 0.343750 0.532812 0.343750 0.537500 0.345833 0.539062 0.345833 0.543750 0.347917 0.545313 0.358333 0.545313 0.364583 0.542188 0.370833 0.542188 0.368750 0.540625 0.368750 0.534375 0.366667 0.532812 0.366667 0.525000 0.364583 0.523438 0.364583 0.520312 0.362500 0.518750 0.362500 0.515625 0.360417 0.514063 0.360417 0.510938 0.358333 0.509375 0.356250 0.501562 0.350000 0.501562 0.347917 0.503125
8 0.372917 0.581250 0.295833 0.625000 0.331250 0.750000 0.304167 0.782812 0.306250 0.904688 0.325000 0.942187 0.337500 0.943750 0.377083 0.931250 0.422917 0.892187 0.439583 0.892187 0.412500 0.715625 0.400000 0.717188 0.416667 0.709375 0.400000 0.618750