1 0.014583 0.014062 0.016667 0.825000 0.560417 0.806250 0.554167 0.743750 0.381250 0.725000 0.368750 0.665625 0.300000 0.675000 0.287500 0.745313 0.237500 0.743750 0.235417 0.695312 0.208333 0.695312 0.218750 0.609375 0.293750 0.606250 0.308333 0.640625 0.400000 0.615625 0.377083 0.592188 0.264583 0.589063 0.268750 0.207813 0.360417 0.214062 0.339583 0.121875 0.389583 0.118750 0.393750 0.073437 0.485417 0.056250 0.464583 0.031250 0.504167 0.015625
1 0.647917 0.825000 0.575000 0.814062 0.052083 0.825000 0.016667 0.832812 0.016667 0.853125
1 0.754167 0.825000 0.020833 0.860937 0.014583 0.920313 0.756250 0.870313
2 0.989583 0.010937 0.893750 0.067188 0.941667 0.345313 0.977083 0.351562 0.987500 0.395312 0.935417 0.407813 0.664583 0.560938 0.672917 0.571875 0.695833 0.551562 0.739583 0.581250 0.716667 0.626562 0.687500 0.628125 0.772917 0.675000 0.764583 0.745313 0.789583 0.765625 0.781250 0.796875 0.810417 0.795313 0.837500 0.882812 0.841667 0.865625 0.987500 0.837500
3 0.508333 0.067188 0.435417 0.065625 0.435417 0.087500 0.429167 0.109375 0.435417 0.114063 0.437500 0.123438 0.435417 0.137500 0.427083 0.151562 0.427083 0.164062 0.416667 0.179688 0.416667 0.200000 0.420833 0.207813 0.416667 0.209375 0.418750 0.221875 0.427083 0.220313 0.462500 0.181250 0.472917 0.110937 0.493750 0.093750 0.497917 0.081250 0.508333 0.075000
3 0.460417 0.564062 0.452083 0.570312 0.456250 0.592188 0.443750 0.589063 0.454167 0.618750 0.443750 0.623438 0.456250 0.643750 0.447917 0.650000 0.450000 0.715625 0.437500 0.725000 0.572917 0.723437 0.606250 0.718750 0.602083 0.706250 0.612500 0.693750 0.608333 0.571875 0.656250 0.564062
4 0.950000 0.014062 0.531250 0.015625 0.500000 0.082813 0.531250 0.068750 0.643750 0.109375 0.610417 0.256250 0.483333 0.267188 0.510417 0.256250 0.477083 0.250000 0.500000 0.087500 0.395833 0.264062 0.450000 0.464063 0.404167 0.406250 0.406250 0.225000 0.277083 0.214062 0.268750 0.582812 0.447917 0.565625 0.456250 0.465625 0.462500 0.559375 0.650000 0.562500 0.985417 0.389062 0.935417 0.348437 0.875000 0.064062
7 0.216667 0.687500 0.285417 0.692187 0.291667 0.664062 0.297917 0.660937 0.370833 0.659375 0.377083 0.653125 0.420833 0.653125 0.416667 0.646875 0.402083 0.648438 0.395833 0.643750 0.310417 0.645312 0.300000 0.650000 0.289583 0.646875 0.291667 0.615625 0.222917 0.618750 0.218750 0.621875
7 0.987500 0.843750 0.845833 0.879687 0.845833 0.892187 0.985417 0.921875
8 0.531250 0.070312 0.500000 0.084375 0.516667 0.107813 0.479167 0.120312 0.479167 0.250000 0.512500 0.254687 0.485417 0.267188 0.506250 0.268750 0.564583 0.253125 0.610417 0.254687 0.620833 0.240625 0.629167 0.126563 0.641667 0.109375 0.577083 0.101562
8 0.427083 0.115625 0.412500 0.115625 0.412500 0.118750 0.410417 0.120312 0.410417 0.135937 0.412500 0.137500 0.412500 0.153125 0.414583 0.154687 0.414583 0.156250 0.416667 0.157813 0.418750 0.162500 0.418750 0.160938 0.420833 0.159375 0.420833 0.148438 0.422917 0.146875 0.422917 0.143750 0.425000 0.142188 0.425000 0.139062 0.427083 0.137500 0.427083 0.131250 0.429167 0.129688 0.429167 0.123438 0.431250 0.121875 0.429167 0.120312
8 0.350000 0.128125 0.347917 0.129688 0.347917 0.164062 0.364583 0.170312 0.368750 0.170312 0.377083 0.173438 0.393750 0.175000 0.395833 0.176563 0.397917 0.175000 0.408333 0.173438 0.412500 0.168750 0.406250 0.157813 0.406250 0.140625 0.408333 0.139062 0.400000 0.128125 0.362500 0.128125 0.360417 0.129688 0.358333 0.128125
8 0.356250 0.190625 0.356250 0.200000 0.366667 0.203125 0.372917 0.212500 0.375000 0.210938 0.389583 0.210938 0.391667 0.209375 0.418750 0.207813 0.416667 0.206250 0.416667 0.201562 0.414583 0.200000 0.414583 0.193750 0.412500 0.192188 0.412500 0.187500 0.381250 0.189063 0.379167 0.187500 0.381250 0.185937 0.381250 0.181250 0.377083 0.178125 0.366667 0.178125 0.362500 0.185937
8 0.654167 0.237500 0.633333 0.239063 0.625000 0.250000 0.608333 0.260938 0.589583 0.259375 0.581250 0.268750 0.566667 0.273438 0.556250 0.300000 0.556250 0.321875 0.535417 0.340625 0.543750 0.373437 0.554167 0.384375 0.585417 0.385938 0.608333 0.392188 0.627083 0.379687 0.645833 0.354688 0.666667 0.335938 0.668750 0.318750 0.650000 0.281250 0.654167 0.254687 0.662500 0.245312
8 0.689583 0.556250 0.687500 0.568750 0.681250 0.573438 0.681250 0.575000 0.675000 0.578125 0.672917 0.584375 0.668750 0.589063 0.668750 0.593750 0.706250 0.623438 0.706250 0.625000 0.706250 0.623438 0.718750 0.612500 0.716667 0.610937 0.716667 0.585938 0.720833 0.582812 0.718750 0.578125
8 0.387500 0.575000 0.387500 0.581250 0.404167 0.581250 0.408333 0.584375 0.408333 0.585938 0.427083 0.585938 0.429167 0.587500 0.447917 0.587500 0.450000 0.589063 0.452083 0.589063 0.452083 0.575000 0.450000 0.575000 0.447917 0.573438 0.429167 0.573438 0.427083 0.571875 0.410417 0.571875 0.406250 0.575000 0.400000 0.575000 0.397917 0.576563 0.395833 0.575000
8 0.568750 0.578125 0.558333 0.582812 0.539583 0.584375 0.535417 0.587500 0.533333 0.635938 0.552083 0.640625 0.556250 0.651563 0.572917 0.665625 0.583333 0.657812 0.591667 0.654688 0.589583 0.653125 0.589583 0.642187 0.587500 0.640625 0.579167 0.581250 0.572917 0.578125
8 0.402083 0.593750 0.402083 0.596875 0.404167 0.598437 0.404167 0.601562 0.408333 0.606250 0.408333 0.618750 0.447917 0.618750 0.445833 0.617188 0.445833 0.609375 0.443750 0.607813 0.443750 0.600000 0.441667 0.598437 0.441667 0.592188 0.404167 0.592188
8 0.395833 0.625000 0.395833 0.640625 0.416667 0.640625 0.418750 0.639063 0.429167 0.639063 0.431250 0.637500 0.435417 0.637500 0.435417 0.632812 0.437500 0.631250 0.437500 0.628125 0.435417 0.626562 0.414583 0.626562 0.412500 0.625000
8 0.635417 0.643750 0.622917 0.653125 0.614583 0.664062 0.616667 0.685938 0.627083 0.692187 0.627083 0.698438 0.608333 0.701563 0.618750 0.718750 0.627083 0.726562 0.637500 0.732813 0.658333 0.735937 0.666667 0.726562 0.666667 0.670313 0.668750 0.664062
8 0.377083 0.654688 0.377083 0.668750 0.379167 0.670313 0.383333 0.667188 0.385417 0.667188 0.387500 0.665625 0.410417 0.665625 0.412500 0.664062 0.433333 0.664062 0.431250 0.662500 0.431250 0.657812 0.429167 0.657812 0.427083 0.656250 0.402083 0.656250 0.400000 0.654688
8 0.722917 0.664062 0.716667 0.671875 0.716667 0.729688 0.727083 0.732813 0.733333 0.737500 0.745833 0.740625 0.756250 0.740625 0.756250 0.723437 0.758333 0.721875 0.758333 0.714063 0.760417 0.712500 0.760417 0.706250 0.762500 0.704687 0.764583 0.692187 0.766667 0.690625 0.766667 0.681250 0.760417 0.675000 0.735417 0.665625
8 0.595833 0.675000 0.593750 0.673437 0.572917 0.673437 0.570833 0.675000 0.564583 0.675000 0.562500 0.676562 0.556250 0.676562 0.554167 0.678125 0.547917 0.678125 0.547917 0.696875 0.550000 0.698438 0.550000 0.700000 0.570833 0.700000 0.572917 0.701563 0.583333 0.701563 0.585417 0.703125 0.589583 0.700000 0.595833 0.698438 0.593750 0.696875 0.593750 0.676562
8 0.437500 0.684375 0.425000 0.684375 0.422917 0.685938 0.414583 0.685938 0.416667 0.703125 0.422917 0.706250 0.420833 0.707812 0.397917 0.707812 0.391667 0.717188 0.391667 0.720312 0.395833 0.718750 0.435417 0.718750 0.435417 0.714063 0.433333 0.710938 0.435417 0.709375 0.435417 0.698438 0.437500 0.696875
8 0.247917 0.695312 0.245833 0.698438 0.245833 0.739062 0.287500 0.739062 0.285417 0.735937 0.285417 0.715625 0.283333 0.714063 0.283333 0.695312
8 0.302083 0.723437 0.302083 0.739062 0.333333 0.739062 0.335417 0.740625 0.337500 0.740625 0.337500 0.723437 0.335417 0.723437 0.333333 0.721875 0.304167 0.721875
8 0.645833 0.750000 0.645833 0.782812 0.652083 0.798437 0.660417 0.801562 0.768750 0.790625 0.777083 0.781250 0.781250 0.765625 0.779167 0.757812 0.766667 0.746875 0.754167 0.743750 0.662500 0.740625 0.656250 0.742188
8 0.304167 0.745313 0.304167 0.754687 0.306250 0.756250 0.318750 0.756250 0.320833 0.757812 0.337500 0.757812 0.339583 0.759375 0.339583 0.743750 0.306250 0.743750