1 0.016667 0.014062 0.020833 0.289062 0.443750 0.318750 0.452083 0.275000 0.481250 0.259375 0.504167 0.215625 0.516667 0.129688 0.466667 0.106250 0.445833 0.065625 0.168750 0.015625
1 0.016667 0.473437 0.016667 0.617188 0.391667 0.621875 0.375000 0.601562 0.431250 0.565625 0.422917 0.503125 0.433333 0.484375
1 0.393750 0.628125 0.016667 0.623438 0.016667 0.987500 0.152083 0.984375 0.179167 0.790625 0.275000 0.790625 0.252083 0.703125 0.302083 0.689062 0.304167 0.643750 0.333333 0.646875 0.345833 0.632812
2 0.689583 0.018750 0.525000 0.357812 0.525000 0.454688 0.677083 0.459375 0.679167 0.392188 0.747917 0.375000 0.877083 0.451562 0.883333 0.553125 0.797917 0.646875 0.985417 0.926562 0.987500 0.014062
3 0.320833 0.084375 0.304167 0.206250 0.312500 0.203125 0.318750 0.150000 0.320833 0.148438 0.325000 0.109375 0.327083 0.107813 0.327083 0.092188
3 0.343750 0.635938 0.341667 0.665625 0.345833 0.676562 0.333333 0.678125 0.331250 0.684375 0.343750 0.687500 0.350000 0.709375 0.339583 0.732813 0.339583 0.759375 0.331250 0.759375 0.327083 0.796875 0.333333 0.796875 0.358333 0.770312 0.375000 0.759375 0.387500 0.735937 0.391667 0.714063 0.385417 0.698438 0.420833 0.648438 0.422917 0.639063
4 0.862500 0.451562 0.741667 0.379687 0.685417 0.396875 0.672917 0.473437 0.468750 0.468750 0.429167 0.512500 0.439583 0.596875 0.391667 0.754687 0.341667 0.800000 0.181250 0.796875 0.164583 0.987500 0.345833 0.987500 0.312500 0.881250 0.327083 0.807813 0.352083 0.987500 0.641667 0.987500 0.493750 0.971875 0.508333 0.909375 0.597917 0.850000 0.660417 0.987500 0.989583 0.989062 0.985417 0.937500 0.760417 0.632812 0.812500 0.626562 0.889583 0.514063
7 0.029167 0.035937 0.031250 0.150000 0.204167 0.173438 0.210417 0.062500
7 0.241667 0.068750 0.235417 0.125000 0.302083 0.134375 0.285417 0.135937 0.247917 0.132812 0.245833 0.146875 0.302083 0.154687 0.304167 0.135937 0.310417 0.135937 0.316667 0.081250
7 0.347917 0.115625 0.335417 0.182812 0.500000 0.206250 0.510417 0.142188
7 0.233333 0.150000 0.229167 0.196875 0.245833 0.201562 0.250000 0.164062 0.258333 0.162500 0.268750 0.165625 0.260417 0.167187 0.254167 0.204688 0.302083 0.207813 0.302083 0.175000 0.266667 0.167187 0.277083 0.165625 0.304167 0.171875 0.304167 0.159375
7 0.033333 0.162500 0.041667 0.256250 0.187500 0.271875 0.187500 0.182812
7 0.193750 0.218750 0.191667 0.271875 0.293750 0.285937 0.300000 0.231250 0.202083 0.217187
7 0.014583 0.326562 0.014583 0.440625 0.462500 0.467187 0.493750 0.457812 0.491667 0.362500
8 0.656250 0.032812 0.627083 0.029687 0.604167 0.020312 0.560417 0.021875 0.550000 0.028125 0.541667 0.053125 0.510417 0.043750 0.487500 0.046875 0.464583 0.065625 0.481250 0.107813 0.491667 0.106250 0.522917 0.118750 0.547917 0.103125 0.543750 0.087500 0.535417 0.078125 0.539583 0.053125 0.554167 0.090625 0.566667 0.103125 0.614583 0.115625 0.647917 0.112500 0.660417 0.100000 0.664583 0.045313
8 0.620833 0.121875 0.587500 0.115625 0.572917 0.109375 0.554167 0.109375 0.539583 0.123438 0.535417 0.132812 0.520833 0.132812 0.518750 0.134375 0.520833 0.168750 0.531250 0.168750 0.558333 0.164062 0.589583 0.162500 0.593750 0.150000 0.610417 0.139062
8 0.570833 0.168750 0.560417 0.168750 0.550000 0.171875 0.531250 0.173438 0.522917 0.178125 0.522917 0.185937 0.525000 0.187500 0.525000 0.193750 0.527083 0.195312 0.525000 0.196875 0.525000 0.204688 0.522917 0.206250 0.522917 0.226562 0.525000 0.228125 0.525000 0.231250 0.531250 0.231250 0.535417 0.228125 0.554167 0.228125 0.554167 0.225000 0.560417 0.217187 0.564583 0.200000 0.566667 0.198437 0.570833 0.182812 0.572917 0.181250 0.572917 0.173438 0.575000 0.171875
8 0.191667 0.529688 0.191667 0.543750 0.220833 0.543750 0.220833 0.528125 0.193750 0.528125
8 0.187500 0.551562 0.187500 0.565625 0.193750 0.565625 0.195833 0.567187 0.206250 0.567187 0.208333 0.568750 0.216667 0.568750 0.218750 0.570312 0.218750 0.562500 0.220833 0.560938 0.220833 0.551562 0.218750 0.550000 0.189583 0.550000
8 0.310417 0.650000 0.308333 0.651563 0.308333 0.675000 0.339583 0.675000 0.339583 0.651563 0.337500 0.651563 0.335417 0.650000
8 0.410417 0.687500 0.414583 0.698438 0.441667 0.715625 0.433333 0.720312 0.397917 0.720312 0.395833 0.735937 0.410417 0.862500 0.441667 0.873438 0.420833 0.889063 0.458333 0.893750 0.518750 0.867188 0.575000 0.864062 0.575000 0.832812 0.558333 0.748438 0.558333 0.723437 0.566667 0.717188 0.562500 0.707812 0.500000 0.707812 0.454167 0.679688
8 0.343750 0.693750 0.333333 0.685938 0.320833 0.689062 0.316667 0.700000 0.320833 0.714063 0.318750 0.734375 0.312500 0.726562 0.312500 0.712500 0.306250 0.698438 0.281250 0.698438 0.272917 0.703125 0.258333 0.706250 0.262500 0.739062 0.314583 0.739062 0.320833 0.734375 0.322917 0.746875 0.331250 0.753125 0.335417 0.717188 0.341667 0.710938
8 0.279167 0.748438 0.275000 0.751562 0.275000 0.753125 0.270833 0.756250 0.270833 0.757812 0.266667 0.762500 0.266667 0.765625 0.268750 0.767187 0.270833 0.771875 0.279167 0.771875 0.283333 0.775000 0.283333 0.782812 0.308333 0.782812 0.308333 0.781250 0.318750 0.773438 0.320833 0.773438 0.318750 0.771875 0.318750 0.768750 0.316667 0.767187 0.316667 0.764063 0.314583 0.762500 0.314583 0.759375 0.312500 0.757812 0.312500 0.756250 0.295833 0.756250 0.293750 0.757812 0.289583 0.754687 0.289583 0.751562 0.287500 0.750000 0.287500 0.748438
8 0.620833 0.860937 0.595833 0.851562 0.591667 0.859375 0.545833 0.887500 0.531250 0.890625 0.510417 0.909375 0.508333 0.935938 0.495833 0.954687 0.495833 0.971875 0.502083 0.985937 0.658333 0.987500 0.666667 0.960938 0.645833 0.943750 0.627083 0.934375 0.629167 0.909375 0.618750 0.895312 0.625000 0.868750