1 0.018750 0.082813 0.022917 0.504687 0.158333 0.506250 0.160417 0.160938 0.131250 0.157813 0.131250 0.137500 0.160417 0.137500 0.162500 0.109375
1 0.018750 0.684375 0.029167 0.987500 0.989583 0.976562 0.987500 0.768750 0.595833 0.725000 0.383333 0.725000 0.447917 0.718750 0.481250 0.668750
2 0.864583 0.014062 0.893750 0.271875 0.975000 0.300000 0.983333 0.329688 0.935417 0.367188 0.512500 0.495313 0.529167 0.662500 0.550000 0.684375 0.614583 0.678125 0.597917 0.723437 0.989583 0.751562 0.991667 0.014062
3 0.018750 0.075000 0.156250 0.104687 0.175000 0.054688 0.181250 0.051562 0.208333 0.051562 0.229167 0.040625 0.018750 0.014062
3 0.177083 0.475000 0.177083 0.501562 0.291667 0.504687 0.310417 0.501562 0.366667 0.501562 0.308333 0.489062 0.277083 0.459375
3 0.018750 0.514063 0.018750 0.673437 0.327083 0.670313 0.516667 0.656250 0.506250 0.510938
4 0.852083 0.014062 0.810417 0.014062 0.856250 0.135937 0.845833 0.185937 0.875000 0.210938 0.879167 0.262500 0.914583 0.323438 0.879167 0.339063 0.831250 0.320312 0.752083 0.356250 0.704167 0.337500 0.450000 0.503125 0.508333 0.503125 0.537500 0.482812 0.904167 0.371875 0.968750 0.325000 0.960417 0.303125 0.883333 0.267188 0.885417 0.100000
4 0.304167 0.021875 0.318750 0.132812 0.297917 0.148438 0.281250 0.312500 0.289583 0.457812 0.322917 0.485938 0.425000 0.509375 0.706250 0.331250 0.752083 0.350000 0.827083 0.303125 0.889583 0.329688 0.908333 0.315625 0.870833 0.268750 0.866667 0.214062 0.833333 0.181250 0.843750 0.135937 0.822917 0.118750 0.802083 0.015625
7 0.454167 0.709375 0.464583 0.718750 0.518750 0.729688 0.533333 0.726562 0.543750 0.700000 0.600000 0.698438 0.604167 0.701563 0.612500 0.696875 0.606250 0.681250 0.570833 0.679688 0.541667 0.689062 0.537500 0.671875 0.497917 0.662500 0.458333 0.690625
8 0.289583 0.020312 0.245833 0.029687 0.204167 0.070312 0.197917 0.162500 0.306250 0.134375
8 0.133333 0.137500 0.133333 0.157813 0.143750 0.157813 0.145833 0.159375 0.160417 0.159375 0.162500 0.160938 0.162500 0.140625 0.160417 0.139062 0.145833 0.139062 0.143750 0.137500
8 0.285417 0.148438 0.206250 0.170312 0.197917 0.237500 0.285417 0.231250
8 0.181250 0.229687 0.200000 0.285937 0.210417 0.256250 0.214583 0.254687 0.270833 0.254687 0.270833 0.242188 0.245833 0.243750 0.243750 0.245312 0.218750 0.246875 0.216667 0.248437 0.206250 0.245312 0.197917 0.245312
8 0.272917 0.265625 0.239583 0.265625 0.235417 0.267188 0.237500 0.284375 0.247917 0.287500 0.256250 0.287500 0.258333 0.289062 0.256250 0.290625 0.189583 0.290625 0.189583 0.303125 0.275000 0.303125 0.275000 0.292188 0.268750 0.290625
8 0.272917 0.306250 0.164583 0.314063 0.172917 0.462500 0.283333 0.448438
8 0.308333 0.609375 0.306250 0.607813 0.306250 0.601562 0.304167 0.600000 0.304167 0.595312 0.285417 0.595312 0.283333 0.596875 0.262500 0.596875 0.260417 0.598437 0.241667 0.598437 0.241667 0.600000 0.243750 0.600000 0.245833 0.601562 0.247917 0.601562 0.250000 0.603125 0.252083 0.603125 0.254167 0.604688 0.264583 0.607813 0.268750 0.610937 0.270833 0.610937 0.272917 0.612500 0.275000 0.610937 0.291667 0.610937 0.293750 0.609375