1 0.014583 0.095312 0.016667 0.254687 0.572917 0.300000 0.593750 0.157813 0.470833 0.162500 0.464583 0.140625 0.431250 0.140625 0.416667 0.150000 0.397917 0.137500 0.345833 0.150000 0.164583 0.121875 0.127083 0.125000 0.112500 0.106250
1 0.016667 0.682813 0.277083 0.673437 0.285417 0.635938 0.185417 0.634375 0.191667 0.562500 0.297917 0.559375 0.300000 0.631250 0.302083 0.598437 0.329167 0.593750 0.345833 0.562500 0.385417 0.565625 0.391667 0.529688 0.018750 0.514063
1 0.377083 0.700000 0.372917 0.701563 0.360417 0.807813 0.439583 0.804688 0.447917 0.775000 0.439583 0.768750 0.435417 0.759375 0.439583 0.756250 0.443750 0.743750 0.433333 0.740625 0.418750 0.728125 0.410417 0.715625 0.406250 0.700000
2 0.720833 0.443750 0.720833 0.454688 0.725000 0.457812 0.775000 0.457812 0.772917 0.456250 0.770833 0.456250 0.768750 0.454688 0.766667 0.454688 0.764583 0.453125 0.758333 0.451562 0.754167 0.448438 0.752083 0.448438 0.750000 0.446875 0.747917 0.446875 0.745833 0.445312 0.739583 0.443750 0.735417 0.440625 0.733333 0.440625 0.727083 0.437500 0.725000 0.437500 0.725000 0.439063
2 0.806250 0.503125 0.791667 0.495313 0.743750 0.498437 0.727083 0.509375 0.727083 0.517187 0.716667 0.529688 0.691667 0.528125 0.679167 0.512500 0.668750 0.562500 0.683333 0.553125 0.702083 0.548437 0.779167 0.548437 0.812500 0.554688 0.806250 0.543750
2 0.627083 0.759375 0.618750 0.787500 0.662500 0.773438 0.731250 0.779688 0.831250 0.775000 0.847917 0.801562 0.785417 0.814062 0.987500 0.985937 0.985417 0.704687 0.852083 0.714063 0.829167 0.706250 0.725000 0.740625
3 0.564583 0.371875 0.545833 0.409375 0.545833 0.426562 0.558333 0.445312 0.556250 0.526563 0.543750 0.546875 0.545833 0.615625 0.535417 0.664062 0.591667 0.604688 0.622917 0.581250 0.662500 0.562500 0.672917 0.503125 0.668750 0.446875 0.677083 0.412500
3 0.508333 0.606250 0.497917 0.687500 0.487500 0.701563 0.483333 0.723437 0.483333 0.778125 0.470833 0.781250 0.466667 0.776563 0.456250 0.776563 0.450000 0.785937 0.450000 0.803125 0.508333 0.800000 0.535417 0.610937
3 0.566667 0.823438 0.516667 0.826563 0.497917 0.831250 0.466667 0.976562 0.506250 0.973437 0.510417 0.903125 0.525000 0.889063 0.552083 0.840625
3 0.491667 0.832812 0.470833 0.834375 0.468750 0.835938 0.447917 0.837500 0.445833 0.839063 0.435417 0.839063 0.441667 0.856250 0.445833 0.860937 0.470833 0.915625 0.481250 0.871875 0.483333 0.870313 0.483333 0.864062 0.485417 0.862500 0.485417 0.856250 0.487500 0.854688 0.487500 0.848437 0.489583 0.846875 0.489583 0.840625 0.491667 0.839063
3 0.431250 0.843750 0.016667 0.879687 0.018750 0.989062 0.456250 0.978125 0.464583 0.925000
4 0.983333 0.985937 0.777083 0.809375 0.843750 0.803125 0.831250 0.776563 0.016667 0.840625 0.016667 0.867188 0.568750 0.821875 0.604167 0.801562 0.518750 0.904688 0.510417 0.985937
5 0.687500 0.425000 0.679167 0.493750 0.691667 0.520312 0.716667 0.528125 0.720833 0.501562 0.802083 0.493750 0.814583 0.559375 0.772917 0.550000 0.683333 0.557813 0.547917 0.653125 0.533333 0.679688 0.541667 0.721875 0.566667 0.743750 0.612500 0.756250 0.693750 0.743750 0.827083 0.700000 0.833333 0.682813 0.812500 0.668750 0.808333 0.640625 0.841667 0.623438 0.843750 0.601562 0.875000 0.576563 0.891667 0.512500 0.783333 0.462500 0.720833 0.460938 0.720833 0.439063
6 0.610417 0.157813 0.562500 0.360938 0.989583 0.543750 0.987500 0.167187 0.918750 0.168750 0.925000 0.248437 0.889583 0.276563 0.910417 0.350000 0.891667 0.359375 0.893750 0.381250 0.860417 0.387500 0.825000 0.362500 0.816667 0.320312 0.843750 0.273438 0.820833 0.220313 0.762500 0.217187 0.712500 0.196875 0.683333 0.142188
7 0.018750 0.264062 0.022917 0.510938 0.385417 0.526563 0.393750 0.287500
7 0.043750 0.560938 0.052083 0.642187 0.168750 0.640625 0.170833 0.559375
7 0.193750 0.562500 0.187500 0.634375 0.295833 0.632812 0.297917 0.560938
7 0.364583 0.703125 0.312500 0.703125 0.304167 0.692187 0.277083 0.684375 0.025000 0.692187 0.018750 0.698438 0.014583 0.834375 0.154167 0.825000 0.168750 0.817187 0.170833 0.807813 0.295833 0.817187 0.352083 0.807813
8 0.135417 0.042188 0.179167 0.060938 0.358333 0.087500 0.387500 0.085938 0.406250 0.070312 0.420833 0.084375 0.608333 0.114063 0.656250 0.100000 0.772917 0.106250 0.818750 0.089062 0.858333 0.087500 0.889583 0.065625 0.902083 0.020312 0.400000 0.015625 0.397917 0.028125 0.395833 0.012500 0.139583 0.014062
8 0.900000 0.164062 0.883333 0.168750 0.864583 0.201562 0.843750 0.284375 0.822917 0.317187 0.831250 0.368750 0.839583 0.379687 0.845833 0.378125 0.860417 0.385938 0.885417 0.381250 0.889583 0.357812 0.908333 0.348437 0.908333 0.331250 0.895833 0.295312 0.885417 0.284375 0.889583 0.262500 0.914583 0.250000 0.916667 0.220313 0.900000 0.184375
8 0.389583 0.289062 0.404167 0.301562 0.402083 0.362500 0.452083 0.398438 0.475000 0.400000 0.479167 0.409375 0.475000 0.464063 0.491667 0.479688 0.445833 0.484375 0.445833 0.517187 0.462500 0.528125 0.510417 0.526563 0.512500 0.509375 0.518750 0.539062 0.545833 0.540625 0.552083 0.450000 0.535417 0.406250 0.550000 0.387500 0.554167 0.314063 0.541667 0.301562
8 0.891667 0.517187 0.877083 0.576563 0.870833 0.587500 0.850000 0.596875 0.850000 0.620313 0.833333 0.631250 0.816667 0.631250 0.810417 0.640625 0.814583 0.668750 0.835417 0.682813 0.831250 0.701563 0.850000 0.709375 0.985417 0.700000 0.987500 0.554688
8 0.400000 0.518750 0.391667 0.567187 0.410417 0.590625 0.422917 0.581250 0.443750 0.598437 0.456250 0.601562 0.468750 0.598437 0.506250 0.598437 0.539583 0.606250 0.543750 0.559375 0.537500 0.550000 0.516667 0.543750 0.504167 0.532812 0.452083 0.531250 0.437500 0.518750
8 0.358333 0.565625 0.343750 0.567187 0.339583 0.598437 0.337500 0.595312 0.306250 0.596875 0.308333 0.639063 0.339583 0.639063 0.341667 0.623438 0.345833 0.623438 0.343750 0.650000 0.337500 0.643750 0.308333 0.642187 0.312500 0.698438 0.352083 0.695312 0.350000 0.657812 0.345833 0.653125 0.352083 0.653125 0.362500 0.592188
8 0.364583 0.568750 0.366667 0.593750 0.358333 0.695312 0.483333 0.698438 0.493750 0.687500 0.500000 0.612500 0.487500 0.606250 0.441667 0.607813 0.422917 0.587500 0.416667 0.598437 0.406250 0.598437 0.381250 0.570312