1 0.012500 0.014062 0.018750 0.382812 0.041667 0.389062 0.045833 0.320312 0.337500 0.334375 0.343750 0.378125 0.460417 0.379687 0.402083 0.371875 0.306250 0.268750 0.181250 0.254687 0.302083 0.264062 0.320833 0.173438 0.387500 0.176563 0.341667 0.129688 0.356250 0.076563 0.402083 0.059375 0.500000 0.078125 0.493750 0.015625 0.100000 0.014062 0.418750 0.060938
2 0.989583 0.014062 0.802083 0.015625 0.785417 0.045313 0.718750 0.064062 0.668750 0.126563 0.720833 0.148438 0.708333 0.164062 0.666667 0.167187 0.670833 0.187500 0.722917 0.175000 0.729167 0.203125 0.704167 0.200000 0.677083 0.234375 0.693750 0.293750 0.675000 0.298438 0.647917 0.281250 0.647917 0.306250 0.627083 0.304688 0.614583 0.240625 0.581250 0.290625 0.547917 0.304688 0.539583 0.384375 0.595833 0.379687 0.612500 0.389062 0.606250 0.401563 0.635417 0.401563 0.856250 0.215625 0.985417 0.229687
2 0.606250 0.153125 0.616667 0.165625 0.616667 0.171875 0.618750 0.173438 0.618750 0.179688 0.620833 0.181250 0.618750 0.182812 0.618750 0.201562 0.620833 0.204688 0.633333 0.204688 0.633333 0.203125 0.637500 0.200000 0.637500 0.190625 0.639583 0.189063 0.639583 0.184375 0.643750 0.178125 0.643750 0.173438 0.645833 0.171875 0.645833 0.167187 0.650000 0.160938 0.650000 0.156250 0.647917 0.154687 0.627083 0.154687 0.625000 0.153125
3 0.625000 0.404687 0.016667 0.392188 0.108333 0.412500 0.097917 0.581250 0.016667 0.582812 0.016667 0.989062 0.089583 0.987500 0.091667 0.932813 0.131250 0.932813 0.097917 0.815625 0.150000 0.809375 0.183333 0.831250 0.181250 0.907812 0.139583 0.931250 0.147917 0.987500 0.483333 0.987500 0.495833 0.951563 0.618750 0.950000 0.483333 0.860937 0.552083 0.756250 0.635417 0.760938 0.625000 0.639063 0.529167 0.626562 0.529167 0.517187 0.614583 0.493750
4 0.500000 0.015625 0.512500 0.103125 0.525000 0.123438 0.591667 0.145313 0.712500 0.157813 0.718750 0.150000 0.714583 0.142188 0.656250 0.129688 0.741667 0.015625
5 0.362500 0.075000 0.347917 0.137500 0.364583 0.148438 0.379167 0.118750 0.427083 0.115625 0.445833 0.160938 0.477083 0.173438 0.475000 0.206250 0.502083 0.228125 0.518750 0.281250 0.497917 0.285937 0.454167 0.259375 0.389583 0.182812 0.325000 0.178125 0.304167 0.259375 0.352083 0.292188 0.397917 0.365625 0.525000 0.365625 0.535417 0.290625 0.575000 0.290625 0.614583 0.229687 0.631250 0.231250 0.627083 0.298438 0.643750 0.303125 0.652083 0.270312 0.689583 0.295312 0.670833 0.235938 0.702083 0.198437 0.722917 0.198437 0.716667 0.182812 0.670833 0.192188 0.658333 0.159375 0.650000 0.210938 0.614583 0.207813 0.597917 0.150000 0.510417 0.120312 0.500000 0.079687 0.402083 0.062500
5 0.627083 0.639063 0.627083 0.645312 0.629167 0.646875 0.629167 0.673437 0.631250 0.675000 0.631250 0.701563 0.633333 0.703125 0.633333 0.709375 0.641667 0.709375 0.643750 0.710938 0.652083 0.710938 0.654167 0.712500 0.662500 0.712500 0.664583 0.714063 0.662500 0.712500 0.662500 0.695312 0.660417 0.693750 0.660417 0.678125 0.658333 0.676562 0.658333 0.660937 0.656250 0.659375 0.656250 0.642187 0.654167 0.639063
6 0.868750 0.218750 0.618750 0.420312 0.620833 0.493750 0.891667 0.495313 0.920833 0.646875 0.889583 0.657812 0.902083 0.709375 0.833333 0.720312 0.977083 0.793750 0.977083 0.898438 0.935417 0.910937 0.854167 0.840625 0.745833 0.834375 0.716667 0.895312 0.687500 0.854688 0.656250 0.985937 0.989583 0.984375 0.981250 0.737500 0.862500 0.245312 0.975000 0.250000
6 0.641667 0.770312 0.672917 0.707812 0.666667 0.696875 0.677083 0.689062 0.708333 0.684375 0.704167 0.676562 0.729167 0.681250 0.760417 0.700000 0.760417 0.715625 0.739583 0.726562 0.779167 0.728125 0.802083 0.720312 0.795833 0.709375 0.804167 0.703125 0.775000 0.693750 0.772917 0.671875 0.787500 0.659375 0.808333 0.673437 0.814583 0.693750 0.818750 0.679688 0.797917 0.665625 0.804167 0.660937 0.877083 0.657812 0.795833 0.657812 0.785417 0.637500 0.656250 0.639063 0.664583 0.712500 0.635417 0.710938
6 0.693750 0.732813 0.756250 0.806250 0.747917 0.831250 0.797917 0.835938 0.843750 0.829687 0.870833 0.776563 0.866667 0.779688 0.783333 0.784375 0.781250 0.779688 0.791667 0.781250 0.800000 0.776563 0.795833 0.739062 0.789583 0.734375 0.793750 0.737500 0.789583 0.756250 0.762500 0.757812 0.745833 0.745313 0.729167 0.745313 0.720833 0.734375 0.710417 0.740625
7 0.047917 0.323438 0.045833 0.390625 0.145833 0.396875 0.150000 0.387500 0.200000 0.385938 0.202083 0.393750 0.295833 0.400000 0.300000 0.387500 0.335417 0.384375 0.337500 0.340625
7 0.312500 0.589063 0.312500 0.643750 0.395833 0.656250 0.395833 0.632812 0.400000 0.628125 0.408333 0.626562 0.404167 0.614062 0.393750 0.612500 0.393750 0.598437 0.391667 0.596875
7 0.595833 0.751562 0.550000 0.764063 0.518750 0.792188 0.514583 0.867188 0.525000 0.885938 0.572917 0.912500 0.581250 0.934375 0.620833 0.945312 0.662500 0.937500 0.681250 0.915625 0.687500 0.835938 0.695833 0.831250 0.739583 0.831250 0.675000 0.823438 0.639583 0.768750
7 0.745833 0.832812 0.781250 0.840625 0.854167 0.839063 0.881250 0.878125 0.935417 0.909375 0.975000 0.898438 0.981250 0.825000 0.975000 0.793750 0.879167 0.750000 0.872917 0.778125 0.843750 0.831250 0.797917 0.837500
7 0.277083 0.804688 0.283333 0.920313 0.354167 0.920313 0.360417 0.909375 0.358333 0.903125 0.350000 0.898438 0.356250 0.881250 0.381250 0.882812 0.387500 0.803125
8 0.381250 0.120312 0.372917 0.143750 0.381250 0.170312 0.395833 0.175000 0.402083 0.189063 0.447917 0.225000 0.452083 0.235938 0.460417 0.242188 0.464583 0.259375 0.481250 0.260938 0.485417 0.268750 0.500000 0.279687 0.504167 0.278125 0.497917 0.262500 0.495833 0.229687 0.470833 0.204688 0.468750 0.178125 0.447917 0.170312 0.435417 0.157813 0.425000 0.135937 0.422917 0.117188
8 0.016667 0.404687 0.014583 0.581250 0.095833 0.581250 0.106250 0.412500
8 0.125000 0.423438 0.131250 0.450000 0.129167 0.471875 0.137500 0.478125 0.145833 0.501562 0.143750 0.518750 0.150000 0.537500 0.152083 0.573438 0.168750 0.582812 0.177083 0.578125 0.212500 0.578125 0.218750 0.425000
8 0.397917 0.460938 0.377083 0.460938 0.375000 0.462500 0.375000 0.532812 0.377083 0.534375 0.377083 0.542188 0.366667 0.554688 0.366667 0.562500 0.387500 0.567187 0.408333 0.548437 0.406250 0.546875
8 0.889583 0.495313 0.595833 0.495313 0.531250 0.517187 0.533333 0.639063 0.785417 0.635938 0.795833 0.656250 0.879167 0.657812 0.787500 0.660937 0.747917 0.681250 0.758333 0.725000 0.797917 0.709375 0.779167 0.729688 0.737500 0.726562 0.758333 0.700000 0.716667 0.678125 0.668750 0.696875 0.645833 0.775000 0.675000 0.821875 0.741667 0.831250 0.689583 0.835938 0.716667 0.893750 0.754167 0.806250 0.693750 0.734375 0.787500 0.756250 0.793750 0.735937 0.802083 0.776563 0.783333 0.782812 0.866667 0.778125 0.872917 0.735937 0.831250 0.720312 0.900000 0.709375 0.887500 0.657812 0.918750 0.646875
8 0.312500 0.707812 0.308333 0.709375 0.308333 0.745313 0.300000 0.746875 0.300000 0.781250 0.302083 0.785937 0.304167 0.784375 0.354167 0.782812 0.350000 0.775000 0.341667 0.768750 0.341667 0.712500 0.345833 0.710938 0.360417 0.715625 0.362500 0.707812
8 0.179167 0.812500 0.150000 0.810938 0.131250 0.826563 0.114583 0.814062 0.100000 0.815625 0.097917 0.870313 0.114583 0.871875 0.114583 0.920313 0.118750 0.928125 0.133333 0.932813 0.093750 0.932813 0.091667 0.987500 0.145833 0.989062 0.145833 0.965625 0.154167 0.964063 0.156250 0.945312 0.137500 0.931250 0.156250 0.909375 0.179167 0.907812
8 0.852083 0.846875 0.791667 0.843750 0.772917 0.859375 0.768750 0.881250 0.768750 0.917188 0.764583 0.939062 0.758333 0.943750 0.760417 0.951563 0.777083 0.953125 0.804167 0.946875 0.818750 0.946875 0.850000 0.935938 0.877083 0.921875 0.885417 0.900000
8 0.391667 0.956250 0.385417 0.946875 0.362500 0.929688 0.350000 0.925000 0.272917 0.931250 0.260417 0.935938 0.258333 0.939062 0.256250 0.982813