1 0.014583 0.010937 0.014583 0.095312 0.037500 0.028125 0.350000 0.081250 0.339583 0.234375 0.018750 0.179688 0.012500 0.193750 0.493750 0.262500 0.487500 0.140625 0.422917 0.121875 0.404167 0.129688 0.389583 0.070312 0.352083 0.054688 0.335417 0.018750
1 0.018750 0.420312 0.016667 0.493750 0.247917 0.510938 0.268750 0.504687 0.279167 0.510938 0.264583 0.660937 0.381250 0.662500 0.443750 0.654688 0.447917 0.570312 0.327083 0.567187 0.285417 0.481250 0.260417 0.460938 0.114583 0.450000 0.052083 0.439063
1 0.016667 0.671875 0.020833 0.768750 0.239583 0.764063 0.233333 0.753125 0.220833 0.745313 0.220833 0.718750 0.229167 0.715625 0.210417 0.712500 0.191667 0.696875 0.193750 0.671875
2 0.987500 0.265625 0.895833 0.359375 0.835417 0.356250 0.720833 0.426562 0.789583 0.435937 0.768750 0.464063 0.702083 0.464063 0.700000 0.484375 0.758333 0.478125 0.787500 0.504687 0.687500 0.523438 0.727083 0.621875 0.702083 0.626562 0.662500 0.570312 0.622917 0.585938 0.614583 0.568750 0.568750 0.617188 0.493750 0.625000 0.452083 0.575000 0.450000 0.646875 0.566667 0.651563 0.606250 0.745313 0.693750 0.778125 0.620833 0.700000 0.654167 0.640625 0.791667 0.790625 0.739583 0.818750 0.725000 0.803125 0.741667 0.987500 0.989583 0.985937
2 0.508333 0.565625 0.508333 0.570312 0.506250 0.571875 0.506250 0.576563 0.504167 0.578125 0.504167 0.581250 0.502083 0.582812 0.502083 0.585938 0.500000 0.587500 0.500000 0.592188 0.497917 0.593750 0.497917 0.600000 0.502083 0.603125 0.516667 0.603125 0.518750 0.601562 0.527083 0.601562 0.525000 0.600000 0.525000 0.593750 0.522917 0.592188 0.522917 0.585938 0.520833 0.584375 0.520833 0.581250 0.518750 0.579687 0.516667 0.575000 0.512500 0.571875 0.512500 0.570312
3 0.431250 0.014062 0.429167 0.029687 0.437500 0.060938 0.408333 0.103125 0.408333 0.121875 0.420833 0.115625 0.495833 0.135937 0.493750 0.120312 0.470833 0.114063 0.489583 0.073437 0.487500 0.012500
3 0.720833 0.795313 0.704167 0.784375 0.320833 0.792188 0.164583 0.814062 0.108333 0.834375 0.062500 0.814062 0.122917 0.803125 0.043750 0.804688 0.050000 0.829687 0.018750 0.832812 0.016667 0.989062 0.268750 0.987500 0.266667 0.906250 0.316667 0.907812 0.314583 0.987500 0.733333 0.987500
4 0.989583 0.010937 0.537500 0.015625 0.510417 0.065625 0.495833 0.048437 0.508333 0.387500 0.537500 0.412500 0.610417 0.440625 0.764583 0.454688 0.775000 0.440625 0.702083 0.429688 0.987500 0.260938
5 0.291667 0.317187 0.331250 0.337500 0.325000 0.315625 0.339583 0.309375 0.410417 0.304688 0.437500 0.292188 0.456250 0.293750 0.468750 0.309375 0.493750 0.301562 0.495833 0.293750 0.493750 0.287500 0.483333 0.281250 0.433333 0.267188 0.381250 0.259375 0.337500 0.259375 0.310417 0.264062 0.306250 0.293750
5 0.325000 0.535937 0.322917 0.556250 0.470833 0.562500 0.497917 0.523438 0.468750 0.504687 0.510417 0.525000 0.470833 0.578125 0.470833 0.607813 0.525000 0.618750 0.572917 0.600000 0.627083 0.546875 0.629167 0.520312 0.645833 0.518750 0.631250 0.576563 0.652083 0.573438 0.664583 0.542188 0.708333 0.618750 0.731250 0.604688 0.704167 0.590625 0.677083 0.520312 0.779167 0.501562 0.764583 0.489062 0.687500 0.496875 0.691667 0.454688 0.677083 0.450000 0.660417 0.482812 0.629167 0.468750 0.618750 0.443750 0.556250 0.428125 0.506250 0.396875 0.452083 0.396875 0.452083 0.431250 0.418750 0.451562 0.435417 0.484375 0.385417 0.459375 0.375000 0.507812 0.397917 0.529688 0.364583 0.542188
7 0.372917 0.015625 0.354167 0.043750 0.354167 0.046875 0.360417 0.056250 0.364583 0.056250 0.408333 0.071875 0.406250 0.070312 0.406250 0.065625 0.404167 0.064062 0.402083 0.056250 0.393750 0.050000 0.389583 0.043750 0.389583 0.039062 0.412500 0.021875 0.416667 0.015625
7 0.031250 0.035937 0.012500 0.117188 0.012500 0.176563 0.339583 0.225000 0.345833 0.087500
7 0.016667 0.500000 0.018750 0.664062 0.245833 0.667188 0.260417 0.515625
8 0.533333 0.015625 0.495833 0.015625 0.495833 0.026563 0.497917 0.028125 0.497917 0.040625 0.500000 0.042188 0.500000 0.054688 0.504167 0.057813 0.506250 0.057813 0.512500 0.060938 0.512500 0.057813 0.514583 0.056250 0.514583 0.053125 0.516667 0.051562 0.516667 0.048437 0.518750 0.046875 0.518750 0.043750 0.520833 0.042188 0.520833 0.039062 0.522917 0.037500 0.522917 0.034375 0.525000 0.032812 0.527083 0.025000 0.529167 0.023438
8 0.418750 0.023438 0.412500 0.032812 0.412500 0.035937 0.408333 0.040625 0.408333 0.064062 0.410417 0.065625 0.410417 0.089062 0.416667 0.082813 0.416667 0.079687 0.418750 0.078125 0.418750 0.075000 0.422917 0.068750 0.435417 0.057813 0.431250 0.053125 0.431250 0.050000 0.429167 0.048437 0.429167 0.045313 0.427083 0.043750 0.427083 0.040625 0.425000 0.039062 0.425000 0.035937 0.422917 0.034375 0.422917 0.031250 0.420833 0.029687 0.420833 0.026563
8 0.016667 0.296875 0.016667 0.309375 0.131250 0.318750 0.016667 0.320312 0.016667 0.412500 0.050000 0.425000 0.208333 0.453125 0.387500 0.453125 0.437500 0.443750 0.435417 0.410937 0.397917 0.409375 0.331250 0.384375 0.237500 0.381250 0.304167 0.350000 0.233333 0.346875 0.197917 0.329688 0.135417 0.320312 0.166667 0.315625 0.237500 0.329688 0.260417 0.318750 0.152083 0.298438
8 0.491667 0.315625 0.464583 0.317187 0.458333 0.303125 0.443750 0.298438 0.402083 0.310937 0.331250 0.317187 0.339583 0.332812 0.441667 0.331250 0.345833 0.335938 0.325000 0.362500 0.404167 0.364062 0.335417 0.365625 0.304167 0.375000 0.335417 0.378125 0.360417 0.392188 0.433333 0.406250 0.445833 0.401563 0.450000 0.387500 0.481250 0.396875 0.504167 0.389062 0.495833 0.350000 0.454167 0.335938 0.493750 0.342187
8 0.272917 0.457812 0.291667 0.476562 0.291667 0.492188 0.300000 0.507812 0.320833 0.528125 0.331250 0.528125 0.345833 0.539062 0.352083 0.529688 0.366667 0.539062 0.383333 0.537500 0.389583 0.523438 0.364583 0.504687 0.372917 0.492188 0.377083 0.460938 0.358333 0.456250 0.297917 0.456250 0.287500 0.459375
8 0.545833 0.532812 0.531250 0.532812 0.529167 0.534375 0.522917 0.534375 0.527083 0.539062 0.518750 0.550000 0.518750 0.557813 0.520833 0.559375 0.520833 0.562500 0.522917 0.564062 0.522917 0.567187 0.522917 0.565625 0.531250 0.559375 0.537500 0.559375 0.539583 0.560938 0.543750 0.560938 0.545833 0.562500 0.554167 0.556250 0.556250 0.551562 0.560417 0.548437 0.558333 0.546875 0.556250 0.542188 0.552083 0.539062 0.552083 0.537500
8 0.560417 0.654688 0.525000 0.662500 0.493750 0.660937 0.491667 0.656250 0.397917 0.662500 0.412500 0.670313 0.412500 0.745313 0.406250 0.762500 0.562500 0.760938 0.560417 0.754687 0.464583 0.745313 0.472917 0.739062 0.566667 0.714063
8 0.656250 0.653125 0.631250 0.685938 0.633333 0.692187 0.741667 0.814062 0.750000 0.804688 0.779167 0.804688 0.785417 0.798437 0.779167 0.790625 0.766667 0.787500 0.770833 0.779688 0.768750 0.771875 0.691667 0.682813
8 0.243750 0.671875 0.239583 0.746875 0.245833 0.753125 0.262500 0.756250 0.304167 0.756250 0.308333 0.764063 0.400000 0.762500 0.406250 0.754687 0.406250 0.670313
8 0.404167 0.778125 0.350000 0.775000 0.245833 0.787500 0.175000 0.789062 0.133333 0.801562 0.141667 0.807813 0.235417 0.796875 0.289583 0.793750 0.322917 0.787500 0.395833 0.787500
8 0.156250 0.823438 0.154167 0.821875 0.154167 0.817187 0.147917 0.812500 0.143750 0.812500 0.141667 0.810938 0.135417 0.810938 0.127083 0.807813 0.118750 0.807813 0.112500 0.812500 0.106250 0.812500 0.104167 0.814062 0.097917 0.814062 0.095833 0.815625 0.089583 0.815625 0.087500 0.817187 0.085417 0.815625 0.072917 0.815625 0.070833 0.817187 0.072917 0.821875 0.079167 0.823438 0.089583 0.829687 0.114583 0.829687 0.122917 0.825000 0.141667 0.825000 0.143750 0.823438
8 0.316667 0.812500 0.291667 0.812500 0.289583 0.814062 0.262500 0.814062 0.256250 0.817187 0.252083 0.817187 0.243750 0.820312 0.243750 0.825000 0.256250 0.832812 0.279167 0.832812 0.281250 0.834375 0.310417 0.834375 0.314583 0.835938 0.314583 0.814062
8 0.200000 0.831250 0.189583 0.837500 0.187500 0.850000 0.183333 0.857813 0.183333 0.878125 0.197917 0.889063 0.220833 0.896875 0.243750 0.909375 0.254167 0.904688 0.272917 0.884375 0.275000 0.859375 0.277083 0.857813 0.250000 0.837500 0.243750 0.837500 0.227083 0.832812
8 0.031250 0.878125 0.029167 0.879687 0.027083 0.879687 0.022917 0.882812 0.022917 0.887500 0.020833 0.889063 0.020833 0.893750 0.018750 0.895312 0.018750 0.904688 0.020833 0.906250 0.022917 0.906250 0.029167 0.909375 0.033333 0.909375 0.039583 0.912500 0.045833 0.907812 0.045833 0.906250 0.054167 0.898438 0.054167 0.887500 0.052083 0.885938 0.052083 0.884375 0.043750 0.878125
8 0.266667 0.907812 0.272917 0.915625 0.270833 0.921875 0.270833 0.989062 0.275000 0.987500 0.312500 0.987500 0.312500 0.915625 0.314583 0.914062 0.314583 0.907812
8 0.231250 0.910937 0.222917 0.918750 0.220833 0.923437 0.204167 0.935938 0.204167 0.937500 0.183333 0.951563 0.183333 0.956250 0.179167 0.964063 0.179167 0.970312 0.191667 0.984375 0.197917 0.985937 0.202083 0.984375 0.222917 0.984375 0.229167 0.979688 0.237500 0.976562 0.239583 0.918750 0.241667 0.917188