1 0.675000 0.129688 0.033333 0.073437 0.014583 0.984375 0.062500 0.989062 0.095833 0.845312 0.554167 0.854688 0.479167 0.732813 0.397917 0.759375 0.108333 0.734375 0.020833 0.885938 0.077083 0.734375 0.045833 0.598437 0.081250 0.725000 0.320833 0.726562 0.331250 0.675000 0.491667 0.681250 0.341667 0.648438 0.377083 0.278125 0.616667 0.292188 0.610417 0.232812 0.379167 0.254687 0.368750 0.150000 0.497917 0.135937 0.495833 0.190625 0.647917 0.204688
2 0.931250 0.115625 0.906250 0.118750 0.887500 0.143750 0.931250 0.164062 0.941667 0.181250 0.868750 0.331250 0.868750 0.353125 0.852083 0.354688 0.852083 0.362500 0.877083 0.389062 0.941667 0.409375 0.956250 0.439063 0.987500 0.470313 0.981250 0.118750
3 0.687500 0.126563 0.681250 0.142188 0.700000 0.143750 0.702083 0.160938 0.693750 0.179688 0.668750 0.187500 0.662500 0.203125 0.677083 0.196875 0.687500 0.210938 0.683333 0.260938 0.664583 0.273438 0.664583 0.290625 0.647917 0.301562 0.691667 0.340625 0.860417 0.345313 0.854167 0.337500 0.931250 0.173438 0.877083 0.145313
3 0.533333 0.726562 0.533333 0.731250 0.531250 0.732813 0.531250 0.760938 0.522917 0.764063 0.518750 0.767187 0.518750 0.771875 0.516667 0.773438 0.516667 0.779688 0.529167 0.779688 0.531250 0.781250 0.547917 0.781250 0.550000 0.782812 0.550000 0.776563 0.547917 0.775000 0.547917 0.768750 0.545833 0.767187 0.543750 0.753125 0.539583 0.746875 0.539583 0.742188 0.535417 0.735937 0.535417 0.731250 0.533333 0.729688
4 0.616667 0.303125 0.387500 0.284375 0.352083 0.643750 0.397917 0.650000 0.391667 0.553125 0.416667 0.546875 0.437500 0.559375 0.435417 0.495313 0.537500 0.503125 0.389583 0.456250 0.429167 0.315625 0.464583 0.328125 0.581250 0.335938
4 0.641667 0.306250 0.597917 0.343750 0.622917 0.425000 0.593750 0.492188 0.566667 0.510938 0.597917 0.560938 0.535417 0.682813 0.581250 0.984375 0.914583 0.987500 0.985417 0.929688 0.987500 0.475000 0.943750 0.448438 0.931250 0.407813 0.897917 0.412500 0.837500 0.356250 0.702083 0.345313
6 0.837500 0.018750 0.839583 0.067188 0.854167 0.092188 0.895833 0.106250 0.966667 0.106250 0.987500 0.110937 0.981250 0.095312 0.914583 0.090625 0.972917 0.014062
7 0.014583 0.014062 0.025000 0.112500 0.037500 0.100000 0.029167 0.070312 0.875000 0.140625 0.897917 0.115625 0.860417 0.104687 0.833333 0.078125 0.829167 0.020312
7 0.387500 0.135937 0.381250 0.189063 0.372917 0.190625 0.383333 0.200000 0.381250 0.250000 0.420833 0.248437 0.470833 0.257812 0.491667 0.226562 0.489583 0.209375 0.510417 0.210938 0.512500 0.218750 0.554167 0.215625 0.583333 0.228125 0.608333 0.223438 0.679167 0.228125 0.679167 0.201562 0.660417 0.207813 0.614583 0.207813 0.593750 0.195312 0.575000 0.195312 0.560417 0.204688 0.541667 0.206250 0.512500 0.195312 0.510417 0.206250 0.491667 0.204688 0.495833 0.142188
7 0.627083 0.229687 0.627083 0.234375 0.625000 0.235938 0.625000 0.240625 0.622917 0.242188 0.622917 0.246875 0.620833 0.248437 0.620833 0.253125 0.618750 0.254687 0.616667 0.265625 0.664583 0.265625 0.666667 0.267188 0.670833 0.267188 0.670833 0.264062 0.672917 0.262500 0.672917 0.259375 0.675000 0.257812 0.675000 0.254687 0.677083 0.253125 0.677083 0.250000 0.681250 0.243750 0.681250 0.232812 0.664583 0.232812 0.662500 0.231250
7 0.325000 0.715625 0.335417 0.723437 0.331250 0.750000 0.395833 0.753125 0.402083 0.714063 0.408333 0.714063 0.412500 0.720312 0.420833 0.715625 0.454167 0.720312 0.483333 0.715625 0.491667 0.723437 0.493750 0.710938 0.489583 0.700000 0.481250 0.709375 0.466667 0.703125 0.447917 0.709375 0.429167 0.709375 0.418750 0.704687 0.412500 0.715625 0.402083 0.714063 0.397917 0.679688 0.337500 0.682813 0.337500 0.709375
7 0.058333 0.935938 0.066667 0.982813 0.083333 0.964063 0.572917 0.956250 0.554167 0.859375 0.112500 0.868750 0.093750 0.853125 0.077083 0.875000 0.064583 0.945312
7 0.485417 0.967188 0.079167 0.970312 0.070833 0.987500 0.452083 0.987500 0.483333 0.978125
8 0.693750 0.145313 0.675000 0.145313 0.672917 0.146875 0.670833 0.146875 0.666667 0.150000 0.666667 0.181250 0.668750 0.182812 0.677083 0.182812 0.689583 0.173438 0.691667 0.173438 0.691667 0.160938 0.693750 0.159375
8 0.622917 0.271875 0.622917 0.276563 0.635417 0.285937 0.637500 0.285937 0.645833 0.292188 0.654167 0.292188 0.656250 0.290625 0.660417 0.290625 0.660417 0.270312 0.643750 0.270312 0.641667 0.271875
8 0.433333 0.318750 0.425000 0.353125 0.414583 0.367188 0.410417 0.401563 0.393750 0.437500 0.393750 0.457812 0.420833 0.457812 0.450000 0.465625 0.460417 0.456250 0.460417 0.464063 0.581250 0.507812 0.614583 0.432813 0.614583 0.420312 0.585417 0.409375 0.591667 0.364062 0.495833 0.335938 0.445833 0.328125
8 0.439583 0.498437 0.445833 0.592188 0.437500 0.637500 0.431250 0.643750 0.437500 0.596875 0.431250 0.562500 0.397917 0.554688 0.395833 0.643750 0.408333 0.656250 0.427083 0.651563 0.431250 0.643750 0.431250 0.656250 0.458333 0.660937 0.487500 0.676562 0.529167 0.681250 0.537500 0.645312 0.489583 0.626562 0.558333 0.637500 0.591667 0.554688 0.566667 0.540625 0.577083 0.526563 0.545833 0.512500
8 0.522917 0.685938 0.500000 0.687500 0.500000 0.706250 0.497917 0.707812 0.495833 0.721875 0.483333 0.739062 0.485417 0.762500 0.514583 0.760938 0.520833 0.757812 0.525000 0.757812 0.527083 0.729688 0.531250 0.723437 0.531250 0.712500 0.529167 0.710938 0.525000 0.687500