1 0.012500 0.014062 0.020833 0.498437 0.052083 0.498437 0.020833 0.507812 0.020833 0.703125 0.410417 0.710938 0.422917 0.542188 0.572917 0.532812 0.064583 0.504687 0.106250 0.071875 0.593750 0.134375 0.602083 0.056250 0.537500 0.015625 0.070833 0.014062 0.029167 0.325000 0.064583 0.014062
1 0.497917 0.407813 0.495833 0.465625 0.685417 0.475000 0.685417 0.414062 0.547917 0.401563 0.502083 0.403125
1 0.018750 0.804688 0.041667 0.773438 0.368750 0.784375 0.397917 0.731250 0.510417 0.732813 0.416667 0.714063 0.018750 0.709375
1 0.706250 0.904688 0.641667 0.892187 0.602083 0.931250 0.016667 0.939062 0.016667 0.989062 0.658333 0.984375 0.675000 0.928125
2 0.977083 0.226562 0.706250 0.373437 0.706250 0.401563 0.689583 0.418750 0.706250 0.537500 0.729167 0.528125 0.806250 0.598437 0.800000 0.643750 0.985417 0.662500
3 0.575000 0.015625 0.575000 0.048437 0.581250 0.048437 0.583333 0.050000 0.589583 0.050000 0.591667 0.051562 0.600000 0.051562 0.602083 0.053125 0.602083 0.015625
3 0.697917 0.650000 0.693750 0.757812 0.772917 0.756250 0.797917 0.709375 0.827083 0.732813 0.829167 0.770312 0.860417 0.831250 0.856250 0.860937 0.841667 0.871875 0.868750 0.879687 0.989583 0.875000 0.983333 0.665625 0.810417 0.646875
4 0.983333 0.014062 0.608333 0.014062 0.595833 0.290625 0.720833 0.368750 0.754167 0.351562 0.787500 0.300000 0.827083 0.300000 0.877083 0.248437 0.979167 0.218750
7 0.114583 0.071875 0.108333 0.162500 0.595833 0.220313 0.591667 0.135937
7 0.131250 0.170312 0.102083 0.440625 0.487500 0.467187 0.489583 0.398438 0.462500 0.390625 0.464583 0.235938 0.497917 0.223438
7 0.070833 0.500000 0.670833 0.531250 0.660417 0.484375 0.085417 0.443750
7 0.366667 0.914062 0.381250 0.925000 0.595833 0.928125 0.647917 0.870313 0.652083 0.889063 0.702083 0.898438 0.741667 0.881250 0.816667 0.875000 0.839583 0.845312 0.831250 0.785937 0.785417 0.762500 0.697917 0.759375 0.650000 0.771875 0.647917 0.804688 0.645833 0.753125 0.614583 0.740625 0.397917 0.732813 0.372917 0.804688
7 0.018750 0.810938 0.014583 0.932813 0.364583 0.920313 0.356250 0.910937 0.356250 0.862500 0.370833 0.787500 0.045833 0.779688
8 0.475000 0.235938 0.472917 0.389062 0.520833 0.387500 0.581250 0.395312 0.616667 0.395312 0.635417 0.390625 0.639583 0.382812 0.631250 0.350000 0.633333 0.318750 0.587500 0.290625 0.589583 0.234375 0.514583 0.226562
8 0.722917 0.534375 0.577083 0.535937 0.575000 0.548437 0.439583 0.545313 0.439583 0.559375 0.427083 0.560938 0.427083 0.635938 0.443750 0.637500 0.447917 0.601562 0.452083 0.650000 0.504167 0.651563 0.479167 0.673437 0.527083 0.732813 0.597917 0.715625 0.672917 0.715625 0.687500 0.651563 0.668750 0.642187 0.562500 0.648438 0.568750 0.632812 0.527083 0.635938 0.527083 0.621875 0.622917 0.623438 0.631250 0.634375 0.800000 0.620313 0.795833 0.593750