1 0.014583 0.079687 0.345833 0.132812 0.587500 0.156250 0.581250 0.115625 0.597917 0.078125 0.664583 0.043750 0.722917 0.048437 0.814583 0.109375 0.831250 0.017188 0.014583 0.014062
1 0.512500 0.639063 0.487500 0.640625 0.468750 0.653125 0.454167 0.653125 0.445833 0.643750 0.025000 0.651563 0.018750 0.756250 0.325000 0.751562 0.347917 0.735937 0.379167 0.740625 0.462500 0.707812 0.500000 0.668750
1 0.016667 0.760938 0.014583 0.989062 0.366667 0.987500 0.356250 0.898438 0.291667 0.889063 0.262500 0.862500 0.275000 0.835938 0.327083 0.817187 0.350000 0.760938
2 0.989583 0.014062 0.843750 0.014062 0.820833 0.115625 0.847917 0.134375 0.933333 0.062500 0.960417 0.067188 0.877083 0.162500 0.956250 0.245312 0.879167 0.301562 0.833333 0.310937 0.800000 0.292188 0.768750 0.340625 0.841667 0.365625 0.950000 0.448438 0.964583 0.485938 0.789583 0.871875 0.816667 0.887500 0.779167 0.904688 0.833333 0.973437 0.875000 0.971875 0.985417 0.739062
2 0.860417 0.187500 0.854167 0.192188 0.847917 0.203125 0.843750 0.204688 0.843750 0.214062 0.850000 0.225000 0.845833 0.235938 0.839583 0.243750 0.835417 0.256250 0.825000 0.268750 0.818750 0.271875 0.820833 0.275000 0.831250 0.278125 0.841667 0.285937 0.918750 0.245312 0.918750 0.235938 0.912500 0.228125 0.900000 0.220313 0.887500 0.206250
2 0.987500 0.746875 0.891667 0.945312 0.889583 0.973437 0.897917 0.989062 0.989583 0.987500
3 0.881250 0.989062 0.879167 0.981250 0.822917 0.978125 0.768750 0.903125 0.752083 0.904688 0.764583 0.946875 0.781250 0.951563 0.802083 0.982813 0.702083 0.985937 0.687500 0.934375 0.664583 0.903125 0.768750 0.896875 0.802083 0.887500 0.806250 0.878125 0.756250 0.889063 0.581250 0.890625 0.564583 0.959375 0.589583 0.968750 0.606250 0.987500
4 0.685417 0.323438 0.600000 0.346875 0.570833 0.385938 0.504167 0.684375 0.520833 0.681250 0.566667 0.734375 0.558333 0.771875 0.581250 0.814062 0.537500 0.879687 0.558333 0.915625 0.581250 0.884375 0.777083 0.875000 0.772917 0.853125 0.862500 0.717188 0.858333 0.684375 0.947917 0.517187 0.952083 0.464063 0.935417 0.440625 0.887500 0.421875 0.847917 0.381250 0.695833 0.357812
4 0.356250 0.746875 0.356250 0.756250 0.358333 0.757812 0.358333 0.765625 0.362500 0.765625 0.368750 0.762500 0.372917 0.762500 0.375000 0.760938 0.377083 0.760938 0.391667 0.754687 0.395833 0.754687 0.397917 0.753125 0.412500 0.753125 0.412500 0.750000 0.410417 0.748438 0.402083 0.748438 0.400000 0.750000 0.395833 0.750000 0.393750 0.751562 0.391667 0.751562 0.389583 0.750000 0.372917 0.750000 0.368750 0.746875 0.368750 0.743750 0.366667 0.742188 0.366667 0.740625 0.362500 0.740625 0.358333 0.743750 0.358333 0.745313
4 0.372917 0.896875 0.375000 0.960938 0.385417 0.960938 0.393750 0.951563 0.562500 0.942187 0.566667 0.925000 0.550000 0.918750 0.531250 0.890625 0.518750 0.890625 0.475000 0.903125 0.439583 0.906250 0.414583 0.904688 0.402083 0.893750 0.408333 0.887500
5 0.612500 0.076563 0.593750 0.121875 0.602083 0.209375 0.633333 0.260938 0.677083 0.300000 0.704167 0.309375 0.752083 0.309375 0.800000 0.278125 0.829167 0.296875 0.862500 0.298438 0.950000 0.245312 0.941667 0.223438 0.866667 0.167187 0.945833 0.071875 0.843750 0.148438 0.768750 0.090625 0.681250 0.054688 0.656250 0.054688
7 0.016667 0.096875 0.016667 0.646875 0.462500 0.635938 0.541667 0.160938
7 0.377083 0.968750 0.377083 0.987500 0.597917 0.989062 0.593750 0.975000 0.570833 0.964063 0.550000 0.964063 0.508333 0.987500 0.491667 0.987500 0.487500 0.982813 0.483333 0.951563 0.479167 0.948438 0.452083 0.950000 0.385417 0.964063
8 0.516667 0.679688 0.427083 0.739062 0.466667 0.798437 0.414583 0.748438 0.445833 0.825000 0.416667 0.762500 0.368750 0.764063 0.339583 0.821875 0.277083 0.846875 0.293750 0.878125 0.370833 0.893750 0.435417 0.870313 0.443750 0.856250 0.441667 0.892187 0.429167 0.882812 0.410417 0.892187 0.418750 0.901563 0.479167 0.893750 0.543750 0.867188 0.483333 0.875000 0.554167 0.846875 0.550000 0.832812 0.454167 0.851562 0.445833 0.825000 0.458333 0.846875 0.575000 0.814062 0.543750 0.776563 0.475000 0.792188 0.560417 0.737500
8 0.697917 0.906250 0.695833 0.915625 0.702083 0.923437 0.706250 0.937500 0.702083 0.950000 0.702083 0.971875 0.708333 0.979688 0.785417 0.978125 0.789583 0.976562 0.781250 0.964063 0.766667 0.953125 0.760417 0.953125 0.756250 0.950000 0.756250 0.928125 0.750000 0.917188 0.737500 0.909375 0.725000 0.909375 0.710417 0.912500 0.704167 0.906250