1 0.016667 0.065625 0.020833 0.120312 0.141667 0.134375 0.125000 0.315625 0.016667 0.314063 0.020833 0.375000 0.179167 0.379687 0.197917 0.309375 0.220833 0.293750 0.429167 0.323438 0.447917 0.315625 0.466667 0.240625 0.443750 0.232812 0.416667 0.250000 0.400000 0.245312 0.379167 0.214062 0.381250 0.182812 0.327083 0.165625 0.304167 0.143750 0.302083 0.089062 0.287500 0.132812 0.237500 0.154687 0.164583 0.132812 0.150000 0.087500
1 0.020833 0.379687 0.018750 0.425000 0.204167 0.431250 0.193750 0.423438 0.181250 0.404687 0.177083 0.384375
1 0.179167 0.565625 0.018750 0.568750 0.018750 0.671875 0.152083 0.657812 0.152083 0.573438 0.179167 0.571875
2 0.804167 0.014062 0.839583 0.029687 0.845833 0.051562 0.860417 0.068750 0.862500 0.081250 0.852083 0.090625 0.856250 0.150000 0.962500 0.103125 0.987500 0.110937 0.989583 0.014062
2 0.987500 0.129688 0.860417 0.185937 0.866667 0.309375 0.837500 0.301562 0.814583 0.214062 0.685417 0.314063 0.564583 0.260938 0.520833 0.265625 0.479167 0.245312 0.454167 0.312500 0.510417 0.367188 0.483333 0.431250 0.622917 0.442187 0.968750 0.745313 0.910417 0.821875 0.985417 0.818750
3 0.304167 0.429688 0.293750 0.460938 0.335417 0.487500 0.354167 0.535937 0.329167 0.560938 0.383333 0.578125 0.404167 0.621875 0.385417 0.645312 0.514583 0.784375 0.508333 0.818750 0.389583 0.895312 0.810417 0.832812 0.800000 0.815625 0.825000 0.742188 0.922917 0.718750 0.629167 0.453125 0.593750 0.437500
3 0.285417 0.518750 0.275000 0.531250 0.275000 0.535937 0.285417 0.535937 0.289583 0.539062 0.293750 0.559375 0.304167 0.575000 0.304167 0.587500 0.308333 0.592188 0.320833 0.592188 0.325000 0.595312 0.327083 0.618750 0.337500 0.626562 0.350000 0.653125 0.354167 0.656250 0.364583 0.656250 0.366667 0.646875 0.341667 0.625000 0.329167 0.606250 0.331250 0.593750 0.322917 0.587500 0.318750 0.576563 0.300000 0.560938 0.291667 0.542188 0.291667 0.529688
3 0.987500 0.829687 0.941667 0.818750 0.216667 0.926562 0.206250 0.990625 0.989583 0.987500
5 0.168750 0.015625 0.177083 0.132812 0.266667 0.142188 0.302083 0.076563 0.316667 0.148438 0.395833 0.182812 0.406250 0.245312 0.458333 0.228125 0.527083 0.256250 0.566667 0.253125 0.670833 0.303125 0.727083 0.287500 0.770833 0.220313 0.818750 0.192188 0.843750 0.295312 0.864583 0.301562 0.854167 0.182812 0.987500 0.125000 0.962500 0.110937 0.845833 0.159375 0.843750 0.065625 0.812500 0.160938 0.833333 0.045313 0.783333 0.012500
7 0.014583 0.014062 0.016667 0.059375 0.154167 0.082813 0.158333 0.014062
7 0.020833 0.128125 0.018750 0.303125 0.104167 0.310937 0.133333 0.139062
7 0.295833 0.465625 0.291667 0.467187 0.275000 0.487500 0.260417 0.481250 0.252083 0.479688 0.252083 0.490625 0.266667 0.503125 0.272917 0.510938 0.289583 0.510938 0.291667 0.512500 0.300000 0.512500 0.302083 0.503125 0.295833 0.498437 0.293750 0.495313 0.293750 0.490625 0.310417 0.476562 0.310417 0.473437
7 0.160417 0.578125 0.164583 0.657812 0.343750 0.656250 0.345833 0.650000 0.329167 0.635938 0.302083 0.592188 0.183333 0.578125
8 0.204167 0.307813 0.187500 0.400000 0.202083 0.423438 0.218750 0.434375 0.293750 0.439063 0.304167 0.426562 0.475000 0.429688 0.487500 0.398438 0.487500 0.376563 0.502083 0.375000 0.502083 0.368750 0.481250 0.365625 0.481250 0.335938 0.458333 0.320312 0.429167 0.328125 0.241667 0.304688
8 0.297917 0.589063 0.297917 0.581250 0.291667 0.568750 0.289583 0.554688 0.285417 0.548437 0.275000 0.540625 0.270833 0.540625 0.250000 0.548437 0.239583 0.554688 0.222917 0.557813 0.195833 0.557813 0.191667 0.559375 0.191667 0.571875 0.208333 0.575000 0.227083 0.570312 0.241667 0.570312 0.245833 0.573438 0.245833 0.576563 0.250000 0.581250 0.283333 0.584375
8 0.329167 0.565625 0.327083 0.571875 0.335417 0.584375 0.354167 0.596875 0.337500 0.600000 0.337500 0.609375 0.352083 0.625000 0.356250 0.625000 0.385417 0.635938 0.393750 0.634375 0.400000 0.625000 0.393750 0.614062 0.387500 0.609375 0.368750 0.603125 0.370833 0.601562 0.377083 0.603125 0.383333 0.596875 0.379167 0.582812 0.368750 0.575000 0.339583 0.564062
8 0.504167 0.778125 0.429167 0.695312 0.391667 0.673437 0.379167 0.682813 0.368750 0.665625 0.347917 0.660937 0.016667 0.675000 0.014583 0.937500 0.358333 0.901563 0.508333 0.803125
8 0.935417 0.720312 0.922917 0.728125 0.831250 0.746875 0.806250 0.815625 0.806250 0.821875 0.814583 0.831250 0.868750 0.821875 0.893750 0.823438 0.960417 0.745313