1 0.018750 0.014062 0.016667 0.845312 0.814583 0.826563 0.775000 0.757812 0.493750 0.764063 0.475000 0.676562 0.270833 0.676562 0.279167 0.532812 0.439583 0.535937 0.450000 0.487500 0.179167 0.482812 0.162500 0.523438 0.125000 0.520312 0.129167 0.481250 0.091667 0.481250 0.054167 0.534375 0.085417 0.481250 0.043750 0.020312
1 0.050000 0.014062 0.093750 0.476562 0.129167 0.475000 0.133333 0.407813 0.179167 0.409375 0.187500 0.479688 0.627083 0.481250 0.689583 0.235938 0.170833 0.181250 0.168750 0.014062
2 0.758333 0.017188 0.718750 0.153125 0.770833 0.184375 0.716667 0.189063 0.639583 0.479688 0.693750 0.484375 0.677083 0.503125 0.783333 0.662500 0.829167 0.678125 0.791667 0.692187 0.779167 0.735937 0.910417 0.987500 0.989583 0.989062 0.987500 0.014062
3 0.141667 0.410937 0.139583 0.412500 0.133333 0.518750 0.156250 0.518750 0.160417 0.520312 0.162500 0.417188 0.164583 0.412500
3 0.462500 0.481250 0.452083 0.535937 0.458333 0.517187 0.481250 0.539062 0.477083 0.564062 0.491667 0.607813 0.479167 0.678125 0.500000 0.759375 0.781250 0.753125 0.783333 0.743750 0.764583 0.737500 0.789583 0.685938 0.820833 0.681250 0.812500 0.670313 0.781250 0.665625 0.662500 0.495313 0.685417 0.496875 0.685417 0.489062
5 0.747917 0.015625 0.681250 0.015625 0.708333 0.034375 0.704167 0.103125 0.679167 0.110937 0.660417 0.107813 0.652083 0.123438 0.600000 0.156250 0.554167 0.162500 0.529167 0.137500 0.531250 0.117188 0.522917 0.146875 0.570833 0.182812 0.614583 0.175000 0.756250 0.181250 0.731250 0.170312 0.731250 0.160938 0.706250 0.159375
7 0.183333 0.014062 0.181250 0.173438 0.683333 0.229687 0.708333 0.179688 0.564583 0.189063 0.522917 0.156250 0.520833 0.121875 0.543750 0.084375 0.572917 0.067188 0.570833 0.015625
7 0.585417 0.293750 0.585417 0.300000 0.583333 0.301562 0.583333 0.307813 0.593750 0.307813 0.595833 0.309375 0.608333 0.309375 0.610417 0.310937 0.610417 0.304688 0.612500 0.303125 0.612500 0.295312 0.600000 0.295312 0.597917 0.293750
7 0.220833 0.300000 0.225000 0.409375 0.372917 0.415625 0.377083 0.310937
7 0.583333 0.331250 0.587500 0.331250 0.589583 0.332812 0.597917 0.332812 0.600000 0.334375 0.606250 0.334375 0.608333 0.335938 0.608333 0.334375 0.610417 0.332812 0.610417 0.331250 0.612500 0.329688 0.612500 0.328125 0.614583 0.326562 0.614583 0.325000 0.612500 0.323438 0.583333 0.323438
7 0.902083 0.989062 0.816667 0.842188 0.033333 0.862500 0.012500 0.912500 0.016667 0.989062
8 0.695833 0.023438 0.679167 0.015625 0.622917 0.012500 0.589583 0.015625 0.587500 0.068750 0.568750 0.084375 0.560417 0.079687 0.543750 0.110937 0.533333 0.115625 0.531250 0.137500 0.554167 0.160938 0.600000 0.154687 0.650000 0.123438 0.660417 0.106250 0.679167 0.109375 0.702083 0.103125 0.708333 0.082813 0.704167 0.068750 0.706250 0.034375
8 0.460417 0.523438 0.452083 0.557813 0.445833 0.537500 0.287500 0.537500 0.275000 0.671875 0.477083 0.668750 0.483333 0.601562 0.475000 0.568750 0.464583 0.576563 0.458333 0.573438 0.472917 0.553125