1 0.016667 0.014062 0.014583 0.989062 0.458333 0.985937 0.425000 0.734375 0.116667 0.717188 0.118750 0.034375 0.864583 0.143750 0.887500 0.098438 0.354167 0.015625
1 0.127083 0.040625 0.143750 0.667188 0.404167 0.675000 0.404167 0.629687 0.343750 0.609375 0.395833 0.417188 0.408333 0.242188 0.529167 0.254687 0.585417 0.204688 0.595833 0.162500 0.550000 0.182812 0.504167 0.137500 0.554167 0.104687
1 0.125000 0.720312 0.427083 0.731250 0.408333 0.682813 0.137500 0.675000
2 0.987500 0.014062 0.943750 0.014062 0.916667 0.073437 0.916667 0.079687 0.920833 0.084375 0.902083 0.132812 0.935417 0.093750 0.972917 0.064062 0.989583 0.054688
2 0.985417 0.064062 0.935417 0.103125 0.862500 0.190625 0.831250 0.273438 0.837500 0.362500 0.908333 0.432813 0.987500 0.404687
2 0.981250 0.417188 0.966667 0.423438 0.910417 0.437500 0.906250 0.440625 0.985417 0.518750 0.985417 0.417188
2 0.987500 0.854688 0.954167 0.876562 0.912500 0.917188 0.881250 0.934375 0.812500 0.962500 0.772917 0.985937 0.987500 0.987500
3 0.650000 0.118750 0.643750 0.140625 0.668750 0.140625 0.672917 0.170312 0.664583 0.171875 0.662500 0.196875 0.645833 0.203125 0.652083 0.212500 0.641667 0.221875 0.633333 0.204688 0.616667 0.204688 0.612500 0.220313 0.629167 0.223438 0.650000 0.257812 0.618750 0.273438 0.772917 0.312500 0.820833 0.314063 0.820833 0.298438 0.806250 0.284375 0.822917 0.259375 0.839583 0.206250 0.858333 0.195312 0.872917 0.167187 0.812500 0.143750
4 0.422917 0.245312 0.400000 0.445312 0.352083 0.614062 0.416667 0.620313 0.414583 0.593750 0.437500 0.546875 0.412500 0.518750 0.439583 0.440625 0.472917 0.410937 0.462500 0.392188 0.502083 0.271875 0.518750 0.262500
4 0.595833 0.279687 0.552083 0.323438 0.472917 0.571875 0.470833 0.723437 0.420833 0.748438 0.416667 0.781250 0.454167 0.818750 0.452083 0.926562 0.479167 0.987500 0.750000 0.987500 0.906250 0.910937 0.983333 0.850000 0.989583 0.542188 0.789583 0.318750
7 0.458333 0.015625 0.906250 0.076563 0.935417 0.017188
7 0.516667 0.134375 0.539583 0.145313 0.541667 0.165625 0.552083 0.178125 0.566667 0.160938 0.579167 0.154687 0.608333 0.154687 0.670833 0.170312 0.666667 0.145313 0.612500 0.148438 0.579167 0.134375 0.583333 0.110937 0.566667 0.109375 0.529167 0.132812
7 0.231250 0.307813 0.229167 0.310937 0.227083 0.368750 0.322917 0.368750 0.325000 0.325000 0.327083 0.323438 0.325000 0.321875
7 0.227083 0.448438 0.225000 0.498437 0.275000 0.500000 0.277083 0.501562 0.302083 0.501562 0.306250 0.503125 0.312500 0.457812 0.291667 0.456250 0.289583 0.454688 0.281250 0.454688 0.258333 0.450000 0.247917 0.450000 0.235417 0.446875
8 0.604167 0.181250 0.604167 0.192188 0.606250 0.195312 0.616667 0.201562 0.618750 0.200000 0.635417 0.200000 0.637500 0.198437 0.631250 0.189063 0.631250 0.182812 0.635417 0.178125 0.637500 0.179688 0.637500 0.190625 0.645833 0.196875 0.645833 0.198437 0.650000 0.198437 0.662500 0.184375 0.662500 0.181250 0.656250 0.175000 0.641667 0.175000 0.637500 0.179688 0.635417 0.178125 0.635417 0.171875 0.618750 0.171875
8 0.972917 0.187500 0.947917 0.218750 0.947917 0.267188 0.897917 0.279687 0.891667 0.320312 0.864583 0.360938 0.870833 0.387500 0.906250 0.426562 0.979167 0.335938
8 0.581250 0.217187 0.560417 0.221875 0.510417 0.278125 0.477083 0.379687 0.481250 0.401563 0.508333 0.450000 0.525000 0.423438 0.522917 0.393750 0.550000 0.304688 0.606250 0.265625 0.604167 0.256250 0.631250 0.270312 0.641667 0.259375 0.635417 0.242188 0.625000 0.239063 0.610417 0.242188 0.600000 0.253125
8 0.487500 0.432813 0.462500 0.435937 0.439583 0.468750 0.433333 0.500000 0.433333 0.535937 0.443750 0.537500 0.452083 0.551562 0.472917 0.565625 0.487500 0.484375 0.504167 0.457812 0.504167 0.453125
8 0.441667 0.564062 0.420833 0.595312 0.427083 0.642187 0.427083 0.703125 0.437500 0.721875 0.464583 0.721875 0.458333 0.700000 0.458333 0.684375 0.468750 0.653125 0.468750 0.609375