1 0.018750 0.014062 0.054167 0.298438 0.431250 0.314063 0.433333 0.285937 0.464583 0.259375 0.422917 0.245312 0.420833 0.200000 0.435417 0.182812 0.350000 0.176563 0.339583 0.164062 0.372917 0.015625
1 0.014583 0.075000 0.029167 0.342187 0.541667 0.357812 0.508333 0.318750 0.487500 0.318750 0.454167 0.340625 0.427083 0.318750 0.054167 0.304688 0.033333 0.334375 0.050000 0.301562
1 0.016667 0.301562 0.016667 0.476562 0.585417 0.479688 0.566667 0.460938 0.554167 0.407813 0.583333 0.410937 0.608333 0.396875 0.602083 0.367188 0.025000 0.350000
1 0.016667 0.484375 0.014583 0.820312 0.547917 0.784375 0.604167 0.759375 0.595833 0.717188 0.625000 0.693750 0.697917 0.729688 0.752083 0.732813 0.668750 0.685938 0.722917 0.642187 0.733333 0.575000 0.685417 0.485938 0.639583 0.500000 0.583333 0.489062
2 0.697917 0.484375 0.706250 0.495313 0.706250 0.498437 0.708333 0.500000 0.714583 0.517187 0.718750 0.521875 0.718750 0.525000 0.733333 0.546875 0.737500 0.550000 0.737500 0.545313 0.739583 0.543750 0.741667 0.534375 0.743750 0.532812 0.743750 0.520312 0.747917 0.514063
2 0.916667 0.493750 0.920833 0.500000 0.920833 0.507812 0.937500 0.532812 0.941667 0.543750 0.964583 0.562500 0.972917 0.575000 0.985417 0.582812 0.987500 0.587500 0.989583 0.540625 0.970833 0.528125 0.960417 0.510938 0.945833 0.496875 0.933333 0.492188
2 0.985417 0.679688 0.979167 0.687500 0.979167 0.690625 0.964583 0.703125 0.947917 0.728125 0.947917 0.731250 0.943750 0.734375 0.939583 0.742188 0.958333 0.742188 0.964583 0.739062 0.968750 0.739062 0.981250 0.734375 0.983333 0.731250 0.983333 0.684375 0.985417 0.682813
2 0.987500 0.770312 0.958333 0.781250 0.960417 0.789062 0.964583 0.793750 0.964583 0.796875 0.968750 0.801562 0.968750 0.804688 0.972917 0.809375 0.975000 0.817187 0.979167 0.821875 0.979167 0.825000 0.983333 0.829687 0.985417 0.835938 0.985417 0.776563 0.987500 0.775000
3 0.558333 0.268750 0.558333 0.278125 0.562500 0.284375 0.554167 0.300000 0.535417 0.309375 0.539583 0.320312 0.550000 0.325000 0.547917 0.335938 0.539583 0.342187 0.539583 0.345313 0.545833 0.354688 0.556250 0.360938 0.564583 0.351562 0.581250 0.351562 0.602083 0.354688 0.602083 0.331250 0.595833 0.323438 0.591667 0.312500 0.581250 0.304688
4 0.560417 0.015625 0.531250 0.048437 0.514583 0.039062 0.556250 0.107813 0.543750 0.239063 0.606250 0.331250 0.637500 0.428125 0.697917 0.479688 0.789583 0.523438 0.885417 0.517187 0.906250 0.526563 0.918750 0.489062 0.989583 0.501562 0.989583 0.010937
4 0.381250 0.015625 0.350000 0.167187 0.458333 0.179688 0.458333 0.073437 0.477083 0.035937 0.489583 0.035937 0.506250 0.043750 0.506250 0.037500 0.489583 0.015625
5 0.708333 0.728125 0.708333 0.759375 0.762500 0.832812 0.787500 0.843750 0.870833 0.856250 0.947917 0.845312 0.972917 0.859375 0.981250 0.893750 0.966667 0.931250 0.943750 0.945312 0.972917 0.960938 0.983333 0.984375 0.985417 0.843750 0.945833 0.778125 0.985417 0.767187 0.985417 0.739062 0.927083 0.754687 0.810417 0.757812 0.785417 0.748438 0.756250 0.748438 0.735417 0.731250
7 0.458333 0.270312 0.454167 0.270312 0.443750 0.278125 0.431250 0.298438 0.431250 0.304688 0.441667 0.318750 0.441667 0.321875 0.447917 0.331250 0.452083 0.334375 0.458333 0.331250 0.462500 0.331250 0.472917 0.315625 0.487500 0.304688 0.487500 0.301562 0.489583 0.300000 0.489583 0.293750 0.483333 0.289062 0.481250 0.289062 0.479167 0.285937
7 0.631250 0.601562 0.631250 0.606250 0.633333 0.607813 0.633333 0.612500 0.635417 0.614062 0.677083 0.614062 0.675000 0.612500 0.675000 0.610937 0.672917 0.609375 0.672917 0.607813 0.670833 0.606250 0.670833 0.604688 0.666667 0.600000 0.633333 0.600000
7 0.775000 0.987500 0.733333 0.973437 0.656250 0.890625 0.572917 0.884375 0.539583 0.840625 0.545833 0.803125 0.016667 0.835938 0.014583 0.984375
8 0.495833 0.018750 0.502083 0.023438 0.502083 0.025000 0.508333 0.029687 0.508333 0.031250 0.510417 0.031250 0.518750 0.037500 0.529167 0.040625 0.533333 0.043750 0.533333 0.042188 0.543750 0.034375 0.545833 0.029687 0.550000 0.026563 0.552083 0.021875 0.556250 0.018750 0.556250 0.015625 0.529167 0.015625 0.527083 0.017188 0.497917 0.017188
8 0.485417 0.040625 0.466667 0.078125 0.464583 0.179688 0.506250 0.231250 0.462500 0.185937 0.447917 0.182812 0.429167 0.209375 0.431250 0.245312 0.491667 0.253125 0.525000 0.296875 0.541667 0.303125 0.554167 0.254687 0.545833 0.248437 0.543750 0.254687 0.527083 0.256250 0.508333 0.235938 0.531250 0.251563 0.539583 0.251563 0.543750 0.240625 0.535417 0.192188 0.545833 0.100000 0.508333 0.053125
8 0.514583 0.326562 0.514583 0.328125 0.518750 0.331250 0.518750 0.332812 0.520833 0.332812 0.522917 0.334375 0.525000 0.334375 0.527083 0.335938 0.529167 0.335938 0.531250 0.337500 0.533333 0.335938 0.543750 0.335938 0.543750 0.326562 0.537500 0.326562 0.535417 0.325000 0.518750 0.325000 0.516667 0.326562
8 0.910417 0.509375 0.904167 0.532812 0.883333 0.521875 0.858333 0.521875 0.833333 0.564062 0.825000 0.542188 0.808333 0.528125 0.764583 0.518750 0.735417 0.575000 0.727083 0.646875 0.677083 0.684375 0.804167 0.751562 0.922917 0.748438 0.941667 0.712500 0.985417 0.668750 0.987500 0.593750 0.960417 0.575000
8 0.610417 0.707812 0.604167 0.739062 0.618750 0.757812 0.564583 0.776563 0.545833 0.814062 0.543750 0.837500 0.575000 0.876562 0.662500 0.887500 0.733333 0.970312 0.793750 0.981250 0.872917 0.942187 0.916667 0.946875 0.956250 0.928125 0.979167 0.887500 0.972917 0.867188 0.954167 0.853125 0.920833 0.853125 0.881250 0.865625 0.795833 0.850000 0.739583 0.817187 0.691667 0.731250 0.637500 0.698438
8 0.789583 0.985937 0.979167 0.987500 0.975000 0.975000 0.950000 0.957812 0.935417 0.953125 0.860417 0.951563 0.802083 0.985937