1 0.016667 0.273438 0.016667 0.675000 0.422917 0.673437 0.393750 0.642187 0.291667 0.617188 0.285417 0.539062 0.312500 0.531250 0.312500 0.500000 0.345833 0.496875 0.297917 0.457812 0.331250 0.321875 0.364583 0.318750 0.372917 0.300000
1 0.014583 0.681250 0.014583 0.989062 0.504167 0.987500 0.447917 0.712500 0.420833 0.679688
2 0.906250 0.015625 0.781250 0.326562 0.743750 0.340625 0.985417 0.626562 0.987500 0.015625
2 0.985417 0.925000 0.972917 0.942187 0.968750 0.945312 0.966667 0.950000 0.962500 0.953125 0.958333 0.960938 0.947917 0.971875 0.937500 0.987500 0.941667 0.985937 0.987500 0.985937 0.987500 0.981250 0.985417 0.979688
3 0.020833 0.267188 0.735417 0.325000 0.770833 0.314063 0.889583 0.014062 0.029167 0.015625
4 0.383333 0.304688 0.339583 0.328125 0.302083 0.446875 0.352083 0.510938 0.431250 0.529688 0.408333 0.567187 0.364583 0.557813 0.414583 0.579687 0.414583 0.548437 0.452083 0.542188 0.433333 0.498437 0.310417 0.453125 0.345833 0.332812 0.450000 0.356250 0.458333 0.406250 0.481250 0.357812 0.537500 0.393750 0.456250 0.681250 0.431250 0.679688 0.504167 0.979688 0.922917 0.984375 0.983333 0.909375 0.981250 0.640625 0.725000 0.329688
4 0.320833 0.520312 0.318750 0.543750 0.289583 0.542188 0.297917 0.610937 0.395833 0.634375 0.408333 0.648438 0.408333 0.609375 0.402083 0.628125 0.391667 0.632812 0.304167 0.610937 0.306250 0.589063 0.295833 0.543750 0.310417 0.542188 0.360417 0.556250 0.322917 0.543750
8 0.547917 0.054688 0.539583 0.060938 0.535417 0.070312 0.535417 0.100000 0.539583 0.106250 0.589583 0.109375 0.591667 0.110937 0.608333 0.110937 0.610417 0.112500 0.620833 0.103125 0.622917 0.087500 0.625000 0.085938 0.625000 0.065625 0.622917 0.064062 0.602083 0.062500 0.600000 0.060938 0.591667 0.060938 0.568750 0.056250
8 0.250000 0.079687 0.264583 0.073437 0.270833 0.073437 0.285417 0.079687 0.314583 0.082813 0.316667 0.084375 0.343750 0.087500 0.345833 0.089062 0.354167 0.089062 0.356250 0.090625 0.354167 0.087500 0.354167 0.067188 0.350000 0.065625 0.322917 0.065625 0.320833 0.064062 0.295833 0.064062 0.293750 0.062500 0.264583 0.062500 0.252083 0.071875
8 0.272917 0.145313 0.268750 0.195312 0.339583 0.195312 0.341667 0.196875 0.347917 0.196875 0.347917 0.145313 0.341667 0.145313 0.339583 0.143750 0.275000 0.143750
8 0.587500 0.150000 0.587500 0.164062 0.589583 0.165625 0.589583 0.182812 0.591667 0.184375 0.591667 0.185937 0.595833 0.185937 0.600000 0.182812 0.600000 0.181250 0.597917 0.179688 0.597917 0.159375 0.593750 0.156250 0.593750 0.154687
8 0.552083 0.198437 0.547917 0.201562 0.547917 0.206250 0.545833 0.207813 0.545833 0.212500 0.547917 0.214062 0.547917 0.217187 0.550000 0.218750 0.560417 0.218750 0.562500 0.220313 0.566667 0.220313 0.568750 0.221875 0.577083 0.215625 0.577083 0.207813 0.575000 0.206250 0.575000 0.198437
8 0.300000 0.200000 0.300000 0.212500 0.295833 0.218750 0.295833 0.225000 0.302083 0.229687 0.306250 0.235938 0.308333 0.243750 0.310417 0.245312 0.318750 0.245312 0.320833 0.246875 0.327083 0.243750 0.343750 0.240625 0.343750 0.209375 0.350000 0.201562 0.347917 0.200000
8 0.545833 0.231250 0.545833 0.245312 0.547917 0.246875 0.550000 0.246875 0.552083 0.248437 0.556250 0.248437 0.558333 0.250000 0.572917 0.250000 0.575000 0.248437 0.581250 0.248437 0.581250 0.245312 0.583333 0.243750 0.583333 0.240625 0.585417 0.239063 0.583333 0.237500 0.583333 0.232812 0.581250 0.231250 0.581250 0.228125 0.579167 0.226562 0.568750 0.226562 0.566667 0.225000 0.554167 0.225000
8 0.347917 0.332812 0.329167 0.434375 0.312500 0.453125 0.433333 0.496875 0.452083 0.540625 0.437500 0.532812 0.418750 0.546875 0.420833 0.525000 0.320833 0.506250 0.325000 0.543750 0.362500 0.556250 0.297917 0.543750 0.306250 0.610937 0.391667 0.631250 0.408333 0.607813 0.410417 0.650000 0.450000 0.692187 0.481250 0.559375 0.472917 0.551562 0.535417 0.393750 0.487500 0.359375 0.466667 0.371875 0.437500 0.353125