1 0.014583 0.014062 0.012500 0.954687 0.829167 0.896875 0.820833 0.857813 0.850000 0.889063 0.954167 0.881250 0.916667 0.773438 0.572917 0.779688 0.558333 0.695312 0.622917 0.684375 0.575000 0.664062 0.618750 0.631250 0.402083 0.653125 0.406250 0.559375 0.535417 0.587500 0.620833 0.550000 0.493750 0.546875 0.454167 0.181250 0.472917 0.129688 0.543750 0.101562 0.452083 0.095312 0.439583 0.128125 0.366667 0.107813 0.370833 0.031250 0.456250 0.025000 0.464583 0.054688 0.462500 0.015625
2 0.987500 0.450000 0.935417 0.482812 0.908333 0.517187 0.939583 0.520312 0.943750 0.545313 0.916667 0.548437 0.977083 0.718750 0.985417 0.718750
2 0.983333 0.750000 0.972917 0.751562 0.925000 0.768750 0.958333 0.878125 0.985417 0.876562 0.987500 0.753125
3 0.606250 0.015625 0.587500 0.015625 0.593750 0.037500 0.566667 0.082813 0.566667 0.100000 0.564583 0.101562 0.556250 0.101562 0.556250 0.110937 0.579167 0.103125
3 0.933333 0.526563 0.654167 0.532812 0.627083 0.562500 0.627083 0.579687 0.666667 0.535937 0.677083 0.575000 0.675000 0.656250 0.654167 0.671875 0.652083 0.687500 0.672917 0.731250 0.662500 0.776563 0.912500 0.764063 0.987500 0.743750 0.987500 0.725000 0.968750 0.721875 0.908333 0.542188 0.935417 0.537500
4 0.985417 0.010937 0.610417 0.015625 0.579167 0.106250 0.612500 0.103125 0.635417 0.254687 0.604167 0.254687 0.606250 0.271875 0.647917 0.256250 0.656250 0.267188 0.643750 0.282813 0.666667 0.465625 0.645833 0.479688 0.654167 0.500000 0.620833 0.506250 0.633333 0.540625 0.662500 0.528125 0.889583 0.518750 0.943750 0.457812 0.985417 0.437500
7 0.381250 0.035937 0.377083 0.103125 0.437500 0.117188 0.443750 0.082813 0.445833 0.081250 0.460417 0.087500 0.468750 0.087500 0.477083 0.081250 0.475000 0.071875 0.464583 0.065625 0.450000 0.071875 0.447917 0.070312 0.450000 0.034375
7 0.400000 0.639063 0.408333 0.651563 0.502083 0.654688 0.508333 0.651563 0.512500 0.618750 0.520833 0.620313 0.537500 0.614062 0.558333 0.625000 0.581250 0.614062 0.595833 0.623438 0.610417 0.625000 0.631250 0.610937 0.631250 0.592188 0.606250 0.579687 0.591667 0.585938 0.579167 0.598437 0.566667 0.589063 0.545833 0.589063 0.533333 0.600000 0.525000 0.593750 0.506250 0.592188 0.504167 0.571875 0.491667 0.564062 0.406250 0.565625 0.400000 0.590625
7 0.583333 0.662500 0.597917 0.671875 0.600000 0.670313 0.618750 0.668750 0.639583 0.684375 0.639583 0.685938 0.652083 0.685938 0.650000 0.681250 0.645833 0.678125 0.643750 0.673437 0.637500 0.667188 0.639583 0.665625 0.647917 0.665625 0.650000 0.667188 0.654167 0.665625 0.650000 0.657812 0.633333 0.648438 0.625000 0.648438 0.622917 0.650000 0.608333 0.651563 0.600000 0.654688 0.593750 0.654688
7 0.647917 0.692187 0.635417 0.690625 0.570833 0.701563 0.581250 0.773438 0.643750 0.765625 0.652083 0.760938 0.662500 0.750000 0.664583 0.737500 0.652083 0.704687 0.652083 0.695312
7 0.802083 0.868750 0.802083 0.875000 0.810417 0.881250 0.816667 0.881250 0.818750 0.882812 0.825000 0.878125 0.829167 0.878125 0.833333 0.882812 0.839583 0.896875 0.833333 0.903125 0.818750 0.909375 0.827083 0.915625 0.829167 0.914062 0.868750 0.910937 0.870833 0.909375 0.868750 0.907812 0.862500 0.907812 0.852083 0.900000 0.843750 0.885938 0.843750 0.871875 0.837500 0.862500 0.831250 0.862500 0.829167 0.864062 0.822917 0.864062 0.814583 0.867188
8 0.477083 0.014062 0.475000 0.029687 0.483333 0.089062 0.525000 0.095312 0.535417 0.068750 0.537500 0.075000 0.531250 0.093750 0.564583 0.095312 0.566667 0.076563 0.585417 0.035937 0.581250 0.015625 0.545833 0.015625 0.543750 0.020312 0.539583 0.012500
8 0.600000 0.106250 0.483333 0.135937 0.483333 0.207813 0.514583 0.190625 0.520833 0.298438 0.506250 0.220313 0.475000 0.207813 0.468750 0.181250 0.481250 0.342187 0.520833 0.317187 0.522917 0.359375 0.518750 0.331250 0.502083 0.343750 0.506250 0.406250 0.489583 0.409375 0.516667 0.545313 0.629167 0.531250 0.618750 0.509375 0.508333 0.526563 0.506250 0.429688 0.516667 0.525000 0.643750 0.503125 0.639583 0.476562 0.591667 0.475000 0.664583 0.475000 0.645833 0.268750 0.583333 0.285937 0.604167 0.275000 0.593750 0.259375 0.552083 0.278125 0.633333 0.253125
8 0.664583 0.545313 0.637500 0.575000 0.639583 0.632812 0.643750 0.643750 0.660417 0.653125 0.660417 0.664062 0.660417 0.659375 0.666667 0.657812 0.666667 0.648438 0.668750 0.646875 0.668750 0.587500 0.672917 0.582812 0.664583 0.570312