1 0.014583 0.014062 0.016667 0.217187 0.502083 0.253125 0.533333 0.229687 0.560417 0.182812 0.441667 0.175000 0.429167 0.137500 0.406250 0.137500 0.406250 0.118750 0.383333 0.101562 0.383333 0.071875 0.335417 0.087500 0.316667 0.070312 0.329167 0.017188
1 0.018750 0.320312 0.018750 0.531250 0.466667 0.539062 0.489583 0.529688 0.039583 0.509375 0.029167 0.437500 0.052083 0.320312
1 0.541667 0.529688 0.541667 0.571875 0.556250 0.581250 0.556250 0.592188 0.610417 0.642187 0.666667 0.587500 0.652083 0.579687 0.660417 0.534375
1 0.541667 0.600000 0.539583 0.603125 0.537500 0.712500 0.593750 0.656250 0.589583 0.648438
1 0.610417 0.673437 0.543750 0.732813 0.554167 0.742188 0.554167 0.748438 0.537500 0.760938 0.533333 0.801562 0.554167 0.759375 0.572917 0.740625 0.595833 0.723437 0.614583 0.717188 0.614583 0.707812 0.622917 0.685938
1 0.539583 0.943750 0.412500 0.951563 0.389583 0.942187 0.385417 0.917188 0.016667 0.934375 0.014583 0.987500 0.537500 0.984375
2 0.708333 0.389062 0.704167 0.518750 0.670833 0.535937 0.668750 0.565625 0.720833 0.578125 0.704167 0.595312 0.706250 0.623438 0.725000 0.639063 0.712500 0.732813 0.737500 0.745313 0.775000 0.742188 0.791667 0.764063 0.883333 0.790625 0.935417 0.835938 0.975000 0.837500 0.987500 0.850000 0.987500 0.434375 0.879167 0.434375 0.816667 0.450000 0.770833 0.423438 0.750000 0.396875
3 0.441667 0.131250 0.447917 0.164062 0.987500 0.210938 0.989583 0.014062 0.529167 0.015625 0.520833 0.032812 0.493750 0.043750 0.481250 0.073437 0.464583 0.073437
3 0.093750 0.323438 0.085417 0.503125 0.666667 0.526563 0.695833 0.518750 0.695833 0.376563 0.654167 0.342187 0.635417 0.357812 0.687500 0.368750 0.687500 0.448438 0.627083 0.443750 0.631250 0.356250 0.610417 0.332812
4 0.568750 0.757812 0.543750 0.818750 0.545833 0.987500 0.989583 0.989062 0.987500 0.857813 0.933333 0.843750 0.887500 0.803125 0.793750 0.770312 0.777083 0.750000 0.718750 0.748438 0.702083 0.723437 0.620833 0.728125
7 0.016667 0.226562 0.016667 0.289062 0.522917 0.318750 0.514583 0.259375
7 0.533333 0.535937 0.495833 0.537500 0.518750 0.726562 0.512500 0.782812 0.493750 0.789062 0.527083 0.800000 0.531250 0.751562 0.541667 0.750000 0.533333 0.734375 0.610417 0.664062 0.637500 0.679688 0.616667 0.654688 0.689583 0.589063 0.714583 0.589063 0.662500 0.573438 0.685417 0.585938 0.612500 0.646875 0.539583 0.581250 0.604167 0.656250 0.533333 0.725000
7 0.014583 0.546875 0.014583 0.915625 0.385417 0.898438 0.389583 0.867188 0.350000 0.859375 0.354167 0.825000 0.400000 0.826563 0.414583 0.809375 0.479167 0.807813 0.477083 0.782812 0.441667 0.759375 0.481250 0.640625 0.479167 0.551562
8 0.425000 0.056250 0.425000 0.060938 0.422917 0.062500 0.422917 0.079687 0.420833 0.081250 0.420833 0.104687 0.414583 0.106250 0.414583 0.129688 0.416667 0.131250 0.445833 0.126563 0.452083 0.103125 0.460417 0.084375 0.460417 0.076563 0.454167 0.071875 0.441667 0.071875 0.439583 0.073437 0.431250 0.065625
8 0.595833 0.178125 0.572917 0.179688 0.560417 0.193750 0.547917 0.214062 0.545833 0.250000 0.541667 0.250000 0.541667 0.231250 0.525000 0.243750 0.525000 0.309375 0.533333 0.314063 0.543750 0.303125 0.545833 0.321875 0.550000 0.323438 0.579167 0.304688 0.597917 0.282813
8 0.622917 0.214062 0.625000 0.223438 0.654167 0.234375 0.645833 0.306250 0.660417 0.337500 0.710417 0.378125 0.760417 0.393750 0.800000 0.435937 0.839583 0.443750 0.877083 0.428125 0.922917 0.426562 0.937500 0.434375 0.989583 0.429688 0.987500 0.417188 0.970833 0.410937 0.987500 0.406250 0.983333 0.212500 0.691667 0.182812 0.658333 0.225000
8 0.068750 0.320312 0.058333 0.357812 0.058333 0.379687 0.054167 0.381250 0.052083 0.445312 0.041667 0.446875 0.047917 0.459375 0.043750 0.506250 0.079167 0.501562 0.087500 0.331250
8 0.122917 0.326562 0.125000 0.340625 0.154167 0.371875 0.133333 0.390625 0.127083 0.412500 0.114583 0.420312 0.120833 0.428125 0.118750 0.443750 0.110417 0.457812 0.110417 0.481250 0.097917 0.485938 0.097917 0.495313 0.197917 0.496875 0.208333 0.329688
8 0.229167 0.332812 0.222917 0.339063 0.231250 0.351562 0.231250 0.400000 0.237500 0.410937 0.239583 0.429688 0.227083 0.453125 0.231250 0.473437 0.216667 0.476562 0.225000 0.496875 0.293750 0.500000 0.300000 0.335938
8 0.320833 0.337500 0.320833 0.378125 0.314583 0.387500 0.320833 0.420312 0.333333 0.437500 0.329167 0.451562 0.329167 0.470313 0.335417 0.481250 0.331250 0.501562 0.385417 0.503125 0.385417 0.340625
8 0.427083 0.343750 0.422917 0.354688 0.425000 0.382812 0.452083 0.418750 0.441667 0.432813 0.439583 0.456250 0.447917 0.467187 0.475000 0.467187 0.427083 0.501562 0.512500 0.506250 0.520833 0.350000
8 0.537500 0.354688 0.533333 0.359375 0.543750 0.373437 0.539583 0.423438 0.545833 0.426562 0.550000 0.446875 0.560417 0.445312 0.558333 0.462500 0.545833 0.468750 0.539583 0.479688 0.537500 0.506250 0.608333 0.510938 0.610417 0.359375
8 0.631250 0.359375 0.629167 0.360938 0.629167 0.443750 0.635417 0.440625 0.643750 0.440625 0.645833 0.448438 0.685417 0.448438 0.685417 0.368750 0.672917 0.362500
8 0.712500 0.639063 0.706250 0.640625 0.700000 0.635938 0.704167 0.654688 0.700000 0.660937 0.697917 0.659375 0.677083 0.659375 0.668750 0.662500 0.647917 0.675000 0.641667 0.684375 0.631250 0.692187 0.631250 0.723437 0.662500 0.721875 0.662500 0.718750 0.652083 0.714063 0.681250 0.700000 0.685417 0.690625 0.714583 0.671875
8 0.479167 0.660937 0.479167 0.687500 0.481250 0.689062 0.481250 0.695312 0.483333 0.696875 0.483333 0.700000 0.485417 0.701563 0.487500 0.706250 0.489583 0.707812 0.497917 0.707812 0.500000 0.709375 0.500000 0.668750 0.497917 0.667188 0.495833 0.667188 0.485417 0.662500 0.481250 0.662500
8 0.472917 0.706250 0.462500 0.714063 0.460417 0.725000 0.450000 0.731250 0.450000 0.743750 0.460417 0.759375 0.466667 0.764063 0.468750 0.773438 0.470833 0.775000 0.489583 0.776563 0.491667 0.778125 0.491667 0.721875 0.493750 0.720312 0.475000 0.706250
8 0.522917 0.810938 0.412500 0.817187 0.408333 0.831250 0.414583 0.846875 0.406250 0.867188 0.404167 0.935938 0.414583 0.945312 0.543750 0.937500 0.537500 0.826563 0.541667 0.820312
8 0.366667 0.825000 0.358333 0.835938 0.358333 0.842188 0.356250 0.843750 0.356250 0.853125 0.358333 0.854688 0.358333 0.857813 0.366667 0.864062 0.379167 0.864062 0.381250 0.862500 0.391667 0.860937 0.391667 0.856250 0.393750 0.854688 0.397917 0.857813 0.402083 0.865625 0.404167 0.857813 0.408333 0.853125 0.406250 0.851562 0.406250 0.843750 0.404167 0.842188 0.402083 0.834375 0.397917 0.835938 0.375000 0.826563