1 0.985417 0.014062 0.835417 0.015625 0.804167 0.023438 0.802083 0.035937 0.856250 0.151562 0.872917 0.146875 0.960417 0.090625 0.983333 0.034375
1 0.791667 0.067188 0.720833 0.246875 0.816667 0.181250 0.816667 0.173438 0.825000 0.160938
1 0.845833 0.196875 0.708333 0.282813 0.697917 0.301562 0.706250 0.310937 0.710417 0.332812 0.697917 0.339063 0.689583 0.332812 0.677083 0.378125 0.789583 0.385938 0.822917 0.359375 0.850000 0.318750 0.850000 0.290625 0.879167 0.246875
1 0.014583 0.490625 0.018750 0.678125 0.404167 0.676562 0.427083 0.615625 0.452083 0.598437 0.627083 0.589063 0.612500 0.575000 0.443750 0.571875 0.439583 0.556250 0.406250 0.531250 0.400000 0.503125
1 0.572917 0.814062 0.431250 0.814062 0.420833 0.784375 0.397917 0.790625 0.402083 0.823438 0.297917 0.814062 0.287500 0.753125 0.302083 0.725000 0.393750 0.718750 0.400000 0.753125 0.422917 0.756250 0.408333 0.681250 0.016667 0.685938 0.016667 0.987500 0.422917 0.987500 0.416667 0.929688 0.441667 0.920313 0.445833 0.890625 0.550000 0.865625
3 0.670833 0.385938 0.662500 0.392188 0.658333 0.404687 0.687500 0.426562 0.668750 0.517187 0.631250 0.576563 0.639583 0.590625 0.675000 0.592188 0.712500 0.490625 0.766667 0.403125 0.785417 0.389062
3 0.668750 0.596875 0.514583 0.596875 0.531250 0.621875 0.577083 0.753125 0.545833 0.804688 0.527083 0.806250 0.527083 0.812500 0.583333 0.809375 0.672917 0.601562
4 0.939583 0.339063 0.858333 0.348437 0.772917 0.409375 0.714583 0.500000 0.558333 0.864062 0.610417 0.856250 0.627083 0.937500 0.670833 0.987500 0.989583 0.989062 0.987500 0.357812
7 0.014583 0.014062 0.014583 0.465625 0.414583 0.479688 0.368750 0.439063 0.389583 0.403125 0.447917 0.409375 0.466667 0.389062 0.568750 0.382812 0.575000 0.364062 0.531250 0.303125 0.545833 0.256250 0.575000 0.223438 0.583333 0.231250 0.650000 0.015625
7 0.989583 0.079687 0.875000 0.154687 0.852083 0.154687 0.789583 0.039062 0.795833 0.017188 0.818750 0.014062 0.658333 0.017188 0.629167 0.125000 0.662500 0.110937 0.691667 0.157813 0.691667 0.196875 0.662500 0.225000 0.612500 0.357812 0.595833 0.367188 0.641667 0.401563 0.654167 0.400000 0.685417 0.320312 0.708333 0.326562 0.689583 0.303125 0.697917 0.281250 0.843750 0.184375 0.879167 0.235938 0.858333 0.176563
7 0.391667 0.725000 0.327083 0.726562 0.306250 0.729688 0.295833 0.751562 0.295833 0.795313 0.302083 0.812500 0.389583 0.820312 0.393750 0.796875 0.391667 0.785937 0.402083 0.779688 0.410417 0.781250 0.422917 0.776563 0.427083 0.771875 0.416667 0.759375 0.397917 0.759375
8 0.654167 0.120312 0.627083 0.132812 0.616667 0.126563 0.591667 0.234375 0.612500 0.228125 0.622917 0.201562 0.627083 0.207813 0.620833 0.243750 0.606250 0.237500 0.593750 0.243750 0.606250 0.273438 0.577083 0.357812 0.585417 0.362500 0.610417 0.356250 0.633333 0.268750 0.620833 0.248437 0.631250 0.257812 0.650000 0.257812 0.664583 0.196875 0.666667 0.215625 0.687500 0.198437 0.687500 0.160938
8 0.987500 0.159375 0.950000 0.181250 0.914583 0.178125 0.893750 0.195312 0.900000 0.218750 0.927083 0.215625 0.887500 0.234375 0.856250 0.285937 0.856250 0.307813 0.875000 0.339063 0.895833 0.340625 0.900000 0.328125 0.908333 0.337500 0.933333 0.332812 0.956250 0.287500 0.912500 0.295312 0.914583 0.312500 0.904167 0.325000 0.906250 0.295312 0.916667 0.287500 0.987500 0.278125 0.985417 0.212500 0.975000 0.204688 0.952083 0.206250 0.962500 0.201562 0.987500 0.206250
8 0.572917 0.232812 0.564583 0.262500 0.575000 0.278125 0.572917 0.279687 0.556250 0.265625 0.550000 0.265625 0.533333 0.303125 0.533333 0.317187 0.556250 0.328125 0.570833 0.290625 0.575000 0.290625 0.575000 0.300000 0.564583 0.323438 0.564583 0.337500 0.572917 0.346875 0.597917 0.278125 0.587500 0.251563
8 0.379167 0.418750 0.383333 0.453125 0.422917 0.464063 0.418750 0.540625 0.464583 0.543750 0.447917 0.550000 0.450000 0.564062 0.633333 0.568750 0.666667 0.506250 0.681250 0.425000 0.656250 0.404687 0.618750 0.395312 0.464583 0.392188 0.458333 0.410937 0.472917 0.429688 0.464583 0.543750 0.462500 0.476562 0.445833 0.464063 0.447917 0.457812 0.460417 0.468750 0.462500 0.423438 0.414583 0.406250
8 0.731250 0.437500 0.714583 0.437500 0.712500 0.435937 0.697917 0.435937 0.697917 0.445312 0.695833 0.446875 0.695833 0.456250 0.693750 0.457812 0.693750 0.467187 0.708333 0.478125 0.714583 0.473437 0.716667 0.473437 0.716667 0.470313 0.727083 0.456250 0.727083 0.453125 0.729167 0.451562 0.729167 0.448438 0.731250 0.446875 0.731250 0.442187 0.733333 0.440625 0.733333 0.439063
8 0.689583 0.471875 0.687500 0.489062 0.679167 0.500000 0.677083 0.509375 0.670833 0.520312 0.668750 0.531250 0.664583 0.535937 0.664583 0.557813 0.668750 0.568750 0.679167 0.568750 0.679167 0.564062 0.689583 0.537500 0.689583 0.531250 0.704167 0.492188 0.704167 0.484375
8 0.504167 0.596875 0.493750 0.604688 0.454167 0.604688 0.450000 0.607813 0.468750 0.617188 0.429167 0.620313 0.414583 0.690625 0.437500 0.810938 0.506250 0.809375 0.527083 0.767187 0.514583 0.804688 0.543750 0.804688 0.572917 0.753125 0.527083 0.617188 0.479167 0.614062 0.514583 0.610937
8 0.610417 0.860937 0.560417 0.868750 0.543750 0.875000 0.522917 0.873438 0.470833 0.884375 0.450000 0.893750 0.456250 0.942187 0.454167 0.987500 0.629167 0.987500 0.610417 0.914062
8 0.435417 0.921875 0.433333 0.921875 0.433333 0.926562 0.431250 0.928125 0.431250 0.931250 0.429167 0.932813 0.429167 0.937500 0.427083 0.939062 0.427083 0.943750 0.425000 0.945312 0.425000 0.978125 0.429167 0.981250 0.433333 0.987500 0.450000 0.981250 0.450000 0.965625 0.447917 0.964063 0.447917 0.954687 0.445833 0.953125 0.445833 0.929688