1 0.016667 0.240625 0.516667 0.293750 0.568750 0.275000 0.510417 0.262500 0.522917 0.196875 0.435417 0.185937 0.383333 0.253125 0.252083 0.165625 0.270833 0.087500 0.425000 0.037500 0.454167 0.117188 0.485417 0.123438 0.485417 0.073437 0.518750 0.040625 0.777083 0.060938 0.783333 0.039062 0.681250 0.015625 0.014583 0.014062
1 0.016667 0.271875 0.016667 0.425000 0.070833 0.426562 0.112500 0.434375 0.120833 0.442187 0.293750 0.451562 0.316667 0.295312 0.143750 0.276563 0.075000 0.275000 0.058333 0.282813
1 0.016667 0.464063 0.016667 0.587500 0.047917 0.589063 0.056250 0.598437 0.097917 0.598437 0.110417 0.606250 0.275000 0.610937 0.270833 0.582812 0.281250 0.567187 0.291667 0.473437 0.118750 0.462500 0.112500 0.467187 0.064583 0.464063 0.056250 0.468750
1 0.016667 0.634375 0.018750 0.745313 0.079167 0.748438 0.095833 0.756250 0.252083 0.751562 0.270833 0.629687 0.108333 0.625000 0.097917 0.631250 0.056250 0.629687
1 0.014583 0.775000 0.014583 0.989062 0.329167 0.987500 0.325000 0.959375 0.302083 0.940625 0.291667 0.971875 0.275000 0.978125 0.175000 0.923437 0.175000 0.884375 0.195833 0.857813 0.289583 0.812500 0.312500 0.859375 0.366667 0.857813 0.377083 0.829687 0.350000 0.776563
2 0.989583 0.015625 0.837500 0.046875 0.793750 0.039062 0.789583 0.068750 0.829167 0.073437 0.856250 0.092188 0.787500 0.295312 0.716667 0.300000 0.718750 0.310937 0.931250 0.350000 0.983333 0.346875
3 0.697917 0.015625 0.833333 0.043750 0.979167 0.014062
3 0.591667 0.053125 0.579167 0.098438 0.585417 0.082813 0.600000 0.104687 0.583333 0.145313 0.566667 0.129688 0.575000 0.109375 0.543750 0.121875 0.543750 0.131250 0.579167 0.140625 0.579167 0.178125 0.562500 0.204688 0.531250 0.196875 0.518750 0.259375 0.602083 0.273438 0.650000 0.271875 0.725000 0.295312 0.772917 0.293750 0.845833 0.082813 0.641667 0.048437
3 0.412500 0.887500 0.404167 0.890625 0.408333 0.896875 0.404167 0.912500 0.414583 0.925000 0.418750 0.937500 0.412500 0.964063 0.412500 0.978125 0.404167 0.984375 0.450000 0.987500 0.431250 0.931250 0.422917 0.896875 0.418750 0.890625
4 0.014583 0.246875 0.014583 0.771875 0.350000 0.770312 0.339583 0.714063 0.285417 0.700000 0.306250 0.475000 0.366667 0.484375 0.427083 0.345313 0.375000 0.485938 0.489583 0.503125 0.456250 0.571875 0.487500 0.585938 0.450000 0.718750 0.352083 0.715625 0.456250 0.984375 0.989583 0.987500 0.983333 0.353125 0.833333 0.346875 0.625000 0.276563 0.443750 0.334375 0.506250 0.295312
7 0.425000 0.046875 0.297917 0.089062 0.283333 0.089062 0.270833 0.118750 0.270833 0.167187 0.387500 0.243750 0.395833 0.243750 0.420833 0.206250 0.429167 0.179688 0.539583 0.192188 0.558333 0.201562 0.577083 0.176563 0.577083 0.140625 0.568750 0.134375 0.558333 0.137500 0.439583 0.117188 0.437500 0.057813
7 0.293750 0.817187 0.216667 0.859375 0.189583 0.868750 0.185417 0.879687 0.187500 0.923437 0.264583 0.957812 0.279167 0.971875 0.295833 0.943750 0.295833 0.921875 0.302083 0.910937 0.402083 0.906250 0.400000 0.895312 0.379167 0.882812 0.375000 0.864062 0.304167 0.867188 0.302083 0.834375
8 0.579167 0.050000 0.562500 0.050000 0.547917 0.040625 0.527083 0.048437 0.518750 0.046875 0.514583 0.050000 0.495833 0.081250 0.493750 0.125000 0.504167 0.125000 0.508333 0.120312 0.510417 0.110937 0.516667 0.106250 0.543750 0.115625 0.572917 0.107813 0.583333 0.065625 0.583333 0.054688
8 0.585417 0.084375 0.585417 0.087500 0.583333 0.089062 0.583333 0.093750 0.581250 0.095312 0.581250 0.098438 0.577083 0.104687 0.577083 0.109375 0.575000 0.110937 0.575000 0.114063 0.570833 0.120312 0.570833 0.125000 0.568750 0.126563 0.568750 0.129688 0.572917 0.131250 0.579167 0.135937 0.581250 0.139062 0.581250 0.145313 0.583333 0.142188 0.583333 0.137500 0.585417 0.135937 0.585417 0.132812 0.589583 0.126563 0.589583 0.121875 0.591667 0.120312 0.591667 0.117188 0.595833 0.110937 0.595833 0.106250 0.597917 0.104687 0.597917 0.098438
8 0.312500 0.476562 0.316667 0.512500 0.300000 0.557813 0.314583 0.556250 0.308333 0.570312 0.314583 0.610937 0.304167 0.601562 0.308333 0.645312 0.289583 0.698438 0.433333 0.726562 0.433333 0.707812 0.412500 0.693750 0.295833 0.684375 0.337500 0.679688 0.418750 0.689062 0.447917 0.706250 0.479167 0.581250 0.420833 0.575000 0.445833 0.570312 0.472917 0.504687 0.381250 0.498437
8 0.295833 0.564062 0.295833 0.573438 0.289583 0.578125 0.289583 0.579687 0.287500 0.581250 0.287500 0.592188 0.295833 0.592188 0.297917 0.593750 0.302083 0.593750 0.304167 0.595312 0.306250 0.595312 0.308333 0.596875 0.308333 0.587500 0.310417 0.585938 0.308333 0.584375 0.308333 0.578125 0.306250 0.576563 0.306250 0.575000 0.302083 0.571875 0.302083 0.570312 0.297917 0.567187 0.297917 0.565625
8 0.391667 0.843750 0.389583 0.845312 0.385417 0.845312 0.383333 0.846875 0.381250 0.846875 0.381250 0.851562 0.383333 0.853125 0.383333 0.857813 0.385417 0.859375 0.385417 0.862500 0.387500 0.864062 0.385417 0.865625 0.385417 0.878125 0.395833 0.884375 0.402083 0.884375 0.404167 0.885938 0.410417 0.881250 0.412500 0.881250 0.412500 0.867188 0.414583 0.865625 0.414583 0.864062 0.412500 0.862500 0.412500 0.860937 0.404167 0.850000 0.404167 0.846875 0.400000 0.843750
8 0.306250 0.917188 0.310417 0.939062 0.329167 0.948438 0.337500 0.982813 0.352083 0.987500 0.385417 0.987500 0.393750 0.982813 0.402083 0.982813 0.412500 0.935938 0.402083 0.917188 0.393750 0.910937 0.333333 0.912500