1 0.016667 0.293750 0.016667 0.350000 0.677083 0.379687 0.685417 0.342187 0.629167 0.342187 0.585417 0.331250 0.564583 0.303125 0.537500 0.292188 0.522917 0.312500 0.043750 0.287500
1 0.016667 0.356250 0.016667 0.406250 0.508333 0.425000 0.518750 0.521875 0.535417 0.514063 0.520833 0.503125 0.520833 0.479688 0.535417 0.468750 0.531250 0.431250 0.550000 0.412500 0.622917 0.406250 0.666667 0.381250
1 0.662500 0.575000 0.556250 0.564062 0.558333 0.615625 0.533333 0.634375 0.522917 0.612500 0.022917 0.621875 0.016667 0.675000 0.585417 0.664062 0.595833 0.603125 0.645833 0.595312
1 0.589583 0.670313 0.016667 0.679688 0.014583 0.701563 0.527083 0.698438 0.533333 0.687500 0.545833 0.687500 0.554167 0.696875 0.572917 0.695312 0.577083 0.704687
1 0.639583 0.846875 0.641667 0.857813 0.650000 0.876562 0.695833 0.879687 0.710417 0.892187 0.731250 0.892187 0.733333 0.893750 0.762500 0.892187 0.758333 0.884375 0.743750 0.873438 0.733333 0.870313 0.714583 0.856250 0.708333 0.848437 0.693750 0.839063
2 0.783333 0.015625 0.862500 0.043750 0.847917 0.218750 0.795833 0.351562 0.712500 0.343750 0.697917 0.385938 0.745833 0.421875 0.762500 0.525000 0.741667 0.564062 0.791667 0.553125 0.933333 0.646875 0.943750 0.678125 0.889583 0.853125 0.825000 0.850000 0.983333 0.971875 0.987500 0.065625 0.943750 0.014062
3 0.554167 0.412500 0.537500 0.432813 0.539583 0.470313 0.560417 0.478125 0.558333 0.503125 0.543750 0.510938 0.543750 0.517187 0.556250 0.514063 0.568750 0.528125 0.556250 0.542188 0.545833 0.546875 0.541667 0.542188 0.541667 0.559375 0.697917 0.564062 0.756250 0.553125 0.739583 0.412500
5 0.556250 0.145313 0.529167 0.282813 0.566667 0.293750 0.604167 0.335938 0.666667 0.331250 0.791667 0.343750 0.833333 0.156250 0.610417 0.126563
5 0.793750 0.560938 0.722917 0.578125 0.672917 0.576563 0.662500 0.603125 0.604167 0.603125 0.589583 0.696875 0.614583 0.673437 0.633333 0.667188 0.643750 0.675000 0.608333 0.715625 0.637500 0.768750 0.606250 0.773438 0.568750 0.740625 0.556250 0.773438 0.616667 0.837500 0.885417 0.845312 0.927083 0.671875 0.908333 0.626562
7 0.014583 0.012500 0.014583 0.078125 0.170833 0.092188 0.175000 0.292188 0.514583 0.310937 0.552083 0.128125 0.264583 0.098438 0.845833 0.145313 0.845833 0.037500
7 0.014583 0.082813 0.016667 0.279687 0.166667 0.290625 0.164583 0.093750
7 0.014583 0.414062 0.016667 0.607813 0.216667 0.603125 0.218750 0.425000
7 0.229167 0.423438 0.227083 0.604688 0.520833 0.601562 0.516667 0.542188 0.504167 0.532812 0.514583 0.528125 0.508333 0.429688
7 0.539583 0.718750 0.283333 0.728125 0.268750 0.906250 0.597917 0.881250
7 0.016667 0.731250 0.012500 0.917188 0.264583 0.907812 0.266667 0.729688
7 0.912500 0.987500 0.872917 0.895312 0.014583 0.921875 0.016667 0.987500
8 0.529167 0.476562 0.529167 0.489062 0.531250 0.490625 0.527083 0.495313 0.527083 0.498437 0.529167 0.500000 0.529167 0.501562 0.531250 0.503125 0.531250 0.504687 0.533333 0.503125 0.539583 0.503125 0.541667 0.501562 0.545833 0.501562 0.547917 0.500000 0.554167 0.500000 0.554167 0.482812 0.552083 0.481250 0.547917 0.481250 0.545833 0.479688 0.541667 0.479688 0.539583 0.478125 0.535417 0.478125 0.533333 0.476562
8 0.562500 0.531250 0.560417 0.529688 0.560417 0.523438 0.558333 0.521875 0.558333 0.517187 0.556250 0.517187 0.545833 0.521875 0.541667 0.521875 0.539583 0.523438 0.535417 0.523438 0.533333 0.525000 0.529167 0.525000 0.527083 0.526563 0.522917 0.526563 0.516667 0.529688 0.512500 0.529688 0.510417 0.531250 0.506250 0.531250 0.506250 0.532812 0.508333 0.534375 0.508333 0.535937 0.510417 0.534375 0.527083 0.534375 0.529167 0.532812 0.545833 0.532812 0.550000 0.537500 0.550000 0.540625 0.552083 0.540625 0.552083 0.539062
8 0.683333 0.667188 0.664583 0.664062 0.639583 0.684375 0.641667 0.675000 0.633333 0.668750 0.608333 0.678125 0.562500 0.735937 0.606250 0.771875 0.635417 0.768750 0.606250 0.726562 0.614583 0.695312 0.635417 0.682813 0.639583 0.684375 0.618750 0.703125 0.610417 0.720312 0.641667 0.768750 0.660417 0.775000 0.670833 0.768750 0.683333 0.726562 0.687500 0.682813