1 0.014583 0.010937 0.025000 0.725000 0.135417 0.075000 0.031250 0.726562 0.591667 0.729688 0.154167 0.692187 0.172917 0.546875 0.125000 0.559375 0.097917 0.504687 0.668750 0.523438 0.772917 0.473437 0.550000 0.451562 0.583333 0.275000 0.533333 0.260938 0.525000 0.296875 0.239583 0.221875 0.266667 0.010937 0.122917 0.014062 0.085417 0.256250 0.116667 0.014062
1 0.683333 0.117188 0.677083 0.164062 0.706250 0.146875 0.712500 0.146875 0.720833 0.151562 0.729167 0.150000 0.791667 0.150000 0.791667 0.139062 0.793750 0.137500 0.789583 0.129688
1 0.025000 0.731250 0.014583 0.984375 0.983333 0.989062 0.979167 0.970312 0.747917 0.865625 0.662500 0.878125 0.558333 0.853125 0.518750 0.806250 0.516667 0.751562
2 0.991667 0.012500 0.841667 0.017188 0.831250 0.057813 0.864583 0.082813 0.839583 0.134375 0.800000 0.131250 0.800000 0.146875 0.841667 0.151562 0.829167 0.168750 0.835417 0.201562 0.918750 0.221875 0.922917 0.232812 0.856250 0.279687 0.829167 0.279687 0.825000 0.314063 0.839583 0.339063 0.906250 0.335938 0.912500 0.350000 0.835417 0.381250 0.800000 0.428125 0.860417 0.435937 0.987500 0.376563
2 0.802083 0.251563 0.816667 0.251563 0.820833 0.254687 0.820833 0.260938 0.831250 0.260938 0.833333 0.262500 0.845833 0.262500 0.847917 0.264062 0.850000 0.260938 0.877083 0.240625 0.875000 0.239063 0.852083 0.239063 0.850000 0.237500 0.827083 0.237500 0.825000 0.235938 0.806250 0.235938 0.812500 0.240625 0.812500 0.243750 0.806250 0.248437 0.806250 0.250000
3 0.189583 0.506250 0.164583 0.693750 0.608333 0.707812 0.618750 0.542188 0.658333 0.539062 0.664583 0.531250
4 0.985417 0.387500 0.675000 0.528125 0.631250 0.573438 0.614583 0.698438 0.660417 0.685938 0.706250 0.742188 0.791667 0.714063 0.800000 0.790625 0.754167 0.859375 0.987500 0.964063
5 0.687500 0.192188 0.708333 0.193750 0.747917 0.190625 0.752083 0.203125 0.752083 0.192188 0.756250 0.189063 0.772917 0.189063 0.775000 0.201562 0.779167 0.204688 0.779167 0.162500 0.787500 0.159375 0.829167 0.156250 0.716667 0.160938 0.706250 0.156250 0.689583 0.168750
5 0.670833 0.231250 0.656250 0.251563 0.662500 0.296875 0.710417 0.335938 0.885417 0.348437 0.841667 0.368750 0.743750 0.364062 0.741667 0.354688 0.733333 0.364062 0.845833 0.375000 0.902083 0.351562 0.766667 0.339063 0.779167 0.281250 0.766667 0.228125 0.745833 0.242188 0.733333 0.225000 0.893750 0.232812 0.847917 0.271875 0.779167 0.264062 0.852083 0.276563 0.904167 0.229687 0.722917 0.218750
6 0.650000 0.182812 0.637500 0.200000 0.650000 0.200000 0.647917 0.240625 0.618750 0.275000 0.616667 0.432813 0.602083 0.467187 0.641667 0.459375 0.793750 0.470313 0.793750 0.459375 0.645833 0.454688 0.660417 0.442187 0.852083 0.445312 0.664583 0.428125 0.679167 0.328125 0.658333 0.300000 0.652083 0.248437 0.677083 0.207813 0.856250 0.212500 0.658333 0.198437
6 0.610417 0.310937 0.597917 0.320312 0.593750 0.328125 0.591667 0.329688 0.585417 0.329688 0.585417 0.342187 0.587500 0.343750 0.587500 0.364062 0.585417 0.365625 0.585417 0.379687 0.587500 0.381250 0.585417 0.382812 0.585417 0.387500 0.593750 0.384375 0.600000 0.384375 0.604167 0.379687 0.606250 0.370313 0.608333 0.368750 0.610417 0.359375 0.612500 0.357812 0.612500 0.353125 0.614583 0.351562 0.614583 0.342187 0.612500 0.340625 0.612500 0.321875 0.614583 0.320312 0.612500 0.318750
7 0.310417 0.014062 0.287500 0.209375 0.441667 0.234375 0.462500 0.221875 0.527083 0.203125 0.533333 0.226562 0.554167 0.226562 0.572917 0.018750
7 0.622917 0.015625 0.581250 0.017188 0.564583 0.225000 0.591667 0.207813 0.627083 0.173438 0.631250 0.187500 0.643750 0.181250 0.654167 0.028125 0.637500 0.028125
7 0.520833 0.209375 0.456250 0.231250 0.447917 0.254687 0.522917 0.287500 0.531250 0.250000 0.541667 0.250000 0.552083 0.254687 0.570833 0.254687 0.581250 0.260938 0.589583 0.259375 0.600000 0.251563 0.575000 0.242188 0.560417 0.242188 0.550000 0.237500 0.529167 0.237500 0.527083 0.217187
7 0.235417 0.592188 0.235417 0.621875 0.250000 0.621875 0.252083 0.623438 0.254167 0.623438 0.264583 0.615625 0.264583 0.610937 0.266667 0.609375 0.266667 0.604688 0.268750 0.603125 0.268750 0.600000 0.270833 0.598437 0.270833 0.593750 0.268750 0.592188
8 0.677083 0.060938 0.668750 0.101562 0.679167 0.109375 0.695833 0.109375 0.697917 0.110937 0.710417 0.110937 0.712500 0.112500 0.725000 0.112500 0.727083 0.114063 0.739583 0.114063 0.756250 0.117188 0.762500 0.109375 0.762500 0.096875 0.770833 0.082813 0.770833 0.071875 0.762500 0.065625 0.729167 0.064062 0.727083 0.062500 0.702083 0.062500 0.700000 0.060938
8 0.777083 0.068750 0.777083 0.082813 0.772917 0.089062 0.772917 0.098438 0.775000 0.100000 0.770833 0.109375 0.762500 0.118750 0.806250 0.121875 0.822917 0.125000 0.837500 0.125000 0.839583 0.126563 0.856250 0.098438 0.856250 0.089062 0.845833 0.073437 0.839583 0.070312
8 0.625000 0.181250 0.622917 0.189063 0.612500 0.200000 0.602083 0.206250 0.595833 0.218750 0.595833 0.243750 0.602083 0.250000 0.602083 0.264062 0.604167 0.265625 0.602083 0.267188 0.602083 0.271875 0.618750 0.262500 0.625000 0.260938 0.635417 0.253125 0.637500 0.248437 0.645833 0.240625 0.643750 0.239063 0.643750 0.220313 0.645833 0.218750 0.645833 0.209375 0.647917 0.207813 0.633333 0.207813 0.629167 0.204688
8 0.822917 0.326562 0.820833 0.325000 0.816667 0.325000 0.810417 0.321875 0.806250 0.321875 0.804167 0.323438 0.783333 0.323438 0.781250 0.325000 0.779167 0.325000 0.775000 0.328125 0.775000 0.329688 0.770833 0.332812 0.770833 0.334375 0.814583 0.334375 0.816667 0.335938 0.820833 0.335938 0.822917 0.334375
8 0.768750 0.351562 0.768750 0.359375 0.814583 0.359375 0.816667 0.360938 0.820833 0.360938 0.820833 0.350000 0.772917 0.350000 0.770833 0.351562
8 0.731250 0.370313 0.729167 0.371875 0.727083 0.400000 0.706250 0.410937 0.706250 0.423438 0.708333 0.425000 0.714583 0.423438 0.752083 0.423438 0.754167 0.421875 0.795833 0.421875 0.797917 0.423438 0.808333 0.414062 0.810417 0.406250 0.814583 0.401563 0.816667 0.379687 0.814583 0.378125
8 0.558333 0.406250 0.558333 0.410937 0.562500 0.414062 0.562500 0.415625 0.568750 0.417188 0.572917 0.420312 0.585417 0.420312 0.587500 0.421875 0.600000 0.421875 0.602083 0.423438 0.604167 0.421875 0.610417 0.420312 0.610417 0.409375 0.612500 0.407813 0.612500 0.396875 0.610417 0.395312 0.579167 0.395312 0.577083 0.396875 0.575000 0.396875 0.572917 0.398438 0.562500 0.401563
8 0.189583 0.518750 0.177083 0.515625 0.170833 0.510938 0.158333 0.510938 0.152083 0.503125 0.116667 0.518750 0.104167 0.518750 0.100000 0.515625 0.100000 0.526563 0.112500 0.532812 0.112500 0.539062 0.118750 0.546875 0.127083 0.546875 0.133333 0.543750 0.139583 0.548437 0.147917 0.545313 0.141667 0.539062 0.129167 0.542188 0.127083 0.537500 0.131250 0.532812 0.145833 0.532812 0.166667 0.539062 0.177083 0.539062 0.183333 0.546875 0.185417 0.532812 0.172917 0.532812 0.164583 0.526563 0.164583 0.523438 0.170833 0.521875 0.187500 0.526563
8 0.345833 0.523438 0.343750 0.528125 0.335417 0.531250 0.331250 0.534375 0.316667 0.534375 0.314583 0.535937 0.308333 0.535937 0.308333 0.540625 0.310417 0.542188 0.310417 0.546875 0.312500 0.548437 0.310417 0.550000 0.310417 0.560938 0.316667 0.565625 0.320833 0.565625 0.331250 0.573438 0.331250 0.575000 0.333333 0.573438 0.347917 0.573438 0.347917 0.567187 0.350000 0.565625 0.350000 0.557813 0.356250 0.550000 0.354167 0.548437 0.354167 0.543750 0.352083 0.542188 0.350000 0.528125
8 0.202083 0.525000 0.200000 0.526563 0.197917 0.575000 0.266667 0.578125 0.270833 0.579687 0.277083 0.526563 0.270833 0.525000
8 0.427083 0.526563 0.420833 0.526563 0.397917 0.532812 0.387500 0.532812 0.385417 0.537500 0.383333 0.598437 0.387500 0.601562 0.412500 0.607813 0.427083 0.607813 0.427083 0.548437 0.429167 0.546875 0.429167 0.531250
8 0.502083 0.531250 0.464583 0.532812 0.460417 0.535937 0.460417 0.550000 0.458333 0.551562 0.454167 0.596875 0.500000 0.596875 0.500000 0.537500 0.502083 0.535937
8 0.537500 0.537500 0.529167 0.543750 0.529167 0.556250 0.531250 0.557813 0.533333 0.568750 0.535417 0.570312 0.541667 0.570312 0.550000 0.576563 0.558333 0.578125 0.568750 0.585938 0.568750 0.587500 0.575000 0.589063 0.581250 0.593750 0.583333 0.593750 0.583333 0.576563 0.585417 0.575000 0.585417 0.557813 0.587500 0.556250 0.587500 0.539062 0.589583 0.537500
8 0.658333 0.540625 0.620833 0.542188 0.606250 0.685938 0.608333 0.670313 0.618750 0.650000 0.629167 0.567187
8 0.531250 0.581250 0.533333 0.582812 0.527083 0.587500 0.510417 0.607813 0.510417 0.614062 0.525000 0.625000 0.529167 0.631250 0.539583 0.634375 0.550000 0.626562 0.566667 0.632812 0.570833 0.629687 0.577083 0.628125 0.575000 0.626562 0.575000 0.609375 0.579167 0.606250 0.579167 0.596875 0.577083 0.595312 0.568750 0.595312 0.566667 0.593750 0.550000 0.593750 0.545833 0.590625 0.545833 0.581250
8 0.450000 0.604688 0.447917 0.607813 0.458333 0.615625 0.458333 0.618750 0.456250 0.620313 0.443750 0.620313 0.443750 0.626562 0.452083 0.629687 0.458333 0.634375 0.458333 0.640625 0.487500 0.640625 0.491667 0.642187 0.493750 0.623438 0.495833 0.621875 0.495833 0.614062 0.497917 0.612500 0.497917 0.603125 0.495833 0.601562 0.458333 0.601562
8 0.427083 0.617188 0.412500 0.617188 0.397917 0.631250 0.377083 0.631250 0.368750 0.637500 0.362500 0.693750 0.414583 0.695312 0.418750 0.696875 0.425000 0.618750
8 0.262500 0.623438 0.247917 0.634375 0.241667 0.634375 0.227083 0.628125 0.218750 0.628125 0.206250 0.635938 0.206250 0.653125 0.208333 0.654688 0.206250 0.657812 0.206250 0.665625 0.204167 0.670313 0.191667 0.679688 0.247917 0.684375 0.256250 0.687500 0.260417 0.625000
8 0.343750 0.631250 0.335417 0.631250 0.327083 0.628125 0.318750 0.628125 0.302083 0.642187 0.300000 0.645312 0.300000 0.654688 0.297917 0.656250 0.295833 0.675000 0.293750 0.676562 0.293750 0.684375 0.291667 0.685938 0.291667 0.693750 0.335417 0.693750 0.335417 0.679688 0.337500 0.678125 0.337500 0.664062 0.339583 0.662500 0.339583 0.648438 0.341667 0.646875 0.341667 0.632812
8 0.579167 0.634375 0.572917 0.634375 0.570833 0.635938 0.545833 0.635938 0.537500 0.643750 0.535417 0.642187 0.525000 0.642187 0.522917 0.646875 0.522917 0.662500 0.520833 0.664062 0.518750 0.698438 0.539583 0.700000 0.541667 0.701563 0.562500 0.703125 0.564583 0.704687 0.575000 0.704687 0.577083 0.706250 0.579167 0.656250 0.581250 0.654688
8 0.450000 0.643750 0.447917 0.645312 0.447917 0.659375 0.445833 0.660937 0.443750 0.692187 0.472917 0.693750 0.475000 0.695312 0.489583 0.695312 0.491667 0.696875 0.491667 0.651563 0.493750 0.650000 0.493750 0.646875 0.489583 0.645312
8 0.633333 0.690625 0.608333 0.714063 0.608333 0.726562 0.622917 0.750000 0.550000 0.760938 0.525000 0.781250 0.529167 0.804688 0.566667 0.850000 0.610417 0.865625 0.727083 0.865625 0.762500 0.845312 0.791667 0.803125 0.795833 0.725000 0.783333 0.717188 0.729167 0.746875 0.697917 0.742188 0.672917 0.696875 0.664583 0.690625