1 0.272917 0.014062 0.639583 0.073437 0.656250 0.057813 0.706250 0.043750 0.831250 0.043750 0.989583 0.068750 0.987500 0.053125 0.795833 0.015625
1 0.014583 0.017188 0.018750 0.859375 0.316667 0.857813 0.335417 0.837500 0.556250 0.821875 0.562500 0.776563 0.610417 0.754687 0.106250 0.721875 0.102083 0.575000 0.560417 0.601562 0.539583 0.517187 0.581250 0.359375 0.493750 0.268750 0.512500 0.167187 0.562500 0.164062 0.629167 0.076563 0.260417 0.017188
1 0.320833 0.865625 0.016667 0.868750 0.014583 0.989062 0.050000 0.989062 0.093750 0.875000 0.320833 0.871875
2 0.985417 0.276563 0.943750 0.425000 0.829167 0.642187 0.837500 0.706250 0.779167 0.720312 0.675000 0.706250 0.670833 0.931250 0.720833 0.959375 0.733333 0.987500 0.989583 0.989062
3 0.145833 0.598437 0.143750 0.700000 0.650000 0.718750 0.625000 0.681250 0.591667 0.662500 0.564583 0.618750
3 0.472917 0.832812 0.470833 0.839063 0.483333 0.864062 0.479167 0.901563 0.464583 0.909375 0.477083 0.918750 0.668750 0.920313 0.662500 0.835938 0.529167 0.831250
4 0.706250 0.053125 0.654167 0.070312 0.620833 0.114063 0.647917 0.203125 0.633333 0.353125 0.620833 0.365625 0.587500 0.362500 0.552083 0.540625 0.602083 0.665625 0.687500 0.706250 0.802083 0.709375 0.833333 0.696875 0.829167 0.660937 0.800000 0.635938 0.987500 0.171875 0.989583 0.078125 0.827083 0.051562
7 0.091667 0.989062 0.418750 0.985937 0.406250 0.893750 0.129167 0.895312
7 0.420833 0.901563 0.422917 0.981250 0.425000 0.985937 0.495833 0.985937 0.493750 0.984375 0.487500 0.926562 0.472917 0.926562 0.445833 0.907812 0.431250 0.901563
8 0.602083 0.120312 0.583333 0.140625 0.581250 0.157813 0.552083 0.173438 0.529167 0.167187 0.514583 0.178125 0.516667 0.226562 0.504167 0.279687 0.512500 0.296875 0.552083 0.304688 0.568750 0.315625 0.585417 0.348437 0.602083 0.365625 0.625000 0.360938 0.625000 0.296875 0.639583 0.203125 0.622917 0.156250
8 0.670833 0.778125 0.658333 0.770312 0.575000 0.775000 0.570833 0.778125 0.568750 0.820312 0.591667 0.826563 0.633333 0.828125 0.635417 0.829687 0.654167 0.829687 0.658333 0.831250 0.668750 0.823438 0.670833 0.804688 0.672917 0.803125 0.670833 0.800000
8 0.322917 0.865625 0.322917 0.868750 0.341667 0.881250 0.364583 0.882812 0.383333 0.892187 0.416667 0.892187 0.460417 0.904688 0.475000 0.901563 0.477083 0.856250 0.470833 0.842188 0.339583 0.842188 0.335417 0.851562
8 0.520833 0.951563 0.520833 0.984375 0.625000 0.985937 0.631250 0.978125 0.633333 0.984375 0.722917 0.987500 0.716667 0.964063 0.702083 0.951563 0.610417 0.950000 0.614583 0.954687 0.612500 0.957812 0.600000 0.948438