1 0.989583 0.010937 0.837500 0.065625 0.827083 0.050000 0.558333 0.015625 0.016667 0.014062 0.018750 0.290625 0.497917 0.323438 0.295833 0.215625 0.316667 0.096875 0.545833 0.056250 0.575000 0.148438 0.608333 0.142188 0.689583 0.175000 0.762500 0.129688 0.772917 0.160938 0.904167 0.178125 0.947917 0.125000 0.885417 0.090625 0.914583 0.067188 0.970833 0.076563
1 0.016667 0.414062 0.016667 0.989062 0.458333 0.987500 0.456250 0.860937 0.435417 0.821875 0.379167 0.823438 0.350000 0.806250 0.343750 0.717188 0.433333 0.670313 0.427083 0.629687 0.466667 0.571875 0.418750 0.565625 0.400000 0.450000 0.043750 0.439063
2 0.931250 0.423438 0.918750 0.568750 0.987500 0.579687 0.987500 0.425000
2 0.862500 0.453125 0.856250 0.459375 0.856250 0.557813 0.864583 0.568750 0.891667 0.573438 0.891667 0.460938 0.885417 0.453125
2 0.718750 0.500000 0.714583 0.500000 0.712500 0.501562 0.681250 0.501562 0.679167 0.503125 0.672917 0.503125 0.672917 0.559375 0.718750 0.559375
2 0.770833 0.596875 0.777083 0.687500 0.797917 0.709375 0.777083 0.765625 0.793750 0.981250 0.989583 0.989062 0.987500 0.604688 0.939583 0.593750
3 0.014583 0.298438 0.014583 0.404687 0.043750 0.434375 0.172917 0.437500 0.172917 0.395312 0.208333 0.392188 0.216667 0.431250 0.191667 0.437500 0.539583 0.448438 0.539583 0.418750 0.495833 0.420312 0.481250 0.398438 0.491667 0.368750 0.525000 0.348437 0.522917 0.328125
4 0.475000 0.578125 0.439583 0.628125 0.443750 0.668750 0.485417 0.709375 0.491667 0.853125 0.470833 0.857813 0.470833 0.987500 0.789583 0.985937 0.762500 0.603125 0.727083 0.598437 0.629167 0.617188 0.600000 0.604688 0.608333 0.573438
5 0.985417 0.585938 0.891667 0.581250 0.856250 0.570312 0.850000 0.456250 0.860417 0.448438 0.893750 0.456250 0.895833 0.570312 0.910417 0.576563 0.910417 0.450000 0.902083 0.437500 0.856250 0.432813 0.856250 0.415625 0.822917 0.415625 0.747917 0.437500 0.758333 0.462500 0.731250 0.485938 0.739583 0.565625 0.635417 0.573438 0.608333 0.585938 0.604167 0.603125 0.641667 0.609375 0.777083 0.587500
6 0.985417 0.073437 0.956250 0.092188 0.945833 0.140625 0.939583 0.193750 0.987500 0.226562
6 0.933333 0.184375 0.766667 0.167187 0.760417 0.134375 0.704167 0.175000 0.731250 0.193750 0.725000 0.235938 0.750000 0.257812 0.739583 0.400000 0.639583 0.454688 0.618750 0.437500 0.597917 0.331250 0.633333 0.282813 0.585417 0.256250 0.556250 0.278125 0.583333 0.278125 0.581250 0.356250 0.547917 0.371875 0.570833 0.395312 0.547917 0.415625 0.552083 0.503125 0.614583 0.481250 0.620833 0.504687 0.745833 0.471875 0.743750 0.434375 0.816667 0.410937 0.987500 0.420312 0.983333 0.393750 0.812500 0.382812 0.802083 0.195312 0.945833 0.207813
7 0.531250 0.067188 0.322917 0.103125 0.312500 0.125000 0.310417 0.214062 0.491667 0.300000 0.520833 0.278125 0.541667 0.217187 0.562500 0.228125 0.666667 0.220313 0.716667 0.239063 0.729167 0.217187 0.718750 0.181250 0.683333 0.176563 0.614583 0.151562 0.564583 0.159375 0.552083 0.082813
7 0.429167 0.453125 0.425000 0.564062 0.662500 0.562500 0.662500 0.500000 0.631250 0.509375 0.618750 0.507812 0.608333 0.501562 0.606250 0.490625 0.566667 0.510938 0.539583 0.504687 0.543750 0.456250
8 0.950000 0.210938 0.904167 0.215625 0.885417 0.204688 0.831250 0.204688 0.822917 0.210938 0.816667 0.229687 0.818750 0.323438 0.812500 0.326562 0.820833 0.381250 0.868750 0.384375 0.950000 0.351562 0.960417 0.318750 0.922917 0.296875 0.952083 0.306250 0.985417 0.309375 0.985417 0.240625
8 0.543750 0.231250 0.547917 0.242188 0.593750 0.251563 0.602083 0.271875 0.645833 0.279687 0.614583 0.306250 0.612500 0.342187 0.627083 0.371875 0.620833 0.414062 0.627083 0.435937 0.641667 0.445312 0.672917 0.432813 0.704167 0.403125 0.739583 0.384375 0.733333 0.376563 0.737500 0.278125 0.712500 0.273438 0.737500 0.273438 0.743750 0.254687 0.733333 0.242188 0.654167 0.234375 0.670833 0.229687 0.666667 0.226562
8 0.575000 0.279687 0.560417 0.292188 0.560417 0.315625 0.558333 0.317187 0.556250 0.364062 0.572917 0.353125 0.575000 0.353125
8 0.495833 0.370313 0.495833 0.378125 0.493750 0.379687 0.493750 0.400000 0.495833 0.401563 0.495833 0.410937 0.497917 0.414062 0.502083 0.412500 0.525000 0.412500 0.527083 0.410937 0.550000 0.410937 0.552083 0.409375 0.556250 0.409375 0.562500 0.404687 0.562500 0.385938 0.556250 0.379687 0.543750 0.378125 0.535417 0.375000 0.529167 0.375000 0.520833 0.371875 0.514583 0.371875 0.506250 0.368750 0.497917 0.368750
8 0.027083 0.392188 0.047917 0.404687 0.060417 0.420312 0.060417 0.425000 0.064583 0.428125 0.070833 0.428125 0.072917 0.429688 0.122917 0.429688 0.129167 0.431250 0.122917 0.423438 0.122917 0.420312 0.118750 0.415625 0.118750 0.412500 0.106250 0.390625 0.033333 0.390625
8 0.208333 0.393750 0.177083 0.393750 0.175000 0.395312 0.175000 0.439063 0.181250 0.443750 0.195833 0.432813 0.208333 0.432813 0.210417 0.431250 0.214583 0.431250 0.212500 0.429688 0.212500 0.418750 0.210417 0.417188 0.210417 0.404687 0.208333 0.403125
8 0.247917 0.400000 0.247917 0.403125 0.250000 0.404687 0.250000 0.409375 0.252083 0.410937 0.254167 0.418750 0.264583 0.418750 0.275000 0.426562 0.275000 0.428125 0.283333 0.431250 0.285417 0.429688 0.297917 0.429688 0.300000 0.428125 0.300000 0.423438 0.302083 0.421875 0.302083 0.417188 0.304167 0.415625 0.304167 0.410937 0.306250 0.409375 0.308333 0.398438 0.254167 0.398438 0.252083 0.400000
8 0.329167 0.398438 0.329167 0.404687 0.331250 0.406250 0.337500 0.407813 0.343750 0.412500 0.343750 0.415625 0.347917 0.418750 0.381250 0.418750 0.381250 0.410937 0.387500 0.406250 0.393750 0.404687 0.393750 0.401563 0.391667 0.400000 0.360417 0.400000 0.358333 0.398438
8 0.410417 0.401563 0.406250 0.406250 0.406250 0.437500 0.427083 0.437500 0.429167 0.439063 0.452083 0.439063 0.456250 0.440625 0.456250 0.432813 0.458333 0.429688 0.468750 0.421875 0.472917 0.414062 0.477083 0.410937 0.475000 0.409375 0.475000 0.404687 0.470833 0.403125
8 0.435417 0.676562 0.425000 0.684375 0.418750 0.696875 0.404167 0.706250 0.368750 0.710938 0.354167 0.717188 0.362500 0.745313 0.360417 0.803125 0.375000 0.817187 0.397917 0.812500 0.435417 0.812500 0.452083 0.845312 0.468750 0.853125 0.487500 0.850000 0.477083 0.793750 0.475000 0.714063 0.450000 0.682813