1 0.962500 0.140625 0.597917 0.114063 0.608333 0.015625 0.233333 0.015625 0.308333 0.234375 0.227083 0.301562 0.120833 0.203125 0.125000 0.070312 0.014583 0.015625 0.018750 0.698438 0.077083 0.773438 0.016667 0.837500 0.016667 0.975000 0.170833 0.673437 0.027083 0.340625 0.181250 0.673437 0.256250 0.676562 0.245833 0.539062 0.310417 0.523438 0.358333 0.553125 0.331250 0.679688 0.604167 0.678125 0.639583 0.610937 0.575000 0.573438 0.583333 0.495313 0.639583 0.492188 0.620833 0.389062 0.683333 0.360938 0.616667 0.331250 0.645833 0.196875 0.747917 0.148438
1 0.733333 0.901563 0.725000 0.885938 0.625000 0.887500 0.531250 0.837500 0.508333 0.800000 0.508333 0.746875 0.535417 0.706250 0.579167 0.681250 0.179167 0.684375 0.056250 0.987500 0.193750 0.985937 0.216667 0.935938 0.629167 0.926562 0.672917 0.898438
2 0.985417 0.620313 0.912500 0.804688 0.927083 0.806250 0.939583 0.817187 0.987500 0.925000
3 0.204167 0.014062 0.256250 0.295312 0.272917 0.257812 0.268750 0.246875 0.291667 0.234375 0.293750 0.225000 0.264583 0.215625 0.239583 0.100000 0.272917 0.089062 0.268750 0.081250 0.250000 0.082813 0.231250 0.076563 0.225000 0.014062
3 0.381250 0.346875 0.370833 0.364062 0.385417 0.542188 0.387500 0.496875 0.418750 0.476562 0.393750 0.476562 0.389583 0.473437 0.383333 0.403125 0.412500 0.378125 0.383333 0.375000
3 0.306250 0.534375 0.300000 0.545313 0.300000 0.557813 0.308333 0.598437 0.316667 0.601562 0.312500 0.625000 0.322917 0.679688 0.341667 0.662500 0.335417 0.653125 0.335417 0.643750 0.356250 0.629687 0.356250 0.625000 0.335417 0.623438 0.325000 0.575000 0.343750 0.557813 0.322917 0.557813
3 0.402083 0.704687 0.395833 0.860937 0.397917 0.837500 0.410417 0.835938 0.427083 0.839063 0.429167 0.828125 0.422917 0.821875 0.400000 0.818750 0.400000 0.757812 0.404167 0.750000 0.416667 0.750000 0.433333 0.739062 0.422917 0.728125 0.402083 0.723437
3 0.322917 0.707812 0.300000 0.860937 0.310417 0.875000 0.316667 0.865625 0.325000 0.831250 0.331250 0.831250 0.341667 0.840625 0.343750 0.834375 0.333333 0.821875 0.322917 0.820312 0.331250 0.739062 0.337500 0.735937 0.347917 0.748438 0.350000 0.745313 0.345833 0.737500 0.329167 0.728125
3 0.752083 0.817187 0.731250 0.885938 0.741667 0.906250 0.754167 0.896875 0.766667 0.910937 0.766667 0.932813 0.758333 0.939062 0.745833 0.931250 0.762500 0.985937 0.960417 0.989062 0.989583 0.964063 0.987500 0.935938 0.925000 0.812500
4 0.975000 0.357812 0.843750 0.353125 0.785417 0.325000 0.700000 0.351562 0.695833 0.367188 0.743750 0.403125 0.729167 0.462500 0.762500 0.518750 0.752083 0.565625 0.720833 0.567187 0.704167 0.617188 0.729167 0.768750 0.691667 0.771875 0.704167 0.795313 0.668750 0.839063 0.687500 0.857813 0.654167 0.840625 0.606250 0.859375 0.566667 0.850000 0.560417 0.703125 0.516667 0.759375 0.533333 0.826563 0.608333 0.873438 0.722917 0.884375 0.729167 0.864062 0.689583 0.857813 0.716667 0.859375 0.743750 0.814062 0.881250 0.807813 0.981250 0.604688
5 0.660417 0.189063 0.652083 0.300000 0.677083 0.282813 0.672917 0.232812 0.725000 0.215625 0.737500 0.196875 0.791667 0.195312 0.802083 0.281250 0.791667 0.329688 0.827083 0.348437 0.979167 0.350000 0.975000 0.342187 0.877083 0.334375 0.900000 0.193750 0.979167 0.190625 0.979167 0.182812 0.908333 0.178125 0.906250 0.167187 0.989583 0.151562 0.754167 0.150000 0.718750 0.160938 0.712500 0.175000
7 0.200000 0.010937 0.095833 0.012500 0.091667 0.014062 0.093750 0.048437 0.095833 0.051562 0.191667 0.051562 0.193750 0.053125 0.204167 0.053125 0.202083 0.050000
7 0.614583 0.015625 0.608333 0.109375 0.979167 0.131250 0.985417 0.017188
7 0.133333 0.117188 0.139583 0.168750 0.160417 0.196875 0.175000 0.203125 0.177083 0.190625 0.229167 0.193750 0.179167 0.195312 0.185417 0.240625 0.237500 0.239063 0.212500 0.112500
7 0.166667 0.221875 0.179167 0.271875 0.189583 0.275000 0.200000 0.275000 0.202083 0.276563 0.222917 0.278125 0.247917 0.282813 0.243750 0.271875 0.239583 0.243750 0.212500 0.243750 0.210417 0.245312 0.183333 0.245312 0.181250 0.246875 0.179167 0.245312 0.179167 0.223438 0.177083 0.221875
7 0.300000 0.357812 0.310417 0.415625 0.312500 0.417188 0.360417 0.417188 0.366667 0.418750 0.366667 0.414062 0.364583 0.412500 0.364583 0.365625 0.362500 0.364062 0.350000 0.364062 0.347917 0.362500
7 0.310417 0.454688 0.314583 0.493750 0.316667 0.495313 0.316667 0.507812 0.318750 0.509375 0.331250 0.510938 0.347917 0.515625 0.345833 0.514063 0.345833 0.503125 0.347917 0.501562 0.379167 0.501562 0.377083 0.500000 0.375000 0.482812 0.370833 0.476562 0.370833 0.460938 0.368750 0.459375 0.354167 0.459375 0.352083 0.457812
7 0.352083 0.504687 0.352083 0.523438 0.354167 0.525000 0.354167 0.528125 0.364583 0.528125 0.366667 0.529688 0.379167 0.529688 0.381250 0.531250 0.381250 0.529688 0.379167 0.528125 0.379167 0.504687
7 0.260417 0.546875 0.260417 0.556250 0.262500 0.557813 0.262500 0.568750 0.264583 0.570312 0.264583 0.581250 0.266667 0.582812 0.300000 0.582812 0.297917 0.581250 0.297917 0.573438 0.295833 0.571875 0.295833 0.564062 0.293750 0.562500 0.293750 0.554688 0.291667 0.553125 0.291667 0.546875
7 0.281250 0.596875 0.279167 0.618750 0.300000 0.621875 0.297917 0.623438 0.260417 0.623438 0.260417 0.670313 0.262500 0.676562 0.308333 0.678125 0.306250 0.625000 0.300000 0.623438 0.302083 0.621875 0.312500 0.623438 0.312500 0.603125 0.314583 0.601562
7 0.654167 0.604688 0.652083 0.623438 0.679167 0.718750 0.687500 0.725000 0.700000 0.726562 0.706250 0.723437 0.702083 0.717188 0.704167 0.714063 0.718750 0.721875 0.725000 0.715625 0.725000 0.706250 0.716667 0.700000 0.714583 0.667188 0.695833 0.614062 0.689583 0.607813 0.668750 0.610937 0.664583 0.606250
7 0.016667 0.698438 0.014583 0.839063 0.045833 0.814062 0.075000 0.773438 0.058333 0.718750
7 0.275000 0.712500 0.275000 0.714063 0.272917 0.715625 0.272917 0.745313 0.287500 0.745313 0.289583 0.746875 0.308333 0.746875 0.310417 0.748438 0.312500 0.748438 0.312500 0.739062 0.314583 0.737500 0.314583 0.726562 0.316667 0.725000 0.316667 0.714063 0.314583 0.714063 0.312500 0.712500
7 0.356250 0.715625 0.356250 0.737500 0.358333 0.739062 0.358333 0.740625 0.387500 0.740625 0.389583 0.742188 0.391667 0.742188 0.391667 0.714063 0.375000 0.714063 0.372917 0.715625
7 0.393750 0.746875 0.368750 0.748438 0.366667 0.751562 0.364583 0.782812 0.370833 0.784375 0.366667 0.785937 0.362500 0.818750 0.364583 0.817187 0.393750 0.817187 0.393750 0.787500 0.395833 0.784375 0.381250 0.784375 0.379167 0.782812 0.381250 0.781250 0.395833 0.781250 0.393750 0.776563
7 0.264583 0.750000 0.258333 0.792188 0.270833 0.793750 0.270833 0.778125 0.275000 0.775000 0.308333 0.778125 0.277083 0.779688 0.275000 0.782812 0.275000 0.823438 0.300000 0.823438 0.308333 0.789062 0.306250 0.779688 0.310417 0.753125
7 0.366667 0.820312 0.366667 0.821875 0.364583 0.823438 0.364583 0.850000 0.389583 0.850000 0.389583 0.823438 0.391667 0.821875 0.391667 0.820312
7 0.266667 0.828125 0.266667 0.839063 0.264583 0.840625 0.264583 0.851562 0.262500 0.853125 0.260417 0.876562 0.308333 0.876562 0.308333 0.875000 0.293750 0.862500 0.293750 0.854688 0.295833 0.853125 0.295833 0.845312 0.297917 0.843750 0.297917 0.837500 0.300000 0.835938 0.300000 0.828125
7 0.762500 0.906250 0.754167 0.900000 0.747917 0.903125 0.747917 0.909375 0.745833 0.910937 0.743750 0.909375 0.729167 0.909375 0.727083 0.907812 0.664583 0.907812 0.662500 0.914062 0.656250 0.920313 0.656250 0.935938 0.664583 0.935938 0.666667 0.934375 0.675000 0.934375 0.677083 0.932813 0.685417 0.932813 0.739583 0.923437 0.747917 0.923437 0.756250 0.934375 0.764583 0.925000
7 0.718750 0.987500 0.700000 0.940625 0.218750 0.954687 0.208333 0.987500
8 0.795833 0.214062 0.691667 0.226562 0.679167 0.237500 0.675000 0.248437 0.685417 0.278125 0.627083 0.335938 0.664583 0.346875 0.691667 0.350000 0.741667 0.318750 0.783333 0.317187 0.791667 0.310937 0.795833 0.293750 0.791667 0.279687
8 0.697917 0.370313 0.677083 0.376563 0.652083 0.373437 0.637500 0.384375 0.627083 0.421875 0.633333 0.465625 0.681250 0.489062 0.685417 0.507812 0.672917 0.495313 0.652083 0.495313 0.650000 0.504687 0.593750 0.498437 0.595833 0.542188 0.616667 0.553125 0.616667 0.562500 0.587500 0.565625 0.616667 0.609375 0.658333 0.598437 0.666667 0.607813 0.708333 0.610937 0.714583 0.560938 0.747917 0.567187 0.752083 0.517187 0.725000 0.465625 0.708333 0.460938 0.722917 0.456250 0.737500 0.407813
8 0.637500 0.651563 0.595833 0.685938 0.570833 0.695312 0.564583 0.704687 0.570833 0.720312 0.570833 0.776563 0.579167 0.781250 0.583333 0.834375 0.577083 0.848437 0.622917 0.850000 0.639583 0.843750 0.695833 0.795313 0.670833 0.767187 0.666667 0.731250 0.652083 0.732813 0.631250 0.726562 0.662500 0.718750 0.668750 0.700000 0.656250 0.657812 0.641667 0.657812 0.643750 0.676562 0.633333 0.678125