1 0.981250 0.010937 0.018750 0.015625 0.014583 0.792188 0.068750 0.537500 0.052083 0.746875 0.135417 0.760938 0.143750 0.860937 0.025000 0.864062 0.014583 0.812500 0.014583 0.987500 0.125000 0.989062 0.225000 0.723437 0.106250 0.234375 0.279167 0.726562 0.143750 0.987500 0.664583 0.985937 0.681250 0.893750 0.593750 0.932813 0.504167 0.870313 0.677083 0.876562 0.735417 0.770312 0.408333 0.737500 0.447917 0.612500 0.266667 0.628125 0.197917 0.520312 0.181250 0.250000 0.456250 0.207813 0.406250 0.117188 0.310417 0.131250 0.352083 0.045313 0.068750 0.098438 0.031250 0.057813
2 0.987500 0.015625 0.910417 0.045313 0.868750 0.248437 0.883333 0.273438 0.860417 0.345313 0.870833 0.448438 0.852083 0.529688 0.841667 0.520312 0.850000 0.532812 0.925000 0.485938 0.985417 0.498437
3 0.489583 0.040625 0.500000 0.209375 0.514583 0.264062 0.506250 0.270312 0.666667 0.271875 0.702083 0.265625 0.712500 0.275000 0.864583 0.262500 0.900000 0.046875
3 0.512500 0.606250 0.525000 0.635938 0.527083 0.764063 0.741667 0.760938 0.758333 0.632812 0.689583 0.635938 0.654167 0.650000 0.645833 0.604688 0.575000 0.607813 0.545833 0.601562
3 0.689583 0.806250 0.687500 0.871875 0.693750 0.871875 0.702083 0.881250 0.693750 0.917188 0.704167 0.945312 0.729167 0.835938 0.725000 0.814062 0.695833 0.815625
4 0.985417 0.503125 0.920833 0.490625 0.779167 0.584375 0.708333 0.971875 0.679167 0.987500 0.983333 0.984375
7 0.191667 0.254687 0.216667 0.365625 0.162500 0.373437 0.202083 0.521875 0.243750 0.520312 0.229167 0.420312 0.272917 0.621875 0.558333 0.596875 0.564583 0.567187 0.602083 0.565625 0.595833 0.510938 0.620833 0.484375 0.566667 0.473437 0.575000 0.375000 0.531250 0.376563 0.520833 0.304688 0.666667 0.312500 0.662500 0.278125 0.431250 0.276563 0.412500 0.256250
7 0.868750 0.267188 0.668750 0.284375 0.683333 0.356250 0.670833 0.437500 0.650000 0.446875 0.645833 0.503125 0.656250 0.523438 0.643750 0.537500 0.645833 0.595312 0.662500 0.639063 0.710417 0.623438 0.764583 0.626562 0.781250 0.600000 0.766667 0.590625 0.779167 0.568750 0.847917 0.537500 0.833333 0.517187 0.847917 0.515625
7 0.458333 0.612500 0.458333 0.637500 0.460417 0.639063 0.460417 0.640625 0.481250 0.640625 0.483333 0.642187 0.506250 0.642187 0.508333 0.643750 0.510417 0.643750 0.510417 0.612500
7 0.479167 0.650000 0.479167 0.656250 0.481250 0.657812 0.481250 0.659375 0.483333 0.660937 0.483333 0.662500 0.485417 0.664062 0.485417 0.665625 0.487500 0.667188 0.489583 0.671875 0.491667 0.671875 0.506250 0.681250 0.516667 0.681250 0.514583 0.679688 0.514583 0.670313 0.512500 0.668750 0.512500 0.660937 0.510417 0.659375 0.510417 0.651563 0.508333 0.651563 0.506250 0.650000
7 0.097917 0.704687 0.085417 0.714063 0.087500 0.714063 0.100000 0.723437 0.100000 0.725000 0.112500 0.734375 0.112500 0.735937 0.122917 0.743750 0.122917 0.745313 0.125000 0.743750 0.135417 0.743750 0.135417 0.725000 0.137500 0.723437 0.137500 0.721875 0.135417 0.720312 0.135417 0.717188 0.133333 0.715625 0.133333 0.712500 0.131250 0.710938 0.131250 0.707812 0.129167 0.706250 0.129167 0.704687
7 0.514583 0.729688 0.504167 0.731250 0.497917 0.734375 0.493750 0.734375 0.491667 0.735937 0.487500 0.735937 0.481250 0.739062 0.477083 0.739062 0.475000 0.740625 0.470833 0.740625 0.468750 0.742188 0.466667 0.742188 0.466667 0.743750 0.468750 0.745313 0.470833 0.750000 0.475000 0.753125 0.479167 0.760938 0.481250 0.759375 0.485417 0.759375 0.487500 0.757812 0.491667 0.757812 0.493750 0.756250 0.497917 0.756250 0.500000 0.754687 0.504167 0.754687 0.506250 0.753125 0.510417 0.753125 0.512500 0.751562 0.522917 0.750000 0.522917 0.740625
7 0.033333 0.773438 0.027083 0.789062 0.020833 0.790625 0.020833 0.828125 0.075000 0.865625 0.097917 0.837500 0.093750 0.831250 0.081250 0.793750 0.062500 0.782812
7 0.462500 0.773438 0.322917 0.779688 0.304167 0.928125 0.470833 0.921875 0.470833 0.850000
7 0.516667 0.871875 0.518750 0.906250 0.591667 0.929688 0.587500 0.898438 0.593750 0.892187 0.681250 0.885938 0.666667 0.882812 0.637500 0.882812 0.593750 0.892187 0.587500 0.890625 0.583333 0.884375 0.583333 0.848437
8 0.477083 0.035937 0.364583 0.046875 0.358333 0.103125 0.406250 0.114063 0.425000 0.135937 0.427083 0.193750 0.450000 0.190625 0.464583 0.203125 0.464583 0.210938 0.450000 0.220313 0.427083 0.221875 0.420833 0.231250 0.425000 0.267188 0.458333 0.273438 0.512500 0.264062 0.495833 0.209375 0.489583 0.093750
8 0.529167 0.318750 0.518750 0.339063 0.518750 0.348437 0.531250 0.373437 0.570833 0.368750 0.583333 0.387500 0.620833 0.410937 0.631250 0.432813 0.633333 0.423438 0.662500 0.437500 0.675000 0.315625 0.660417 0.326562 0.643750 0.318750 0.597917 0.321875 0.572917 0.312500
8 0.572917 0.415625 0.572917 0.437500 0.575000 0.439063 0.575000 0.445312 0.579167 0.451562 0.579167 0.456250 0.581250 0.457812 0.583333 0.465625 0.585417 0.467187 0.597917 0.467187 0.600000 0.468750 0.616667 0.457812 0.620833 0.457812 0.639583 0.467187 0.622917 0.439063 0.616667 0.423438 0.595833 0.410937 0.589583 0.410937 0.577083 0.415625
8 0.631250 0.498437 0.629167 0.498437 0.620833 0.504687 0.618750 0.504687 0.604167 0.514063 0.604167 0.518750 0.606250 0.520312 0.606250 0.525000 0.608333 0.526563 0.608333 0.531250 0.614583 0.531250 0.616667 0.529688 0.618750 0.529688 0.620833 0.528125 0.625000 0.528125 0.627083 0.526563 0.643750 0.526563 0.645833 0.528125 0.645833 0.525000 0.647917 0.523438 0.647917 0.517187
8 0.068750 0.539062 0.020833 0.700000 0.014583 0.810938 0.022917 0.860937 0.070833 0.864062 0.018750 0.828125 0.018750 0.790625 0.035417 0.771875 0.083333 0.793750 0.100000 0.837500 0.077083 0.867188 0.102083 0.889063 0.141667 0.859375 0.104167 0.839063 0.110417 0.831250 0.085417 0.793750 0.135417 0.764063 0.081250 0.723437 0.058333 0.751562 0.050000 0.746875 0.108333 0.579687
8 0.637500 0.537500 0.604167 0.539062 0.604167 0.565625 0.572917 0.578125 0.564583 0.576563 0.564583 0.596875 0.635417 0.598437 0.639583 0.600000 0.639583 0.587500 0.641667 0.585938 0.641667 0.573438 0.643750 0.571875 0.635417 0.556250
8 0.462500 0.654688 0.456250 0.654688 0.416667 0.665625 0.406250 0.728125 0.422917 0.737500 0.462500 0.732813 0.508333 0.723437 0.506250 0.682813 0.489583 0.678125 0.485417 0.675000 0.481250 0.662500