1 0.014583 0.010937 0.020833 0.235938 0.141667 0.514063 0.018750 0.245312 0.016667 0.437500 0.072917 0.431250 0.085417 0.485938 0.016667 0.500000 0.016667 0.989062 0.152083 0.575000 0.056250 0.990625 0.270833 0.989062 0.277083 0.815625 0.483333 0.785937 0.216667 0.793750 0.258333 0.535937 0.600000 0.517187 0.577083 0.423438 0.541667 0.453125 0.472917 0.410937 0.477083 0.312500 0.589583 0.281250 0.454167 0.235938 0.447917 0.015625
1 0.458333 0.668750 0.466667 0.679688 0.466667 0.687500 0.458333 0.693750 0.462500 0.698438 0.472917 0.698438 0.491667 0.693750 0.502083 0.701563 0.541667 0.690625 0.585417 0.689062 0.570833 0.678125 0.564583 0.668750 0.566667 0.634375 0.541667 0.634375 0.508333 0.628125 0.508333 0.637500 0.500000 0.656250 0.481250 0.667188 0.462500 0.665625
2 0.758333 0.567187 0.758333 0.582812 0.747917 0.585938 0.758333 0.612500 0.733333 0.628125 0.770833 0.682813 0.756250 0.728125 0.816667 0.729688 0.866667 0.757812 0.895833 0.735937 0.910417 0.756250 0.883333 0.790625 0.952083 0.946875 0.987500 0.931250 0.985417 0.707812 0.812500 0.650000
3 0.989583 0.957812 0.983333 0.942187 0.943750 0.954687 0.922917 0.937500 0.864583 0.790625 0.904167 0.759375 0.893750 0.740625 0.868750 0.764063 0.662500 0.771875 0.285417 0.815625 0.279167 0.984375 0.285417 0.920313 0.418750 0.912500 0.420833 0.985937 0.695833 0.985937 0.941667 0.973437
4 0.452083 0.015625 0.460417 0.237500 0.585417 0.256250 0.620833 0.323438 0.679167 0.343750 0.768750 0.578125 0.829167 0.654688 0.983333 0.700000 0.985417 0.010937
4 0.577083 0.146875 0.572917 0.162500 0.585417 0.173438 0.600000 0.178125 0.612500 0.187500 0.604167 0.195312 0.600000 0.195312 0.610417 0.200000 0.622917 0.209375 0.652083 0.239063 0.652083 0.226562 0.620833 0.206250 0.618750 0.182812 0.577083 0.157813
5 0.612500 0.412500 0.595833 0.445312 0.591667 0.489062 0.602083 0.517187 0.695833 0.517187 0.716667 0.504687 0.739583 0.503125 0.735417 0.490625 0.725000 0.482812 0.727083 0.471875 0.706250 0.414062
6 0.545833 0.285937 0.535417 0.296875 0.539583 0.371875 0.531250 0.439063 0.552083 0.445312 0.552083 0.393750 0.577083 0.390625 0.589583 0.398438 0.583333 0.425000 0.583333 0.465625 0.589583 0.465625 0.610417 0.412500 0.660417 0.409375 0.664583 0.339063 0.604167 0.317187 0.593750 0.293750
6 0.679167 0.689062 0.658333 0.684375 0.589583 0.693750 0.547917 0.693750 0.506250 0.707812 0.493750 0.700000 0.454167 0.704687 0.445833 0.690625 0.389583 0.701563 0.379167 0.754687 0.656250 0.737500 0.681250 0.726562 0.685417 0.715625
7 0.402083 0.326562 0.218750 0.339063 0.258333 0.476562 0.266667 0.487500 0.425000 0.481250
7 0.479167 0.335938 0.479167 0.409375 0.522917 0.410937 0.527083 0.412500 0.527083 0.345313 0.529167 0.343750 0.529167 0.339063 0.525000 0.337500
7 0.072917 0.432813 0.062500 0.434375 0.056250 0.437500 0.020833 0.437500 0.016667 0.439063 0.020833 0.450000 0.018750 0.453125 0.016667 0.498437 0.018750 0.496875 0.060417 0.495313 0.068750 0.490625 0.083333 0.485938 0.081250 0.484375 0.081250 0.475000 0.079167 0.473437
7 0.752083 0.534375 0.745833 0.520312 0.264583 0.539062 0.270833 0.596875 0.754167 0.578125
7 0.043750 0.537500 0.039583 0.540625 0.037500 0.540625 0.033333 0.543750 0.031250 0.543750 0.027083 0.546875 0.025000 0.546875 0.018750 0.551562 0.016667 0.551562 0.014583 0.553125 0.016667 0.553125 0.018750 0.554688 0.025000 0.554688 0.027083 0.556250 0.031250 0.556250 0.033333 0.557813 0.037500 0.557813 0.039583 0.559375 0.039583 0.553125 0.041667 0.551562 0.041667 0.545313 0.043750 0.543750
7 0.831250 0.753125 0.825000 0.735937 0.804167 0.732813 0.227083 0.771875 0.222917 0.789062 0.231250 0.793750
7 0.416667 0.821875 0.291667 0.825000 0.295833 0.915625 0.410417 0.907812 0.418750 0.904688
7 0.416667 0.912500 0.285417 0.921875 0.279167 0.985937 0.418750 0.987500
8 0.541667 0.015625 0.531250 0.021875 0.525000 0.064062 0.491667 0.140625 0.489583 0.212500 0.512500 0.226562 0.529167 0.214062 0.525000 0.223438 0.585417 0.237500 0.618750 0.312500 0.679167 0.331250 0.695833 0.290625 0.687500 0.273438 0.700000 0.273438 0.718750 0.259375 0.714583 0.196875 0.693750 0.168750 0.689583 0.134375 0.702083 0.131250 0.702083 0.082813 0.645833 0.015625
8 0.633333 0.587500 0.637500 0.592188 0.639583 0.615625 0.643750 0.621875 0.650000 0.620313 0.693750 0.620313 0.695833 0.618750 0.737500 0.618750 0.752083 0.612500 0.752083 0.607813 0.743750 0.596875 0.739583 0.584375 0.637500 0.585938
8 0.372917 0.595312 0.295833 0.604688 0.283333 0.760938 0.362500 0.756250 0.366667 0.668750 0.375000 0.632812 0.387500 0.620313 0.372917 0.612500
8 0.735417 0.798437 0.756250 0.846875 0.762500 0.882812 0.781250 0.895312 0.814583 0.957812 0.827083 0.965625 0.920833 0.956250 0.852083 0.775000 0.831250 0.767187
8 0.697917 0.779688 0.618750 0.787500 0.647917 0.887500 0.722917 0.879687 0.727083 0.875000 0.708333 0.787500
8 0.554167 0.796875 0.520833 0.804688 0.460417 0.810938 0.491667 0.932813 0.575000 0.928125
8 0.727083 0.885938 0.608333 0.896875 0.618750 0.975000 0.745833 0.964063 0.733333 0.892187
8 0.577083 0.932813 0.568750 0.932813 0.566667 0.934375 0.547917 0.935938 0.537500 0.939062 0.508333 0.942187 0.508333 0.950000 0.510417 0.951563 0.510417 0.957812 0.512500 0.959375 0.514583 0.975000 0.516667 0.976562 0.577083 0.978125 0.581250 0.979688 0.587500 0.975000 0.585417 0.973437 0.585417 0.967188 0.583333 0.965625 0.583333 0.957812 0.581250 0.956250 0.581250 0.948438 0.579167 0.946875