1 0.020833 0.040625 0.020833 0.825000 0.056250 0.984375 0.635417 0.987500 0.547917 0.945312 0.527083 0.898438 0.458333 0.914062 0.395833 0.882812 0.412500 0.814062 0.487500 0.818750 0.447917 0.609375 0.468750 0.357812 0.543750 0.357812 0.550000 0.331250 0.381250 0.337500 0.370833 0.284375 0.410417 0.242188 0.564583 0.262500 0.575000 0.193750 0.745833 0.176563 0.752083 0.131250 0.664583 0.117188 0.666667 0.059375
1 0.018750 0.845312 0.016667 0.989062 0.045833 0.989062
2 0.845833 0.010937 0.777083 0.046875 0.810417 0.085938 0.802083 0.112500 0.762500 0.125000 0.758333 0.178125 0.797917 0.181250 0.804167 0.198437 0.750000 0.206250 0.735417 0.337500 0.779167 0.345313 0.783333 0.360938 0.987500 0.401563 0.989583 0.010937
3 0.589583 0.195312 0.616667 0.201562 0.610417 0.250000 0.589583 0.246875 0.589583 0.271875 0.616667 0.275000 0.600000 0.300000 0.604167 0.357812 0.650000 0.351562 0.779167 0.360938 0.779167 0.354688 0.702083 0.345313 0.710417 0.195312 0.791667 0.198437 0.793750 0.187500 0.616667 0.181250
3 0.587500 0.873438 0.587500 0.885938 0.597917 0.906250 0.597917 0.921875 0.600000 0.925000 0.595833 0.940625 0.585417 0.948438 0.612500 0.970312 0.616667 0.968750 0.643750 0.968750 0.639583 0.962500 0.629167 0.928125 0.612500 0.901563 0.604167 0.882812 0.597917 0.876562
4 0.610417 0.368750 0.595833 0.396875 0.614583 0.557813 0.600000 0.632812 0.608333 0.875000 0.658333 0.981250 0.987500 0.989062 0.985417 0.407813 0.772917 0.360938
4 0.487500 0.418750 0.491667 0.406250 0.500000 0.401563 0.541667 0.400000 0.564583 0.390625 0.581250 0.390625 0.591667 0.382812 0.593750 0.375000 0.602083 0.367188 0.500000 0.367188 0.489583 0.368750 0.487500 0.373437
7 0.014583 0.031250 0.675000 0.054688 0.683333 0.043750 0.766667 0.051562 0.833333 0.014062 0.014583 0.010937
7 0.404167 0.303125 0.410417 0.309375 0.431250 0.310937 0.443750 0.314063 0.468750 0.314063 0.481250 0.307813 0.491667 0.292188 0.491667 0.282813 0.495833 0.279687 0.518750 0.278125 0.493750 0.276563 0.479167 0.259375 0.408333 0.257812 0.402083 0.267188
7 0.422917 0.881250 0.439583 0.885938 0.460417 0.885938 0.487500 0.879687 0.497917 0.875000 0.500000 0.860937 0.506250 0.857813 0.541667 0.856250 0.502083 0.856250 0.479167 0.835938 0.427083 0.832812 0.420833 0.842188
8 0.681250 0.056250 0.677083 0.114063 0.685417 0.120312 0.783333 0.120312 0.797917 0.107813 0.806250 0.079687 0.797917 0.065625 0.789583 0.059375 0.750000 0.051562 0.691667 0.048437
8 0.581250 0.201562 0.579167 0.203125 0.579167 0.221875 0.577083 0.223438 0.577083 0.240625 0.581250 0.240625 0.583333 0.242188 0.589583 0.242188 0.591667 0.243750 0.595833 0.243750 0.597917 0.245312 0.604167 0.245312 0.606250 0.246875 0.606250 0.206250 0.608333 0.204688 0.608333 0.203125 0.606250 0.203125 0.604167 0.201562
8 0.527083 0.282813 0.529167 0.284375 0.539583 0.284375 0.547917 0.289062 0.550000 0.289062 0.556250 0.293750 0.600000 0.293750 0.602083 0.295312 0.606250 0.295312 0.606250 0.290625 0.608333 0.289062 0.608333 0.282813 0.610417 0.281250 0.610417 0.276563 0.606250 0.275000 0.550000 0.275000 0.547917 0.278125 0.539583 0.282813
8 0.597917 0.312500 0.577083 0.312500 0.577083 0.353125 0.579167 0.354688 0.583333 0.362500 0.597917 0.356250 0.602083 0.356250 0.602083 0.354688 0.600000 0.353125 0.600000 0.332812 0.597917 0.331250
8 0.541667 0.410937 0.506250 0.445312 0.489583 0.570312 0.489583 0.629687 0.593750 0.657812 0.593750 0.557813 0.597917 0.545313 0.610417 0.550000 0.606250 0.485938 0.591667 0.448438 0.579167 0.434375
8 0.489583 0.642187 0.493750 0.784375 0.506250 0.818750 0.525000 0.839063 0.602083 0.871875 0.606250 0.821875 0.591667 0.668750
8 0.556250 0.870313 0.556250 0.906250 0.558333 0.907812 0.558333 0.926562 0.568750 0.942187 0.570833 0.940625 0.585417 0.939062 0.585417 0.937500 0.593750 0.931250 0.593750 0.912500 0.595833 0.909375 0.575000 0.878125 0.568750 0.873438 0.560417 0.870313