1 0.177083 0.014062 0.208333 0.353125 0.045833 0.364062 0.016667 0.265625 0.045833 0.514063 0.127083 0.518750 0.043750 0.520312 0.018750 0.581250 0.016667 0.989062 0.337500 0.985937 0.372917 0.962500 0.437500 0.985937 0.437500 0.942187 0.295833 0.956250 0.295833 0.631250 0.345833 0.628125 0.350000 0.596875 0.291667 0.551562 0.362500 0.520312 0.139583 0.518750 0.393750 0.514063 0.400000 0.370313 0.345833 0.323438 0.356250 0.104687 0.395833 0.078125 0.566667 0.085938 0.575000 0.015625
2 0.589583 0.015625 0.581250 0.235938 0.664583 0.239063 0.635417 0.260938 0.718750 0.343750 0.793750 0.348437 0.775000 0.371875 0.718750 0.367188 0.700000 0.445312 0.747917 0.445312 0.754167 0.475000 0.693750 0.473437 0.735417 0.539062 0.802083 0.565625 0.745833 0.578125 0.627083 0.889063 0.704167 0.803125 0.752083 0.982813 0.989583 0.989062 0.989583 0.014062
3 0.572917 0.092188 0.412500 0.084375 0.418750 0.187500 0.410417 0.196875 0.416667 0.234375 0.408333 0.254687 0.414583 0.331250 0.400000 0.351562 0.414583 0.360938 0.456250 0.334375 0.489583 0.340625 0.502083 0.278125 0.522917 0.257812 0.525000 0.239063 0.572917 0.237500 0.595833 0.112500
3 0.666667 0.893750 0.650000 0.892187 0.479167 0.907812 0.472917 0.912500 0.472917 0.929688 0.485417 0.954687 0.470833 0.978125 0.479167 0.978125 0.483333 0.987500 0.664583 0.987500 0.645833 0.914062 0.660417 0.912500 0.668750 0.900000
4 0.522917 0.264062 0.491667 0.317187 0.510417 0.389062 0.477083 0.339063 0.416667 0.368750 0.387500 0.557813 0.429167 0.570312 0.439583 0.750000 0.393750 0.831250 0.408333 0.875000 0.450000 0.893750 0.397917 0.867188 0.345833 0.709375 0.352083 0.631250 0.302083 0.634375 0.304167 0.950000 0.450000 0.931250 0.452083 0.898438 0.610417 0.893750 0.735417 0.571875 0.800000 0.562500 0.731250 0.548437 0.679167 0.471875 0.581250 0.470313 0.518750 0.412500 0.568750 0.453125 0.583333 0.365625
5 0.527083 0.240625 0.533333 0.281250 0.585417 0.360938 0.572917 0.417188 0.577083 0.459375 0.583333 0.465625 0.743750 0.475000 0.754167 0.462500 0.747917 0.446875 0.695833 0.446875 0.714583 0.365625 0.775000 0.370313 0.787500 0.348437 0.714583 0.345313 0.627083 0.259375 0.662500 0.256250 0.656250 0.242188
7 0.377083 0.093750 0.377083 0.100000 0.375000 0.101562 0.375000 0.107813 0.377083 0.109375 0.379167 0.109375 0.381250 0.110937 0.383333 0.110937 0.385417 0.112500 0.387500 0.112500 0.393750 0.115625 0.393750 0.112500 0.395833 0.110937 0.408333 0.110937 0.410417 0.112500 0.410417 0.106250 0.412500 0.104687 0.412500 0.098438 0.406250 0.098438 0.404167 0.096875 0.395833 0.096875 0.393750 0.095312 0.387500 0.095312 0.385417 0.093750
7 0.372917 0.112500 0.370833 0.114063 0.370833 0.135937 0.375000 0.139062 0.377083 0.139062 0.383333 0.143750 0.387500 0.140625 0.393750 0.140625 0.395833 0.142188 0.400000 0.142188 0.402083 0.143750 0.402083 0.140625 0.404167 0.139062 0.404167 0.131250 0.397917 0.126563 0.395833 0.126563 0.389583 0.121875 0.387500 0.121875 0.381250 0.117188 0.379167 0.117188
7 0.216667 0.128125 0.233333 0.285937 0.308333 0.292188 0.308333 0.135937
7 0.414583 0.160938 0.387500 0.160938 0.385417 0.179688 0.402083 0.182812 0.383333 0.184375 0.383333 0.192188 0.397917 0.201562 0.358333 0.203125 0.358333 0.253125 0.406250 0.253125 0.406250 0.203125 0.397917 0.201562 0.408333 0.200000 0.412500 0.189063
7 0.393750 0.276563 0.385417 0.276563 0.383333 0.275000 0.375000 0.275000 0.372917 0.273438 0.364583 0.273438 0.364583 0.287500 0.362500 0.289062 0.362500 0.303125 0.360417 0.304688 0.360417 0.315625 0.370833 0.314063 0.370833 0.295312 0.372917 0.293750 0.387500 0.293750 0.389583 0.295312 0.391667 0.295312 0.391667 0.284375 0.393750 0.282813
7 0.379167 0.301562 0.379167 0.345313 0.381250 0.343750 0.406250 0.343750 0.406250 0.301562
7 0.297917 0.428125 0.168750 0.432813 0.164583 0.440625 0.164583 0.495313 0.310417 0.492188
7 0.300000 0.550000 0.300000 0.562500 0.333333 0.578125 0.339583 0.567187 0.345833 0.568750 0.341667 0.571875 0.341667 0.584375 0.366667 0.584375 0.375000 0.576563 0.381250 0.575000 0.381250 0.568750 0.350000 0.568750 0.347917 0.567187 0.350000 0.560938 0.362500 0.565625 0.372917 0.565625 0.383333 0.562500 0.383333 0.557813 0.372917 0.550000 0.360417 0.550000 0.347917 0.554688 0.343750 0.542188 0.343750 0.528125
7 0.381250 0.981250 0.379167 0.979688 0.379167 0.978125 0.377083 0.976562 0.377083 0.975000 0.375000 0.973437 0.364583 0.973437 0.362500 0.975000 0.360417 0.975000 0.343750 0.987500 0.381250 0.987500
8 0.402083 0.518750 0.375000 0.518750 0.372917 0.520312 0.372917 0.521875 0.368750 0.525000 0.366667 0.525000 0.360417 0.528125 0.360417 0.529688 0.364583 0.534375 0.364583 0.537500 0.366667 0.539062 0.366667 0.542188 0.370833 0.545313 0.372917 0.545313 0.377083 0.548437 0.383333 0.550000 0.387500 0.553125 0.387500 0.550000 0.391667 0.546875 0.391667 0.545313 0.397917 0.540625 0.397917 0.537500 0.400000 0.535937 0.400000 0.528125 0.402083 0.526563
8 0.400000 0.559375 0.383333 0.593750 0.385417 0.621875 0.375000 0.581250 0.354167 0.604688 0.354167 0.651563 0.364583 0.656250 0.352083 0.668750 0.347917 0.689062 0.362500 0.756250 0.389583 0.796875 0.391667 0.814062 0.422917 0.801562 0.437500 0.765625 0.402083 0.656250 0.383333 0.643750 0.385417 0.632812 0.402083 0.648438 0.422917 0.693750 0.425000 0.578125
8 0.700000 0.809375 0.687500 0.815625 0.679167 0.842188 0.660417 0.856250 0.660417 0.870313 0.677083 0.907812 0.675000 0.926562 0.679167 0.939062 0.666667 0.948438 0.664583 0.954687 0.675000 0.987500 0.741667 0.984375 0.729167 0.956250 0.720833 0.909375 0.710417 0.890625 0.720833 0.881250 0.727083 0.848437 0.708333 0.818750 0.700000 0.815625
8 0.468750 0.920313 0.458333 0.923437 0.458333 0.935938 0.456250 0.937500 0.456250 0.942187 0.450000 0.946875 0.447917 0.946875 0.437500 0.951563 0.437500 0.953125 0.443750 0.957812 0.445833 0.957812 0.456250 0.962500 0.462500 0.962500 0.464583 0.960938 0.472917 0.960938 0.472917 0.959375 0.479167 0.951563 0.477083 0.950000 0.477083 0.945312 0.475000 0.943750 0.475000 0.939062 0.472917 0.937500 0.472917 0.932813 0.470833 0.931250 0.470833 0.925000 0.468750 0.923437