1 0.018750 0.289062 0.018750 0.328125 0.268750 0.334375 0.293750 0.573438 0.318750 0.573438 0.341667 0.550000 0.364583 0.551562 0.362500 0.510938 0.414583 0.504687 0.431250 0.484375 0.420833 0.445312 0.447917 0.426562 0.447917 0.410937 0.437500 0.404687 0.379167 0.420312 0.337500 0.403125 0.347917 0.367188 0.331250 0.314063
1 0.533333 0.735937 0.435417 0.745313 0.318750 0.735937 0.316667 0.704687 0.297917 0.703125 0.297917 0.764063 0.020833 0.776563 0.014583 0.987500 0.056250 0.989062 0.050000 0.978125 0.075000 0.965625 0.433333 0.946875 0.462500 0.917188 0.537500 0.910937 0.531250 0.862500 0.550000 0.857813 0.568750 0.823438 0.541667 0.821875 0.543750 0.807813 0.564583 0.809375
2 0.904167 0.309375 0.868750 0.342187 0.762500 0.339063 0.818750 0.476562 0.725000 0.478125 0.752083 0.564062 0.741667 0.650000 0.712500 0.651563 0.714583 0.768750 0.693750 0.787500 0.687500 0.779688 0.685417 0.803125 0.916667 0.792188 0.931250 0.817187 0.914583 0.823438 0.979167 0.862500 0.983333 0.340625
3 0.431250 0.557813 0.439583 0.673437 0.431250 0.682813 0.435417 0.735937 0.702083 0.725000 0.710417 0.656250 0.677083 0.632812 0.685417 0.560938 0.504167 0.559375 0.479167 0.567187 0.508333 0.571875 0.508333 0.581250 0.483333 0.595312 0.445833 0.589063 0.445833 0.568750 0.472917 0.565625 0.456250 0.554688
4 0.985417 0.873438 0.889583 0.817187 0.918750 0.814062 0.918750 0.801562 0.633333 0.815625 0.631250 0.834375 0.664583 0.867188 0.656250 0.878125 0.643750 0.987500 0.989583 0.985937
5 0.750000 0.339063 0.766667 0.387500 0.733333 0.454688 0.697917 0.454688 0.691667 0.429688 0.652083 0.435937 0.625000 0.507812 0.608333 0.514063 0.620833 0.554688 0.652083 0.550000 0.745833 0.564062 0.720833 0.490625 0.714583 0.495313 0.735417 0.557813 0.654167 0.545313 0.702083 0.459375 0.800000 0.471875 0.810417 0.465625
7 0.014583 0.014062 0.014583 0.185937 0.620833 0.193750 0.714583 0.179688 0.795833 0.139062 0.743750 0.121875 0.750000 0.087500 0.689583 0.070312 0.675000 0.015625
7 0.641667 0.225000 0.987500 0.331250 0.985417 0.173438 0.839583 0.159375 0.812500 0.167187 0.802083 0.164062 0.800000 0.142188
7 0.016667 0.223438 0.022917 0.282813 0.641667 0.325000 0.662500 0.307813 0.662500 0.279687 0.645833 0.257812
7 0.016667 0.335938 0.014583 0.771875 0.291667 0.756250 0.281250 0.620313 0.250000 0.617188 0.250000 0.579687 0.279167 0.578125 0.260417 0.339063
7 0.529167 0.595312 0.527083 0.598437 0.527083 0.625000 0.547917 0.626562 0.550000 0.628125 0.560417 0.628125 0.562500 0.629687 0.575000 0.629687 0.577083 0.631250 0.587500 0.631250 0.589583 0.632812 0.591667 0.614062 0.589583 0.614062 0.583333 0.609375 0.579167 0.603125 0.579167 0.596875 0.575000 0.596875 0.572917 0.595312
7 0.575000 0.746875 0.575000 0.760938 0.572917 0.762500 0.570833 0.790625 0.575000 0.789062 0.654167 0.787500 0.654167 0.776563 0.633333 0.762500 0.627083 0.751562 0.622917 0.748438 0.614583 0.745313 0.577083 0.745313
7 0.652083 0.792188 0.575000 0.793750 0.570833 0.795313 0.572917 0.810938 0.570833 0.812500 0.568750 0.810938 0.543750 0.809375 0.543750 0.821875 0.570833 0.821875 0.572917 0.818750 0.575000 0.820312 0.625000 0.820312 0.625000 0.817187 0.629167 0.812500 0.654167 0.812500 0.652083 0.809375
7 0.637500 0.959375 0.618750 0.967188 0.525000 0.967188 0.512500 0.951563 0.495833 0.964063 0.485417 0.957812 0.408333 0.953125 0.075000 0.973437 0.062500 0.982813 0.066667 0.989062 0.635417 0.987500
8 0.687500 0.046875 0.700000 0.068750 0.727083 0.078125 0.741667 0.079687 0.762500 0.090625 0.772917 0.075000 0.789583 0.073437 0.802083 0.068750 0.816667 0.046875 0.829167 0.014062 0.685417 0.015625
8 0.647917 0.326562 0.872917 0.337500 0.889583 0.328125 0.895833 0.318750 0.895833 0.307813 0.791667 0.276563 0.664583 0.273438 0.666667 0.310937 0.662500 0.318750
8 0.350000 0.310937 0.345833 0.339063 0.364583 0.370313 0.350000 0.395312 0.391667 0.410937 0.443750 0.395312 0.487500 0.440625 0.466667 0.432813 0.431250 0.457812 0.481250 0.492188 0.508333 0.493750 0.485417 0.500000 0.447917 0.482812 0.422917 0.517187 0.366667 0.520312 0.368750 0.542188 0.402083 0.554688 0.454167 0.548437 0.472917 0.515625 0.483333 0.534375 0.460417 0.551562 0.479167 0.565625 0.608333 0.550000 0.597917 0.510938 0.562500 0.529688 0.547917 0.518750 0.529167 0.525000 0.533333 0.510938 0.508333 0.504687 0.556250 0.489062 0.552083 0.425000 0.597917 0.389062 0.591667 0.368750 0.562500 0.356250 0.575000 0.328125 0.472917 0.318750 0.458333 0.329688 0.429167 0.310937
8 0.658333 0.346875 0.637500 0.367188 0.620833 0.365625 0.650000 0.417188 0.643750 0.418750 0.622917 0.375000 0.612500 0.370313 0.610417 0.395312 0.597917 0.410937 0.564583 0.425000 0.558333 0.434375 0.556250 0.459375 0.568750 0.484375 0.589583 0.501562 0.610417 0.506250 0.618750 0.484375 0.618750 0.442187 0.635417 0.425000 0.645833 0.421875 0.622917 0.454688 0.622917 0.501562 0.650000 0.425000 0.704167 0.423438 0.706250 0.410937 0.720833 0.410937 0.710417 0.376563 0.687500 0.371875 0.675000 0.354688
8 0.335417 0.560938 0.327083 0.570312 0.331250 0.687500 0.325000 0.695312 0.325000 0.731250 0.427083 0.739062 0.427083 0.684375 0.433333 0.679688 0.435417 0.634375 0.429167 0.564062
8 0.447917 0.568750 0.447917 0.589063 0.462500 0.589063 0.464583 0.590625 0.468750 0.590625 0.470833 0.592188 0.481250 0.592188 0.483333 0.593750 0.489583 0.593750 0.489583 0.592188 0.504167 0.581250 0.506250 0.581250 0.506250 0.571875 0.493750 0.571875 0.491667 0.573438 0.489583 0.571875 0.485417 0.571875 0.483333 0.570312 0.479167 0.570312 0.477083 0.568750 0.472917 0.568750 0.470833 0.567187 0.450000 0.567187
8 0.685417 0.568750 0.681250 0.631250 0.683333 0.634375 0.697917 0.639063 0.702083 0.642187 0.735417 0.643750 0.735417 0.582812 0.737500 0.581250 0.737500 0.576563 0.720833 0.571875 0.712500 0.565625 0.704167 0.565625 0.687500 0.570312
8 0.625000 0.570312 0.625000 0.589063 0.639583 0.618750 0.647917 0.667188 0.637500 0.671875 0.622917 0.671875 0.620833 0.706250 0.635417 0.720312 0.689583 0.721875 0.691667 0.673437 0.666667 0.673437 0.654167 0.667188 0.681250 0.668750 0.685417 0.642187 0.670833 0.632812 0.675000 0.570312
8 0.466667 0.607813 0.466667 0.617188 0.468750 0.618750 0.468750 0.621875 0.470833 0.623438 0.468750 0.625000 0.466667 0.625000 0.460417 0.629687 0.468750 0.629687 0.470833 0.631250 0.475000 0.631250 0.481250 0.634375 0.485417 0.634375 0.487500 0.632812 0.500000 0.632812 0.506250 0.628125 0.508333 0.628125 0.508333 0.625000 0.512500 0.620313 0.510417 0.618750 0.510417 0.615625 0.504167 0.607813 0.502083 0.607813 0.491667 0.603125 0.487500 0.603125 0.485417 0.601562 0.479167 0.601562 0.475000 0.604688 0.472917 0.604688 0.468750 0.607813
8 0.506250 0.640625 0.504167 0.646875 0.497917 0.651563 0.479167 0.653125 0.479167 0.671875 0.477083 0.673437 0.479167 0.710938 0.477083 0.712500 0.477083 0.721875 0.481250 0.726562 0.495833 0.726562 0.497917 0.728125 0.506250 0.720312
8 0.556250 0.642187 0.554167 0.643750 0.554167 0.653125 0.556250 0.654688 0.556250 0.664062 0.558333 0.665625 0.558333 0.668750 0.560417 0.671875 0.575000 0.682813 0.583333 0.696875 0.587500 0.696875 0.593750 0.700000 0.593750 0.648438 0.595833 0.646875 0.595833 0.643750 0.587500 0.643750 0.585417 0.642187
8 0.579167 0.832812 0.579167 0.846875 0.581250 0.848437 0.575000 0.853125 0.564583 0.853125 0.562500 0.864062 0.547917 0.865625 0.547917 0.882812 0.566667 0.910937 0.572917 0.907812 0.581250 0.912500 0.593750 0.909375 0.616667 0.910937 0.641667 0.892187 0.647917 0.884375 0.647917 0.875000 0.639583 0.865625 0.639583 0.853125 0.616667 0.850000 0.606250 0.837500 0.597917 0.832812
8 0.643750 0.895312 0.612500 0.918750 0.602083 0.914062 0.575000 0.915625 0.558333 0.925000 0.504167 0.926562 0.485417 0.934375 0.472917 0.926562 0.437500 0.950000 0.483333 0.951563 0.495833 0.957812 0.506250 0.953125 0.506250 0.946875 0.510417 0.945312 0.520833 0.951563 0.525000 0.959375 0.541667 0.954687 0.595833 0.956250 0.616667 0.960938 0.641667 0.953125