1 0.016667 0.014062 0.016667 0.239063 0.383333 0.250000 0.493750 0.228125 0.506250 0.190625 0.547917 0.148438 0.516667 0.142188 0.516667 0.118750 0.550000 0.110937 0.537500 0.015625
1 0.016667 0.250000 0.016667 0.337500 0.033333 0.339063 0.035417 0.340625 0.025000 0.320312 0.025000 0.312500 0.022917 0.310937 0.022917 0.303125 0.020833 0.301562 0.020833 0.284375 0.018750 0.282813
1 0.018750 0.348437 0.016667 0.985937 0.279167 0.981250 0.283333 0.685938 0.252083 0.615625 0.320833 0.606250 0.350000 0.567187 0.400000 0.567187 0.472917 0.500000 0.018750 0.501562 0.041667 0.392188
1 0.045833 0.453125 0.485417 0.462500 0.491667 0.432813 0.545833 0.428125 0.556250 0.400000 0.329167 0.396875 0.389583 0.401563 0.387500 0.450000 0.277083 0.451562 0.272917 0.395312 0.058333 0.393750
2 0.989583 0.010937 0.747917 0.015625 0.727083 0.071875 0.729167 0.090625 0.745833 0.095312 0.970833 0.109375 0.989583 0.120312
3 0.541667 0.435937 0.504167 0.435937 0.497917 0.437500 0.479167 0.514063 0.491667 0.514063 0.493750 0.515625 0.495833 0.514063 0.504167 0.514063 0.506250 0.515625 0.506250 0.521875 0.510417 0.518750
4 0.654167 0.096875 0.664583 0.154687 0.543750 0.467187 0.443750 0.615625 0.522917 0.559375 0.620833 0.756250 0.635417 0.915625 0.527083 0.971875 0.506250 0.948438 0.525000 0.984375 0.793750 0.985937 0.895833 0.962500 0.985417 0.893750 0.987500 0.184375 0.943750 0.132812 0.987500 0.125000
7 0.570833 0.040625 0.556250 0.103125 0.641667 0.109375 0.641667 0.071875 0.620833 0.045313 0.614583 0.042188
7 0.554167 0.109375 0.554167 0.115625 0.550000 0.123438 0.545833 0.143750 0.639583 0.146875 0.643750 0.148438 0.639583 0.139062 0.637500 0.121875 0.629167 0.114063 0.585417 0.117188
7 0.016667 0.240625 0.043750 0.378125 0.350000 0.378125 0.562500 0.389062 0.600000 0.287500 0.362500 0.257812 0.147917 0.259375 0.077083 0.242188
7 0.275000 0.395312 0.275000 0.443750 0.277083 0.450000 0.385417 0.450000 0.385417 0.406250 0.387500 0.401563
7 0.245833 0.400000 0.135417 0.403125 0.133333 0.410937 0.141667 0.448438 0.143750 0.450000 0.145833 0.448438 0.241667 0.443750 0.241667 0.432813 0.247917 0.406250
8 0.577083 0.165625 0.568750 0.165625 0.566667 0.164062 0.550000 0.162500 0.554167 0.168750 0.554167 0.171875 0.558333 0.176563 0.550000 0.189063 0.550000 0.192188 0.545833 0.198437 0.545833 0.203125 0.543750 0.204688 0.543750 0.226562 0.547917 0.226562 0.550000 0.225000 0.558333 0.225000 0.558333 0.210938 0.560417 0.209375 0.560417 0.204688 0.566667 0.195312 0.575000 0.187500 0.575000 0.182812 0.577083 0.181250 0.577083 0.170312 0.579167 0.168750
8 0.595833 0.275000 0.583333 0.260938 0.568750 0.253125 0.568750 0.243750 0.556250 0.234375 0.531250 0.234375 0.516667 0.243750 0.506250 0.237500 0.495833 0.235938 0.477083 0.240625 0.464583 0.250000 0.437500 0.243750 0.418750 0.243750 0.397917 0.253125 0.431250 0.265625 0.460417 0.267188 0.477083 0.271875 0.543750 0.270312 0.564583 0.275000
8 0.502083 0.517187 0.477083 0.517187 0.475000 0.518750 0.472917 0.518750 0.470833 0.520312 0.464583 0.521875 0.460417 0.525000 0.460417 0.526563 0.458333 0.528125 0.458333 0.539062 0.460417 0.540625 0.460417 0.542188 0.462500 0.543750 0.479167 0.543750 0.481250 0.545313 0.483333 0.543750 0.487500 0.543750 0.487500 0.542188 0.504167 0.528125 0.502083 0.526563
8 0.227083 0.529688 0.227083 0.546875 0.229167 0.548437 0.229167 0.550000 0.260417 0.550000 0.260417 0.535937 0.262500 0.534375 0.260417 0.532812 0.250000 0.532812 0.247917 0.531250 0.237500 0.531250 0.235417 0.529688
8 0.418750 0.557813 0.418750 0.565625 0.422917 0.568750 0.425000 0.568750 0.435417 0.575000 0.437500 0.573438 0.447917 0.573438 0.450000 0.575000 0.458333 0.575000 0.460417 0.573438 0.464583 0.573438 0.464583 0.571875 0.466667 0.570312 0.470833 0.562500 0.475000 0.559375 0.475000 0.551562 0.435417 0.551562 0.431250 0.554688 0.431250 0.556250 0.429167 0.557813
8 0.518750 0.564062 0.425000 0.637500 0.431250 0.626562 0.300000 0.635938 0.322917 0.707812 0.314583 0.768750 0.393750 0.765625 0.318750 0.776563 0.333333 0.821875 0.316667 0.912500 0.347917 0.967188 0.504167 0.942187 0.537500 0.954687 0.618750 0.920313 0.593750 0.804688 0.577083 0.789062 0.618750 0.756250 0.545833 0.590625