1 0.187500 0.045313 0.208333 0.237500 0.016667 0.246875 0.016667 0.634375 0.485417 0.603125 0.708333 0.545313 0.716667 0.464063 0.754167 0.417188 0.787500 0.415625 0.785417 0.401563 0.737500 0.403125 0.735417 0.360938 0.800000 0.357812 0.818750 0.314063 0.806250 0.210938 0.289583 0.185937 0.256250 0.115625 0.270833 0.048437
1 0.781250 0.740625 0.522917 0.759375 0.510417 0.814062 0.366667 0.828125 0.347917 0.821875 0.347917 0.773438 0.016667 0.798437 0.016667 0.860937 0.758333 0.800000
1 0.095833 0.859375 0.016667 0.867188 0.014583 0.989062 0.077083 0.989062
1 0.720833 0.984375 0.706250 0.965625 0.693750 0.964063 0.489583 0.987500
2 0.983333 0.617188 0.941667 0.629687 0.839583 0.726562 0.987500 0.964063
2 0.833333 0.729688 0.808333 0.740625 0.787500 0.740625 0.758333 0.804688 0.675000 0.807813 0.662500 0.823438 0.662500 0.848437 0.697917 0.932813 0.720833 0.956250 0.714583 0.965625 0.729167 0.987500 0.829167 0.987500 0.970833 0.962500
2 0.656250 0.845312 0.593750 0.850000 0.622917 0.935938 0.612500 0.940625 0.614583 0.945312 0.693750 0.935938
3 0.989583 0.010937 0.833333 0.012500 0.800000 0.164062 0.758333 0.187500 0.768750 0.032812 0.731250 0.014062 0.614583 0.015625 0.597917 0.034375 0.587500 0.196875 0.602083 0.201562 0.606250 0.184375 0.725000 0.185937 0.658333 0.126563 0.672917 0.014062 0.727083 0.014062 0.768750 0.034375 0.735417 0.185937 0.987500 0.192188
3 0.585417 0.846875 0.139583 0.895312 0.133333 0.979688 0.285417 0.981250 0.604167 0.946875 0.612500 0.931250
7 0.012500 0.010937 0.016667 0.240625 0.204167 0.232812 0.208333 0.220313 0.166667 0.014062
7 0.862500 0.220313 0.827083 0.310937 0.858333 0.239063 0.864583 0.239063 0.829167 0.335938 0.987500 0.335938 0.985417 0.250000 0.966667 0.234375 0.904167 0.234375 0.962500 0.229687 0.950000 0.220313
7 0.802083 0.393750 0.966667 0.389062 0.985417 0.356250 0.987500 0.339063 0.827083 0.339063 0.820833 0.328125
7 0.939583 0.621875 0.906250 0.614062 0.891667 0.640625 0.779167 0.621875 0.677083 0.635938 0.662500 0.614062 0.668750 0.625000 0.643750 0.637500 0.514583 0.609375 0.018750 0.637500 0.014583 0.793750 0.818750 0.731250
7 0.520833 0.759375 0.352083 0.770312 0.352083 0.826563 0.510417 0.812500
8 0.829167 0.010937 0.733333 0.014062 0.770833 0.032812 0.777083 0.068750 0.752083 0.159375 0.768750 0.070312 0.766667 0.034375 0.727083 0.015625 0.672917 0.015625 0.681250 0.040625 0.660417 0.126563 0.729167 0.187500 0.750000 0.157813 0.758333 0.185937 0.797917 0.164062 0.835417 0.017188
8 0.295833 0.014062 0.310417 0.175000 0.577083 0.182812 0.593750 0.034375 0.612500 0.026563 0.612500 0.012500
8 0.752083 0.365625 0.752083 0.370313 0.747917 0.376563 0.747917 0.381250 0.745833 0.382812 0.743750 0.393750 0.789583 0.393750 0.791667 0.395312 0.795833 0.395312 0.795833 0.390625 0.797917 0.389062 0.797917 0.384375 0.800000 0.382812 0.800000 0.378125 0.802083 0.376563 0.804167 0.365625
8 0.950000 0.393750 0.910417 0.415625 0.910417 0.425000 0.939583 0.450000 0.952083 0.467187 0.962500 0.467187 0.964583 0.468750 0.966667 0.467187 0.983333 0.467187 0.989583 0.464063 0.989583 0.459375 0.987500 0.457812 0.987500 0.404687 0.985417 0.403125 0.977083 0.403125 0.956250 0.393750
8 0.802083 0.409375 0.797917 0.425000 0.762500 0.425000 0.750000 0.453125 0.770833 0.471875 0.802083 0.471875 0.814583 0.448438 0.804167 0.429688 0.825000 0.440625 0.818750 0.462500 0.808333 0.470313 0.818750 0.493750 0.808333 0.520312 0.793750 0.532812 0.808333 0.498437 0.793750 0.478125 0.766667 0.476562 0.762500 0.498437 0.747917 0.514063 0.764583 0.535937 0.793750 0.532812 0.797917 0.546875 0.827083 0.545313 0.841667 0.553125 0.904167 0.460938 0.856250 0.414062
8 0.895833 0.609375 0.887500 0.585938 0.845833 0.581250 0.827083 0.562500 0.720833 0.584375 0.837500 0.557813 0.764583 0.542188 0.747917 0.528125 0.725000 0.535937 0.718750 0.550000 0.681250 0.554688 0.627083 0.576563 0.625000 0.592188 0.600000 0.576563 0.543750 0.604688 0.589583 0.621875 0.622917 0.620313 0.645833 0.632812 0.658333 0.623438 0.645833 0.607813 0.675000 0.610937 0.687500 0.629687 0.743750 0.618750 0.806250 0.617188 0.837500 0.628125 0.891667 0.632812
8 0.839583 0.560938 0.845833 0.575000 0.889583 0.579687 0.897917 0.589063 0.900000 0.604688 0.920833 0.614062 0.956250 0.618750 0.979167 0.615625 0.985417 0.598437 0.987500 0.564062 0.979167 0.546875 0.966667 0.534375 0.927083 0.535937 0.860417 0.548437