1 0.768750 0.135937 0.706250 0.148438 0.089583 0.156250 0.068750 0.145313 0.016667 0.162500 0.016667 0.584375 0.447917 0.567187 0.458333 0.540625 0.575000 0.507812 0.593750 0.559375 0.662500 0.554688 0.643750 0.523438 0.695833 0.453125 0.725000 0.443750
1 0.687500 0.600000 0.595833 0.589063 0.595833 0.623438 0.566667 0.646875 0.466667 0.625000 0.458333 0.576563 0.022917 0.590625 0.018750 0.746875 0.216667 0.726562 0.666667 0.715625 0.666667 0.646875
3 0.729167 0.451562 0.714583 0.451562 0.710417 0.454688 0.710417 0.459375 0.708333 0.460938 0.708333 0.465625 0.706250 0.467187 0.706250 0.471875 0.712500 0.471875 0.714583 0.473437 0.718750 0.470313 0.720833 0.470313 0.720833 0.468750 0.725000 0.465625 0.725000 0.460938 0.727083 0.459375 0.727083 0.456250 0.729167 0.454688
4 0.802083 0.014062 0.737500 0.459375 0.768750 0.429688 0.843750 0.551562 0.795833 0.600000 0.745833 0.603125 0.702083 0.573438 0.670833 0.707812 0.802083 0.846875 0.804167 0.887500 0.847917 0.920313 0.877083 0.987500 0.989583 0.985937 0.985417 0.334375 0.912500 0.256250 0.860417 0.234375 0.900000 0.181250 0.908333 0.014062
7 0.020833 0.134375 0.041667 0.148438 0.777083 0.126563 0.793750 0.015625 0.014583 0.010937 0.014583 0.034375 0.031250 0.048437 0.014583 0.084375
7 0.095833 0.271875 0.106250 0.403125 0.362500 0.404687 0.362500 0.278125
7 0.695833 0.557813 0.687500 0.553125 0.666667 0.564062 0.633333 0.560938 0.585417 0.573438 0.572917 0.517187 0.468750 0.546875 0.464583 0.578125 0.470833 0.618750 0.568750 0.639063 0.591667 0.618750 0.591667 0.581250 0.622917 0.579687 0.631250 0.585938 0.654167 0.589063 0.672917 0.582812 0.691667 0.593750
7 0.156250 0.707812 0.420833 0.701563 0.416667 0.626562 0.191667 0.628125
7 0.868750 0.985937 0.795833 0.878125 0.795833 0.848437 0.747917 0.810938 0.725000 0.770312 0.693750 0.756250 0.683333 0.721875 0.018750 0.754687 0.014583 0.989062
8 0.764583 0.428125 0.747917 0.434375 0.747917 0.451562 0.739583 0.467187 0.718750 0.485938 0.716667 0.503125 0.697917 0.535937 0.697917 0.554688 0.706250 0.567187 0.735417 0.579687 0.750000 0.576563 0.745833 0.596875 0.752083 0.601562 0.772917 0.596875 0.779167 0.589063 0.795833 0.592188 0.822917 0.576563 0.837500 0.556250 0.825000 0.507812 0.793750 0.475000
8 0.712500 0.478125 0.695833 0.478125 0.693750 0.479688 0.691667 0.479688 0.687500 0.482812 0.685417 0.482812 0.681250 0.485938 0.681250 0.495313 0.693750 0.495313 0.695833 0.493750 0.700000 0.493750 0.702083 0.492188 0.710417 0.492188 0.710417 0.490625 0.712500 0.489062
8 0.706250 0.496875 0.700000 0.496875 0.697917 0.498437 0.687500 0.498437 0.685417 0.500000 0.683333 0.500000 0.654167 0.520312 0.654167 0.525000 0.656250 0.526563 0.664583 0.526563 0.666667 0.528125 0.672917 0.528125 0.675000 0.529688 0.675000 0.535937 0.677083 0.537500 0.679167 0.537500 0.681250 0.539062 0.691667 0.539062 0.691667 0.537500 0.693750 0.535937 0.693750 0.528125 0.695833 0.526563 0.695833 0.518750 0.697917 0.517187 0.697917 0.514063 0.704167 0.506250 0.704167 0.501562 0.706250 0.500000