1 0.018750 0.103125 0.122917 0.167187 0.079167 0.189063 0.079167 0.296875 0.125000 0.343750 0.089583 0.348437 0.087500 0.450000 0.145833 0.487500 0.093750 0.493750 0.093750 0.610937 0.135417 0.617188 0.135417 0.650000 0.056250 0.667188 0.018750 0.643750 0.016667 0.729688 0.377083 0.712500 0.445833 0.589063 0.618750 0.557813 0.616667 0.485938 0.404167 0.456250 0.477083 0.378125 0.593750 0.348437 0.610417 0.250000 0.520833 0.223438 0.510417 0.132812 0.350000 0.120312 0.377083 0.214062 0.316667 0.401563 0.220833 0.393750 0.160417 0.364062 0.141667 0.253125 0.177083 0.250000 0.150000 0.157813 0.260417 0.112500
1 0.412500 0.726562 0.379167 0.715625 0.018750 0.732813 0.016667 0.771875 0.018750 0.776563 0.377083 0.760938 0.372917 0.746875
2 0.981250 0.017188 0.960417 0.017188 0.920833 0.081250 0.735417 0.226562 0.672917 0.253125 0.622917 0.240625 0.625000 0.314063 0.675000 0.323438 0.697917 0.346875 0.687500 0.453125 0.758333 0.435937 0.762500 0.385938 0.820833 0.321875 0.897917 0.315625 0.912500 0.329688 0.916667 0.423438 0.868750 0.470313 0.883333 0.517187 0.850000 0.579687 0.812500 0.581250 0.868750 0.684375 0.981250 0.685938
2 0.675000 0.476562 0.645833 0.492188 0.633333 0.493750 0.629167 0.490625 0.627083 0.495313 0.627083 0.559375 0.637500 0.564062 0.635417 0.593750 0.664583 0.596875 0.666667 0.585938 0.687500 0.570312 0.750000 0.553125 0.718750 0.537500 0.700000 0.520312 0.693750 0.509375 0.677083 0.493750
3 0.033333 0.131250 0.039583 0.654688 0.052083 0.654688 0.060417 0.642187 0.129167 0.640625 0.131250 0.623438 0.072917 0.614062 0.077083 0.485938 0.125000 0.481250 0.112500 0.467187 0.070833 0.460938 0.072917 0.337500 0.114583 0.332812 0.114583 0.320312 0.064583 0.304688 0.060417 0.184375 0.114583 0.179688 0.114583 0.170312 0.050000 0.148438
3 0.470833 0.596875 0.485417 0.598437 0.502083 0.617188 0.500000 0.707812 0.510417 0.723437 0.508333 0.746875 0.495833 0.753125 0.591667 0.759375 0.591667 0.709375 0.604167 0.667188 0.629167 0.646875 0.633333 0.626562 0.668750 0.612500 0.668750 0.600000 0.595833 0.595312
4 0.947917 0.014062 0.445833 0.017188 0.454167 0.048437 0.527083 0.128125 0.529167 0.220313 0.587500 0.223438 0.643750 0.242188 0.679167 0.243750 0.729167 0.223438 0.766667 0.182812 0.808333 0.164062 0.822917 0.137500 0.925000 0.060938
5 0.675000 0.334375 0.662500 0.325000 0.647917 0.325000 0.631250 0.331250 0.585417 0.367188 0.543750 0.379687 0.487500 0.382812 0.475000 0.396875 0.475000 0.417188 0.483333 0.431250 0.472917 0.456250 0.477083 0.465625 0.639583 0.481250 0.666667 0.471875 0.689583 0.417188 0.689583 0.357812
7 0.014583 0.014062 0.014583 0.098438 0.337500 0.115625 0.260417 0.114063 0.233333 0.142188 0.152083 0.157813 0.160417 0.234375 0.179167 0.250000 0.143750 0.253125 0.139583 0.290625 0.162500 0.364062 0.183333 0.364062 0.183333 0.378125 0.316667 0.400000 0.350000 0.337500 0.350000 0.242188 0.368750 0.243750 0.375000 0.217187 0.343750 0.117188 0.516667 0.129688 0.447917 0.050000 0.441667 0.020312
7 0.500000 0.720312 0.491667 0.714063 0.485417 0.714063 0.454167 0.725000 0.379167 0.746875 0.381250 0.759375 0.383333 0.760938 0.456250 0.760938 0.470833 0.754687 0.475000 0.754687 0.481250 0.750000 0.493750 0.746875 0.497917 0.742188 0.497917 0.721875
7 0.018750 0.789062 0.014583 0.989062 0.989583 0.989062 0.989583 0.895312 0.902083 0.906250 0.870833 0.859375 0.837500 0.842188 0.787500 0.837500 0.725000 0.795313 0.656250 0.790625 0.583333 0.765625 0.483333 0.759375
8 0.660417 0.342187 0.647917 0.342187 0.639583 0.348437 0.633333 0.357812 0.618750 0.365625 0.620833 0.423438 0.622917 0.426562 0.635417 0.428125 0.643750 0.434375 0.641667 0.435937 0.641667 0.457812 0.664583 0.454688 0.660417 0.448438 0.660417 0.418750 0.666667 0.404687 0.668750 0.375000 0.666667 0.373437 0.666667 0.353125
8 0.460417 0.407813 0.460417 0.418750 0.452083 0.428125 0.441667 0.428125 0.437500 0.425000 0.435417 0.417188 0.429167 0.417188 0.427083 0.418750 0.427083 0.421875 0.425000 0.423438 0.425000 0.437500 0.416667 0.450000 0.416667 0.456250 0.418750 0.459375 0.433333 0.448438 0.458333 0.448438 0.468750 0.453125 0.468750 0.450000 0.477083 0.437500 0.475000 0.435937 0.475000 0.429688 0.472917 0.426562 0.464583 0.420312
8 0.689583 0.460938 0.687500 0.489062 0.731250 0.534375 0.795833 0.567187 0.839583 0.571875 0.868750 0.500000 0.868750 0.493750 0.845833 0.465625 0.804167 0.443750 0.739583 0.446875 0.718750 0.450000
8 0.635417 0.626562 0.635417 0.637500 0.633333 0.639063 0.633333 0.650000 0.654167 0.650000 0.656250 0.651563 0.656250 0.640625 0.658333 0.639063 0.658333 0.626562
8 0.450000 0.645312 0.445833 0.642187 0.439583 0.642187 0.437500 0.640625 0.431250 0.640625 0.431250 0.643750 0.429167 0.645312 0.416667 0.645312 0.414583 0.646875 0.402083 0.646875 0.412500 0.646875 0.414583 0.648438 0.427083 0.648438 0.429167 0.650000 0.429167 0.654688 0.445833 0.654688 0.447917 0.656250 0.447917 0.646875
8 0.791667 0.668750 0.772917 0.671875 0.760417 0.657812 0.747917 0.656250 0.743750 0.678125 0.722917 0.696875 0.706250 0.682813 0.697917 0.685938 0.710417 0.723437 0.695833 0.737500 0.695833 0.759375 0.708333 0.768750 0.727083 0.770312 0.695833 0.776563 0.687500 0.767187 0.675000 0.764063 0.654167 0.778125 0.666667 0.787500 0.722917 0.785937 0.735417 0.795313 0.745833 0.795313 0.750000 0.765625 0.743750 0.762500 0.731250 0.770312 0.729167 0.765625 0.735417 0.756250 0.750000 0.754687 0.750000 0.685938 0.756250 0.682813 0.779167 0.689062 0.797917 0.676562
8 0.972917 0.693750 0.927083 0.696875 0.891667 0.693750 0.881250 0.698438 0.847917 0.696875 0.833333 0.687500 0.825000 0.689062 0.804167 0.709375 0.802083 0.757812 0.787500 0.790625 0.787500 0.831250 0.804167 0.834375 0.827083 0.825000 0.879167 0.856250 0.889583 0.850000 0.910417 0.812500 0.937500 0.789062 0.937500 0.770312 0.947917 0.753125 0.975000 0.729688 0.979167 0.698438