1 0.014583 0.026563 0.016667 0.337500 0.293750 0.356250 0.300000 0.292188 0.325000 0.273438 0.425000 0.270312 0.454167 0.287500 0.466667 0.259375 0.670833 0.271875 0.729167 0.287500 0.802083 0.206250 0.687500 0.193750 0.687500 0.148438
1 0.020833 0.346875 0.016667 0.493750 0.375000 0.500000 0.389583 0.495313 0.370833 0.478125 0.370833 0.451562 0.335417 0.446875 0.293750 0.418750 0.310417 0.387500 0.272917 0.368750 0.285417 0.357812
1 0.522917 0.631250 0.016667 0.637500 0.016667 0.743750 0.087500 0.743750 0.100000 0.684375 0.127083 0.687500 0.131250 0.701563 0.195833 0.696875 0.237500 0.709375 0.272917 0.706250 0.289583 0.715625 0.293750 0.732813 0.429167 0.728125 0.439583 0.717188 0.531250 0.681250
1 0.468750 0.782812 0.397917 0.771875 0.016667 0.789062 0.016667 0.987500 0.408333 0.985937 0.379167 0.867188 0.377083 0.807813
2 0.952083 0.145313 0.870833 0.214062 0.856250 0.167187 0.739583 0.289062 0.768750 0.335938 0.735417 0.371875 0.718750 0.445312 0.677083 0.462500 0.704167 0.476562 0.679167 0.493750 0.670833 0.546875 0.693750 0.681250 0.787500 0.681250 0.804167 0.707812 0.897917 0.654688 0.914583 0.692187 0.820833 0.735937 0.902083 0.800000 0.985417 0.796875 0.983333 0.160938
2 0.662500 0.559375 0.658333 0.585938 0.639583 0.607813 0.568750 0.606250 0.560417 0.592188 0.529167 0.621875 0.537500 0.678125 0.564583 0.665625 0.581250 0.667188 0.604167 0.682813 0.618750 0.676562 0.689583 0.678125
5 0.727083 0.381250 0.641667 0.339063 0.625000 0.381250 0.602083 0.389062 0.558333 0.385938 0.539583 0.404687 0.514583 0.406250 0.500000 0.415625 0.493750 0.450000 0.506250 0.471875 0.614583 0.468750 0.693750 0.484375 0.693750 0.478125 0.627083 0.462500 0.708333 0.434375 0.608333 0.460938 0.589583 0.454688 0.637500 0.396875 0.652083 0.353125 0.729167 0.389062
5 0.906250 0.679688 0.893750 0.670313 0.777083 0.732813 0.708333 0.710938 0.725000 0.696875 0.754167 0.695312 0.783333 0.725000 0.789583 0.704687 0.775000 0.689062 0.602083 0.690625 0.570833 0.673437 0.437500 0.721875 0.422917 0.753125 0.445833 0.771875 0.491667 0.782812 0.541667 0.779688 0.570833 0.800000 0.656250 0.765625 0.814583 0.751562 0.806250 0.732813 0.900000 0.690625
5 0.837500 0.865625 0.812500 0.875000 0.793750 0.898438 0.779167 0.907812 0.752083 0.904688 0.758333 0.965625 0.762500 0.973437 0.779167 0.987500 0.872917 0.985937
7 0.012500 0.014062 0.610417 0.135937 0.733333 0.146875 0.812500 0.131250 0.854167 0.073437 0.795833 0.015625
8 0.985417 0.015625 0.962500 0.010937 0.972917 0.018750 0.972917 0.031250 0.895833 0.104687 0.893750 0.096875 0.962500 0.032812 0.964583 0.025000 0.956250 0.014062 0.895833 0.014062 0.906250 0.020312 0.902083 0.045313 0.868750 0.067188 0.870833 0.084375 0.885417 0.087500 0.868750 0.089062 0.858333 0.081250 0.868750 0.107813 0.889583 0.134375 0.900000 0.131250 0.989583 0.056250
8 0.941667 0.126563 0.925000 0.120312 0.897917 0.140625 0.879167 0.140625 0.875000 0.145313 0.858333 0.145313 0.868750 0.175000 0.870833 0.176563 0.872917 0.175000 0.902083 0.175000 0.906250 0.173438 0.916667 0.159375 0.941667 0.132812
8 0.472917 0.268750 0.477083 0.284375 0.472917 0.293750 0.506250 0.321875 0.516667 0.337500 0.506250 0.401563 0.535417 0.400000 0.560417 0.375000 0.572917 0.384375 0.591667 0.384375 0.622917 0.375000 0.627083 0.348437 0.620833 0.332812 0.637500 0.317187 0.631250 0.306250 0.618750 0.304688 0.602083 0.281250 0.589583 0.281250 0.552083 0.270312
8 0.610417 0.278125 0.614583 0.285937 0.631250 0.282813 0.702083 0.285937 0.720833 0.295312 0.754167 0.318750 0.754167 0.328125 0.745833 0.345313 0.733333 0.354688 0.733333 0.359375 0.743750 0.362500 0.752083 0.356250 0.764583 0.334375 0.756250 0.312500 0.731250 0.292188 0.702083 0.279687 0.670833 0.273438 0.645833 0.273438
8 0.422917 0.281250 0.377083 0.278125 0.345833 0.285937 0.333333 0.281250 0.316667 0.295312 0.329167 0.342187 0.350000 0.368750 0.358333 0.390625 0.368750 0.403125 0.406250 0.396875 0.427083 0.389062 0.429167 0.378125 0.391667 0.329688 0.420833 0.306250
8 0.458333 0.292188 0.435417 0.298438 0.400000 0.328125 0.431250 0.365625 0.433333 0.392188 0.393750 0.410937 0.364583 0.406250 0.339583 0.387500 0.304167 0.415625 0.375000 0.446875 0.404167 0.434375 0.456250 0.432813 0.447917 0.439063 0.472917 0.442187 0.481250 0.453125 0.406250 0.437500 0.383333 0.454688 0.381250 0.471875 0.406250 0.500000 0.491667 0.529688 0.560417 0.532812 0.608333 0.512500 0.627083 0.484375 0.610417 0.476562 0.514583 0.481250 0.481250 0.453125 0.510417 0.335938
8 0.556250 0.546875 0.556250 0.556250 0.545833 0.562500 0.558333 0.571875 0.558333 0.576563 0.562500 0.581250 0.564583 0.592188 0.568750 0.598437 0.641667 0.598437 0.650000 0.589063 0.654167 0.579687 0.654167 0.557813 0.656250 0.556250 0.654167 0.548437 0.645833 0.546875
8 0.095833 0.742188 0.285417 0.734375 0.283333 0.717188 0.225000 0.714063 0.197917 0.706250 0.158333 0.706250 0.102083 0.710938
8 0.883333 0.785937 0.839583 0.757812 0.656250 0.773438 0.575000 0.801562 0.568750 0.887500 0.583333 0.921875 0.614583 0.912500 0.570833 0.957812 0.535417 0.928125 0.547917 0.918750 0.572917 0.929688 0.547917 0.790625 0.387500 0.810938 0.418750 0.985937 0.468750 0.987500 0.531250 0.928125 0.479167 0.984375 0.641667 0.982813 0.625000 0.926562 0.658333 0.984375 0.762500 0.984375 0.743750 0.901563 0.787500 0.893750 0.887500 0.812500