1 0.014583 0.014062 0.016667 0.989062 0.983333 0.989062 0.985417 0.818750 0.845833 0.782812 0.033333 0.759375 0.097917 0.014062
1 0.106250 0.018750 0.047917 0.753125 0.727083 0.754687 0.725000 0.728125 0.441667 0.726562 0.439583 0.706250 0.339583 0.696875 0.350000 0.581250 0.439583 0.575000 0.429167 0.096875 0.362500 0.084375 0.356250 0.017188
2 0.987500 0.498437 0.789583 0.562500 0.779167 0.582812 0.781250 0.593750 0.822917 0.604688 0.822917 0.651563 0.843750 0.673437 0.843750 0.732813 0.864583 0.745313 0.868750 0.760938 0.860417 0.778125 0.985417 0.812500
3 0.635417 0.564062 0.635417 0.570312 0.647917 0.573438 0.652083 0.589063 0.639583 0.614062 0.652083 0.610937 0.664583 0.615625 0.660417 0.664062 0.639583 0.665625 0.637500 0.698438 0.693750 0.710938 0.733333 0.709375 0.735417 0.648438 0.814583 0.645312 0.814583 0.609375 0.735417 0.604688 0.725000 0.554688 0.681250 0.553125
4 0.987500 0.012500 0.610417 0.014062 0.568750 0.120312 0.625000 0.546875 0.614583 0.520312 0.595833 0.526563 0.587500 0.504687 0.522917 0.473437 0.510417 0.442187 0.508333 0.567187 0.631250 0.567187 0.631250 0.548437 0.783333 0.557813 0.989583 0.481250
4 0.460417 0.059375 0.443750 0.092188 0.445833 0.576563 0.460417 0.612500 0.631250 0.615625 0.618750 0.603125 0.547917 0.603125 0.545833 0.573438 0.500000 0.571875 0.504167 0.429688 0.485417 0.335938 0.495833 0.260938 0.479167 0.206250 0.497917 0.165625 0.493750 0.112500 0.556250 0.109375 0.575000 0.071875
4 0.550000 0.117188 0.525000 0.117188 0.522917 0.115625 0.502083 0.115625 0.502083 0.134375 0.504167 0.135937 0.504167 0.157813 0.506250 0.157813 0.516667 0.150000 0.516667 0.148438 0.541667 0.128125 0.541667 0.126563 0.552083 0.118750
4 0.506250 0.259375 0.506250 0.321875 0.516667 0.321875 0.527083 0.317187 0.545833 0.317187 0.547917 0.314063 0.537500 0.310937 0.533333 0.307813 0.533333 0.276563 0.535417 0.275000 0.535417 0.265625 0.537500 0.264062 0.535417 0.262500 0.535417 0.259375 0.529167 0.264062
7 0.370833 0.081250 0.439583 0.084375 0.452083 0.068750 0.454167 0.054688 0.585417 0.067188 0.602083 0.021875 0.512500 0.012500 0.368750 0.015625
7 0.170833 0.146875 0.154167 0.542188 0.395833 0.546875 0.408333 0.159375
7 0.556250 0.573438 0.556250 0.595312 0.558333 0.598437 0.629167 0.598437 0.631250 0.600000 0.639583 0.600000 0.645833 0.596875 0.643750 0.575000 0.641667 0.573438
7 0.362500 0.584375 0.352083 0.693750 0.445833 0.698438 0.452083 0.653125 0.618750 0.653125 0.658333 0.659375 0.658333 0.615625 0.643750 0.614062 0.641667 0.620313 0.456250 0.617188 0.447917 0.584375
7 0.037500 0.940625 0.483333 0.912500 0.456250 0.837500 0.464583 0.834375 0.431250 0.784375 0.193750 0.785937 0.164583 0.831250 0.400000 0.834375 0.135417 0.842188 0.079167 0.884375
7 0.514583 0.982813 0.493750 0.950000 0.029167 0.956250 0.018750 0.973437 0.018750 0.984375
8 0.558333 0.118750 0.497917 0.176563 0.489583 0.225000 0.493750 0.248437 0.527083 0.259375 0.539583 0.251563 0.543750 0.306250 0.579167 0.309375 0.539583 0.323438 0.502083 0.325000 0.493750 0.337500 0.522917 0.468750 0.545833 0.485938 0.604167 0.504687 0.616667 0.503125 0.589583 0.307813 0.577083 0.307813 0.589583 0.301562 0.575000 0.223438 0.539583 0.246875 0.547917 0.231250 0.579167 0.214062
8 0.729167 0.717188 0.731250 0.743750 0.752083 0.770312 0.766667 0.778125 0.820833 0.778125 0.852083 0.773438 0.856250 0.768750 0.856250 0.760938 0.850000 0.746875 0.843750 0.746875 0.827083 0.753125 0.802083 0.735937 0.785417 0.731250 0.775000 0.721875 0.781250 0.704687 0.768750 0.703125 0.764583 0.706250 0.760417 0.700000 0.754167 0.698438
8 0.929167 0.717188 0.929167 0.723437 0.925000 0.731250 0.925000 0.737500 0.918750 0.745313 0.914583 0.756250 0.908333 0.762500 0.908333 0.779688 0.922917 0.785937 0.939583 0.787500 0.943750 0.785937 0.945833 0.757812 0.947917 0.756250 0.947917 0.742188 0.950000 0.740625 0.950000 0.726562 0.952083 0.725000 0.945833 0.717188