1 0.018750 0.157813 0.016667 0.273438 0.445833 0.304688 0.016667 0.279687 0.018750 0.535937 0.158333 0.543750 0.162500 0.521875 0.372917 0.531250 0.420833 0.368750 0.491667 0.290625 0.316667 0.281250 0.310417 0.239063 0.308333 0.273438 0.029167 0.254687 0.045833 0.157813
1 0.043750 0.195312 0.110417 0.198437 0.131250 0.207813 0.143750 0.201562 0.193750 0.203125 0.202083 0.209375 0.227083 0.214062 0.229167 0.209375 0.283333 0.214062 0.291667 0.218750 0.287500 0.185937 0.277083 0.179688 0.252083 0.175000 0.222917 0.175000 0.208333 0.181250 0.175000 0.167187 0.152083 0.167187 0.133333 0.173438 0.110417 0.162500 0.072917 0.160938 0.052083 0.170312
1 0.027083 0.234375 0.031250 0.245312 0.302083 0.264062 0.300000 0.234375 0.281250 0.217187 0.235417 0.215625 0.225000 0.223438 0.202083 0.221875 0.193750 0.207813 0.143750 0.207813 0.135417 0.214062 0.125000 0.214062 0.102083 0.201562 0.054167 0.201562 0.050000 0.206250 0.035417 0.207813
1 0.452083 0.234375 0.452083 0.240625 0.450000 0.242188 0.450000 0.248437 0.447917 0.250000 0.445833 0.264062 0.464583 0.264062 0.466667 0.265625 0.487500 0.265625 0.489583 0.267188 0.510417 0.267188 0.514583 0.268750 0.514583 0.267188 0.520833 0.262500 0.514583 0.254687 0.514583 0.251563 0.510417 0.246875 0.510417 0.243750 0.506250 0.237500 0.502083 0.235938
1 0.016667 0.554688 0.014583 0.678125 0.193750 0.670313 0.191667 0.989062 0.239583 0.985937 0.235417 0.621875 0.158333 0.618750 0.158333 0.550000
1 0.016667 0.684375 0.014583 0.689062 0.170833 0.685938 0.156250 0.987500 0.183333 0.989062 0.189583 0.676562
2 0.514583 0.018750 0.487500 0.131250 0.518750 0.135937 0.533333 0.157813 0.477083 0.165625 0.477083 0.178125 0.520833 0.181250 0.531250 0.212500 0.545833 0.162500 0.568750 0.145313 0.708333 0.153125 0.985417 0.426562 0.985417 0.015625 0.800000 0.017188 0.731250 0.165625 0.575000 0.015625
2 0.591667 0.015625 0.731250 0.156250 0.789583 0.015625
3 0.316667 0.121875 0.308333 0.162500 0.322917 0.187500 0.320833 0.275000 0.497917 0.285937 0.522917 0.278125 0.514583 0.271875 0.437500 0.267188 0.445833 0.226562 0.529167 0.231250 0.531250 0.223438 0.452083 0.215625 0.447917 0.204688 0.520833 0.206250 0.441667 0.193750 0.422917 0.151562 0.433333 0.146875 0.520833 0.159375 0.520833 0.145313
4 0.520833 0.281250 0.454167 0.326562 0.362500 0.618750 0.431250 0.987500 0.770833 0.985937 0.847917 0.932813 0.747917 0.754687 0.739583 0.706250 0.693750 0.715625 0.616667 0.676562 0.529167 0.478125 0.508333 0.353125 0.547917 0.337500
4 0.268750 0.590625 0.245833 0.600000 0.250000 0.978125 0.252083 0.987500 0.320833 0.989062 0.295833 0.865625 0.304167 0.828125 0.283333 0.739062 0.285417 0.631250 0.339583 0.628125 0.356250 0.618750 0.360417 0.590625
4 0.337500 0.635938 0.295833 0.635938 0.295833 0.648438 0.297917 0.650000 0.297917 0.664062 0.300000 0.665625 0.300000 0.679688 0.308333 0.671875 0.308333 0.667188 0.310417 0.665625 0.310417 0.662500 0.325000 0.651563 0.325000 0.648438 0.327083 0.646875 0.329167 0.642187
4 0.335417 0.767187 0.322917 0.771875 0.310417 0.771875 0.310417 0.787500 0.312500 0.789062 0.312500 0.807813 0.314583 0.809375 0.314583 0.826563 0.316667 0.829687 0.322917 0.829687 0.325000 0.831250 0.329167 0.828125 0.331250 0.828125 0.331250 0.826563 0.337500 0.821875 0.339583 0.821875 0.339583 0.818750 0.337500 0.817187 0.337500 0.790625 0.335417 0.789062
5 0.570833 0.151562 0.525000 0.271875 0.856250 0.942187 0.891667 0.960938 0.989583 0.956250 0.989583 0.448438 0.722917 0.168750
7 0.029167 0.357812 0.043750 0.459375 0.239583 0.459375 0.241667 0.367188
7 0.168750 0.531250 0.168750 0.565625 0.162500 0.567187 0.162500 0.575000 0.170833 0.576563 0.170833 0.614062 0.241667 0.615625 0.241667 0.601562 0.250000 0.585938 0.370833 0.585938 0.375000 0.559375 0.252083 0.554688 0.247917 0.550000 0.247917 0.526563 0.177083 0.526563
7 0.166667 0.687500 0.016667 0.692187 0.014583 0.989062 0.152083 0.989062
8 0.306250 0.181250 0.304167 0.182812 0.302083 0.182812 0.302083 0.185937 0.300000 0.187500 0.300000 0.228125 0.306250 0.228125 0.310417 0.231250 0.310417 0.226562 0.312500 0.225000 0.312500 0.221875 0.314583 0.220313 0.314583 0.214062 0.316667 0.212500 0.316667 0.200000 0.318750 0.198437 0.318750 0.196875 0.316667 0.195312 0.316667 0.185937 0.310417 0.181250
8 0.547917 0.345313 0.518750 0.354688 0.514583 0.370313 0.541667 0.478125 0.625000 0.671875 0.660417 0.684375 0.702083 0.712500 0.737500 0.695312 0.714583 0.676562 0.710417 0.653125 0.566667 0.359375
8 0.360417 0.628125 0.322917 0.659375 0.291667 0.710938 0.300000 0.760938 0.339583 0.756250 0.350000 0.814062 0.372917 0.806250 0.381250 0.817187 0.306250 0.840625 0.316667 0.945312 0.329167 0.956250 0.333333 0.985937 0.425000 0.985937 0.431250 0.970312 0.377083 0.723437 0.352083 0.740625 0.377083 0.717188