1 0.016667 0.228125 0.016667 0.557813 0.675000 0.539062 0.666667 0.518750 0.631250 0.507812 0.625000 0.464063 0.639583 0.439063 0.683333 0.432813 0.685417 0.378125 0.452083 0.371875 0.447917 0.301562 0.362500 0.306250 0.295833 0.293750 0.291667 0.331250 0.189583 0.328125 0.168750 0.303125 0.172917 0.228125
1 0.018750 0.562500 0.014583 0.982813 0.708333 0.921875 0.695833 0.900000 0.152083 0.935938 0.177083 0.815625 0.422917 0.809375 0.425000 0.787500 0.131250 0.809375 0.145833 0.751562 0.095833 0.753125 0.031250 0.846875 0.087500 0.748438 0.066667 0.560938
1 0.425000 0.812500 0.356250 0.807813 0.187500 0.820312 0.177083 0.864062 0.214583 0.862500 0.172917 0.878125 0.160417 0.925000 0.447917 0.901563 0.435417 0.853125 0.385417 0.851562 0.358333 0.864062 0.325000 0.857813 0.266667 0.871875 0.227083 0.859375 0.431250 0.848437
1 0.704167 0.929688 0.043750 0.987500 0.654167 0.987500 0.670833 0.954687
2 0.987500 0.371875 0.695833 0.379687 0.693750 0.407813 0.933333 0.431250 0.900000 0.765625 0.672917 0.618750 0.635417 0.543750 0.610417 0.542188 0.600000 0.731250 0.662500 0.734375 0.658333 0.750000 0.604167 0.753125 0.668750 0.782812 0.681250 0.815625 0.710417 0.815625 0.731250 0.789062 0.914583 0.776563 0.987500 0.831250
2 0.687500 0.412500 0.689583 0.440625 0.706250 0.442187 0.725000 0.456250 0.716667 0.514063 0.685417 0.518750 0.683333 0.618750 0.895833 0.757812 0.927083 0.432813
2 0.693750 0.842188 0.693750 0.843750 0.695833 0.845312 0.695833 0.846875 0.697917 0.848437 0.697917 0.850000 0.700000 0.851562 0.700000 0.853125 0.702083 0.854688 0.702083 0.856250 0.706250 0.859375 0.706250 0.860937 0.708333 0.862500 0.708333 0.864062 0.710417 0.865625 0.710417 0.867188 0.712500 0.868750 0.712500 0.870313 0.714583 0.871875 0.714583 0.873438 0.714583 0.840625 0.706250 0.840625 0.704167 0.842188
3 0.452083 0.278125 0.462500 0.365625 0.985417 0.364062 0.989583 0.106250 0.629167 0.082813 0.604167 0.100000 0.610417 0.245312 0.585417 0.265625 0.514583 0.285937
3 0.654167 0.734375 0.441667 0.745313 0.470833 0.910937 0.710417 0.892187 0.712500 0.879687 0.595833 0.881250 0.597917 0.842188 0.714583 0.834375 0.714583 0.821875 0.597917 0.823438 0.587500 0.800000 0.658333 0.796875 0.658333 0.784375 0.575000 0.789062 0.547917 0.750000 0.652083 0.745313
4 0.754167 0.984375 0.710417 0.939062 0.697917 0.948438 0.697917 0.950000 0.677083 0.964063 0.668750 0.987500 0.675000 0.987500 0.677083 0.985937 0.754167 0.985937
5 0.910417 0.784375 0.722917 0.798437 0.716667 0.926562 0.762500 0.985937 0.985417 0.985937 0.985417 0.839063
7 0.014583 0.207813 0.031250 0.217187 0.391667 0.229687 0.460417 0.081250 0.014583 0.056250
7 0.183333 0.234375 0.181250 0.303125 0.197917 0.318750 0.283333 0.321875 0.287500 0.281250 0.312500 0.292188 0.350000 0.296875 0.456250 0.292188 0.445833 0.278125 0.385417 0.264062 0.337500 0.264062 0.322917 0.268750 0.297917 0.265625 0.297917 0.276563 0.289583 0.278125 0.291667 0.239063
7 0.579167 0.545313 0.093750 0.559375 0.112500 0.735937 0.581250 0.710938
8 0.468750 0.093750 0.435417 0.146875 0.437500 0.257812 0.445833 0.264062 0.531250 0.271875 0.558333 0.267188 0.591667 0.251563 0.602083 0.237500 0.606250 0.101562
8 0.643750 0.446875 0.637500 0.456250 0.637500 0.468750 0.635417 0.470313 0.635417 0.492188 0.637500 0.493750 0.639583 0.506250 0.643750 0.509375 0.658333 0.509375 0.675000 0.514063 0.695833 0.514063 0.704167 0.510938 0.710417 0.510938 0.712500 0.485938 0.714583 0.484375 0.714583 0.473437 0.716667 0.471875 0.716667 0.457812 0.687500 0.445312 0.650000 0.445312