1 0.012500 0.014062 0.016667 0.384375 0.068750 0.339063 0.081250 0.387500 0.045833 0.432813 0.087500 0.501562 0.072917 0.523438 0.056250 0.518750 0.050000 0.534375 0.068750 0.540625 0.045833 0.575000 0.070833 0.600000 0.400000 0.606250 0.383333 0.514063 0.404167 0.495313 0.435417 0.015625
1 0.445833 0.020312 0.441667 0.089062 0.470833 0.082813 0.525000 0.095312 0.735417 0.107813 0.695833 0.101562 0.670833 0.089062 0.681250 0.023438 0.689583 0.015625
1 0.275000 0.712500 0.520833 0.715625 0.547917 0.612500 0.400000 0.610937
1 0.054167 0.653125 0.102083 0.823438 0.308333 0.821875 0.310417 0.740625 0.454167 0.743750 0.443750 0.821875 0.539583 0.823438 0.558333 0.770312 0.583333 0.784375 0.729167 0.787500 0.733333 0.778125 0.645833 0.757812 0.562500 0.756250 0.537500 0.768750 0.527083 0.804688 0.470833 0.803125 0.483333 0.764063 0.531250 0.767187 0.512500 0.740625 0.256250 0.740625 0.081250 0.617188
1 0.014583 0.635938 0.014583 0.984375 0.027083 0.985937 0.095833 0.825000 0.050000 0.659375
1 0.520833 0.825000 0.100000 0.829687 0.033333 0.989062 0.191667 0.989062 0.220833 0.876562 0.522917 0.871875 0.512500 0.860937
2 0.883333 0.014062 0.870833 0.078125 0.858333 0.101562 0.835417 0.117188 0.843750 0.128125 0.833333 0.146875 0.931250 0.223438 0.985417 0.221875 0.985417 0.014062
2 0.987500 0.510938 0.881250 0.710938 0.914583 0.734375 0.920833 0.768750 0.758333 0.778125 0.781250 0.798437 0.825000 0.806250 0.725000 0.854688 0.783333 0.879687 0.737500 0.890625 0.745833 0.923437 0.850000 0.906250 0.864583 0.928125 0.745833 0.951563 0.754167 0.971875 0.987500 0.987500
3 0.575000 0.509375 0.572917 0.509375 0.562500 0.517187 0.562500 0.521875 0.566667 0.528125 0.564583 0.529688 0.562500 0.545313 0.552083 0.567187 0.552083 0.584375 0.547917 0.587500 0.554167 0.593750 0.554167 0.587500 0.556250 0.585938 0.556250 0.581250 0.560417 0.573438 0.560417 0.567187 0.562500 0.565625 0.564583 0.553125 0.568750 0.545313 0.568750 0.539062 0.572917 0.531250 0.572917 0.525000 0.577083 0.517187 0.575000 0.515625
4 0.456250 0.092188 0.435417 0.428125 0.508333 0.432813 0.481250 0.332812 0.506250 0.293750 0.477083 0.276563 0.516667 0.150000 0.556250 0.125000 0.643750 0.137500 0.520833 0.756250 0.908333 0.764063 0.862500 0.714063 0.989583 0.484375 0.981250 0.229687 0.929167 0.228125 0.797917 0.139062 0.647917 0.137500 0.818750 0.142188 0.825000 0.121875
5 0.810417 0.806250 0.679167 0.835938 0.552083 0.815625 0.558333 0.920313 0.662500 0.929688 0.664583 0.946875 0.629167 0.950000 0.608333 0.981250 0.637500 0.953125 0.662500 0.950000 0.668750 0.978125 0.622917 0.981250 0.812500 0.987500 0.704167 0.981250 0.689583 0.953125 0.856250 0.918750 0.720833 0.935938 0.708333 0.878125 0.772917 0.875000 0.708333 0.878125 0.697917 0.834375
6 0.547917 0.809375 0.581250 0.815625 0.579167 0.792188 0.629167 0.796875 0.631250 0.801562 0.620833 0.820312 0.641667 0.796875 0.762500 0.795313 0.762500 0.792188 0.577083 0.787500 0.575000 0.773438 0.558333 0.771875
6 0.560417 0.926562 0.556250 0.942187 0.552083 0.948438 0.552083 0.959375 0.554167 0.960938 0.554167 0.965625 0.558333 0.962500 0.568750 0.962500 0.570833 0.964063 0.575000 0.971875 0.575000 0.984375 0.604167 0.985937 0.606250 0.987500 0.604167 0.985937 0.604167 0.979688 0.602083 0.978125 0.602083 0.967188 0.600000 0.965625 0.600000 0.953125 0.597917 0.951563 0.595833 0.929688 0.575000 0.928125 0.572917 0.926562
7 0.389583 0.514063 0.389583 0.521875 0.393750 0.525000 0.456250 0.548437 0.458333 0.540625 0.472917 0.523438 0.487500 0.528125 0.550000 0.525000 0.554167 0.518750 0.552083 0.512500 0.535417 0.512500 0.510417 0.504687 0.489583 0.506250 0.475000 0.512500 0.468750 0.510938 0.466667 0.506250 0.470833 0.501562 0.470833 0.484375 0.464583 0.479688 0.397917 0.500000
7 0.310417 0.742188 0.310417 0.823438 0.441667 0.825000 0.454167 0.745313
7 0.179167 0.751562 0.183333 0.806250 0.287500 0.807813 0.291667 0.754687 0.293750 0.753125 0.281250 0.751562
7 0.483333 0.765625 0.481250 0.775000 0.477083 0.781250 0.477083 0.785937 0.475000 0.787500 0.475000 0.790625 0.470833 0.796875 0.470833 0.801562 0.520833 0.801562 0.522917 0.803125 0.527083 0.803125 0.529167 0.790625 0.531250 0.789062 0.533333 0.776563 0.535417 0.775000 0.535417 0.768750 0.518750 0.768750 0.516667 0.767187
7 0.531250 0.879687 0.456250 0.876562 0.231250 0.882812 0.208333 0.989062 0.550000 0.985937 0.541667 0.957812 0.531250 0.950000
8 0.700000 0.015625 0.697917 0.025000 0.727083 0.026563 0.718750 0.084375 0.710417 0.084375 0.718750 0.031250 0.689583 0.031250 0.677083 0.084375 0.700000 0.084375 0.702083 0.092188 0.735417 0.090625 0.758333 0.020312 0.741667 0.090625 0.764583 0.095312 0.787500 0.015625 0.762500 0.015625 0.760417 0.021875 0.758333 0.015625
8 0.806250 0.015625 0.800000 0.015625 0.795833 0.031250 0.783333 0.059375 0.781250 0.070312 0.772917 0.087500 0.772917 0.092188 0.775000 0.093750 0.779167 0.093750 0.793750 0.100000 0.793750 0.095312 0.797917 0.089062 0.797917 0.084375 0.804167 0.073437 0.804167 0.068750 0.808333 0.062500 0.808333 0.057813 0.812500 0.051562 0.812500 0.046875 0.822917 0.023438 0.822917 0.018750 0.816667 0.018750
8 0.554167 0.135937 0.522917 0.153125 0.508333 0.287500 0.535417 0.307813 0.514583 0.301562 0.506250 0.307813 0.489583 0.410937 0.522917 0.440625 0.572917 0.459375 0.604167 0.332812 0.537500 0.310937 0.602083 0.323438 0.635417 0.157813 0.620833 0.146875 0.591667 0.150000 0.572917 0.137500
8 0.068750 0.348437 0.016667 0.395312 0.014583 0.626562 0.047917 0.651563 0.070833 0.617188 0.064583 0.600000 0.039583 0.575000 0.058333 0.543750 0.041667 0.534375 0.056250 0.510938 0.077083 0.518750 0.081250 0.498437 0.064583 0.462500 0.037500 0.429688 0.068750 0.392188
8 0.531250 0.467187 0.531250 0.478125 0.533333 0.479688 0.535417 0.487500 0.539583 0.492188 0.539583 0.500000 0.541667 0.501562 0.541667 0.503125 0.556250 0.512500 0.566667 0.504687 0.568750 0.504687 0.568750 0.503125 0.572917 0.500000 0.572917 0.492188 0.570833 0.490625 0.570833 0.489062 0.558333 0.479688 0.558333 0.473437 0.556250 0.471875 0.556250 0.465625 0.554167 0.467187
8 0.497917 0.535937 0.497917 0.542188 0.504167 0.546875 0.506250 0.546875 0.510417 0.550000 0.527083 0.550000 0.529167 0.551562 0.535417 0.551562 0.537500 0.553125 0.545833 0.553125 0.547917 0.551562 0.550000 0.551562 0.554167 0.548437 0.554167 0.534375 0.552083 0.532812 0.522917 0.532812 0.520833 0.534375 0.502083 0.534375 0.500000 0.535937
8 0.466667 0.557813 0.466667 0.559375 0.472917 0.559375 0.475000 0.560938 0.485417 0.560938 0.493750 0.564062 0.497917 0.567187 0.502083 0.573438 0.510417 0.576563 0.514583 0.576563 0.520833 0.579687 0.537500 0.579687 0.539583 0.581250 0.545833 0.576563 0.545833 0.560938 0.537500 0.557813 0.531250 0.557813 0.529167 0.556250 0.522917 0.556250 0.520833 0.554688 0.512500 0.554688 0.504167 0.551562 0.479167 0.551562 0.470833 0.554688
8 0.529167 0.826563 0.527083 0.828125 0.527083 0.848437 0.522917 0.851562 0.522917 0.857813 0.529167 0.864062 0.529167 0.867188 0.531250 0.868750 0.531250 0.873438 0.533333 0.875000 0.539583 0.875000 0.541667 0.876562 0.547917 0.876562 0.550000 0.878125 0.550000 0.876562 0.554167 0.871875 0.554167 0.870313 0.552083 0.868750 0.552083 0.846875 0.550000 0.845312 0.550000 0.826563
8 0.539583 0.885938 0.539583 0.889063 0.537500 0.890625 0.537500 0.945312 0.543750 0.940625 0.543750 0.939062 0.550000 0.932813 0.550000 0.929688 0.554167 0.925000 0.552083 0.923437 0.552083 0.920313 0.550000 0.918750 0.550000 0.915625 0.547917 0.914062 0.547917 0.910937 0.545833 0.909375 0.545833 0.892187