1 0.014583 0.010937 0.016667 0.121875 0.116667 0.134375 0.079167 0.010937
1 0.018750 0.131250 0.018750 0.823438 0.568750 0.800000 0.312500 0.781250 0.202083 0.803125 0.225000 0.739062 0.289583 0.762500 0.572917 0.765625 0.570833 0.707812 0.452083 0.703125 0.416667 0.679688 0.454167 0.596875 0.550000 0.592188 0.275000 0.559375 0.300000 0.326562 0.481250 0.300000 0.435417 0.270312 0.085417 0.229687 0.108333 0.142188
1 0.531250 0.335938 0.525000 0.542188 0.533333 0.551562 0.625000 0.554688 0.620833 0.343750
1 0.527083 0.625000 0.525000 0.626562 0.525000 0.654688 0.522917 0.656250 0.522917 0.682813 0.545833 0.682813 0.550000 0.684375 0.550000 0.679688 0.547917 0.678125 0.547917 0.625000
1 0.612500 0.629687 0.612500 0.678125 0.654167 0.676562 0.654167 0.673437 0.652083 0.671875 0.652083 0.631250 0.647917 0.631250 0.645833 0.629687
1 0.622917 0.835938 0.606250 0.828125 0.464583 0.848437 0.437500 0.829687 0.033333 0.835938 0.014583 0.984375 0.516667 0.985937 0.458333 0.954687 0.450000 0.915625 0.504167 0.887500 0.627083 0.848437
2 0.627083 0.051562 0.606250 0.076563 0.589583 0.071875 0.577083 0.071875 0.581250 0.134375 0.583333 0.137500 0.637500 0.145313 0.641667 0.079687 0.645833 0.056250
2 0.981250 0.346875 0.912500 0.393750 0.941667 0.407813 0.933333 0.417188 0.722917 0.410937 0.675000 0.381250 0.675000 0.546875 0.702083 0.570312 0.664583 0.585938 0.720833 0.614062 0.666667 0.618750 0.677083 0.628125 0.656250 0.632812 0.662500 0.684375 0.985417 0.682813
4 0.550000 0.017188 0.543750 0.026563 0.650000 0.046875 0.660417 0.351562 0.720833 0.404687 0.939583 0.410937 0.931250 0.401563 0.877083 0.398438 0.979167 0.334375 0.987500 0.014062
5 0.702083 0.598437 0.597917 0.598437 0.527083 0.617188 0.445833 0.617188 0.433333 0.626562 0.433333 0.678125 0.445833 0.693750 0.556250 0.692187 0.600000 0.700000 0.579167 0.804688 0.443750 0.815625 0.491667 0.843750 0.597917 0.825000 0.625000 0.807813 0.654167 0.710938 0.704167 0.690625 0.608333 0.678125 0.608333 0.615625
6 0.504167 0.285937 0.483333 0.320312 0.493750 0.323438 0.479167 0.440625 0.489583 0.462500 0.475000 0.579687 0.656250 0.585938 0.664583 0.576563 0.695833 0.578125 0.700000 0.567187 0.672917 0.564062 0.672917 0.376563 0.654167 0.343750 0.654167 0.310937 0.633333 0.334375 0.525000 0.321875 0.533333 0.303125 0.647917 0.309375 0.656250 0.303125 0.514583 0.293750
7 0.135417 0.107813 0.100000 0.225000 0.656250 0.273438 0.641667 0.154687
7 0.318750 0.326562 0.314583 0.429688 0.479167 0.435937 0.487500 0.326562
7 0.304167 0.456250 0.297917 0.553125 0.481250 0.557813 0.485417 0.462500 0.335417 0.454688
7 0.231250 0.753125 0.231250 0.796875 0.256250 0.778125 0.300000 0.781250 0.318750 0.776563 0.579167 0.775000 0.545833 0.771875 0.275000 0.775000 0.254167 0.771875
8 0.462500 0.915625 0.468750 0.945312 0.529167 0.985937 0.958333 0.989062 0.958333 0.979688 0.987500 0.987500 0.987500 0.690625 0.754167 0.682813 0.685417 0.706250 0.685417 0.742188 0.727083 0.717188 0.716667 0.740625 0.647917 0.759375 0.635417 0.775000 0.631250 0.835938 0.643750 0.864062 0.556250 0.876562