1 0.018750 0.039062 0.016667 0.232812 0.454167 0.250000 0.406250 0.231250 0.385417 0.214062 0.377083 0.187500 0.347917 0.171875 0.352083 0.078125 0.287500 0.070312 0.281250 0.057813
1 0.018750 0.239063 0.014583 0.984375 0.222917 0.985937 0.250000 0.939062 0.275000 0.962500 0.347917 0.957812 0.358333 0.907812 0.397917 0.898438 0.347917 0.834375 0.347917 0.771875 0.393750 0.743750 0.347917 0.682813 0.368750 0.567187 0.302083 0.512500 0.268750 0.512500 0.239583 0.545313 0.200000 0.478125 0.239583 0.443750 0.268750 0.470313 0.360417 0.476562 0.370833 0.406250 0.441667 0.410937 0.445833 0.315625 0.481250 0.287500 0.464583 0.254687
2 0.729167 0.287500 0.716667 0.340625 0.764583 0.351562 0.764583 0.371875 0.562500 0.357812 0.558333 0.379687 0.597917 0.426562 0.564583 0.432813 0.562500 0.546875 0.587500 0.550000 0.566667 0.570312 0.604167 0.614062 0.664583 0.637500 0.700000 0.698438 0.718750 0.832812 0.695833 0.987500 0.987500 0.987500 0.985417 0.306250
3 0.989583 0.031250 0.918750 0.117188 0.877083 0.045313 0.897917 0.014062 0.822917 0.014062 0.802083 0.040625 0.752083 0.035937 0.762500 0.085938 0.722917 0.118750 0.700000 0.092188 0.716667 0.015625 0.647917 0.029687 0.610417 0.065625 0.683333 0.071875 0.666667 0.175000 0.591667 0.184375 0.558333 0.245312 0.522917 0.264062 0.489583 0.260938 0.489583 0.300000 0.558333 0.279687 0.893750 0.282813 0.987500 0.296875
3 0.547917 0.321875 0.477083 0.320312 0.470833 0.314063 0.454167 0.320312 0.454167 0.414062 0.508333 0.409375 0.560417 0.418750 0.406250 0.423438 0.400000 0.412500 0.389583 0.417188 0.391667 0.570312 0.414583 0.560938 0.579167 0.559375 0.579167 0.551562 0.554167 0.550000 0.558333 0.425000 0.587500 0.428125 0.587500 0.420312 0.572917 0.418750 0.558333 0.403125 0.520833 0.403125 0.520833 0.332812 0.556250 0.334375
3 0.416667 0.909375 0.393750 0.914062 0.379167 0.910937 0.372917 0.915625 0.379167 0.925000 0.379167 0.937500 0.381250 0.939062 0.379167 0.945312 0.375000 0.948438 0.381250 0.946875 0.387500 0.948438 0.391667 0.965625 0.389583 0.967188 0.389583 0.979688 0.387500 0.981250 0.375000 0.979688 0.379167 0.987500 0.383333 0.985937 0.435417 0.985937 0.429167 0.956250 0.418750 0.935938
4 0.422917 0.567187 0.402083 0.581250 0.416667 0.600000 0.422917 0.679688 0.393750 0.728125 0.412500 0.775000 0.410417 0.868750 0.439583 0.984375 0.685417 0.987500 0.706250 0.801562 0.677083 0.671875 0.637500 0.635938 0.583333 0.607813 0.543750 0.562500
5 0.389583 0.200000 0.389583 0.207813 0.404167 0.223438 0.416667 0.229687 0.441667 0.235938 0.475000 0.248437 0.485417 0.250000 0.485417 0.239063 0.479167 0.232812 0.462500 0.231250 0.460417 0.229687 0.427083 0.228125 0.410417 0.214062 0.412500 0.195312
5 0.564583 0.331250 0.566667 0.346875 0.575000 0.351562 0.614583 0.343750 0.697917 0.362500 0.710417 0.356250 0.758333 0.367188 0.760417 0.360938 0.754167 0.354688 0.706250 0.343750 0.714583 0.282813 0.702083 0.284375 0.697917 0.340625 0.662500 0.331250 0.662500 0.306250 0.695833 0.300000 0.693750 0.293750 0.666667 0.295312 0.664583 0.282813 0.656250 0.284375 0.652083 0.331250 0.620833 0.320312 0.620833 0.282813 0.614583 0.282813 0.612500 0.296875 0.589583 0.309375 0.581250 0.326562
7 0.014583 0.032812 0.289583 0.050000 0.293750 0.014062 0.014583 0.014062
7 0.297917 0.065625 0.356250 0.070312 0.381250 0.026563 0.416667 0.025000 0.431250 0.015625 0.302083 0.014062 0.300000 0.015625
7 0.212500 0.487500 0.216667 0.504687 0.245833 0.535937 0.256250 0.528125 0.256250 0.501562 0.260417 0.498437 0.270833 0.498437 0.283333 0.504687 0.370833 0.498437 0.368750 0.490625 0.364583 0.489062 0.277083 0.485938 0.270833 0.490625 0.260417 0.492188 0.258333 0.471875 0.245833 0.454688
7 0.285417 0.646875 0.079167 0.657812 0.091667 0.796875 0.291667 0.778125
7 0.227083 0.989062 0.266667 0.989062 0.264583 0.987500 0.266667 0.978125 0.272917 0.978125 0.279167 0.982813 0.297917 0.982813 0.312500 0.978125 0.320833 0.978125 0.333333 0.973437 0.356250 0.970312 0.356250 0.962500 0.291667 0.967188 0.275000 0.978125 0.268750 0.978125 0.266667 0.957812 0.250000 0.940625 0.227083 0.978125
8 0.987500 0.010937 0.912500 0.012500 0.904167 0.017188 0.881250 0.040625 0.881250 0.045313 0.918750 0.107813 0.987500 0.026563
8 0.720833 0.012500 0.720833 0.020312 0.729167 0.023438 0.733333 0.023438 0.743750 0.028125 0.747917 0.028125 0.754167 0.031250 0.758333 0.031250 0.764583 0.034375 0.768750 0.034375 0.770833 0.032812 0.806250 0.032812 0.808333 0.023438 0.812500 0.017188 0.812500 0.014062 0.806250 0.014062 0.804167 0.012500
8 0.391667 0.026563 0.364583 0.065625 0.362500 0.173438 0.402083 0.181250 0.416667 0.167187 0.595833 0.179688 0.662500 0.168750 0.672917 0.071875 0.406250 0.060938 0.379167 0.089062 0.402083 0.056250 0.450000 0.057813 0.452083 0.028125
8 0.741667 0.037500 0.743750 0.060938 0.735417 0.087500 0.735417 0.098438 0.733333 0.100000 0.727083 0.095312 0.722917 0.084375 0.722917 0.064062 0.731250 0.042188 0.720833 0.039062 0.708333 0.059375 0.708333 0.070312 0.704167 0.075000 0.706250 0.095312 0.712500 0.104687 0.722917 0.112500 0.741667 0.110937 0.750000 0.103125 0.750000 0.093750 0.756250 0.079687 0.752083 0.053125
8 0.506250 0.176563 0.489583 0.193750 0.489583 0.200000 0.487500 0.201562 0.487500 0.251563 0.531250 0.254687 0.533333 0.256250 0.560417 0.240625 0.558333 0.234375 0.558333 0.181250 0.556250 0.179688
8 0.558333 0.281250 0.550000 0.285937 0.547917 0.285937 0.539583 0.292188 0.539583 0.296875 0.541667 0.298438 0.541667 0.303125 0.543750 0.304688 0.545833 0.315625 0.550000 0.318750 0.552083 0.318750 0.562500 0.326562 0.572917 0.326562 0.572917 0.325000 0.589583 0.301562 0.587500 0.300000 0.587500 0.296875 0.585417 0.295312 0.585417 0.290625 0.583333 0.289062 0.581250 0.281250
8 0.377083 0.423438 0.377083 0.462500 0.387500 0.470313 0.387500 0.450000 0.389583 0.448438 0.389583 0.425000 0.391667 0.423438
8 0.377083 0.512500 0.377083 0.532812 0.379167 0.534375 0.379167 0.537500 0.381250 0.539062 0.387500 0.539062 0.387500 0.514063 0.389583 0.512500
8 0.347917 0.532812 0.343750 0.537500 0.343750 0.543750 0.352083 0.550000 0.375000 0.550000 0.377083 0.551562 0.377083 0.559375 0.385417 0.565625 0.385417 0.546875 0.387500 0.545313 0.385417 0.543750 0.379167 0.542188 0.379167 0.550000 0.377083 0.551562 0.375000 0.550000 0.375000 0.542188 0.370833 0.539062 0.364583 0.537500 0.358333 0.532812
8 0.385417 0.581250 0.364583 0.609375 0.358333 0.614062 0.360417 0.635938 0.358333 0.682813 0.362500 0.692187 0.387500 0.692187 0.404167 0.698438 0.408333 0.696875 0.408333 0.682813 0.416667 0.653125 0.410417 0.640625 0.410417 0.595312 0.393750 0.581250
8 0.366667 0.759375 0.360417 0.765625 0.360417 0.781250 0.356250 0.792188 0.356250 0.820312 0.360417 0.826563 0.362500 0.851562 0.375000 0.870313 0.408333 0.896875 0.404167 0.889063 0.404167 0.867188 0.400000 0.850000 0.400000 0.806250 0.404167 0.789062
8 0.362500 0.954687 0.362500 0.973437 0.381250 0.973437 0.383333 0.975000 0.385417 0.975000 0.385417 0.973437 0.383333 0.971875 0.383333 0.953125 0.375000 0.953125 0.372917 0.954687