1 0.012500 0.014062 0.035417 0.710938 0.341667 0.692187 0.331250 0.632812 0.262500 0.662500 0.220833 0.617188 0.262500 0.581250 0.295833 0.604688 0.366667 0.559375 0.341667 0.506250 0.362500 0.448438 0.391667 0.442187 0.393750 0.401563 0.358333 0.375000 0.377083 0.276563 0.343750 0.189063 0.289583 0.196875 0.272917 0.225000 0.212500 0.157813 0.264583 0.103125 0.287500 0.143750 0.379167 0.151562 0.408333 0.068750 0.472917 0.082813 0.487500 0.015625
1 0.510417 0.750000 0.475000 0.742188 0.441667 0.695312 0.031250 0.718750 0.014583 0.987500 0.068750 0.989062 0.075000 0.957812 0.568750 0.925000 0.543750 0.848437 0.450000 0.864062 0.437500 0.828125 0.118750 0.848437 0.133333 0.726562 0.422917 0.720312 0.437500 0.807813 0.525000 0.790625
2 0.989583 0.014062 0.808333 0.014062 0.850000 0.054688 0.616667 0.017188 0.610417 0.067188 0.645833 0.114063 0.614583 0.128125 0.612500 0.260938 0.587500 0.271875 0.697917 0.357812 0.729167 0.417188 0.635417 0.725000 0.522917 0.750000 0.587500 0.987500 0.652083 0.962500 0.664583 0.987500 0.989583 0.989062
3 0.495833 0.015625 0.489583 0.082813 0.537500 0.090625 0.441667 0.089062 0.425000 0.076563 0.416667 0.082813 0.431250 0.093750 0.425000 0.139062 0.414583 0.145313 0.422917 0.190625 0.412500 0.254687 0.445833 0.248437 0.604167 0.262500 0.604167 0.254687 0.581250 0.248437 0.602083 0.112500 0.635417 0.112500 0.604167 0.078125 0.562500 0.078125 0.570833 0.017188 0.558333 0.017188 0.547917 0.075000 0.516667 0.078125 0.520833 0.015625
3 0.375000 0.571875 0.381250 0.618750 0.377083 0.629687 0.364583 0.629687 0.379167 0.639063 0.381250 0.645312 0.372917 0.706250 0.387500 0.693750 0.452083 0.693750 0.427083 0.653125 0.412500 0.600000 0.412500 0.582812 0.404167 0.576563 0.379167 0.576563
4 0.429167 0.254687 0.402083 0.267188 0.431250 0.295312 0.425000 0.379687 0.402083 0.414062 0.412500 0.443750 0.406250 0.562500 0.429167 0.643750 0.481250 0.740625 0.614583 0.735937 0.689583 0.495313 0.687500 0.378125 0.572917 0.278125 0.537500 0.264062
7 0.229167 0.145313 0.229167 0.173438 0.266667 0.214062 0.279167 0.196875 0.281250 0.165625 0.293750 0.176563 0.397917 0.176563 0.393750 0.165625 0.310417 0.151562 0.281250 0.154687 0.281250 0.131250 0.266667 0.114063
7 0.091667 0.323438 0.114583 0.457812 0.300000 0.456250 0.297917 0.329688
7 0.237500 0.614062 0.237500 0.625000 0.260417 0.651563 0.270833 0.645312 0.270833 0.634375 0.275000 0.623438 0.287500 0.621875 0.300000 0.626562 0.356250 0.620313 0.356250 0.615625 0.352083 0.614062 0.295833 0.612500 0.285417 0.620313 0.275000 0.621875 0.272917 0.620313 0.272917 0.598437 0.264583 0.587500
7 0.545833 0.840625 0.529167 0.793750 0.435417 0.810938 0.422917 0.721875 0.133333 0.728125 0.118750 0.846875 0.441667 0.826563 0.456250 0.859375
7 0.572917 0.985937 0.554167 0.934375 0.091667 0.976562 0.091667 0.989062
8 0.408333 0.089062 0.408333 0.090625 0.402083 0.098438 0.402083 0.110937 0.404167 0.112500 0.404167 0.135937 0.406250 0.135937 0.408333 0.137500 0.412500 0.137500 0.418750 0.140625 0.418750 0.126563 0.420833 0.125000 0.420833 0.109375 0.422917 0.107813 0.422917 0.092188 0.425000 0.090625 0.422917 0.089062
8 0.412500 0.164062 0.402083 0.164062 0.395833 0.193750 0.395833 0.217187 0.393750 0.218750 0.372917 0.215625 0.368750 0.220313 0.370833 0.232812 0.377083 0.232812 0.389583 0.237500 0.393750 0.237500 0.397917 0.232812 0.400000 0.234375 0.395833 0.253125 0.406250 0.257812 0.408333 0.229687 0.402083 0.229687 0.393750 0.221875 0.400000 0.220313 0.410417 0.223438 0.418750 0.167187
8 0.414583 0.281250 0.406250 0.281250 0.391667 0.292188 0.381250 0.295312 0.370833 0.304688 0.372917 0.378125 0.385417 0.378125 0.397917 0.381250 0.410417 0.389062 0.414583 0.387500 0.422917 0.375000 0.427083 0.354688 0.427083 0.334375 0.425000 0.332812 0.425000 0.300000 0.427083 0.296875 0.422917 0.285937
8 0.375000 0.446875 0.360417 0.482812 0.358333 0.520312 0.375000 0.545313 0.385417 0.554688 0.391667 0.557813 0.402083 0.557813 0.404167 0.550000 0.397917 0.535937 0.397917 0.501562 0.406250 0.475000 0.406250 0.467187 0.400000 0.465625
8 0.358333 0.606250 0.358333 0.612500 0.360417 0.614062 0.360417 0.618750 0.362500 0.620313 0.362500 0.625000 0.377083 0.625000 0.377083 0.623438 0.375000 0.621875 0.375000 0.606250
8 0.343750 0.640625 0.339583 0.642187 0.341667 0.660937 0.350000 0.671875 0.350000 0.678125 0.356250 0.687500 0.358333 0.703125 0.368750 0.703125 0.368750 0.689062 0.370833 0.687500 0.370833 0.671875 0.372917 0.670313 0.375000 0.642187 0.372917 0.640625