1 0.014583 0.014062 0.012500 0.151562 0.543750 0.178125 0.583333 0.159375 0.458333 0.120312 0.456250 0.015625
1 0.016667 0.406250 0.016667 0.989062 0.352083 0.987500 0.302083 0.978125 0.370833 0.954687 0.318750 0.876562 0.341667 0.775000 0.029167 0.804688 0.329167 0.770312 0.362500 0.571875 0.391667 0.540625 0.341667 0.468750 0.372917 0.409375
2 0.966667 0.223438 0.916667 0.259375 0.793750 0.231250 0.643750 0.265625 0.635417 0.409375 0.791667 0.517187 0.766667 0.537500 0.668750 0.896875 0.691667 0.892187 0.695833 0.985937 0.989583 0.989062 0.985417 0.231250
2 0.633333 0.267188 0.627083 0.270312 0.622917 0.270312 0.608333 0.275000 0.595833 0.275000 0.587500 0.282813 0.587500 0.285937 0.600000 0.304688 0.608333 0.312500 0.616667 0.325000 0.625000 0.345313 0.627083 0.309375 0.629167 0.307813 0.629167 0.289062 0.631250 0.287500 0.631250 0.268750
4 0.637500 0.392188 0.381250 0.393750 0.354167 0.434375 0.354167 0.467187 0.400000 0.532812 0.400000 0.551562 0.370833 0.568750 0.358333 0.735937 0.391667 0.759375 0.379167 0.790625 0.350000 0.775000 0.322917 0.868750 0.385417 0.975000 0.464583 0.957812 0.477083 0.925000 0.504167 0.940625 0.564583 0.942187 0.660417 0.904688 0.683333 0.865625 0.762500 0.539062 0.789583 0.520312 0.631250 0.410937
5 0.785417 0.226562 0.604167 0.165625 0.450000 0.214062 0.420833 0.235938 0.416667 0.264062 0.425000 0.275000 0.447917 0.282813 0.522917 0.282813 0.589583 0.273438 0.720833 0.237500
6 0.989583 0.010937 0.466667 0.015625 0.466667 0.118750 0.895833 0.256250 0.925000 0.251563 0.945833 0.217187 0.987500 0.225000
7 0.031250 0.237500 0.406250 0.253125 0.416667 0.232812 0.447917 0.209375 0.037500 0.195312
7 0.014583 0.356250 0.614583 0.357812 0.614583 0.345313 0.570833 0.285937 0.454167 0.289062 0.406250 0.279687 0.016667 0.278125
8 0.347917 0.734375 0.333333 0.745313 0.335417 0.762500 0.341667 0.767187 0.343750 0.767187 0.347917 0.770312 0.350000 0.770312 0.379167 0.785937 0.383333 0.782812 0.383333 0.756250 0.385417 0.753125 0.375000 0.746875 0.372917 0.746875 0.368750 0.743750 0.366667 0.743750 0.362500 0.740625 0.360417 0.740625 0.356250 0.737500
8 0.410417 0.746875 0.400000 0.754687 0.393750 0.767187 0.389583 0.837500 0.416667 0.875000 0.422917 0.890625 0.431250 0.896875 0.435417 0.896875 0.452083 0.885938 0.445833 0.850000 0.447917 0.792188 0.441667 0.781250 0.429167 0.771875 0.422917 0.756250
8 0.379167 0.965625 0.372917 0.959375 0.366667 0.959375 0.364583 0.960938 0.350000 0.962500 0.347917 0.964063 0.343750 0.964063 0.341667 0.965625 0.327083 0.967188 0.325000 0.968750 0.310417 0.973437 0.308333 0.975000 0.308333 0.979688 0.312500 0.979688 0.318750 0.982813 0.327083 0.982813 0.329167 0.981250 0.337500 0.981250 0.339583 0.979688 0.354167 0.978125 0.354167 0.975000 0.358333 0.970312 0.377083 0.970312 0.379167 0.968750