1 0.018750 0.250000 0.100000 0.253125 0.050000 0.139062 0.064583 0.120312 0.766667 0.128125 0.791667 0.017188 0.012500 0.014062
1 0.018750 0.257812 0.016667 0.379687 0.541667 0.375000 0.581250 0.362500 0.577083 0.354688 0.043750 0.360938 0.070833 0.260938
2 0.989583 0.014062 0.802083 0.017188 0.775000 0.132812 0.793750 0.131250 0.806250 0.148438 0.750000 0.262500 0.764583 0.282813 0.810417 0.285937 0.987500 0.259375
5 0.858333 0.471875 0.883333 0.489062 0.914583 0.506250 0.916667 0.514063 0.929167 0.528125 0.941667 0.551562 0.968750 0.546875 0.987500 0.546875 0.987500 0.514063
6 0.716667 0.251563 0.656250 0.254687 0.681250 0.287500 0.641667 0.296875 0.622917 0.404687 0.581250 0.370313 0.018750 0.393750 0.014583 0.920313 0.816667 0.829687 0.854167 0.856250 0.787500 0.757812 0.845833 0.657812 0.918750 0.776563 0.983333 0.773438 0.989583 0.551562 0.877083 0.545313 0.764583 0.401563 0.783333 0.382812 0.718750 0.356250 0.710417 0.309375 0.756250 0.285937
7 0.062500 0.132812 0.120833 0.282813 0.581250 0.282813 0.606250 0.245312 0.627083 0.254687 0.629167 0.281250 0.660417 0.281250 0.645833 0.259375 0.660417 0.246875 0.722917 0.245312 0.743750 0.259375 0.795833 0.146875 0.781250 0.135937
7 0.512500 0.451562 0.502083 0.448438 0.485417 0.451562 0.472917 0.467187 0.435417 0.468750 0.433333 0.456250 0.418750 0.453125 0.410417 0.453125 0.385417 0.464063 0.358333 0.464063 0.379167 0.485938 0.416667 0.500000 0.431250 0.495313 0.439583 0.484375 0.450000 0.478125 0.510417 0.475000
7 0.145833 0.521875 0.127083 0.521875 0.104167 0.517187 0.100000 0.514063 0.093750 0.514063 0.039583 0.528125 0.020833 0.565625 0.022917 0.564062 0.143750 0.557813
7 0.210417 0.651563 0.202083 0.654688 0.200000 0.853125 0.316667 0.835938 0.325000 0.801562 0.300000 0.798437 0.272917 0.775000 0.289583 0.762500 0.283333 0.750000 0.293750 0.734375 0.343750 0.714063 0.339583 0.685938 0.214583 0.682813
7 0.089583 0.812500 0.018750 0.817187 0.016667 0.907812 0.018750 0.906250 0.077083 0.904688
8 0.747917 0.290625 0.716667 0.317187 0.729167 0.320312 0.743750 0.337500 0.729167 0.362500 0.733333 0.368750 0.745833 0.367188 0.760417 0.351562 0.793750 0.385938 0.791667 0.432813 0.825000 0.456250 0.985417 0.509375 0.983333 0.265625 0.808333 0.292188
8 0.600000 0.387500 0.583333 0.385938 0.477083 0.395312 0.466667 0.451562 0.475000 0.457812 0.477083 0.453125 0.497917 0.437500 0.612500 0.429688 0.608333 0.400000
8 0.020833 0.418750 0.018750 0.437500 0.050000 0.437500 0.070833 0.442187 0.087500 0.459375 0.089583 0.470313 0.106250 0.495313 0.095833 0.498437 0.081250 0.493750 0.068750 0.498437 0.075000 0.506250 0.095833 0.509375 0.104167 0.515625 0.145833 0.520312 0.158333 0.479688 0.139583 0.479688 0.156250 0.467187 0.158333 0.425000 0.152083 0.414062 0.139583 0.406250 0.118750 0.406250 0.066667 0.417188
8 0.266667 0.409375 0.264583 0.418750 0.268750 0.439063 0.289583 0.464063 0.289583 0.517187 0.297917 0.529688 0.329167 0.540625 0.329167 0.487500 0.320833 0.442187 0.320833 0.410937 0.314583 0.407813
8 0.629167 0.423438 0.629167 0.464063 0.631250 0.465625 0.631250 0.467187 0.637500 0.467187 0.637500 0.426562 0.635417 0.425000 0.633333 0.425000 0.631250 0.423438
8 0.689583 0.425000 0.658333 0.464063 0.666667 0.484375 0.641667 0.525000 0.639583 0.565625 0.656250 0.579687 0.656250 0.596875 0.670833 0.598437 0.679167 0.604688 0.689583 0.585938 0.693750 0.559375 0.695833 0.598437 0.706250 0.598437 0.741667 0.517187 0.733333 0.504687 0.718750 0.509375 0.735417 0.490625 0.710417 0.456250 0.702083 0.434375
8 0.633333 0.526563 0.516667 0.539062 0.514583 0.575000 0.527083 0.628125 0.618750 0.623438 0.622917 0.612500 0.650000 0.598437 0.647917 0.582812 0.633333 0.570312
8 0.220833 0.629687 0.218750 0.678125 0.341667 0.678125 0.335417 0.614062 0.295833 0.615625 0.291667 0.612500 0.289583 0.604688 0.275000 0.604688 0.247917 0.617188 0.235417 0.618750
8 0.845833 0.659375 0.789583 0.757812 0.856250 0.857813 0.920833 0.768750
8 0.750000 0.712500 0.654167 0.720312 0.639583 0.728125 0.522917 0.750000 0.522917 0.754687 0.637500 0.756250 0.650000 0.764063 0.756250 0.756250
8 0.343750 0.787500 0.329167 0.798437 0.327083 0.818750 0.325000 0.820312 0.322917 0.835938 0.320833 0.837500 0.320833 0.867188 0.322917 0.868750 0.322917 0.875000 0.352083 0.873438 0.350000 0.870313 0.350000 0.850000 0.347917 0.848437 0.347917 0.828125 0.345833 0.826563
8 0.712500 0.801562 0.725000 0.829687 0.750000 0.831250 0.752083 0.832812 0.754167 0.831250 0.810417 0.821875 0.808333 0.803125 0.800000 0.789062 0.752083 0.789062 0.750000 0.790625 0.737500 0.792188