1 0.162500 0.014062 0.154167 0.196875 0.016667 0.178125 0.016667 0.398438 0.283333 0.410937 0.318750 0.390625 0.468750 0.390625 0.462500 0.314063 0.433333 0.257812 0.372917 0.210938 0.335417 0.137500 0.389583 0.115625 0.497917 0.125000 0.518750 0.118750 0.537500 0.073437 0.616667 0.073437 0.479167 0.015625
1 0.568750 0.795313 0.020833 0.829687 0.014583 0.984375 0.068750 0.959375 0.093750 0.959375 0.125000 0.975000 0.137500 0.871875 0.160417 0.840625 0.570833 0.803125
2 0.568750 0.476562 0.562500 0.773438 0.600000 0.823438 0.633333 0.789062 0.754167 0.746875 0.837500 0.850000 0.829167 0.900000 0.850000 0.954687 0.822917 0.982813 0.987500 0.985937 0.989583 0.465625 0.833333 0.487500 0.822917 0.534375 0.770833 0.532812 0.770833 0.487500 0.606250 0.493750 0.608333 0.476562
3 0.722917 0.040625 0.675000 0.084375 0.675000 0.135937 0.718750 0.137500 0.727083 0.245312 0.593750 0.221875 0.581250 0.232812 0.597917 0.229687 0.606250 0.262500 0.645833 0.289062 0.602083 0.301562 0.570833 0.290625 0.568750 0.343750 0.658333 0.300000 0.727083 0.310937 0.712500 0.351562 0.625000 0.346875 0.629167 0.395312 0.585417 0.412500 0.581250 0.375000 0.618750 0.350000 0.575000 0.371875 0.566667 0.357812 0.568750 0.389062 0.489583 0.418750 0.489583 0.453125 0.862500 0.478125 0.989583 0.459375 0.989583 0.093750
4 0.837500 0.865625 0.762500 0.754687 0.650000 0.790625 0.633333 0.892187 0.668750 0.973437 0.620833 0.892187 0.629167 0.862500 0.572917 0.864062 0.631250 0.856250 0.625000 0.815625 0.595833 0.825000 0.529167 0.810938 0.454167 0.829687 0.164583 0.845312 0.135417 0.985937 0.814583 0.984375 0.837500 0.967188 0.820833 0.907812
7 0.012500 0.014062 0.014583 0.168750 0.145833 0.185937 0.154167 0.010937
7 0.466667 0.395312 0.437500 0.400000 0.462500 0.475000 0.422917 0.482812 0.447917 0.532812 0.431250 0.532812 0.377083 0.559375 0.372917 0.732813 0.341667 0.793750 0.429167 0.790625 0.554167 0.770312 0.556250 0.467187 0.520833 0.467187 0.483333 0.451562 0.485417 0.420312
7 0.018750 0.443750 0.014583 0.582812 0.339583 0.590625 0.339583 0.526563 0.314583 0.473437 0.316667 0.456250
7 0.016667 0.617188 0.016667 0.753125 0.333333 0.746875 0.335417 0.684375 0.283333 0.678125 0.339583 0.679688 0.339583 0.639063 0.275000 0.635938 0.329167 0.634375 0.331250 0.618750
8 0.631250 0.015625 0.989583 0.090625 0.989583 0.014062
8 0.389583 0.181250 0.391667 0.210938 0.566667 0.232812 0.579167 0.226562 0.493750 0.200000 0.527083 0.200000 0.516667 0.184375 0.525000 0.154687 0.554167 0.140625 0.566667 0.162500 0.585417 0.151562 0.597917 0.179688 0.645833 0.189063 0.631250 0.190625 0.627083 0.209375 0.637500 0.231250 0.727083 0.240625 0.720833 0.198437 0.643750 0.190625 0.654167 0.185937 0.633333 0.131250 0.647917 0.118750 0.670833 0.118750 0.672917 0.087500 0.610417 0.098438 0.589583 0.145313 0.587500 0.098438 0.537500 0.082813 0.545833 0.139062 0.420833 0.132812 0.425000 0.150000
8 0.352083 0.137500 0.354167 0.143750 0.356250 0.145313 0.356250 0.148438 0.358333 0.150000 0.358333 0.153125 0.360417 0.156250 0.370833 0.164062 0.372917 0.168750 0.375000 0.167187 0.397917 0.165625 0.397917 0.162500 0.400000 0.160938 0.402083 0.154687 0.408333 0.150000 0.418750 0.146875 0.416667 0.145313 0.416667 0.139062 0.414583 0.137500 0.414583 0.131250 0.412500 0.129688 0.412500 0.126563 0.372917 0.126563 0.362500 0.132812 0.360417 0.132812 0.354167 0.137500
8 0.547917 0.196875 0.547917 0.209375 0.550000 0.210938 0.562500 0.210938 0.566667 0.217187 0.612500 0.218750 0.614583 0.220313 0.618750 0.218750 0.618750 0.215625 0.622917 0.210938 0.622917 0.203125 0.625000 0.201562 0.622917 0.200000 0.620833 0.193750 0.616667 0.193750 0.614583 0.192188 0.556250 0.192188 0.554167 0.193750 0.550000 0.193750
8 0.414583 0.221875 0.414583 0.232812 0.425000 0.246875 0.435417 0.243750 0.450000 0.243750 0.452083 0.245312 0.464583 0.246875 0.468750 0.250000 0.468750 0.260938 0.481250 0.273438 0.493750 0.278125 0.495833 0.265625 0.485417 0.253125 0.485417 0.237500 0.466667 0.232812 0.460417 0.232812 0.427083 0.223438
8 0.506250 0.248437 0.510417 0.253125 0.602083 0.300000 0.643750 0.287500 0.522917 0.232812 0.518750 0.234375
8 0.516667 0.259375 0.512500 0.260938 0.479167 0.315625 0.479167 0.385938 0.485417 0.406250 0.531250 0.395312 0.547917 0.395312 0.562500 0.385938 0.564583 0.381250 0.556250 0.362500 0.566667 0.346875 0.568750 0.298438
8 0.725000 0.281250 0.718750 0.278125 0.714583 0.278125 0.697917 0.271875 0.691667 0.271875 0.683333 0.275000 0.679167 0.278125 0.664583 0.282813 0.658333 0.287500 0.654167 0.295312 0.662500 0.298438 0.666667 0.298438 0.672917 0.301562 0.681250 0.301562 0.683333 0.303125 0.693750 0.303125 0.695833 0.304688 0.700000 0.301562 0.702083 0.301562 0.706250 0.298438 0.714583 0.295312 0.722917 0.289062 0.725000 0.289062
8 0.725000 0.310937 0.718750 0.306250 0.695833 0.310937 0.654167 0.301562 0.637500 0.323438 0.627083 0.329688 0.620833 0.321875 0.602083 0.326562 0.568750 0.351562 0.572917 0.370313 0.612500 0.351562 0.616667 0.353125 0.583333 0.375000 0.583333 0.410937 0.627083 0.395312 0.625000 0.345313 0.662500 0.340625 0.672917 0.348437 0.710417 0.351562 0.716667 0.337500 0.714583 0.323438
8 0.289583 0.415625 0.295833 0.434375 0.316667 0.443750 0.327083 0.445312 0.337500 0.443750 0.343750 0.439063 0.360417 0.439063 0.389583 0.445312 0.397917 0.451562 0.402083 0.464063 0.414583 0.478125 0.433333 0.481250 0.452083 0.479688 0.456250 0.473437 0.456250 0.462500 0.443750 0.442187 0.437500 0.423438 0.435417 0.403125 0.308333 0.398438
8 0.341667 0.445312 0.339583 0.453125 0.331250 0.456250 0.325000 0.462500 0.325000 0.475000 0.333333 0.485938 0.339583 0.506250 0.358333 0.532812 0.375000 0.545313 0.393750 0.546875 0.414583 0.539062 0.427083 0.528125 0.441667 0.526563 0.427083 0.515625 0.427083 0.503125 0.416667 0.489062 0.397917 0.473437 0.391667 0.464063 0.391667 0.451562 0.377083 0.446875
8 0.612500 0.475000 0.612500 0.484375 0.625000 0.489062 0.641667 0.489062 0.643750 0.490625 0.675000 0.485938 0.702083 0.485938 0.729167 0.489062 0.745833 0.484375 0.762500 0.484375 0.775000 0.481250 0.770833 0.479688
8 0.402083 0.581250 0.402083 0.582812 0.400000 0.584375 0.400000 0.585938 0.397917 0.587500 0.397917 0.589063 0.395833 0.590625 0.395833 0.592188 0.383333 0.609375 0.383333 0.614062 0.385417 0.615625 0.385417 0.618750 0.387500 0.620313 0.389583 0.628125 0.391667 0.629687 0.391667 0.631250 0.397917 0.634375 0.397917 0.631250 0.400000 0.629687 0.400000 0.626562 0.402083 0.625000 0.402083 0.621875 0.404167 0.620313 0.406250 0.612500 0.410417 0.607813 0.410417 0.604688 0.412500 0.603125 0.412500 0.600000 0.414583 0.598437
8 0.127083 0.981250 0.120833 0.976562 0.118750 0.976562 0.114583 0.973437 0.102083 0.968750 0.081250 0.968750 0.035417 0.985937 0.056250 0.985937 0.058333 0.984375 0.081250 0.984375 0.083333 0.982813 0.106250 0.982813 0.108333 0.981250