1 0.014583 0.014062 0.014583 0.064062 0.035417 0.046875 0.250000 0.065625 0.245833 0.089062 0.014583 0.073437 0.014583 0.112500 0.075000 0.107813 0.133333 0.184375 0.016667 0.182812 0.018750 0.237500 0.618750 0.240625 0.660417 0.206250 0.791667 0.200000 0.983333 0.156250 0.983333 0.051562 0.585417 0.017188
1 0.016667 0.318750 0.412500 0.328125 0.431250 0.251563 0.016667 0.243750
1 0.016667 0.370313 0.016667 0.892187 0.406250 0.864062 0.389583 0.826563 0.404167 0.729688 0.306250 0.745313 0.275000 0.707812 0.200000 0.714063 0.191667 0.678125 0.218750 0.645312 0.164583 0.621875 0.039583 0.645312 0.043750 0.554688 0.087500 0.578125 0.191667 0.568750 0.266667 0.595312 0.270833 0.571875 0.181250 0.545313 0.022917 0.540625
1 0.047917 0.635938 0.052083 0.640625 0.072917 0.642187 0.066667 0.626562 0.079167 0.615625 0.097917 0.623438 0.110417 0.614062 0.152083 0.618750 0.168750 0.612500 0.175000 0.618750 0.183333 0.618750 0.183333 0.609375 0.204167 0.589063 0.206250 0.579687 0.185417 0.578125 0.177083 0.584375 0.154167 0.587500 0.137500 0.582812 0.120833 0.587500 0.110417 0.584375 0.077083 0.587500 0.066667 0.573438 0.050000 0.564062 0.045833 0.573438 0.060417 0.581250 0.060417 0.590625 0.068750 0.603125 0.066667 0.609375 0.077083 0.610937 0.064583 0.625000 0.050000 0.631250
1 0.497917 0.987500 0.485417 0.948438 0.447917 0.892187 0.422917 0.884375 0.414583 0.870313 0.014583 0.900000 0.014583 0.989062 0.060417 0.989062 0.075000 0.978125 0.310417 0.960938 0.312500 0.987500
2 0.660417 0.743750 0.837500 0.984375 0.987500 0.987500 0.983333 0.795313 0.943750 0.768750 0.872917 0.760938 0.800000 0.743750 0.745833 0.739062
3 0.633333 0.276563 0.645833 0.276563 0.652083 0.281250 0.660417 0.278125 0.662500 0.265625 0.677083 0.246875 0.691667 0.235938 0.752083 0.217187 0.745833 0.215625 0.650000 0.215625 0.635417 0.226562
3 0.629167 0.300000 0.604167 0.504687 0.985417 0.787500 0.987500 0.584375 0.689583 0.487500 0.662500 0.468750 0.647917 0.314063
3 0.297917 0.525000 0.300000 0.543750 0.287500 0.560938 0.295833 0.654688 0.287500 0.700000 0.304167 0.734375 0.308333 0.728125 0.635417 0.715625 0.612500 0.634375 0.570833 0.595312 0.520833 0.518750 0.462500 0.520312 0.450000 0.510938 0.329167 0.510938 0.320833 0.520312
4 0.625000 0.240625 0.622917 0.240625 0.612500 0.248437 0.604167 0.250000 0.597917 0.254687 0.602083 0.259375 0.602083 0.262500 0.589583 0.271875 0.585417 0.278125 0.585417 0.281250 0.581250 0.285937 0.581250 0.290625 0.583333 0.292188 0.591667 0.287500 0.595833 0.287500 0.604167 0.284375 0.616667 0.293750 0.618750 0.301562 0.618750 0.282813 0.620833 0.281250 0.620833 0.262500 0.622917 0.260938 0.622917 0.242188
4 0.441667 0.275000 0.420833 0.331250 0.418750 0.437500 0.450000 0.462500 0.425000 0.456250 0.445833 0.503125 0.520833 0.512500 0.622917 0.634375 0.645833 0.726562 0.933333 0.760938 0.597917 0.503125 0.612500 0.348437 0.583333 0.375000 0.577083 0.407813 0.556250 0.407813 0.554167 0.482812 0.525000 0.468750 0.472917 0.378125 0.460417 0.320312 0.441667 0.310937
4 0.416667 0.726562 0.402083 0.776563 0.404167 0.843750 0.429167 0.885938 0.450000 0.889063 0.472917 0.917188 0.504167 0.985937 0.754167 0.987500 0.577083 0.720312
6 0.691667 0.240625 0.662500 0.278125 0.689583 0.292188 0.708333 0.262500 0.750000 0.257812 0.795833 0.285937 0.829167 0.281250 0.843750 0.312500 0.829167 0.385938 0.766667 0.382812 0.654167 0.312500 0.672917 0.465625 0.987500 0.578125 0.983333 0.178125 0.920833 0.187500 0.868750 0.212500
7 0.014583 0.071875 0.243750 0.087500 0.247917 0.076563 0.247917 0.065625 0.018750 0.048437
7 0.018750 0.104687 0.014583 0.181250 0.131250 0.185937 0.127083 0.164062 0.075000 0.109375
7 0.025000 0.325000 0.043750 0.532812 0.204167 0.525000 0.204167 0.550000 0.241667 0.548437 0.268750 0.525000 0.212500 0.525000 0.272917 0.514063 0.291667 0.501562 0.439583 0.504687 0.400000 0.439063 0.418750 0.339063
7 0.235417 0.585938 0.189583 0.603125 0.187500 0.620313 0.216667 0.629687 0.222917 0.634375 0.225000 0.632812 0.233333 0.632812 0.233333 0.625000 0.235417 0.623438 0.233333 0.621875 0.233333 0.614062 0.241667 0.610937 0.268750 0.610937 0.270833 0.607813 0.245833 0.607813 0.233333 0.603125 0.235417 0.598437
7 0.204167 0.679688 0.204167 0.704687 0.206250 0.706250 0.210417 0.703125 0.227083 0.703125 0.229167 0.701563 0.243750 0.701563 0.245833 0.700000 0.262500 0.700000 0.264583 0.698438 0.279167 0.698438 0.275000 0.693750 0.266667 0.693750 0.250000 0.682813 0.245833 0.682813 0.243750 0.681250 0.222917 0.681250 0.220833 0.679688
7 0.262500 0.750000 0.175000 0.754687 0.172917 0.756250 0.172917 0.814062 0.260417 0.807813 0.260417 0.754687
7 0.308333 0.960938 0.075000 0.979688 0.072917 0.989062 0.310417 0.987500
8 0.470833 0.242188 0.450000 0.253125 0.447917 0.312500 0.537500 0.325000 0.464583 0.320312 0.460417 0.331250 0.470833 0.353125 0.487500 0.339063 0.472917 0.362500 0.477083 0.382812 0.493750 0.398438 0.495833 0.423438 0.527083 0.467187 0.543750 0.476562 0.554167 0.473437 0.554167 0.460938 0.539583 0.448438 0.552083 0.437500 0.550000 0.404687 0.533333 0.392188 0.529167 0.373437 0.539583 0.390625 0.575000 0.407813 0.585417 0.379687 0.577083 0.367188 0.593750 0.367188 0.604167 0.354688 0.616667 0.298438 0.606250 0.289062 0.591667 0.289062 0.566667 0.304688 0.589583 0.250000
8 0.633333 0.282813 0.645833 0.300000 0.766667 0.376563 0.810417 0.375000 0.820833 0.378125 0.820833 0.360938 0.833333 0.331250 0.835417 0.295312 0.822917 0.287500 0.793750 0.287500 0.752083 0.264062 0.731250 0.264062 0.706250 0.271875 0.704167 0.284375 0.695833 0.295312 0.683333 0.301562 0.656250 0.285937
8 0.285417 0.526563 0.277083 0.526563 0.275000 0.528125 0.260417 0.532812 0.250000 0.539062 0.250000 0.545313 0.243750 0.553125 0.243750 0.560938 0.254167 0.560938 0.256250 0.559375 0.266667 0.559375 0.268750 0.557813 0.291667 0.557813 0.291667 0.554688 0.293750 0.553125 0.291667 0.551562 0.291667 0.548437 0.289583 0.546875 0.289583 0.543750 0.287500 0.542188 0.287500 0.535937 0.285417 0.534375
8 0.279167 0.614062 0.256250 0.617188 0.239583 0.623438 0.239583 0.631250 0.247917 0.643750 0.245833 0.648438 0.233333 0.637500 0.220833 0.639063 0.220833 0.642187 0.227083 0.650000 0.227083 0.660937 0.229167 0.662500 0.227083 0.665625 0.241667 0.665625 0.247917 0.660937 0.247917 0.651563 0.258333 0.643750 0.264583 0.643750 0.275000 0.646875 0.281250 0.643750 0.281250 0.640625 0.285417 0.635938 0.285417 0.629687 0.281250 0.623438