1 0.018750 0.165625 0.016667 0.239063 0.018750 0.232812 0.031250 0.229687 0.085417 0.232812 0.093750 0.218750 0.110417 0.212500 0.135417 0.221875 0.152083 0.237500 0.200000 0.231250 0.208333 0.259375 0.256250 0.257812 0.260417 0.251563 0.264583 0.190625
1 0.143750 0.237500 0.125000 0.235938 0.116667 0.221875 0.106250 0.231250 0.095833 0.235938 0.052083 0.235938 0.027083 0.240625 0.022917 0.281250 0.033333 0.282813 0.043750 0.278125 0.064583 0.278125 0.066667 0.287500 0.079167 0.284375 0.095833 0.284375 0.108333 0.290625 0.116667 0.304688 0.125000 0.298438 0.112500 0.290625 0.112500 0.257812 0.122917 0.248437 0.143750 0.242188
1 0.016667 0.287500 0.016667 0.656250 0.406250 0.642187 0.391667 0.614062 0.393750 0.528125 0.427083 0.456250 0.304167 0.446875 0.270833 0.464063 0.264583 0.420312 0.154167 0.420312 0.133333 0.403125 0.133333 0.378125 0.162500 0.364062 0.170833 0.314063
1 0.468750 0.679688 0.433333 0.673437 0.408333 0.646875 0.018750 0.660937 0.014583 0.987500 0.075000 0.989062 0.581250 0.934375
2 0.835417 0.200000 0.797917 0.225000 0.747917 0.429688 0.766667 0.450000 0.727083 0.465625 0.985417 0.714063 0.985417 0.231250
3 0.287500 0.140625 0.275000 0.453125 0.291667 0.437500 0.756250 0.456250 0.735417 0.428125 0.743750 0.323438 0.791667 0.218750 0.835417 0.192188 0.695833 0.168750 0.310417 0.150000
4 0.985417 0.226562 0.989583 0.014062 0.458333 0.020312 0.483333 0.110937 0.495833 0.123438 0.520833 0.132812 0.670833 0.142188
4 0.435417 0.456250 0.402083 0.556250 0.412500 0.639063 0.431250 0.665625 0.477083 0.676562 0.614583 0.985937 0.989583 0.989062 0.985417 0.745313 0.700000 0.460938
7 0.014583 0.014062 0.016667 0.146875 0.133333 0.154687 0.135417 0.125000 0.243750 0.135937 0.337500 0.104687 0.350000 0.109375 0.350000 0.125000 0.329167 0.140625 0.466667 0.150000 0.472917 0.092188 0.462500 0.045313 0.445833 0.034375 0.447917 0.015625
7 0.200000 0.137500 0.181250 0.137500 0.179167 0.139062 0.145833 0.139062 0.141667 0.140625 0.141667 0.148438 0.139583 0.150000 0.137500 0.168750 0.160417 0.168750 0.162500 0.170312 0.189583 0.170312 0.193750 0.171875 0.189583 0.167187 0.189583 0.159375 0.197917 0.148438 0.197917 0.139062
7 0.118750 0.254687 0.118750 0.282813 0.183333 0.310937 0.187500 0.309375 0.193750 0.279687 0.214583 0.281250 0.243750 0.270312 0.243750 0.264062 0.195833 0.268750 0.193750 0.254687 0.197917 0.240625
7 0.143750 0.376563 0.143750 0.404687 0.145833 0.409375 0.154167 0.409375 0.156250 0.407813 0.262500 0.407813 0.256250 0.400000 0.245833 0.398438 0.237500 0.393750 0.237500 0.389062 0.231250 0.381250 0.225000 0.381250 0.216667 0.378125 0.191667 0.378125 0.189583 0.376563
7 0.106250 0.489062 0.106250 0.565625 0.218750 0.565625 0.216667 0.496875
7 0.272917 0.746875 0.029167 0.756250 0.025000 0.759375 0.018750 0.842188 0.285417 0.821875
8 0.337500 0.110937 0.316667 0.118750 0.300000 0.121875 0.281250 0.131250 0.260417 0.131250 0.247917 0.137500 0.210417 0.145313 0.206250 0.153125 0.197917 0.159375 0.197917 0.167187 0.208333 0.173438 0.227083 0.173438 0.243750 0.164062 0.258333 0.181250 0.272917 0.182812 0.281250 0.159375 0.281250 0.137500 0.285417 0.134375 0.306250 0.135937 0.329167 0.128125 0.341667 0.120312
8 0.270833 0.262500 0.252083 0.262500 0.245833 0.265625 0.245833 0.273438 0.243750 0.275000 0.239583 0.275000 0.233333 0.278125 0.225000 0.279687 0.225000 0.285937 0.227083 0.287500 0.227083 0.301562 0.212500 0.312500 0.212500 0.318750 0.216667 0.326562 0.237500 0.328125 0.243750 0.323438 0.252083 0.320312 0.254167 0.315625 0.258333 0.312500 0.266667 0.310937 0.266667 0.306250 0.268750 0.304688 0.268750 0.290625 0.270833 0.289062 0.270833 0.279687 0.272917 0.278125 0.272917 0.267188 0.270833 0.265625
8 0.185417 0.314063 0.183333 0.315625 0.172917 0.318750 0.168750 0.321875 0.168750 0.331250 0.166667 0.332812 0.166667 0.342187 0.168750 0.343750 0.168750 0.359375 0.175000 0.364062 0.181250 0.364062 0.183333 0.365625 0.187500 0.365625 0.189583 0.367188 0.195833 0.362500 0.195833 0.350000 0.197917 0.348437 0.197917 0.337500 0.200000 0.335938 0.200000 0.321875 0.202083 0.320312 0.197917 0.317187 0.195833 0.317187 0.189583 0.314063