1 0.014583 0.014062 0.014583 0.289062 0.039583 0.303125 0.039583 0.323438 0.366667 0.348437 0.370833 0.304688 0.333333 0.296875 0.316667 0.312500 0.247917 0.281250 0.245833 0.240625 0.318750 0.200000 0.043750 0.151562 0.068750 0.135937 0.300000 0.164062 0.260417 0.143750 0.195833 0.014062
1 0.470833 0.379687 0.416667 0.376563 0.391667 0.370313 0.375000 0.370313 0.366667 0.359375 0.364583 0.492188 0.387500 0.482812 0.387500 0.392188 0.397917 0.382812 0.410417 0.382812 0.450000 0.395312
1 0.018750 0.576563 0.018750 0.651563 0.352083 0.660937 0.356250 0.609375 0.291667 0.628125 0.270833 0.628125 0.258333 0.621875 0.218750 0.579687
1 0.018750 0.662500 0.018750 0.700000 0.366667 0.687500 0.337500 0.667188
1 0.987500 0.984375 0.983333 0.923437 0.779167 0.942187 0.581250 0.814062 0.020833 0.851562 0.016667 0.987500
2 0.806250 0.010937 0.614583 0.178125 0.585417 0.356250 0.527083 0.385938 0.589583 0.440625 0.677083 0.471875 0.843750 0.459375 0.968750 0.490625 0.979167 0.018750
3 0.408333 0.201562 0.412500 0.218750 0.381250 0.278125 0.383333 0.284375 0.404167 0.265625 0.416667 0.281250 0.412500 0.334375 0.397917 0.362500 0.422917 0.370313 0.483333 0.373437 0.500000 0.368750 0.506250 0.373437 0.539583 0.375000 0.581250 0.356250 0.547917 0.346875 0.556250 0.228125 0.589583 0.217187 0.589583 0.212500 0.437500 0.198437
3 0.372917 0.531250 0.356250 0.671875 0.522917 0.765625 0.516667 0.720312 0.370833 0.667188 0.383333 0.545313 0.647917 0.504687 0.981250 0.501562 0.979167 0.845312 0.833333 0.856250 0.547917 0.737500 0.543750 0.775000 0.783333 0.935938 0.987500 0.914062 0.987500 0.493750 0.854167 0.489062 0.833333 0.460938
4 0.066667 0.154687 0.383333 0.196875 0.600000 0.192188 0.760417 0.020312 0.352083 0.015625 0.358333 0.092188 0.302083 0.107813 0.304167 0.021875 0.339583 0.015625 0.212500 0.014062 0.279167 0.142188 0.314583 0.156250 0.312500 0.175000 0.075000 0.143750
5 0.652083 0.478125 0.612500 0.476562 0.581250 0.431250 0.500000 0.370313 0.452083 0.404687 0.404167 0.389062 0.400000 0.493750 0.300000 0.504687 0.264583 0.515625 0.239583 0.579687 0.275000 0.614062 0.364583 0.582812 0.366667 0.528125 0.414583 0.509375 0.568750 0.503125 0.595833 0.484375
6 0.979167 0.843750 0.981250 0.503125 0.647917 0.506250 0.383333 0.546875 0.372917 0.667188 0.468750 0.692187 0.602083 0.767187 0.833333 0.854688
7 0.260417 0.242188 0.256250 0.248437 0.260417 0.279687 0.275000 0.284375 0.291667 0.293750 0.318750 0.301562 0.327083 0.293750 0.333333 0.275000 0.341667 0.275000 0.347917 0.270312 0.375000 0.270312 0.385417 0.273438 0.387500 0.259375 0.347917 0.251563 0.341667 0.253125 0.335417 0.260938 0.333333 0.237500 0.327083 0.229687 0.316667 0.231250 0.289583 0.242188
7 0.025000 0.337500 0.027083 0.570312 0.233333 0.576563 0.254167 0.518750 0.297917 0.498437 0.329167 0.501562 0.337500 0.354688
7 0.564583 0.804688 0.518750 0.764063 0.383333 0.696875 0.016667 0.703125 0.018750 0.839063
8 0.350000 0.015625 0.318750 0.018750 0.306250 0.021875 0.306250 0.059375 0.300000 0.081250 0.300000 0.103125 0.302083 0.106250 0.333333 0.093750 0.356250 0.092188 0.354167 0.090625 0.354167 0.053125 0.350000 0.039062
8 0.429167 0.020312 0.377083 0.026563 0.375000 0.039062 0.366667 0.050000 0.368750 0.110937 0.377083 0.121875 0.402083 0.107813 0.435417 0.110937 0.427083 0.089062
8 0.343750 0.107813 0.343750 0.126563 0.345833 0.128125 0.345833 0.132812 0.347917 0.134375 0.347917 0.137500 0.356250 0.150000 0.370833 0.159375 0.383333 0.164062 0.381250 0.162500 0.379167 0.139062 0.372917 0.131250 0.372917 0.128125 0.364583 0.115625 0.364583 0.106250 0.356250 0.106250 0.354167 0.107813
8 0.395833 0.203125 0.375000 0.203125 0.372917 0.204688 0.335417 0.204688 0.335417 0.210938 0.352083 0.210938 0.354167 0.212500 0.372917 0.212500 0.375000 0.214062 0.393750 0.214062 0.395833 0.215625
8 0.406250 0.271875 0.383333 0.301562 0.383333 0.314063 0.381250 0.315625 0.381250 0.328125 0.379167 0.329688 0.379167 0.346875 0.387500 0.359375 0.389583 0.357812 0.404167 0.356250 0.404167 0.335938 0.408333 0.331250 0.408333 0.301562 0.410417 0.300000 0.410417 0.282813 0.412500 0.281250
8 0.337500 0.281250 0.337500 0.285937 0.343750 0.290625 0.345833 0.290625 0.350000 0.293750 0.358333 0.293750 0.360417 0.295312 0.366667 0.295312 0.368750 0.296875 0.375000 0.296875 0.375000 0.295312 0.381250 0.290625 0.381250 0.287500 0.383333 0.285937 0.381250 0.284375 0.381250 0.279687 0.379167 0.278125 0.375000 0.278125 0.372917 0.276563 0.347917 0.276563 0.345833 0.278125 0.343750 0.278125
8 0.610417 0.521875 0.614583 0.720312 0.720833 0.742188 0.706250 0.506250
8 0.475000 0.546875 0.466667 0.546875 0.464583 0.548437 0.447917 0.548437 0.443750 0.551562 0.443750 0.576563 0.441667 0.578125 0.441667 0.603125 0.443750 0.604688 0.443750 0.607813 0.450000 0.606250 0.464583 0.598437 0.464583 0.593750 0.462500 0.592188 0.462500 0.564062 0.472917 0.553125
8 0.468750 0.564062 0.466667 0.568750 0.466667 0.587500 0.470833 0.593750 0.481250 0.596875 0.495833 0.596875 0.497917 0.598437 0.512500 0.598437 0.514583 0.600000 0.529167 0.600000 0.547917 0.603125 0.564583 0.603125 0.566667 0.604688 0.575000 0.600000 0.581250 0.589063 0.581250 0.575000 0.570833 0.556250 0.560417 0.554688 0.483333 0.554688 0.475000 0.557813
8 0.531250 0.621875 0.520833 0.615625 0.497917 0.615625 0.489583 0.618750 0.483333 0.618750 0.481250 0.620313 0.475000 0.620313 0.466667 0.623438 0.460417 0.623438 0.458333 0.626562 0.458333 0.651563 0.456250 0.653125 0.456250 0.656250 0.477083 0.656250 0.479167 0.654688 0.529167 0.654688 0.529167 0.625000
8 0.525000 0.725000 0.525000 0.768750 0.527083 0.770312 0.527083 0.776563 0.537500 0.784375 0.537500 0.785937 0.547917 0.793750 0.547917 0.795313 0.552083 0.792188 0.554167 0.792188 0.558333 0.789062 0.558333 0.787500 0.541667 0.775000 0.541667 0.739062 0.543750 0.735937