1 0.985417 0.501562 0.800000 0.501562 0.772917 0.395312 0.620833 0.393750 0.625000 0.501562 0.014583 0.507812 0.014583 0.987500 0.112500 0.987500 0.116667 0.528125
2 0.989583 0.131250 0.941667 0.162500 0.916667 0.221875 0.885417 0.240625 0.702083 0.231250 0.704167 0.320312 0.731250 0.320312 0.750000 0.295312 0.760417 0.301562 0.752083 0.278125 0.772917 0.237500 0.818750 0.239063 0.806250 0.310937 0.779167 0.323438 0.768750 0.389062 0.785417 0.393750 0.800000 0.500000 0.987500 0.498437
3 0.018750 0.290625 0.014583 0.362500 0.145833 0.367188 0.129167 0.350000 0.152083 0.345313 0.150000 0.367188 0.229167 0.370313 0.241667 0.354688 0.279167 0.354688 0.231250 0.353125 0.239583 0.325000 0.272917 0.318750 0.285417 0.373437 0.372917 0.376563 0.354167 0.356250 0.364583 0.326562 0.402083 0.318750 0.408333 0.342187 0.372917 0.356250 0.400000 0.356250 0.406250 0.378125 0.472917 0.379687 0.458333 0.342187 0.518750 0.323438 0.502083 0.365625 0.520833 0.382812 0.585417 0.384375 0.566667 0.373437 0.610417 0.359375 0.627083 0.368750 0.614583 0.387500 0.722917 0.389062 0.687500 0.389062 0.687500 0.368750 0.660417 0.359375 0.706250 0.337500 0.722917 0.364062 0.697917 0.365625 0.762500 0.390625 0.729167 0.325000
3 0.987500 0.512500 0.120833 0.528125 0.118750 0.989062 0.987500 0.987500
7 0.016667 0.012500 0.012500 0.062500 0.941667 0.153125 0.987500 0.121875 0.989583 0.010937
7 0.014583 0.365625 0.014583 0.504687 0.620833 0.500000 0.604167 0.385938
8 0.014583 0.067188 0.020833 0.203125 0.064583 0.217187 0.108333 0.210938 0.258333 0.232812 0.268750 0.226562 0.416667 0.253125 0.450000 0.234375 0.462500 0.160938 0.472917 0.146875 0.447917 0.106250
8 0.583333 0.182812 0.587500 0.204688 0.602083 0.220313 0.627083 0.217187 0.697917 0.228125 0.879167 0.234375 0.912500 0.218750 0.939583 0.157813 0.587500 0.128125
8 0.816667 0.239063 0.772917 0.239063 0.768750 0.259375 0.754167 0.278125 0.764583 0.296875 0.762500 0.301562 0.758333 0.301562 0.758333 0.296875 0.750000 0.296875 0.731250 0.321875 0.731250 0.334375 0.747917 0.365625 0.747917 0.373437 0.758333 0.378125 0.777083 0.351562 0.777083 0.323438 0.804167 0.310937 0.804167 0.295312 0.818750 0.254687
8 0.129167 0.312500 0.129167 0.314063 0.131250 0.315625 0.131250 0.317187 0.135417 0.321875 0.135417 0.331250 0.133333 0.332812 0.133333 0.342187 0.143750 0.342187 0.150000 0.339063 0.154167 0.339063 0.154167 0.332812 0.156250 0.331250 0.156250 0.314063 0.150000 0.310937 0.137500 0.310937 0.135417 0.312500
8 0.277083 0.321875 0.272917 0.320312 0.264583 0.320312 0.258333 0.323438 0.243750 0.323438 0.241667 0.325000 0.233333 0.339063 0.233333 0.353125 0.241667 0.356250 0.231250 0.364062 0.231250 0.370313 0.235417 0.370313 0.237500 0.371875 0.247917 0.371875 0.250000 0.373437 0.260417 0.373437 0.262500 0.375000 0.266667 0.373437 0.283333 0.373437 0.283333 0.365625 0.287500 0.357812 0.281250 0.353125 0.277083 0.346875 0.277083 0.337500 0.279167 0.335938 0.279167 0.328125 0.281250 0.326562
8 0.368750 0.325000 0.362500 0.337500 0.362500 0.345313 0.356250 0.350000 0.356250 0.356250 0.362500 0.360938 0.366667 0.357812 0.368750 0.359375 0.362500 0.375000 0.402083 0.378125 0.404167 0.379687 0.404167 0.376563 0.408333 0.371875 0.408333 0.364062 0.400000 0.357812 0.372917 0.357812 0.370833 0.356250 0.383333 0.353125 0.406250 0.342187 0.408333 0.328125 0.402083 0.320312 0.389583 0.320312 0.381250 0.323438
8 0.472917 0.329688 0.460417 0.342187 0.460417 0.346875 0.472917 0.364062 0.472917 0.378125 0.475000 0.379687 0.514583 0.379687 0.520833 0.381250 0.520833 0.376563 0.522917 0.375000 0.518750 0.368750 0.508333 0.368750 0.506250 0.370313 0.500000 0.365625 0.514583 0.353125 0.514583 0.350000 0.518750 0.345313 0.518750 0.325000 0.495833 0.325000 0.493750 0.326562 0.481250 0.326562
8 0.570833 0.331250 0.570833 0.332812 0.572917 0.334375 0.572917 0.337500 0.570833 0.339063 0.570833 0.356250 0.572917 0.357812 0.575000 0.357812 0.579167 0.360938 0.581250 0.359375 0.585417 0.359375 0.587500 0.357812 0.593750 0.357812 0.595833 0.356250 0.606250 0.356250 0.608333 0.357812 0.612500 0.354688 0.614583 0.354688 0.614583 0.353125 0.612500 0.351562 0.612500 0.332812 0.608333 0.332812 0.606250 0.331250
8 0.662500 0.357812 0.662500 0.359375 0.672917 0.367188 0.681250 0.367188 0.683333 0.368750 0.687500 0.367188 0.689583 0.368750 0.681250 0.373437 0.687500 0.382812 0.687500 0.387500 0.722917 0.387500 0.725000 0.389062 0.731250 0.389062 0.729167 0.387500 0.727083 0.379687 0.720833 0.376563 0.716667 0.376563 0.710417 0.371875 0.720833 0.364062 0.720833 0.351562 0.722917 0.350000 0.712500 0.340625 0.697917 0.339063 0.689583 0.342187 0.679167 0.350000
8 0.137500 0.346875 0.135417 0.348437 0.133333 0.348437 0.131250 0.350000 0.131250 0.359375 0.133333 0.360938 0.133333 0.362500 0.135417 0.364062 0.139583 0.364062 0.141667 0.365625 0.145833 0.365625 0.147917 0.367188 0.152083 0.364062 0.154167 0.364062 0.154167 0.360938 0.156250 0.359375 0.154167 0.357812 0.154167 0.353125 0.152083 0.351562 0.152083 0.346875
8 0.568750 0.373437 0.568750 0.375000 0.575000 0.382812 0.585417 0.382812 0.587500 0.384375 0.604167 0.384375 0.606250 0.385938 0.610417 0.385938 0.612500 0.387500 0.614583 0.385938 0.620833 0.384375 0.625000 0.381250 0.625000 0.368750 0.622917 0.367188 0.622917 0.365625 0.620833 0.364062 0.618750 0.364062 0.616667 0.362500 0.612500 0.362500 0.610417 0.360938 0.589583 0.360938 0.587500 0.362500 0.585417 0.362500 0.577083 0.368750 0.575000 0.368750
8 0.106250 0.762500 0.093750 0.781250 0.093750 0.843750 0.095833 0.845312 0.095833 0.878125 0.097917 0.882812 0.108333 0.890625 0.108333 0.778125 0.110417 0.776563 0.110417 0.765625