1 0.016667 0.060938 0.018750 0.090625 0.189583 0.103125 0.195833 0.179688 0.016667 0.156250 0.018750 0.198437 0.312500 0.204688 0.352083 0.621875 0.014583 0.632812 0.016667 0.687500 0.243750 0.657812 0.247917 0.746875 0.016667 0.759375 0.016667 0.809375 0.318750 0.787500 0.262500 0.748438 0.375000 0.725000 0.379167 0.664062 0.441667 0.650000 0.366667 0.289062 0.445833 0.095312
1 0.018750 0.821875 0.016667 0.987500 0.985417 0.987500 0.979167 0.882812 0.879167 0.854688 0.272917 0.942187 0.183333 0.892187 0.183333 0.829687 0.216667 0.804688
2 0.562500 0.015625 0.525000 0.087500 0.564583 0.087500 0.562500 0.051562 0.591667 0.035937 0.631250 0.095312 0.772917 0.118750 0.912500 0.851562 0.985417 0.878125 0.985417 0.496875 0.958333 0.500000 0.875000 0.435937 0.895833 0.357812 0.847917 0.276563 0.895833 0.179688 0.981250 0.096875 0.989583 0.014062
3 0.406250 0.662500 0.406250 0.678125 0.420833 0.678125 0.422917 0.676562 0.429167 0.676562 0.435417 0.681250 0.441667 0.690625 0.439583 0.693750 0.439583 0.706250 0.447917 0.700000 0.456250 0.698438 0.456250 0.689062 0.454167 0.687500 0.454167 0.676562 0.452083 0.675000 0.452083 0.664062 0.447917 0.664062 0.445833 0.662500
4 0.766667 0.121875 0.479167 0.076563 0.418750 0.189063 0.452083 0.181250 0.470833 0.312500 0.400000 0.339063 0.393750 0.431250 0.437500 0.492188 0.460417 0.698438 0.504167 0.743750 0.545833 0.731250 0.577083 0.750000 0.625000 0.842188 0.560417 0.873438 0.439583 0.878125 0.414583 0.845312 0.331250 0.843750 0.337500 0.804688 0.239583 0.801562 0.202083 0.831250 0.200000 0.890625 0.281250 0.935938 0.908333 0.842188
4 0.410417 0.203125 0.385417 0.262500 0.385417 0.276563 0.381250 0.285937 0.381250 0.296875 0.383333 0.279687 0.391667 0.265625 0.393750 0.257812 0.406250 0.240625 0.406250 0.235938 0.408333 0.234375
7 0.014583 0.014062 0.020833 0.020312 0.533333 0.059375 0.552083 0.018750
7 0.016667 0.096875 0.016667 0.103125 0.014583 0.104687 0.014583 0.148438 0.081250 0.150000 0.085417 0.151562 0.085417 0.106250 0.087500 0.101562 0.083333 0.100000 0.062500 0.100000 0.060417 0.098438 0.039583 0.098438 0.037500 0.096875
7 0.104167 0.101562 0.106250 0.159375 0.108333 0.162500 0.189583 0.173438 0.187500 0.170312 0.187500 0.151562 0.185417 0.150000 0.183333 0.110937 0.181250 0.109375 0.150000 0.107813
7 0.018750 0.206250 0.025000 0.625000 0.327083 0.623438 0.300000 0.212500
7 0.233333 0.665625 0.135417 0.671875 0.137500 0.759375 0.239583 0.750000
7 0.120833 0.687500 0.020833 0.695312 0.020833 0.720312 0.022917 0.721875 0.022917 0.748438 0.025000 0.751562 0.027083 0.750000 0.122917 0.745313 0.120833 0.739062
7 0.375000 0.742188 0.354167 0.742188 0.352083 0.743750 0.306250 0.745313 0.277083 0.756250 0.285417 0.757812 0.291667 0.760938 0.308333 0.760938 0.310417 0.759375 0.325000 0.759375 0.335417 0.754687 0.362500 0.754687 0.364583 0.753125 0.375000 0.751562
7 0.364583 0.759375 0.343750 0.759375 0.341667 0.760938 0.331250 0.760938 0.327083 0.764063 0.327083 0.767187 0.325000 0.768750 0.325000 0.784375 0.339583 0.784375 0.341667 0.782812 0.354167 0.782812 0.354167 0.775000 0.356250 0.773438 0.356250 0.765625 0.358333 0.764063 0.358333 0.762500 0.362500 0.759375
8 0.591667 0.037500 0.587500 0.037500 0.579167 0.040625 0.575000 0.043750 0.568750 0.054688 0.568750 0.067188 0.572917 0.075000 0.572917 0.085938 0.575000 0.087500 0.568750 0.096875 0.575000 0.100000 0.597917 0.100000 0.606250 0.096875 0.618750 0.095312 0.616667 0.093750 0.616667 0.079687 0.620833 0.071875 0.618750 0.070312 0.616667 0.062500 0.612500 0.056250 0.597917 0.045313
8 0.983333 0.101562 0.912500 0.168750 0.872917 0.223438 0.852083 0.275000 0.854167 0.296875 0.883333 0.314063 0.879167 0.326562 0.897917 0.340625 0.902083 0.356250 0.887500 0.375000 0.891667 0.393750 0.881250 0.432813 0.958333 0.484375 0.979167 0.485938 0.981250 0.117188 0.966667 0.123438 0.964583 0.118750
8 0.450000 0.181250 0.425000 0.185937 0.414583 0.193750 0.408333 0.240625 0.385417 0.279687 0.381250 0.307813 0.404167 0.342187 0.425000 0.323438 0.468750 0.312500 0.470833 0.273438 0.475000 0.267188 0.456250 0.218750
8 0.383333 0.681250 0.383333 0.692187 0.387500 0.695312 0.387500 0.698438 0.397917 0.707812 0.397917 0.709375 0.400000 0.707812 0.406250 0.706250 0.416667 0.698438 0.422917 0.698438 0.433333 0.703125 0.433333 0.695312 0.431250 0.693750 0.431250 0.682813 0.429167 0.681250 0.420833 0.681250 0.418750 0.682813 0.404167 0.682813 0.402083 0.684375 0.400000 0.682813 0.393750 0.682813 0.391667 0.681250
8 0.333333 0.839063 0.416667 0.837500 0.487500 0.760938 0.489583 0.775000 0.445833 0.809375 0.410417 0.851562 0.414583 0.867188 0.456250 0.873438 0.560417 0.867188 0.616667 0.846875 0.579167 0.776563 0.575000 0.750000 0.539583 0.732813 0.491667 0.754687 0.489583 0.762500 0.493750 0.714063 0.468750 0.706250 0.443750 0.712500 0.416667 0.739062 0.358333 0.765625 0.356250 0.792188