1 0.020833 0.545313 0.018750 0.737500 0.054167 0.765625 0.045833 0.814062 0.025000 0.820312 0.041667 0.839063 0.089583 0.846875 0.625000 0.781250 0.672917 0.714063 0.522917 0.735937 0.487500 0.731250 0.456250 0.689062 0.458333 0.621875 0.379167 0.637500 0.347917 0.603125 0.322917 0.596875 0.285417 0.539062
2 0.687500 0.725000 0.650000 0.765625 0.687500 0.773438 0.766667 0.984375 0.987500 0.989062 0.987500 0.767187 0.891667 0.779688 0.762500 0.771875
3 0.760417 0.984375 0.658333 0.776563 0.093750 0.853125 0.072917 0.867188 0.087500 0.985937
3 0.056250 0.850000 0.058333 0.976562 0.060417 0.984375 0.072917 0.984375 0.068750 0.953125 0.066667 0.896875 0.064583 0.895312 0.064583 0.870313 0.068750 0.864062
5 0.958333 0.403125 0.937500 0.400000 0.902083 0.437500 0.837500 0.542188 0.781250 0.467187 0.768750 0.476562 0.791667 0.523438 0.700000 0.450000 0.633333 0.454688 0.591667 0.493750 0.527083 0.514063 0.464583 0.632812 0.489583 0.723437 0.562500 0.728125 0.745833 0.698438 0.777083 0.607813 0.833333 0.567187 0.866667 0.639063 0.883333 0.623438 0.854167 0.570312 0.893750 0.550000 0.860417 0.548437 0.870833 0.509375 0.922917 0.435937 0.958333 0.421875
5 0.939583 0.557813 0.941667 0.559375 0.941667 0.560938 0.943750 0.562500 0.943750 0.564062 0.945833 0.565625 0.945833 0.567187 0.947917 0.568750 0.947917 0.570312 0.954167 0.578125 0.962500 0.578125 0.964583 0.579687 0.972917 0.579687 0.975000 0.581250 0.985417 0.581250 0.987500 0.582812 0.987500 0.564062 0.985417 0.562500 0.975000 0.562500 0.972917 0.560938 0.962500 0.560938 0.960417 0.559375 0.950000 0.559375 0.947917 0.557813
6 0.987500 0.043750 0.877083 0.014062 0.395833 0.015625 0.375000 0.053125 0.347917 0.017188 0.050000 0.017188 0.068750 0.250000 0.020833 0.248437 0.075000 0.492188 0.022917 0.503125 0.018750 0.542188 0.283333 0.532812 0.379167 0.635938 0.462500 0.618750 0.600000 0.350000 0.714583 0.348437 0.516667 0.332812 0.587500 0.107813 0.527083 0.332812 0.954167 0.357812 0.987500 0.317187
7 0.091667 0.039062 0.089583 0.064062 0.075000 0.084375 0.085417 0.173438 0.141667 0.196875 0.156250 0.229687 0.337500 0.242188 0.337500 0.212500 0.316667 0.164062 0.337500 0.059375 0.333333 0.037500 0.206250 0.025000 0.183333 0.059375 0.139583 0.045313 0.127083 0.026563
7 0.089583 0.231250 0.072917 0.243750 0.089583 0.281250 0.081250 0.359375 0.106250 0.387500 0.129167 0.390625 0.141667 0.407813 0.145833 0.432813 0.154167 0.437500 0.181250 0.426562 0.181250 0.409375 0.156250 0.381250 0.156250 0.335938 0.145833 0.315625 0.145833 0.282813 0.158333 0.268750 0.141667 0.251563 0.141667 0.243750 0.150000 0.245312 0.143750 0.237500 0.139583 0.242188 0.112500 0.228125
7 0.287500 0.253125 0.275000 0.362500 0.335417 0.398438 0.333333 0.382812 0.339583 0.364062 0.350000 0.282813
7 0.162500 0.310937 0.158333 0.314063 0.158333 0.325000 0.160417 0.326562 0.160417 0.331250 0.170833 0.339063 0.183333 0.339063 0.185417 0.340625 0.189583 0.337500 0.200000 0.334375 0.200000 0.332812 0.208333 0.325000 0.206250 0.323438 0.206250 0.315625 0.202083 0.312500 0.200000 0.312500 0.193750 0.307813 0.172917 0.307813 0.170833 0.309375 0.166667 0.309375 0.164583 0.310937
8 0.458333 0.056250 0.439583 0.092188 0.462500 0.100000 0.477083 0.139062 0.450000 0.103125 0.420833 0.092188 0.377083 0.092188 0.354167 0.096875 0.329167 0.114063 0.322917 0.160938 0.354167 0.204688 0.381250 0.221875 0.404167 0.221875 0.422917 0.201562 0.437500 0.198437 0.427083 0.206250 0.443750 0.284375 0.462500 0.292188 0.512500 0.182812 0.487500 0.137500 0.477083 0.078125
8 0.537500 0.087500 0.537500 0.190625 0.545833 0.190625 0.547917 0.192188 0.547917 0.087500
8 0.152083 0.235938 0.150000 0.256250 0.160417 0.271875 0.147917 0.282813 0.147917 0.301562 0.270833 0.312500 0.279167 0.239063
8 0.370833 0.243750 0.335417 0.392188 0.404167 0.442187 0.422917 0.318750
8 0.412500 0.246875 0.422917 0.289062 0.402083 0.259375 0.387500 0.256250 0.433333 0.323438 0.410417 0.431250 0.420833 0.431250 0.445833 0.329688 0.429167 0.432813 0.447917 0.439063 0.466667 0.328125
8 0.206250 0.364062 0.212500 0.431250 0.195833 0.392188 0.181250 0.392188 0.179167 0.470313 0.300000 0.475000 0.293750 0.506250 0.337500 0.587500 0.381250 0.501562 0.331250 0.418750 0.300000 0.432813 0.343750 0.551562 0.300000 0.475000 0.293750 0.442187 0.247917 0.435937 0.297917 0.437500 0.287500 0.373437 0.268750 0.364062
8 0.329167 0.403125 0.325000 0.415625 0.331250 0.415625 0.333333 0.414062 0.339583 0.414062 0.356250 0.440625 0.356250 0.443750 0.362500 0.451562 0.366667 0.462500 0.372917 0.470313 0.377083 0.481250 0.381250 0.487500 0.385417 0.485938 0.352083 0.410937 0.343750 0.403125
8 0.175000 0.479688 0.195833 0.503125 0.272917 0.503125 0.275000 0.504687 0.283333 0.504687 0.283333 0.501562 0.285417 0.500000 0.283333 0.496875 0.254167 0.496875 0.252083 0.495313 0.193750 0.493750
8 0.391667 0.487500 0.381250 0.509375 0.366667 0.557813 0.366667 0.575000 0.370833 0.584375 0.368750 0.585938 0.354167 0.585938 0.362500 0.596875 0.375000 0.593750 0.375000 0.589063 0.408333 0.509375 0.408333 0.503125
8 0.925000 0.553125 0.904167 0.550000 0.862500 0.567187 0.906250 0.598437 0.910417 0.612500 0.862500 0.646875 0.856250 0.659375 0.772917 0.664062 0.758333 0.671875 0.750000 0.706250 0.691667 0.712500 0.764583 0.764063 0.954167 0.767187 0.985417 0.759375 0.983333 0.595312 0.954167 0.584375
8 0.693750 0.740625 0.693750 0.746875 0.691667 0.748438 0.691667 0.756250 0.693750 0.757812 0.693750 0.759375 0.695833 0.760938 0.695833 0.762500 0.697917 0.764063 0.697917 0.765625 0.700000 0.767187 0.700000 0.768750 0.702083 0.770312 0.702083 0.771875 0.704167 0.773438 0.704167 0.775000 0.706250 0.773438 0.706250 0.770312 0.708333 0.768750 0.708333 0.767187 0.710417 0.765625 0.710417 0.764063 0.712500 0.762500 0.712500 0.757812 0.706250 0.753125 0.706250 0.751562 0.700000 0.746875 0.700000 0.745313