1 0.014583 0.103125 0.014583 0.153125 0.070833 0.145313 0.291667 0.153125 0.362500 0.178125 0.433333 0.228125 0.454167 0.281250 0.693750 0.290625 0.681250 0.262500 0.595833 0.187500 0.583333 0.148438
1 0.735417 0.634375 0.491667 0.654688 0.452083 0.626562 0.039583 0.643750 0.018750 0.653125 0.016667 0.754687 0.729167 0.690625
2 0.947917 0.528125 0.929167 0.543750 0.891667 0.548437 0.879167 0.629687 0.739583 0.635938 0.737500 0.693750 0.764583 0.717188 0.762500 0.734375 0.987500 0.907812 0.987500 0.528125
3 0.014583 0.275000 0.025000 0.639063 0.425000 0.612500 0.427083 0.543750 0.479167 0.551562 0.470833 0.618750 0.491667 0.643750 0.872917 0.621875 0.885417 0.507812 0.858333 0.517187 0.850000 0.492188 0.904167 0.440625 0.918750 0.310937
4 0.572917 0.012500 0.600000 0.184375 0.706250 0.276563 0.879167 0.268750 0.943750 0.284375 0.987500 0.279687 0.981250 0.010937
7 0.014583 0.010937 0.014583 0.095312 0.587500 0.142188 0.568750 0.015625
7 0.012500 0.159375 0.018750 0.245312 0.116667 0.250000 0.362500 0.279687 0.445833 0.279687 0.425000 0.243750 0.427083 0.229687 0.377083 0.189063 0.291667 0.162500 0.145833 0.151562 0.031250 0.153125
7 0.214583 0.459375 0.135417 0.468750 0.133333 0.476562 0.133333 0.529688 0.220833 0.521875 0.218750 0.518750 0.218750 0.500000 0.216667 0.498437
7 0.222917 0.567187 0.200000 0.573438 0.158333 0.567187 0.156250 0.562500 0.177083 0.550000 0.181250 0.542188 0.077083 0.545313 0.077083 0.609375 0.079167 0.612500 0.229167 0.601562
7 0.985417 0.912500 0.754167 0.731250 0.016667 0.804688 0.014583 0.989062 0.500000 0.987500 0.504167 0.962500 0.539583 0.935938 0.610417 0.934375 0.631250 0.943750 0.595833 0.960938 0.600000 0.973437 0.641667 0.985937 0.985417 0.925000
8 0.985417 0.284375 0.927083 0.285937 0.925000 0.287500 0.927083 0.353125 0.929167 0.357812 0.933333 0.359375 0.954167 0.345313 0.970833 0.345313 0.981250 0.356250 0.985417 0.356250
8 0.016667 0.359375 0.025000 0.362500 0.037500 0.362500 0.075000 0.353125 0.089583 0.353125 0.104167 0.346875 0.116667 0.346875 0.137500 0.353125 0.158333 0.342187 0.143750 0.337500 0.131250 0.337500 0.118750 0.345313 0.102083 0.342187 0.072917 0.331250 0.020833 0.329688
8 0.445833 0.331250 0.445833 0.343750 0.441667 0.353125 0.441667 0.360938 0.433333 0.385938 0.429167 0.409375 0.447917 0.423438 0.456250 0.404687 0.456250 0.396875 0.458333 0.395312 0.464583 0.396875 0.472917 0.392188 0.470833 0.390625 0.472917 0.387500 0.477083 0.390625 0.489583 0.390625 0.487500 0.389062 0.481250 0.348437
8 0.975000 0.385938 0.950000 0.382812 0.922917 0.398438 0.922917 0.406250 0.937500 0.414062 0.952083 0.431250 0.950000 0.448438 0.925000 0.495313 0.908333 0.506250 0.889583 0.506250 0.887500 0.543750 0.925000 0.535937 0.941667 0.521875 0.989583 0.523438 0.985417 0.393750
8 0.431250 0.432813 0.425000 0.437500 0.425000 0.495313 0.472917 0.532812 0.483333 0.532812 0.487500 0.476562 0.489583 0.475000 0.489583 0.457812 0.491667 0.456250 0.447917 0.434375
8 0.364583 0.553125 0.375000 0.557813 0.406250 0.557813 0.412500 0.553125 0.414583 0.553125 0.414583 0.548437 0.420833 0.543750 0.425000 0.542188 0.458333 0.540625 0.458333 0.535937 0.456250 0.534375 0.452083 0.534375 0.447917 0.540625 0.416667 0.540625 0.400000 0.529688 0.379167 0.529688 0.368750 0.532812 0.368750 0.539062 0.364583 0.546875
8 0.427083 0.545313 0.420833 0.551562 0.416667 0.601562 0.429167 0.617188 0.475000 0.617188 0.475000 0.557813 0.477083 0.556250 0.477083 0.551562 0.466667 0.545313
8 0.622917 0.937500 0.614583 0.937500 0.566667 0.946875 0.556250 0.943750 0.541667 0.943750 0.531250 0.951563 0.527083 0.957812 0.522917 0.957812 0.514583 0.962500 0.504167 0.973437 0.506250 0.985937 0.508333 0.987500 0.516667 0.985937 0.597917 0.985937 0.597917 0.979688 0.585417 0.957812 0.600000 0.950000 0.616667 0.948438 0.625000 0.942187