1 0.016667 0.015625 0.383333 0.065625 0.414583 0.098438 0.395833 0.353125 0.414583 0.401563 0.364583 0.420312 0.022917 0.400000 0.022917 0.548437 0.514583 0.506250 0.529167 0.459375 0.556250 0.457812 0.520833 0.407813 0.527083 0.353125 0.408333 0.328125 0.427083 0.100000 0.468750 0.073437 0.545833 0.075000 0.302083 0.037500 0.291667 0.017188
1 0.133333 0.881250 0.018750 0.892187 0.018750 0.989062 0.106250 0.985937 0.106250 0.929688 0.118750 0.909375 0.118750 0.896875
2 0.987500 0.014062 0.875000 0.021875 0.731250 0.078125 0.700000 0.106250 0.793750 0.123438 0.758333 0.343750 0.718750 0.354688 0.733333 0.381250 0.710417 0.437500 0.714583 0.481250 0.989583 0.512500
2 0.985417 0.595312 0.968750 0.679688 0.847917 0.692187 0.837500 0.701563 0.800000 0.717188 0.866667 0.718750 0.958333 0.765625 0.983333 0.762500
3 0.458333 0.103125 0.466667 0.110937 0.458333 0.190625 0.470833 0.204688 0.437500 0.221875 0.429167 0.215625 0.433333 0.317187 0.418750 0.325000 0.435417 0.334375 0.747917 0.345313 0.756250 0.328125 0.743750 0.320312 0.777083 0.221875 0.777083 0.143750 0.791667 0.139062 0.791667 0.126563 0.525000 0.090625 0.512500 0.082813
3 0.762500 0.717188 0.747917 0.701563 0.687500 0.700000 0.589583 0.717188 0.427083 0.643750 0.379167 0.570312 0.445833 0.546875 0.529167 0.543750 0.531250 0.520312 0.391667 0.514063 0.366667 0.534375 0.085417 0.542188 0.133333 0.551562 0.127083 0.826563 0.018750 0.845312 0.014583 0.882812 0.408333 0.834375 0.391667 0.782812 0.462500 0.765625 0.479167 0.742188
4 0.306250 0.023438 0.537500 0.060938 0.593750 0.093750 0.658333 0.100000 0.702083 0.093750 0.727083 0.071875 0.877083 0.014062 0.325000 0.014062
5 0.985417 0.926562 0.981250 0.770312 0.575000 0.789062 0.785417 0.943750
6 0.477083 0.748438 0.468750 0.768750 0.493750 0.796875 0.495833 0.839063 0.516667 0.857813 0.545833 0.857813 0.560417 0.890625 0.593750 0.857813 0.608333 0.857813 0.737500 0.987500 0.839583 0.987500 0.641667 0.873438 0.568750 0.800000 0.568750 0.778125 0.935417 0.770312 0.839583 0.723437
7 0.022917 0.032812 0.018750 0.392188 0.370833 0.404687 0.395833 0.090625
7 0.420833 0.748438 0.420833 0.746875 0.395833 0.728125 0.341667 0.729688 0.339583 0.731250 0.314583 0.731250 0.312500 0.732813 0.325000 0.751562 0.329167 0.751562 0.331250 0.750000
7 0.539583 0.857813 0.520833 0.857813 0.504167 0.862500 0.472917 0.862500 0.456250 0.867188 0.456250 0.892187 0.460417 0.904688 0.458333 0.907812 0.458333 0.921875 0.479167 0.917188 0.508333 0.915625 0.508333 0.890625 0.520833 0.875000 0.543750 0.871875
8 0.454167 0.107813 0.445833 0.107813 0.435417 0.110937 0.422917 0.121875 0.422917 0.126563 0.418750 0.132812 0.418750 0.146875 0.422917 0.150000 0.422917 0.189063 0.452083 0.187500 0.458333 0.182812 0.460417 0.125000 0.462500 0.121875 0.460417 0.120312 0.460417 0.110937
8 0.731250 0.167187 0.716667 0.167187 0.681250 0.178125 0.720833 0.178125 0.720833 0.181250 0.662500 0.182812 0.654167 0.220313 0.706250 0.218750 0.720833 0.184375 0.722917 0.190625 0.718750 0.214062 0.729167 0.214062 0.733333 0.173438
8 0.458333 0.193750 0.441667 0.193750 0.437500 0.196875 0.437500 0.198437 0.435417 0.200000 0.435417 0.215625 0.437500 0.217187 0.441667 0.217187 0.443750 0.215625 0.445833 0.215625 0.447917 0.214062 0.450000 0.214062 0.460417 0.206250 0.462500 0.206250 0.462500 0.196875
8 0.681250 0.229687 0.652083 0.245312 0.652083 0.257812 0.622917 0.304688 0.631250 0.309375 0.654167 0.310937 0.697917 0.309375 0.712500 0.320312 0.720833 0.317187 0.722917 0.303125 0.716667 0.281250 0.716667 0.260938 0.722917 0.239063 0.704167 0.229687
8 0.547917 0.350000 0.537500 0.378125 0.535417 0.414062 0.545833 0.434375 0.558333 0.442187 0.704167 0.432813 0.716667 0.417188 0.727083 0.390625 0.727083 0.371875 0.704167 0.350000 0.556250 0.343750
8 0.381250 0.575000 0.429167 0.640625 0.587500 0.712500 0.668750 0.696875 0.731250 0.704687 0.756250 0.675000 0.750000 0.706250 0.766667 0.712500 0.802083 0.690625 0.966667 0.675000 0.989583 0.528125 0.958333 0.512500 0.629167 0.481250 0.627083 0.490625 0.650000 0.495313 0.620833 0.495313 0.539583 0.523438 0.535417 0.535937 0.566667 0.532812 0.537500 0.546875 0.454167 0.551562
8 0.122917 0.556250 0.054167 0.565625 0.052083 0.573438 0.052083 0.635938 0.129167 0.625000 0.127083 0.621875
8 0.033333 0.667188 0.039583 0.681250 0.039583 0.685938 0.045833 0.696875 0.045833 0.701563 0.052083 0.712500 0.054167 0.710938 0.120833 0.709375 0.120833 0.689062 0.122917 0.687500 0.122917 0.667188 0.125000 0.665625 0.041667 0.665625 0.039583 0.667188
8 0.347917 0.709375 0.347917 0.721875 0.350000 0.723437 0.350000 0.726562 0.366667 0.726562 0.368750 0.725000 0.383333 0.725000 0.385417 0.723437 0.397917 0.723437 0.397917 0.715625 0.400000 0.714063 0.397917 0.712500 0.397917 0.710938 0.391667 0.707812 0.354167 0.707812 0.352083 0.709375
8 0.481250 0.785937 0.454167 0.778125 0.404167 0.792188 0.412500 0.814062 0.429167 0.817187 0.414583 0.839063 0.133333 0.885938 0.129167 0.989062 0.520833 0.982813 0.531250 0.951563 0.537500 0.973437 0.554167 0.937500 0.529167 0.931250 0.527083 0.946875 0.514583 0.917188 0.456250 0.921875 0.454167 0.867188 0.497917 0.853125 0.497917 0.842188 0.472917 0.839063 0.491667 0.831250
8 0.595833 0.860937 0.562500 0.901563 0.558333 0.946875 0.547917 0.973437 0.552083 0.984375 0.725000 0.987500 0.610417 0.860937