1 0.020833 0.217187 0.016667 0.348437 0.125000 0.360938 0.120833 0.626562 0.016667 0.648438 0.016667 0.664062 0.283333 0.653125 0.156250 0.637500 0.150000 0.510938 0.218750 0.517187 0.195833 0.439063 0.218750 0.431250 0.183333 0.360938 0.081250 0.351562 0.060417 0.298438 0.070833 0.242188 0.268750 0.245312
2 0.987500 0.010937 0.727083 0.017188 0.845833 0.118750 0.762500 0.240625 0.670833 0.237500 0.718750 0.321875 0.812500 0.335938 0.725000 0.418750 0.889583 0.432813 0.787500 0.542188 0.847917 0.550000 0.818750 0.582812 0.891667 0.640625 0.850000 0.710938 0.735417 0.710938 0.829167 0.985937 0.983333 0.985937
3 0.089583 0.012500 0.085417 0.192188 0.014583 0.185937 0.014583 0.206250 0.279167 0.237500 0.295833 0.209375 0.350000 0.201562 0.518750 0.214062 0.414583 0.182812 0.333333 0.125000 0.325000 0.206250 0.268750 0.210938 0.262500 0.182812 0.212500 0.164062 0.222917 0.106250 0.264583 0.100000 0.272917 0.012500
3 0.345833 0.014062 0.377083 0.017188 0.389583 0.023438 0.393750 0.023438 0.408333 0.029687 0.418750 0.031250 0.431250 0.035937 0.433333 0.034375 0.447917 0.034375 0.447917 0.031250 0.460417 0.015625 0.452083 0.015625 0.450000 0.014062
5 0.381250 0.285937 0.383333 0.340625 0.418750 0.406250 0.533333 0.432813 0.539583 0.467187 0.585417 0.545313 0.772917 0.542188 0.854167 0.446875 0.831250 0.445312 0.870833 0.443750 0.881250 0.425000 0.704167 0.425000 0.802083 0.332812 0.595833 0.317187 0.408333 0.281250
6 0.345833 0.206250 0.358333 0.245312 0.347917 0.271875 0.372917 0.318750 0.366667 0.340625 0.379167 0.331250 0.375000 0.287500 0.383333 0.278125 0.608333 0.317187 0.650000 0.312500 0.702083 0.323438 0.656250 0.234375 0.602083 0.229687 0.570833 0.239063 0.562500 0.228125 0.550000 0.232812 0.529167 0.221875 0.362500 0.203125
6 0.372917 0.657812 0.589583 0.646875 0.602083 0.629687 0.491667 0.629687 0.537500 0.575000 0.695833 0.565625 0.785417 0.575000 0.843750 0.562500 0.835417 0.548437 0.533333 0.546875 0.514583 0.475000 0.535417 0.470313 0.525000 0.439063 0.435417 0.415625 0.468750 0.523438 0.452083 0.567187 0.418750 0.576563
7 0.302083 0.325000 0.310417 0.328125 0.314583 0.328125 0.320833 0.331250 0.322917 0.329688 0.333333 0.328125 0.333333 0.326562 0.337500 0.323438 0.337500 0.320312 0.339583 0.318750 0.341667 0.310937 0.343750 0.309375 0.360417 0.309375 0.362500 0.301562 0.352083 0.301562 0.350000 0.300000 0.337500 0.300000 0.335417 0.298438 0.325000 0.298438 0.322917 0.296875 0.312500 0.296875 0.312500 0.300000 0.310417 0.301562 0.310417 0.304688 0.308333 0.306250 0.308333 0.309375 0.304167 0.315625 0.304167 0.320312 0.302083 0.321875
7 0.108333 0.359375 0.016667 0.356250 0.016667 0.639063 0.052083 0.634375 0.072917 0.625000 0.110417 0.626562
7 0.218750 0.473437 0.245833 0.525000 0.256250 0.570312 0.270833 0.584375 0.256250 0.584375 0.243750 0.570312 0.239583 0.523438 0.158333 0.520312 0.162500 0.629687 0.262500 0.632812 0.245833 0.621875 0.258333 0.610937 0.283333 0.606250 0.277083 0.587500 0.293750 0.606250 0.341667 0.610937 0.333333 0.562500 0.302083 0.537500 0.302083 0.507812 0.258333 0.503125 0.237500 0.476562
7 0.827083 0.970312 0.722917 0.710938 0.572917 0.712500 0.545833 0.698438 0.568750 0.679688 0.018750 0.706250 0.014583 0.987500 0.725000 0.987500
8 0.304167 0.051562 0.331250 0.114063 0.395833 0.165625 0.483333 0.201562 0.518750 0.200000 0.554167 0.226562 0.587500 0.176563 0.616667 0.056250 0.575000 0.232812 0.629167 0.223438 0.747917 0.235938 0.833333 0.125000 0.752083 0.034375 0.706250 0.020312 0.591667 0.015625 0.597917 0.040625 0.566667 0.037500 0.591667 0.034375 0.579167 0.015625 0.477083 0.015625 0.462500 0.034375 0.529167 0.043750 0.433333 0.040625 0.352083 0.021875
8 0.231250 0.114063 0.239583 0.121875 0.264583 0.126563 0.277083 0.118750 0.279167 0.121875 0.275000 0.126563 0.275000 0.139062 0.279167 0.143750 0.312500 0.143750 0.318750 0.145313 0.320833 0.135937 0.316667 0.131250 0.300000 0.131250 0.291667 0.123438 0.277083 0.118750 0.279167 0.117188 0.297917 0.117188 0.310417 0.123438 0.316667 0.120312 0.314583 0.115625 0.308333 0.112500 0.270833 0.110937 0.258333 0.117188
8 0.350000 0.225000 0.293750 0.225000 0.306250 0.248437 0.293750 0.250000 0.293750 0.257812 0.331250 0.267188 0.287500 0.264062 0.277083 0.256250 0.085417 0.246875 0.083333 0.343750 0.335417 0.351562 0.329167 0.332812 0.289583 0.323438 0.310417 0.285937 0.360417 0.295312 0.341667 0.273438 0.350000 0.254687 0.310417 0.250000 0.350000 0.250000 0.354167 0.240625 0.300000 0.232812
8 0.375000 0.332812 0.358333 0.356250 0.370833 0.354688 0.325000 0.403125 0.329167 0.473437 0.356250 0.479688 0.314583 0.484375 0.312500 0.545313 0.337500 0.551562 0.347917 0.584375 0.347917 0.621875 0.358333 0.623438 0.389583 0.612500 0.437500 0.548437 0.431250 0.568750 0.447917 0.559375 0.460417 0.517187 0.427083 0.410937 0.412500 0.406250
8 0.239583 0.401563 0.239583 0.406250 0.245833 0.406250 0.247917 0.407813 0.256250 0.407813 0.258333 0.409375 0.264583 0.409375 0.272917 0.412500 0.279167 0.412500 0.281250 0.414062 0.285417 0.414062 0.287500 0.415625 0.293750 0.415625 0.295833 0.417188 0.302083 0.417188 0.304167 0.418750 0.320833 0.418750 0.320833 0.400000 0.316667 0.398438 0.268750 0.398438 0.266667 0.400000 0.250000 0.400000 0.247917 0.401563
8 0.235417 0.423438 0.233333 0.448438 0.243750 0.448438 0.256250 0.442187 0.272917 0.442187 0.291667 0.453125 0.295833 0.451562 0.322917 0.451562 0.320833 0.448438 0.320833 0.425000 0.312500 0.425000 0.310417 0.423438
8 0.879167 0.639063 0.870833 0.620313 0.804167 0.581250 0.741667 0.568750 0.670833 0.571875 0.641667 0.582812 0.612500 0.609375 0.604167 0.642187 0.577083 0.664062 0.577083 0.692187 0.558333 0.700000 0.583333 0.709375 0.627083 0.703125 0.841667 0.703125 0.856250 0.687500
8 0.252083 0.617188 0.264583 0.621875 0.268750 0.625000 0.270833 0.628125 0.268750 0.629687 0.268750 0.635938 0.270833 0.637500 0.289583 0.637500 0.291667 0.639063 0.314583 0.639063 0.322917 0.635938 0.322917 0.632812 0.325000 0.631250 0.325000 0.628125 0.329167 0.621875 0.329167 0.620313 0.310417 0.620313 0.308333 0.618750 0.302083 0.618750 0.293750 0.615625 0.287500 0.615625 0.285417 0.614062 0.277083 0.614062 0.275000 0.612500 0.258333 0.612500