1 0.341667 0.017188 0.337500 0.100000 0.500000 0.126563 0.516667 0.076563 0.502083 0.068750 0.497917 0.037500 0.506250 0.029687 0.508333 0.012500 0.352083 0.014062
1 0.014583 0.125000 0.018750 0.376563 0.356250 0.385938 0.389583 0.367188 0.441667 0.175000 0.256250 0.137500
1 0.020833 0.385938 0.018750 0.448438 0.075000 0.454688 0.070833 0.517187 0.018750 0.518750 0.018750 0.587500 0.181250 0.581250 0.185417 0.829687 0.014583 0.843750 0.014583 0.987500 0.266667 0.985937 0.250000 0.948438 0.283333 0.906250 0.370833 0.912500 0.343750 0.882812 0.356250 0.853125 0.227083 0.857813 0.210417 0.537500 0.285417 0.535937 0.320833 0.510938 0.272917 0.512500 0.212500 0.465625 0.252083 0.439063 0.283333 0.443750 0.329167 0.393750
2 0.989583 0.014062 0.579167 0.020312 0.520833 0.096875 0.616667 0.106250 0.772917 0.025000 0.956250 0.098438 0.881250 0.301562 0.802083 0.385938 0.864583 0.489062 0.622917 0.776563 0.716667 0.814062 0.754167 0.918750 0.704167 0.982813 0.989583 0.989062
3 0.391667 0.392188 0.347917 0.395312 0.347917 0.414062 0.341667 0.425000 0.337500 0.440625 0.331250 0.446875 0.333333 0.445312 0.337500 0.446875 0.341667 0.453125 0.341667 0.459375 0.347917 0.465625 0.345833 0.481250 0.339583 0.484375 0.337500 0.493750 0.345833 0.487500 0.358333 0.456250 0.372917 0.440625 0.377083 0.431250 0.379167 0.414062
3 0.618750 0.820312 0.450000 0.826563 0.435417 0.831250 0.443750 0.839063 0.443750 0.871875 0.458333 0.890625 0.450000 0.901563 0.433333 0.906250 0.452083 0.912500 0.460417 0.923437 0.443750 0.942187 0.462500 0.984375 0.689583 0.987500 0.666667 0.940625 0.608333 0.895312 0.604167 0.864062 0.618750 0.850000
4 0.710417 0.082813 0.468750 0.157813 0.358333 0.470313 0.387500 0.551562 0.368750 0.700000 0.402083 0.793750 0.260417 0.789062 0.279167 0.714063 0.252083 0.648438 0.341667 0.632812 0.297917 0.542188 0.220833 0.542188 0.241667 0.850000 0.420833 0.837500 0.402083 0.801562 0.427083 0.820312 0.554167 0.806250 0.777083 0.584375 0.839583 0.473437 0.670833 0.240625 0.664583 0.184375
7 0.014583 0.025000 0.014583 0.118750 0.243750 0.131250 0.450000 0.176563 0.462500 0.154687 0.500000 0.143750 0.495833 0.129688 0.314583 0.101562 0.306250 0.014062 0.018750 0.018750 0.304167 0.092188 0.277083 0.101562
7 0.231250 0.462500 0.231250 0.473437 0.241667 0.481250 0.250000 0.481250 0.260417 0.490625 0.270833 0.492188 0.270833 0.485938 0.277083 0.476562 0.285417 0.476562 0.295833 0.479688 0.325000 0.479688 0.335417 0.484375 0.343750 0.481250 0.345833 0.465625 0.339583 0.459375 0.339583 0.453125 0.335417 0.446875 0.306250 0.464063 0.297917 0.460938 0.281250 0.460938 0.270833 0.445312 0.260417 0.445312 0.258333 0.453125 0.243750 0.454688
7 0.016667 0.450000 0.016667 0.454688 0.014583 0.456250 0.014583 0.517187 0.068750 0.517187 0.070833 0.456250 0.072917 0.453125 0.068750 0.451562
7 0.083333 0.460938 0.079167 0.507812 0.154167 0.507812 0.156250 0.509375 0.164583 0.509375 0.164583 0.504687 0.162500 0.503125 0.162500 0.459375 0.085417 0.459375
7 0.279167 0.482812 0.279167 0.501562 0.327083 0.501562 0.329167 0.503125 0.333333 0.503125 0.333333 0.501562 0.331250 0.500000 0.331250 0.485938 0.329167 0.485938 0.327083 0.484375 0.302083 0.484375 0.300000 0.482812
7 0.179167 0.581250 0.016667 0.590625 0.014583 0.842188 0.183333 0.829687
7 0.268750 0.920313 0.270833 0.956250 0.258333 0.959375 0.258333 0.965625 0.272917 0.970312 0.277083 0.987500 0.343750 0.987500 0.341667 0.959375 0.347917 0.954687 0.383333 0.951563 0.418750 0.937500 0.433333 0.948438 0.416667 0.951563 0.418750 0.975000 0.435417 0.973437 0.433333 0.959375 0.445833 0.956250 0.435417 0.946875 0.441667 0.934375 0.427083 0.925000 0.412500 0.939062 0.372917 0.939062 0.364583 0.946875 0.341667 0.946875 0.337500 0.925000 0.329167 0.912500
8 0.516667 0.015625 0.516667 0.023438 0.520833 0.029687 0.529167 0.034375 0.527083 0.035937 0.514583 0.035937 0.510417 0.040625 0.510417 0.051562 0.514583 0.056250 0.514583 0.065625 0.518750 0.070312 0.537500 0.071875 0.543750 0.070312 0.545833 0.062500 0.552083 0.054688 0.552083 0.050000 0.537500 0.037500 0.541667 0.034375 0.556250 0.034375 0.558333 0.029687 0.562500 0.026563 0.556250 0.015625
8 0.764583 0.031250 0.679167 0.148438 0.668750 0.182812 0.670833 0.229687 0.689583 0.278125 0.729167 0.320312 0.777083 0.357812 0.814583 0.370313 0.870833 0.271875 0.900000 0.184375 0.933333 0.129688 0.935417 0.087500 0.927083 0.082813 0.887500 0.093750 0.870833 0.070312
8 0.558333 0.100000 0.550000 0.096875 0.545833 0.096875 0.518750 0.107813 0.518750 0.117188 0.522917 0.123438 0.512500 0.131250 0.512500 0.134375 0.516667 0.140625 0.520833 0.140625 0.527083 0.137500 0.531250 0.137500 0.537500 0.134375 0.541667 0.134375 0.550000 0.131250 0.550000 0.129688 0.545833 0.126563 0.547917 0.125000 0.556250 0.125000 0.560417 0.121875 0.562500 0.121875 0.562500 0.107813 0.564583 0.106250
8 0.339583 0.398438 0.333333 0.398438 0.320833 0.407813 0.308333 0.412500 0.308333 0.417188 0.306250 0.418750 0.306250 0.421875 0.304167 0.423438 0.304167 0.428125 0.302083 0.429688 0.302083 0.434375 0.300000 0.435937 0.300000 0.448438 0.306250 0.451562 0.314583 0.445312 0.322917 0.442187 0.327083 0.442187 0.329167 0.437500 0.333333 0.434375 0.333333 0.429688 0.335417 0.428125 0.335417 0.425000 0.341667 0.417188 0.339583 0.414062
8 0.352083 0.487500 0.306250 0.537500 0.325000 0.603125 0.352083 0.632812 0.262500 0.651563 0.281250 0.695312 0.291667 0.768750 0.335417 0.795313 0.375000 0.801562 0.397917 0.784375 0.362500 0.693750 0.372917 0.645312 0.366667 0.634375 0.352083 0.632812 0.381250 0.554688 0.368750 0.539062 0.366667 0.503125
8 0.283333 0.753125 0.283333 0.754687 0.277083 0.762500 0.277083 0.765625 0.275000 0.767187 0.275000 0.771875 0.270833 0.775000 0.270833 0.785937 0.310417 0.785937 0.306250 0.782812 0.304167 0.782812 0.300000 0.779688 0.297917 0.779688 0.293750 0.776563 0.291667 0.776563 0.285417 0.771875 0.285417 0.762500 0.283333 0.760938
8 0.631250 0.796875 0.622917 0.837500 0.637500 0.848437 0.627083 0.854688 0.637500 0.868750 0.637500 0.887500 0.662500 0.903125 0.629167 0.885938 0.631250 0.873438 0.618750 0.857813 0.616667 0.892187 0.664583 0.928125 0.675000 0.921875 0.664583 0.904688 0.679167 0.918750 0.695833 0.921875 0.677083 0.934375 0.689583 0.964063 0.689583 0.929688 0.697917 0.935938 0.739583 0.917188 0.727083 0.907812 0.718750 0.867188 0.695833 0.814062 0.652083 0.831250 0.641667 0.818750 0.641667 0.800000
8 0.431250 0.842188 0.416667 0.848437 0.416667 0.868750 0.418750 0.870313 0.418750 0.875000 0.420833 0.876562 0.422917 0.884375 0.431250 0.896875 0.435417 0.900000 0.435417 0.901563 0.445833 0.901563 0.447917 0.896875 0.452083 0.893750 0.452083 0.889063 0.441667 0.875000 0.441667 0.871875 0.437500 0.865625 0.437500 0.860937 0.435417 0.859375 0.435417 0.854688 0.433333 0.853125 0.433333 0.842188
8 0.379167 0.892187 0.379167 0.895312 0.381250 0.896875 0.381250 0.900000 0.383333 0.901563 0.383333 0.903125 0.385417 0.904688 0.416667 0.904688 0.416667 0.900000 0.418750 0.898438 0.416667 0.896875 0.416667 0.893750 0.414583 0.892187 0.414583 0.890625 0.397917 0.890625 0.395833 0.892187