1 0.016667 0.014062 0.031250 0.035937 0.472917 0.082813 0.512500 0.020312
1 0.035417 0.148438 0.027083 0.982813 0.622917 0.970312 0.631250 0.800000 0.429167 0.771875 0.050000 0.795313 0.043750 0.528125 0.177083 0.518750 0.212500 0.539062 0.250000 0.335938 0.683333 0.345313 0.675000 0.296875 0.425000 0.268750 0.412500 0.185937
1 0.497917 0.621875 0.487500 0.726562 0.664583 0.731250 0.668750 0.689062 0.666667 0.673437 0.650000 0.656250 0.650000 0.648438 0.658333 0.637500 0.652083 0.625000 0.608333 0.623438 0.568750 0.628125 0.508333 0.620313
2 0.979167 0.310937 0.756250 0.295312 0.758333 0.312500 0.739583 0.334375 0.754167 0.360938 0.745833 0.610937 0.706250 0.607813 0.722917 0.615625 0.708333 0.671875 0.722917 0.671875 0.752083 0.701563 0.891667 0.625000 0.910417 0.626562 0.914583 0.635938 0.935417 0.581250 0.987500 0.571875
3 0.287500 0.342187 0.279167 0.589063 0.731250 0.589063 0.743750 0.356250
4 0.897917 0.634375 0.658333 0.757812 0.645833 0.795313 0.635417 0.985937 0.989583 0.989062 0.985417 0.800000 0.960417 0.789062 0.910417 0.742188 0.902083 0.707812 0.912500 0.664062
7 0.245833 0.503125 0.245833 0.518750 0.283333 0.518750 0.281250 0.517187 0.281250 0.512500 0.279167 0.510938 0.279167 0.506250 0.277083 0.504687 0.277083 0.501562 0.247917 0.501562
7 0.193750 0.550000 0.195833 0.651563 0.433333 0.604688 0.577083 0.620313 0.647917 0.617188 0.675000 0.604688 0.279167 0.590625 0.279167 0.570312 0.254167 0.564062 0.277083 0.564062 0.277083 0.523438 0.239583 0.525000 0.241667 0.562500
7 0.066667 0.532812 0.056250 0.798437 0.087500 0.790625 0.116667 0.790625 0.150000 0.800000 0.172917 0.795313 0.179167 0.532812
7 0.483333 0.626562 0.410417 0.615625 0.389583 0.625000 0.200000 0.656250 0.200000 0.682813 0.479167 0.725000
7 0.181250 0.785937 0.408333 0.764063 0.639583 0.776563 0.650000 0.773438 0.650000 0.762500 0.666667 0.748438 0.662500 0.731250 0.472917 0.731250 0.395833 0.725000 0.183333 0.690625
8 0.714583 0.012500 0.714583 0.037500 0.722917 0.050000 0.727083 0.053125 0.739583 0.057813 0.743750 0.060938 0.768750 0.060938 0.770833 0.059375 0.781250 0.059375 0.793750 0.045313 0.793750 0.029687 0.791667 0.028125 0.789583 0.015625 0.785417 0.014062
8 0.987500 0.014062 0.800000 0.014062 0.802083 0.059375 0.758333 0.070312 0.777083 0.117188 0.806250 0.120312 0.770833 0.207813 0.781250 0.153125 0.735417 0.140625 0.789583 0.145313 0.797917 0.126563 0.770833 0.118750 0.756250 0.081250 0.689583 0.075000 0.647917 0.017188 0.518750 0.015625 0.504167 0.068750 0.481250 0.071875 0.445833 0.143750 0.433333 0.254687 0.625000 0.268750 0.645833 0.284375 0.985417 0.296875
8 0.277083 0.342187 0.252083 0.353125 0.250000 0.406250 0.245833 0.406250 0.245833 0.385938 0.243750 0.398438 0.237500 0.407813 0.250000 0.420312 0.250000 0.439063 0.268750 0.439063 0.279167 0.446875 0.277083 0.423438 0.260417 0.414062 0.264583 0.412500 0.277083 0.418750
8 0.966667 0.576563 0.952083 0.581250 0.920833 0.660937 0.912500 0.698438 0.912500 0.726562 0.922917 0.748438 0.970833 0.789062 0.983333 0.792188 0.983333 0.579687
8 0.660417 0.623438 0.668750 0.629687 0.668750 0.631250 0.685417 0.631250 0.687500 0.632812 0.689583 0.631250 0.693750 0.631250 0.695833 0.629687 0.700000 0.629687 0.702083 0.628125 0.706250 0.628125 0.706250 0.626562 0.712500 0.621875 0.710417 0.620313 0.710417 0.612500 0.708333 0.610937 0.695833 0.610937 0.693750 0.609375 0.677083 0.609375 0.660417 0.621875
8 0.664583 0.634375 0.664583 0.637500 0.662500 0.639063 0.662500 0.643750 0.660417 0.645312 0.660417 0.648438 0.658333 0.650000 0.658333 0.653125 0.670833 0.662500 0.670833 0.665625 0.672917 0.667188 0.697917 0.667188 0.697917 0.650000 0.683333 0.640625 0.681250 0.640625 0.679167 0.639063 0.677083 0.639063 0.675000 0.637500 0.672917 0.637500 0.670833 0.635938
8 0.725000 0.689062 0.720833 0.689062 0.718750 0.687500 0.712500 0.687500 0.693750 0.700000 0.693750 0.703125 0.691667 0.704687 0.691667 0.709375 0.689583 0.710938 0.689583 0.715625 0.693750 0.718750 0.695833 0.718750 0.702083 0.721875 0.718750 0.721875 0.729167 0.714063 0.731250 0.714063 0.731250 0.710938 0.735417 0.706250 0.735417 0.701563 0.733333 0.700000 0.733333 0.698438 0.731250 0.696875 0.729167 0.692187