1 0.016667 0.248437 0.295833 0.253125 0.293750 0.243750 0.139583 0.243750 0.095833 0.107813 0.252083 0.117188 0.254167 0.100000 0.306250 0.101562 0.312500 0.120312 0.362500 0.120312 0.370833 0.190625 0.402083 0.195312 0.406250 0.229687 0.429167 0.218750 0.500000 0.226562 0.491667 0.200000 0.516667 0.162500 0.560417 0.171875 0.616667 0.148438 0.602083 0.081250 0.014583 0.059375
1 0.022917 0.256250 0.014583 0.806250 0.520833 0.770312 0.512500 0.740625 0.564583 0.717188 0.262500 0.728125 0.258333 0.690625 0.283333 0.687500 0.239583 0.604688 0.227083 0.707812 0.089583 0.707812 0.114583 0.389062 0.237500 0.387500 0.241667 0.434375 0.268750 0.353125 0.497917 0.337500 0.487500 0.298438 0.408333 0.289062 0.410417 0.331250 0.297917 0.292188 0.291667 0.260938
2 0.985417 0.643750 0.910417 0.693750 0.893750 0.693750 0.914583 0.751562 0.925000 0.826563 0.910417 0.865625 0.887500 0.865625 0.893750 0.889063 0.841667 0.906250 0.870833 0.985937 0.987500 0.985937
3 0.620833 0.165625 0.554167 0.179688 0.531250 0.168750 0.514583 0.176563 0.506250 0.185937 0.504167 0.201562 0.518750 0.179688 0.525000 0.182812 0.533333 0.246875 0.510417 0.265625 0.504167 0.284375 0.504167 0.315625 0.512500 0.331250 0.541667 0.326562 0.547917 0.315625 0.566667 0.304688
3 0.885417 0.690625 0.660417 0.698438 0.627083 0.726562 0.639583 0.737500 0.650000 0.764063 0.643750 0.776563 0.631250 0.779688 0.627083 0.810938 0.677083 0.871875 0.906250 0.859375 0.906250 0.762500
4 0.989583 0.014062 0.616667 0.015625 0.602083 0.120312 0.629167 0.168750 0.564583 0.360938 0.581250 0.415625 0.604167 0.409375 0.602083 0.382812 0.622917 0.398438 0.627083 0.467187 0.583333 0.509375 0.614583 0.659375 0.541667 0.696875 0.633333 0.714063 0.660417 0.696875 0.785417 0.692187 0.837500 0.667188 0.912500 0.682813 0.983333 0.637500
4 0.435417 0.362500 0.268750 0.364062 0.270833 0.373437 0.308333 0.376563 0.308333 0.400000 0.277083 0.398438 0.270833 0.421875 0.291667 0.410937 0.306250 0.417188 0.258333 0.451562 0.237500 0.493750 0.231250 0.553125 0.297917 0.639063 0.266667 0.642187 0.264583 0.662500 0.308333 0.673437 0.310417 0.700000 0.268750 0.698438 0.272917 0.718750 0.462500 0.710938 0.452083 0.651563 0.437500 0.640625 0.435417 0.550000 0.460417 0.526563 0.497917 0.526563 0.525000 0.509375 0.506250 0.501562 0.452083 0.515625 0.435417 0.495313
7 0.106250 0.115625 0.106250 0.129688 0.143750 0.237500 0.293750 0.240625 0.293750 0.228125 0.360417 0.201562 0.358333 0.126563
7 0.300000 0.231250 0.304167 0.284375 0.397917 0.317187 0.400000 0.271875 0.414583 0.275000 0.420833 0.285937 0.433333 0.290625 0.458333 0.290625 0.506250 0.279687 0.506250 0.240625 0.481250 0.229687 0.460417 0.225000 0.427083 0.225000 0.422917 0.235938 0.410417 0.237500 0.400000 0.248437 0.393750 0.204688 0.383333 0.196875
7 0.125000 0.395312 0.118750 0.475000 0.225000 0.475000 0.229167 0.395312
7 0.114583 0.493750 0.108333 0.579687 0.214583 0.579687 0.214583 0.493750
7 0.225000 0.595312 0.112500 0.598437 0.108333 0.601562 0.097917 0.698438 0.220833 0.695312
7 0.847917 0.943750 0.831250 0.903125 0.772917 0.910937 0.747917 0.875000 0.668750 0.875000 0.627083 0.814062 0.585417 0.814062 0.577083 0.787500 0.554167 0.779688 0.016667 0.814062 0.016667 0.989062 0.845833 0.979688
8 0.262500 0.106250 0.262500 0.118750 0.279167 0.118750 0.281250 0.120312 0.300000 0.120312 0.302083 0.121875 0.304167 0.121875 0.304167 0.107813 0.300000 0.107813 0.297917 0.106250
8 0.522917 0.182812 0.512500 0.200000 0.512500 0.254687 0.514583 0.257812 0.518750 0.254687 0.522917 0.248437 0.529167 0.243750 0.527083 0.240625 0.527083 0.221875 0.525000 0.220313
8 0.564583 0.309375 0.543750 0.334375 0.462500 0.350000 0.443750 0.371875 0.445833 0.485938 0.458333 0.507812 0.508333 0.495313 0.554167 0.495313 0.568750 0.506250 0.495833 0.531250 0.460417 0.529688 0.443750 0.550000 0.447917 0.639063 0.462500 0.648438 0.462500 0.698438 0.477083 0.714063 0.608333 0.673437 0.566667 0.434375 0.587500 0.487500 0.625000 0.467187 0.612500 0.390625 0.608333 0.414062 0.572917 0.426562
8 0.662500 0.393750 0.643750 0.403125 0.639583 0.412500 0.637500 0.475000 0.656250 0.504687 0.668750 0.540625 0.691667 0.570312 0.737500 0.570312 0.712500 0.528125 0.710417 0.485938 0.702083 0.462500 0.695833 0.417188 0.675000 0.396875
8 0.845833 0.723437 0.835417 0.731250 0.850000 0.750000 0.852083 0.756250 0.852083 0.776563 0.850000 0.778125 0.850000 0.784375 0.837500 0.789062 0.835417 0.795313 0.843750 0.814062 0.850000 0.814062 0.881250 0.806250 0.858333 0.753125 0.854167 0.737500 0.847917 0.723437
8 0.552083 0.734375 0.533333 0.748438 0.556250 0.775000 0.570833 0.778125 0.587500 0.787500 0.585417 0.800000 0.597917 0.810938 0.629167 0.809375 0.629167 0.776563 0.625000 0.775000 0.645833 0.767187 0.633333 0.732813 0.602083 0.735937 0.610417 0.765625 0.608333 0.773438 0.593750 0.735937 0.585417 0.735937 0.583333 0.742188 0.575000 0.742188 0.564583 0.734375
8 0.827083 0.731250 0.822917 0.731250 0.816667 0.734375 0.812500 0.734375 0.804167 0.737500 0.787500 0.750000 0.768750 0.759375 0.768750 0.767187 0.775000 0.773438 0.777083 0.778125 0.791667 0.787500 0.795833 0.785937 0.812500 0.785937 0.816667 0.782812 0.837500 0.775000 0.845833 0.765625 0.843750 0.764063 0.843750 0.756250 0.833333 0.745313
8 0.879167 0.860937 0.760417 0.868750 0.762500 0.889063 0.777083 0.904688 0.783333 0.904688 0.789583 0.907812 0.875000 0.887500 0.881250 0.887500 0.879167 0.884375