1 0.014583 0.014062 0.016667 0.098438 0.120833 0.325000 0.460417 0.325000 0.462500 0.271875 0.379167 0.270312 0.372917 0.318750 0.302083 0.295312 0.295833 0.276563 0.114583 0.273438 0.085417 0.229687 0.089583 0.185937 0.347917 0.189063 0.379167 0.257812 0.475000 0.254687 0.479167 0.225000 0.408333 0.212500 0.418750 0.181250 0.329167 0.178125 0.312500 0.014062 0.277083 0.014062 0.281250 0.054688 0.033333 0.050000
1 0.014583 0.156250 0.014583 0.681250 0.083333 0.325000
1 0.156250 0.331250 0.162500 0.339063 0.179167 0.337500 0.193750 0.343750 0.210417 0.345313 0.250000 0.340625 0.297917 0.340625 0.329167 0.343750 0.406250 0.342187 0.458333 0.348437 0.458333 0.329688
1 0.191667 0.429688 0.168750 0.440625 0.143750 0.445312 0.127083 0.431250 0.110417 0.432813 0.081250 0.640625 0.118750 0.640625 0.150000 0.653125 0.177083 0.648438
1 0.460417 0.429688 0.483333 0.631250 0.608333 0.620313 0.658333 0.620313 0.702083 0.628125 0.731250 0.620313 0.735417 0.614062 0.718750 0.559375 0.639583 0.546875 0.625000 0.539062 0.620833 0.517187 0.593750 0.512500 0.593750 0.503125 0.610417 0.493750 0.591667 0.437500
1 0.762500 0.728125 0.541667 0.729688 0.235417 0.757812 0.089583 0.796875 0.081250 0.821875 0.047917 0.809375 0.022917 0.987500 0.162500 0.989062 0.185417 0.800000 0.464583 0.784375 0.483333 0.962500 0.820833 0.937500
2 0.987500 0.423438 0.937500 0.489062 0.933333 0.504687 0.906250 0.515625 0.872917 0.554688 0.885417 0.575000 0.927083 0.598437 0.952083 0.604688 0.966667 0.595312 0.979167 0.595312 0.987500 0.603125 0.987500 0.625000
2 0.850000 0.564062 0.843750 0.568750 0.843750 0.570312 0.837500 0.575000 0.837500 0.576563 0.829167 0.582812 0.829167 0.584375 0.820833 0.590625 0.820833 0.592188 0.812500 0.598437 0.812500 0.600000 0.806250 0.604688 0.806250 0.606250 0.797917 0.612500 0.804167 0.612500 0.806250 0.610937 0.814583 0.610937 0.816667 0.609375 0.818750 0.609375 0.829167 0.601562 0.831250 0.601562 0.831250 0.600000 0.841667 0.592188 0.843750 0.581250 0.845833 0.579687 0.845833 0.576563 0.847917 0.575000 0.847917 0.571875 0.850000 0.570312
2 0.862500 0.582812 0.847917 0.612500 0.766667 0.645312 0.785417 0.664062 0.779167 0.678125 0.787500 0.712500 0.770833 0.737500 0.827083 0.934375 0.987500 0.918750 0.987500 0.628125 0.981250 0.637500 0.906250 0.615625
3 0.512500 0.228125 0.514583 0.235938 0.506250 0.248437 0.522917 0.259375 0.522917 0.289062 0.504167 0.378125 0.585417 0.382812 0.543750 0.240625 0.525000 0.229687
4 0.989583 0.010937 0.610417 0.018750 0.591667 0.173438 0.575000 0.164062 0.552083 0.254687 0.627083 0.526563 0.654167 0.542188 0.712500 0.550000 0.691667 0.495313 0.708333 0.415625 0.731250 0.401563 0.729167 0.362500 0.791667 0.265625 0.893750 0.212500 0.987500 0.228125
4 0.320833 0.014062 0.337500 0.176563 0.427083 0.176563 0.429167 0.064062 0.437500 0.028125 0.435417 0.015625
5 0.985417 0.229687 0.904167 0.215625 0.854167 0.246875 0.893750 0.332812 0.818750 0.404687 0.783333 0.517187 0.718750 0.525000 0.766667 0.628125 0.833333 0.614062 0.854167 0.592188 0.854167 0.562500 0.839583 0.600000 0.810417 0.615625 0.789583 0.612500 0.847917 0.556250 0.900000 0.604688 0.977083 0.628125 0.975000 0.601562 0.962500 0.610937 0.927083 0.604688 0.872917 0.571875 0.864583 0.553125 0.922917 0.503125 0.987500 0.407813
7 0.022917 0.014062 0.035417 0.046875 0.275000 0.046875 0.268750 0.014062
7 0.093750 0.192188 0.091667 0.229687 0.110417 0.243750 0.120833 0.267188 0.302083 0.267188 0.306250 0.243750 0.308333 0.293750 0.368750 0.306250 0.375000 0.262500 0.464583 0.270312 0.456250 0.260938 0.379167 0.259375 0.352083 0.235938 0.354167 0.193750
7 0.470833 0.325000 0.470833 0.360938 0.472917 0.362500 0.477083 0.362500 0.479167 0.364062 0.483333 0.364062 0.485417 0.365625 0.489583 0.365625 0.491667 0.367188 0.495833 0.367188 0.497917 0.368750 0.497917 0.357812 0.500000 0.356250 0.497917 0.354688 0.497917 0.343750 0.495833 0.342187 0.495833 0.337500 0.493750 0.335938 0.493750 0.334375 0.489583 0.331250 0.487500 0.326562 0.483333 0.323438 0.477083 0.323438 0.475000 0.325000
7 0.112500 0.335938 0.039583 0.804688 0.118750 0.348437 0.110417 0.421875 0.145833 0.437500 0.383333 0.425000 0.212500 0.429688 0.189583 0.646875 0.441667 0.650000 0.077083 0.650000 0.058333 0.796875 0.772917 0.668750 0.737500 0.621875 0.450000 0.645312 0.425000 0.426562 0.591667 0.431250 0.581250 0.385938 0.464583 0.351562
7 0.454167 0.793750 0.200000 0.806250 0.177083 0.989062 0.472917 0.978125
7 0.672917 0.843750 0.672917 0.850000 0.675000 0.851562 0.675000 0.862500 0.679167 0.867188 0.681250 0.867188 0.683333 0.868750 0.689583 0.868750 0.695833 0.865625 0.718750 0.865625 0.718750 0.854688 0.716667 0.853125 0.716667 0.851562 0.714583 0.850000 0.714583 0.846875 0.712500 0.845312 0.708333 0.845312 0.706250 0.843750
8 0.450000 0.014062 0.425000 0.207813 0.514583 0.221875 0.547917 0.237500 0.568750 0.184375 0.566667 0.157813 0.589583 0.170312 0.597917 0.151562 0.602083 0.040625 0.564583 0.035937 0.602083 0.037500 0.610417 0.015625 0.531250 0.015625 0.564583 0.035937 0.518750 0.012500 0.487500 0.015625 0.483333 0.125000 0.475000 0.126563 0.470833 0.106250 0.483333 0.079687 0.477083 0.018750 0.485417 0.012500
8 0.487500 0.250000 0.479167 0.257812 0.479167 0.267188 0.481250 0.268750 0.483333 0.276563 0.489583 0.285937 0.493750 0.289062 0.493750 0.290625 0.504167 0.298438 0.510417 0.307813 0.510417 0.278125 0.512500 0.276563 0.512500 0.268750 0.514583 0.267188 0.514583 0.260938 0.508333 0.256250 0.504167 0.254687 0.500000 0.254687
8 0.843750 0.251563 0.802083 0.259375 0.735417 0.359375 0.735417 0.378125 0.754167 0.398438 0.741667 0.398438 0.737500 0.407813 0.714583 0.415625 0.718750 0.440625 0.700000 0.478125 0.700000 0.500000 0.716667 0.517187 0.727083 0.510938 0.708333 0.504687 0.704167 0.485938 0.727083 0.456250 0.731250 0.503125 0.739583 0.510938 0.760417 0.515625 0.787500 0.498437 0.810417 0.414062 0.797917 0.410937 0.808333 0.409375 0.814583 0.392188 0.883333 0.332812 0.872917 0.292188
8 0.772917 0.685938 0.762500 0.679688 0.758333 0.679688 0.747917 0.689062 0.604167 0.692187 0.577083 0.700000 0.564583 0.720312 0.570833 0.728125 0.760417 0.717188 0.770833 0.725000 0.775000 0.720312