1 0.014583 0.034375 0.014583 0.176563 0.270833 0.184375 0.297917 0.203125 0.304167 0.248437 0.400000 0.254687 0.379167 0.231250 0.379167 0.184375 0.389583 0.173438 0.435417 0.173438 0.454167 0.143750 0.660417 0.156250 0.656250 0.085938
1 0.410417 0.271875 0.308333 0.260938 0.287500 0.310937 0.016667 0.300000 0.014583 0.440625 0.245833 0.443750 0.252083 0.634375 0.043750 0.639063 0.016667 0.462500 0.056250 0.881250 0.395833 0.859375 0.389583 0.812500 0.329167 0.810938 0.310417 0.854688 0.245833 0.821875 0.070833 0.832812 0.043750 0.779688 0.060417 0.740625 0.302083 0.735937 0.329167 0.795313 0.404167 0.790625 0.343750 0.725000 0.279167 0.720312 0.264583 0.329688 0.400000 0.331250
2 0.897917 0.014062 0.668750 0.087500 0.662500 0.150000 0.679167 0.182812 0.727083 0.210938 0.743750 0.251563 0.733333 0.293750 0.697917 0.298438 0.704167 0.384375 0.939583 0.484375 0.929167 0.523438 0.943750 0.534375 0.893750 0.615625 0.895833 0.660937 0.920833 0.656250 0.931250 0.681250 0.881250 0.698438 0.987500 0.754687 0.989583 0.014062
2 0.979167 0.771875 0.887500 0.754687 0.883333 0.773438 0.872917 0.778125 0.862500 0.840625 0.862500 0.893750 0.845833 0.943750 0.985417 0.929688
3 0.458333 0.181250 0.462500 0.185937 0.450000 0.201562 0.447917 0.235938 0.464583 0.251563 0.458333 0.260938 0.464583 0.292188 0.458333 0.300000 0.466667 0.301562 0.468750 0.351562 0.458333 0.356250 0.652083 0.353125 0.666667 0.340625 0.668750 0.320312 0.689583 0.318750 0.683333 0.259375 0.695833 0.243750 0.700000 0.200000 0.647917 0.185937
3 0.443750 0.754687 0.441667 0.781250 0.450000 0.793750 0.452083 0.821875 0.450000 0.839063 0.437500 0.835938 0.437500 0.842188 0.447917 0.856250 0.450000 0.882812 0.447917 0.904688 0.441667 0.910937 0.518750 0.910937 0.500000 0.835938 0.477083 0.800000 0.477083 0.775000
3 0.987500 0.932813 0.447917 0.989062 0.987500 0.989062
4 0.406250 0.339063 0.270833 0.337500 0.291667 0.723437 0.354167 0.718750 0.370833 0.575000 0.358333 0.507812 0.362500 0.443750 0.343750 0.382812 0.360417 0.375000 0.381250 0.384375 0.397917 0.379687 0.412500 0.359375 0.437500 0.357812
4 0.464583 0.364062 0.495833 0.367188 0.489583 0.396875 0.508333 0.398438 0.495833 0.489062 0.516667 0.529688 0.483333 0.750000 0.458333 0.756250 0.483333 0.773438 0.537500 0.965625 0.554167 0.975000 0.606250 0.967188 0.602083 0.870313 0.620833 0.850000 0.604167 0.806250 0.627083 0.728125 0.700000 0.675000 0.854167 0.704687 0.879167 0.606250 0.910417 0.595312 0.931250 0.548437 0.927083 0.490625 0.802083 0.428125 0.668750 0.392188 0.639583 0.360938
4 0.731250 0.690625 0.806250 0.768750 0.822917 0.760938 0.839583 0.759375 0.850000 0.737500 0.850000 0.728125 0.837500 0.721875 0.814583 0.706250 0.787500 0.695312 0.777083 0.695312 0.752083 0.690625
4 0.833333 0.779688 0.808333 0.785937 0.777083 0.950000 0.810417 0.945312 0.814583 0.904688 0.808333 0.896875 0.808333 0.884375 0.822917 0.860937
5 0.918750 0.662500 0.866667 0.682813 0.858333 0.710938 0.752083 0.679688 0.687500 0.685938 0.672917 0.710938 0.714583 0.759375 0.689583 0.806250 0.693750 0.935938 0.677083 0.960938 0.770833 0.953125 0.806250 0.779688 0.839583 0.778125 0.816667 0.887500 0.822917 0.948438 0.854167 0.773438 0.879167 0.735937 0.931250 0.757812 0.987500 0.762500 0.872917 0.714063 0.877083 0.684375 0.925000 0.682813
7 0.452083 0.164062 0.666667 0.178125 0.677083 0.173438 0.675000 0.167187 0.475000 0.151562 0.456250 0.151562
7 0.014583 0.181250 0.014583 0.292188 0.264583 0.301562 0.252083 0.292188 0.287500 0.304688 0.295833 0.253125 0.412500 0.262500 0.297917 0.251563 0.293750 0.209375 0.283333 0.206250 0.216667 0.220313 0.218750 0.284375 0.208333 0.217187 0.277083 0.203125 0.275000 0.195312
7 0.025000 0.448438 0.050000 0.632812 0.243750 0.628125 0.235417 0.450000
7 0.420833 0.800000 0.320833 0.800000 0.308333 0.770312 0.264583 0.782812 0.300000 0.768750 0.297917 0.743750 0.062500 0.750000 0.058333 0.793750 0.068750 0.803125 0.072917 0.826563 0.247917 0.807813 0.247917 0.785937 0.262500 0.781250 0.254167 0.792188 0.254167 0.834375 0.308333 0.846875 0.318750 0.804688
7 0.533333 0.960938 0.518750 0.915625 0.447917 0.917188 0.416667 0.904688 0.406250 0.890625 0.104167 0.892187 0.066667 0.896875 0.027083 0.985937 0.116667 0.989062 0.175000 0.973437
7 0.389583 0.976562 0.385417 0.970312 0.356250 0.970312 0.279167 0.978125 0.227083 0.976562 0.181250 0.979688 0.141667 0.987500 0.364583 0.987500
8 0.397917 0.179688 0.387500 0.187500 0.387500 0.200000 0.385417 0.201562 0.385417 0.237500 0.408333 0.254687 0.410417 0.257812 0.414583 0.256250 0.410417 0.250000 0.410417 0.229687 0.412500 0.228125 0.410417 0.226562 0.410417 0.209375 0.414583 0.203125 0.414583 0.185937
8 0.447917 0.181250 0.437500 0.195312 0.439583 0.203125 0.437500 0.207813 0.429167 0.201562 0.418750 0.185937 0.418750 0.196875 0.425000 0.196875 0.427083 0.200000 0.418750 0.212500 0.414583 0.246875 0.416667 0.250000 0.420833 0.248437 0.422917 0.237500 0.437500 0.237500 0.441667 0.240625 0.425000 0.242188 0.427083 0.253125 0.456250 0.253125 0.452083 0.243750 0.439583 0.242188 0.447917 0.234375 0.450000 0.212500 0.445833 0.209375 0.445833 0.204688 0.454167 0.184375
8 0.529167 0.217187 0.527083 0.218750 0.527083 0.232812 0.525000 0.234375 0.525000 0.250000 0.527083 0.253125 0.533333 0.254687 0.543750 0.264062 0.560417 0.265625 0.570833 0.268750 0.579167 0.268750 0.589583 0.271875 0.591667 0.256250 0.595833 0.246875 0.595833 0.239063 0.600000 0.229687 0.600000 0.221875 0.597917 0.220313 0.575000 0.220313 0.572917 0.218750
8 0.706250 0.215625 0.708333 0.229687 0.712500 0.237500 0.702083 0.250000 0.700000 0.248437 0.700000 0.242188 0.697917 0.243750 0.695833 0.251563 0.689583 0.259375 0.689583 0.271875 0.702083 0.290625 0.714583 0.293750 0.716667 0.292188 0.722917 0.292188 0.720833 0.287500 0.725000 0.284375 0.731250 0.284375 0.731250 0.279687 0.735417 0.273438 0.733333 0.270312 0.731250 0.226562 0.716667 0.215625
8 0.445833 0.259375 0.437500 0.259375 0.425000 0.264062 0.425000 0.282813 0.414583 0.290625 0.412500 0.304688 0.406250 0.309375 0.412500 0.335938 0.437500 0.335938 0.433333 0.340625 0.425000 0.340625 0.429167 0.351562 0.433333 0.348437 0.464583 0.346875 0.462500 0.306250 0.452083 0.312500 0.452083 0.317187 0.441667 0.329688 0.437500 0.329688 0.445833 0.306250 0.458333 0.298438 0.456250 0.284375 0.450000 0.276563 0.452083 0.268750
8 0.525000 0.262500 0.522917 0.267188 0.522917 0.321875 0.541667 0.334375 0.554167 0.334375 0.556250 0.335938 0.560417 0.334375 0.587500 0.334375 0.587500 0.329688 0.585417 0.328125 0.585417 0.275000 0.581250 0.273438 0.552083 0.271875 0.535417 0.264062
8 0.681250 0.320312 0.679167 0.320312 0.670833 0.326562 0.670833 0.343750 0.658333 0.353125 0.656250 0.379687 0.668750 0.390625 0.689583 0.390625 0.689583 0.385938 0.691667 0.384375 0.689583 0.382812 0.689583 0.359375 0.691667 0.357812 0.693750 0.350000 0.697917 0.345313 0.697917 0.337500 0.695833 0.335938 0.691667 0.325000
8 0.416667 0.362500 0.404167 0.389062 0.422917 0.398438 0.356250 0.387500 0.370833 0.418750 0.379167 0.573438 0.408333 0.479688 0.389583 0.573438 0.425000 0.579687 0.377083 0.582812 0.360417 0.740625 0.475000 0.754687 0.483333 0.695312 0.427083 0.668750 0.491667 0.689062 0.493750 0.600000 0.468750 0.600000 0.504167 0.581250 0.510417 0.523438 0.422917 0.492188 0.491667 0.510938 0.497917 0.401563 0.468750 0.401563 0.485417 0.371875
8 0.422917 0.750000 0.422917 0.773438 0.435417 0.773438 0.435417 0.751562 0.437500 0.750000
8 0.420833 0.776563 0.416667 0.779688 0.416667 0.787500 0.427083 0.798437 0.427083 0.809375 0.429167 0.810938 0.441667 0.831250 0.443750 0.831250 0.443750 0.807813 0.445833 0.806250 0.445833 0.789062 0.443750 0.787500 0.441667 0.782812 0.433333 0.776563