1 0.016667 0.010937 0.014583 0.265625 0.097917 0.059375 0.052083 0.012500
1 0.433333 0.079687 0.104167 0.065625 0.016667 0.268750 0.016667 0.368750
1 0.435417 0.090625 0.018750 0.375000 0.016667 0.618750 0.204167 0.445312 0.225000 0.267188 0.372917 0.267188 0.381250 0.175000 0.410417 0.156250
1 0.206250 0.451562 0.016667 0.625000 0.016667 0.989062 0.077083 0.989062 0.087500 0.920313 0.312500 0.890625 0.306250 0.857813 0.216667 0.846875 0.183333 0.875000 0.156250 0.837500 0.143750 0.696875 0.177083 0.623438 0.210417 0.595312 0.191667 0.598437 0.177083 0.581250 0.197917 0.553125
1 0.391667 0.454688 0.397917 0.557813 0.525000 0.543750 0.506250 0.456250
1 0.527083 0.573438 0.447917 0.579687 0.458333 0.650000 0.541667 0.642187
1 0.416667 0.582812 0.395833 0.587500 0.395833 0.659375 0.404167 0.659375 0.414583 0.656250 0.433333 0.654688 0.431250 0.653125 0.431250 0.645312 0.429167 0.643750 0.427083 0.626562 0.425000 0.625000 0.425000 0.618750 0.422917 0.617188 0.422917 0.609375 0.420833 0.607813
1 0.535417 0.670313 0.512500 0.671875 0.485417 0.676562 0.472917 0.676562 0.458333 0.679688 0.445833 0.679688 0.418750 0.684375 0.406250 0.684375 0.393750 0.692187 0.404167 0.692187 0.406250 0.690625 0.522917 0.690625
2 0.987500 0.014062 0.718750 0.015625 0.716667 0.026563 0.679167 0.026563 0.689583 0.043750 0.670833 0.056250 0.697917 0.060938 0.693750 0.078125 0.627083 0.081250 0.691667 0.090625 0.695833 0.106250 0.622917 0.114063 0.729167 0.135937 0.645833 0.143750 0.704167 0.221875 0.689583 0.278125 0.743750 0.282813 0.706250 0.387500 0.745833 0.509375 0.835417 0.503125 0.852083 0.479688 0.791667 0.300000 0.825000 0.265625 0.808333 0.190625 0.756250 0.134375 0.772917 0.092188 0.987500 0.096875
2 0.789583 0.540625 0.783333 0.540625 0.781250 0.542188 0.772917 0.542188 0.770833 0.543750 0.764583 0.543750 0.764583 0.553125 0.766667 0.554688 0.766667 0.562500 0.768750 0.564062 0.768750 0.573438 0.770833 0.575000 0.770833 0.582812 0.772917 0.581250 0.775000 0.576563 0.779167 0.573438 0.781250 0.568750 0.785417 0.565625 0.785417 0.564062 0.787500 0.562500 0.789583 0.557813 0.793750 0.554688 0.791667 0.553125 0.791667 0.546875 0.789583 0.545313
4 0.779167 0.096875 0.766667 0.125000 0.818750 0.187500 0.860417 0.181250 0.883333 0.203125 0.875000 0.221875 0.891667 0.251563 0.897917 0.298438 0.941667 0.359375 0.962500 0.432813 0.987500 0.465625 0.987500 0.168750 0.968750 0.153125 0.989583 0.154687 0.989583 0.107813
4 0.233333 0.268750 0.191667 0.575000 0.233333 0.629687 0.179167 0.715625 0.218750 0.842188 0.445833 0.810938 0.520833 0.754687 0.560417 0.984375 0.647917 0.987500 0.604167 0.779688 0.641667 0.768750 0.687500 0.987500 0.989583 0.985937 0.987500 0.690625 0.920833 0.678125 0.864583 0.481250 0.658333 0.737500 0.727083 0.643750 0.627083 0.651563 0.610417 0.695312 0.297917 0.681250 0.391667 0.659375 0.387500 0.582812 0.295833 0.582812 0.389583 0.562500 0.385417 0.450000 0.512500 0.453125 0.531250 0.545313 0.739583 0.521875 0.693750 0.381250 0.735417 0.284375
4 0.754167 0.543750 0.729167 0.545313 0.714583 0.548437 0.702083 0.548437 0.702083 0.554688 0.706250 0.562500 0.706250 0.568750 0.708333 0.570312 0.708333 0.576563 0.716667 0.598437 0.720833 0.618750 0.752083 0.615625 0.766667 0.593750 0.762500 0.584375 0.762500 0.576563 0.758333 0.567187
4 0.668750 0.550000 0.575000 0.564062 0.581250 0.612500 0.589583 0.603125 0.593750 0.590625 0.604167 0.585938 0.610417 0.590625 0.618750 0.590625 0.622917 0.593750 0.622917 0.629687 0.695833 0.621875
4 0.543750 0.565625 0.535417 0.570312 0.535417 0.579687 0.537500 0.581250 0.537500 0.589063 0.539583 0.590625 0.539583 0.600000 0.541667 0.601562 0.541667 0.609375 0.543750 0.610937 0.543750 0.620313 0.545833 0.621875 0.545833 0.629687 0.547917 0.631250 0.547917 0.640625 0.552083 0.640625 0.554167 0.639063 0.564583 0.637500 0.562500 0.635938 0.562500 0.629687 0.560417 0.628125 0.560417 0.621875 0.558333 0.620313 0.558333 0.614062 0.556250 0.612500 0.556250 0.604688 0.554167 0.603125 0.554167 0.596875 0.552083 0.595312 0.552083 0.589063 0.550000 0.587500 0.550000 0.581250 0.547917 0.579687 0.547917 0.571875 0.545833 0.570312 0.545833 0.565625
5 0.639583 0.015625 0.641667 0.018750 0.656250 0.020312 0.656250 0.029687 0.647917 0.037500 0.639583 0.039062 0.633333 0.037500 0.633333 0.045313 0.645833 0.046875 0.652083 0.053125 0.654167 0.060938 0.652083 0.062500 0.639583 0.059375 0.627083 0.059375 0.625000 0.071875 0.691667 0.073437 0.691667 0.065625 0.664583 0.064062 0.658333 0.056250 0.658333 0.051562 0.662500 0.048437 0.679167 0.050000 0.681250 0.042188 0.666667 0.037500 0.670833 0.015625
6 0.577083 0.012500 0.575000 0.025000 0.587500 0.026563 0.593750 0.051562 0.610417 0.056250 0.610417 0.067188 0.597917 0.076563 0.587500 0.075000 0.587500 0.081250 0.570833 0.093750 0.570833 0.117188 0.581250 0.135937 0.602083 0.131250 0.714583 0.135937 0.712500 0.126563 0.610417 0.118750 0.616667 0.098438 0.685417 0.096875 0.618750 0.089062 0.633333 0.015625
7 0.147917 0.023438 0.516667 0.048437 0.520833 0.012500 0.147917 0.014062
7 0.147917 0.087500 0.147917 0.103125 0.206250 0.106250 0.208333 0.107813 0.229167 0.107813 0.231250 0.109375 0.250000 0.109375 0.252083 0.110937 0.270833 0.110937 0.275000 0.112500 0.279167 0.103125 0.279167 0.098438 0.275000 0.092188 0.264583 0.089062
7 0.137500 0.114063 0.129167 0.150000 0.275000 0.157813 0.275000 0.121875 0.170833 0.118750
7 0.120833 0.162500 0.116667 0.184375 0.256250 0.193750 0.258333 0.195312 0.258333 0.187500 0.262500 0.178125 0.260417 0.168750 0.152083 0.165625
8 0.568750 0.026563 0.564583 0.026563 0.539583 0.037500 0.525000 0.048437 0.520833 0.054688 0.520833 0.059375 0.529167 0.071875 0.531250 0.081250 0.539583 0.087500 0.543750 0.087500 0.554167 0.092188 0.572917 0.082813 0.577083 0.075000 0.581250 0.071875 0.595833 0.071875 0.597917 0.073437 0.604167 0.068750 0.604167 0.059375 0.597917 0.059375 0.587500 0.051562 0.585417 0.039062 0.581250 0.031250 0.570833 0.031250
8 0.389583 0.181250 0.387500 0.209375 0.391667 0.217187 0.387500 0.232812 0.372917 0.253125 0.379167 0.265625 0.391667 0.270312 0.439583 0.270312 0.506250 0.275000 0.522917 0.245312 0.520833 0.223438 0.512500 0.203125 0.502083 0.195312 0.493750 0.204688 0.458333 0.200000 0.447917 0.184375 0.433333 0.185937 0.410417 0.181250
8 0.841667 0.189063 0.814583 0.201562 0.820833 0.243750 0.839583 0.260938 0.833333 0.281250 0.806250 0.292188 0.825000 0.325000 0.833333 0.403125 0.879167 0.498437 0.902083 0.603125 0.922917 0.618750 0.922917 0.678125 0.935417 0.689062 0.979167 0.690625 0.987500 0.473437 0.958333 0.434375 0.931250 0.356250 0.887500 0.295312 0.885417 0.254687 0.866667 0.221875 0.872917 0.198437
8 0.831250 0.512500 0.302083 0.576563 0.302083 0.590625 0.422917 0.576563 0.437500 0.656250 0.450000 0.657812 0.306250 0.676562 0.310417 0.692187 0.729167 0.637500 0.745833 0.621875 0.718750 0.623438 0.691667 0.545313 0.795833 0.534375 0.802083 0.546875
8 0.604167 0.589063 0.604167 0.601562 0.595833 0.609375 0.593750 0.614062 0.585417 0.620313 0.585417 0.625000 0.587500 0.626562 0.587500 0.631250 0.589583 0.632812 0.589583 0.634375 0.602083 0.634375 0.604167 0.632812 0.616667 0.632812 0.614583 0.631250 0.614583 0.623438 0.612500 0.621875 0.612500 0.593750 0.610417 0.592188 0.608333 0.592188
8 0.216667 0.606250 0.189583 0.625000 0.191667 0.643750 0.164583 0.679688 0.156250 0.728125 0.170833 0.843750 0.189583 0.865625 0.202083 0.857813 0.208333 0.839063 0.220833 0.826563 0.220833 0.815625 0.185417 0.750000 0.183333 0.728125 0.172917 0.720312 0.172917 0.710938 0.197917 0.696875 0.200000 0.665625 0.222917 0.637500 0.225000 0.615625
8 0.620833 0.659375 0.618750 0.656250 0.610417 0.656250 0.608333 0.657812 0.597917 0.657812 0.595833 0.659375 0.575000 0.660937 0.572917 0.662500 0.564583 0.662500 0.562500 0.664062 0.552083 0.664062 0.550000 0.665625 0.545833 0.678125 0.533333 0.687500 0.533333 0.689062 0.566667 0.687500 0.568750 0.685938 0.587500 0.685938 0.589583 0.684375 0.612500 0.684375 0.614583 0.685938 0.614583 0.681250 0.616667 0.679688 0.616667 0.675000 0.620833 0.667188
8 0.495833 0.800000 0.470833 0.793750 0.441667 0.817187 0.352083 0.821875 0.310417 0.834375 0.320833 0.885938 0.389583 0.873438 0.420833 0.882812 0.437500 0.904688 0.364583 0.896875 0.345833 0.903125 0.316667 0.895312 0.306250 0.903125 0.304167 0.970312 0.358333 0.978125 0.389583 0.967188 0.402083 0.987500 0.522917 0.987500 0.510417 0.914062 0.437500 0.906250 0.500000 0.906250