1 0.175000 0.010937 0.014583 0.014062 0.018750 0.290625 0.172917 0.125000
1 0.172917 0.134375 0.016667 0.300000 0.014583 0.862500 0.391667 0.846875 0.364583 0.837500 0.385417 0.801562 0.364583 0.667188 0.354167 0.798437 0.077083 0.810938 0.083333 0.598437 0.293750 0.589063 0.291667 0.554688 0.179167 0.560938 0.139583 0.482812 0.139583 0.375000 0.177083 0.312500
1 0.377083 0.150000 0.381250 0.273438 0.520833 0.259375 0.512500 0.164062 0.483333 0.160938 0.479167 0.153125
1 0.522917 0.289062 0.441667 0.295312 0.445833 0.365625 0.447917 0.367188 0.531250 0.359375 0.529167 0.357812
1 0.381250 0.300000 0.381250 0.332812 0.383333 0.334375 0.383333 0.368750 0.385417 0.373437 0.420833 0.373437 0.418750 0.371875 0.418750 0.360938 0.416667 0.359375 0.416667 0.348437 0.414583 0.346875 0.414583 0.334375 0.412500 0.332812 0.408333 0.298438
1 0.525000 0.389062 0.468750 0.392188 0.466667 0.393750 0.447917 0.393750 0.445833 0.395312 0.427083 0.395312 0.425000 0.396875 0.406250 0.396875 0.400000 0.398438 0.389583 0.406250 0.504167 0.407813 0.510417 0.409375
1 0.985417 0.864062 0.666667 0.840625 0.020833 0.865625 0.016667 0.989062 0.989583 0.985937
2 0.891667 0.014062 0.781250 0.015625 0.737500 0.079687 0.758333 0.232812 0.854167 0.225000 0.908333 0.167187 0.897917 0.129688
2 0.812500 0.262500 0.793750 0.262500 0.791667 0.264062 0.770833 0.264062 0.768750 0.265625 0.768750 0.273438 0.770833 0.275000 0.770833 0.284375 0.772917 0.285937 0.772917 0.295312 0.775000 0.296875 0.775000 0.306250 0.785417 0.298438 0.785417 0.296875 0.795833 0.289062 0.795833 0.287500 0.804167 0.281250 0.804167 0.279687 0.814583 0.271875 0.812500 0.270312
4 0.183333 0.014062 0.168750 0.279687 0.216667 0.351562 0.164583 0.418750 0.225000 0.545313 0.429167 0.526563 0.504167 0.475000 0.541667 0.828125 0.987500 0.854688 0.987500 0.410937 0.931250 0.384375 0.914583 0.173438 0.720833 0.373437 0.622917 0.375000 0.604167 0.412500 0.287500 0.404687 0.381250 0.375000 0.375000 0.301562 0.281250 0.295312 0.372917 0.271875 0.372917 0.145313 0.510417 0.150000 0.527083 0.257812 0.754167 0.237500 0.727083 0.073437 0.768750 0.015625
4 0.762500 0.265625 0.737500 0.265625 0.735417 0.267188 0.710417 0.267188 0.708333 0.268750 0.720833 0.346875 0.741667 0.343750 0.772917 0.314063 0.768750 0.303125 0.768750 0.293750 0.766667 0.292188
4 0.681250 0.271875 0.572917 0.278125 0.570833 0.287500 0.579167 0.329688 0.587500 0.321875 0.597917 0.298438 0.604167 0.295312 0.620833 0.307813 0.616667 0.318750 0.618750 0.351562 0.691667 0.346875
4 0.537500 0.285937 0.533333 0.287500 0.533333 0.300000 0.535417 0.301562 0.537500 0.331250 0.539583 0.332812 0.539583 0.345313 0.541667 0.346875 0.541667 0.360938 0.554167 0.360938 0.552083 0.359375 0.552083 0.348437 0.550000 0.346875 0.550000 0.335938 0.547917 0.334375 0.547917 0.321875 0.545833 0.320312 0.545833 0.309375 0.543750 0.307813 0.541667 0.285937
7 0.297917 0.598437 0.100000 0.604688 0.087500 0.804688 0.347917 0.792188 0.341667 0.662500 0.295833 0.646875 0.308333 0.610937
8 0.904167 0.014062 0.906250 0.101562 0.918750 0.131250 0.927083 0.204688 0.916667 0.215625 0.933333 0.234375 0.927083 0.290625 0.941667 0.298438 0.931250 0.310937 0.960417 0.326562 0.937500 0.393750 0.972917 0.410937 0.987500 0.406250 0.989583 0.014062
8 0.845833 0.234375 0.285417 0.282813 0.293750 0.298438 0.412500 0.293750 0.425000 0.373437 0.441667 0.375000 0.300000 0.387500 0.293750 0.400000 0.722917 0.365625 0.737500 0.350000 0.714583 0.348437 0.702083 0.265625 0.791667 0.257812 0.818750 0.265625
8 0.197917 0.300000 0.191667 0.323438 0.181250 0.321875 0.170833 0.334375 0.181250 0.353125 0.162500 0.360938 0.152083 0.385938 0.154167 0.500000 0.177083 0.548437 0.195833 0.559375 0.214583 0.542188 0.218750 0.518750 0.187500 0.475000 0.172917 0.434375 0.160417 0.425000 0.160417 0.409375 0.183333 0.407813 0.187500 0.403125 0.183333 0.389062 0.200000 0.371875 0.208333 0.351562
8 0.614583 0.379687 0.597917 0.379687 0.595833 0.381250 0.579167 0.381250 0.577083 0.382812 0.560417 0.382812 0.558333 0.384375 0.539583 0.384375 0.520833 0.403125 0.516667 0.409375 0.522917 0.409375 0.525000 0.407813 0.608333 0.407813 0.610417 0.395312 0.614583 0.387500
8 0.485417 0.517187 0.477083 0.512500 0.454167 0.512500 0.429167 0.528125 0.366667 0.532812 0.360417 0.525000 0.339583 0.525000 0.306250 0.535937 0.312500 0.554688 0.304167 0.570312 0.306250 0.579687 0.322917 0.582812 0.339583 0.581250 0.356250 0.575000 0.366667 0.579687 0.408333 0.579687 0.452083 0.603125 0.472917 0.606250 0.477083 0.596875 0.477083 0.553125
8 0.304167 0.593750 0.312500 0.617188 0.304167 0.645312 0.339583 0.657812 0.368750 0.657812 0.372917 0.651563 0.383333 0.659375 0.400000 0.654688 0.383333 0.665625 0.385417 0.670313 0.429167 0.696875 0.477083 0.701563 0.489583 0.693750 0.508333 0.714063 0.508333 0.701563 0.497917 0.685938 0.506250 0.667188 0.500000 0.651563 0.487500 0.662500 0.458333 0.646875 0.464583 0.629687 0.470833 0.637500 0.466667 0.645312 0.487500 0.654688 0.489583 0.632812 0.481250 0.620313 0.481250 0.604688 0.466667 0.610937 0.431250 0.598437 0.404167 0.598437 0.375000 0.607813 0.352083 0.595312 0.331250 0.600000
8 0.379167 0.678125 0.370833 0.714063 0.385417 0.725000 0.381250 0.764063 0.400000 0.773438 0.395833 0.800000 0.400000 0.806250 0.410417 0.804688 0.370833 0.826563 0.370833 0.834375 0.406250 0.842188 0.422917 0.832812 0.431250 0.840625 0.450000 0.831250 0.475000 0.829687 0.470833 0.818750 0.456250 0.812500 0.458333 0.790625 0.460417 0.807813 0.477083 0.815625 0.477083 0.825000 0.506250 0.829687 0.514583 0.814062 0.506250 0.759375 0.518750 0.750000 0.485417 0.748438 0.466667 0.767187 0.462500 0.790625 0.460417 0.773438 0.452083 0.773438 0.435417 0.793750 0.427083 0.779688 0.460417 0.770312 0.468750 0.753125 0.487500 0.742188 0.485417 0.718750 0.472917 0.706250 0.433333 0.703125 0.397917 0.679688