1 0.014583 0.057813 0.014583 0.120312 0.393750 0.142188 0.393750 0.120312 0.412500 0.101562 0.543750 0.123438 0.704167 0.132812 0.727083 0.120312 0.725000 0.098438 0.033333 0.051562
1 0.033333 0.134375 0.079167 0.476562 0.493750 0.465625 0.489583 0.414062 0.547917 0.404687 0.091667 0.404687 0.079167 0.170312 0.404167 0.167187 0.393750 0.151562
1 0.472917 0.600000 0.429167 0.590625 0.410417 0.590625 0.393750 0.593750 0.364583 0.595312 0.364583 0.632812 0.366667 0.637500 0.393750 0.639063 0.395833 0.640625 0.410417 0.614062 0.422917 0.607813 0.452083 0.621875 0.477083 0.615625
1 0.345833 0.729688 0.325000 0.718750 0.016667 0.756250 0.016667 0.771875 0.150000 0.757812 0.018750 0.776563 0.018750 0.789062 0.133333 0.781250 0.135417 0.795313 0.016667 0.812500 0.016667 0.850000 0.029167 0.820312 0.125000 0.814062 0.120833 0.843750 0.016667 0.856250 0.016667 0.875000 0.020833 0.867188 0.112500 0.857813 0.125000 0.885938 0.291667 0.735937
1 0.352083 0.732813 0.297917 0.742188 0.022917 0.987500 0.075000 0.987500 0.075000 0.973437 0.241667 0.943750 0.237500 0.834375 0.272917 0.834375 0.291667 0.773438 0.352083 0.739062
1 0.116667 0.892187 0.016667 0.896875 0.016667 0.982813
2 0.987500 0.014062 0.722917 0.134375 0.783333 0.135937 0.775000 0.167187 0.616667 0.170312 0.654167 0.231250 0.879167 0.243750 0.860417 0.267188 0.654167 0.284375 0.622917 0.346875 0.802083 0.362500 0.787500 0.381250 0.579167 0.384375 0.591667 0.410937 0.691667 0.418750 0.650000 0.451562 0.739583 0.454688 0.683333 0.479688 0.708333 0.537500 0.593750 0.550000 0.614583 0.609375 0.485417 0.604688 0.558333 0.634375 0.502083 0.732813 0.575000 0.725000 0.579167 0.748438 0.841667 0.712500 0.960417 0.637500 0.985417 0.673437
2 0.647917 0.503125 0.645833 0.501562 0.637500 0.501562 0.635417 0.503125 0.629167 0.503125 0.627083 0.504687 0.618750 0.504687 0.616667 0.506250 0.616667 0.510938 0.614583 0.512500 0.614583 0.518750 0.612500 0.520312 0.612500 0.523438 0.625000 0.523438 0.627083 0.521875 0.639583 0.521875 0.639583 0.520312 0.641667 0.518750 0.641667 0.515625 0.643750 0.514063 0.643750 0.512500 0.647917 0.507812
3 0.372917 0.746875 0.397917 0.778125 0.431250 0.793750 0.431250 0.803125 0.404167 0.817187 0.412500 0.846875 0.414583 0.917188 0.531250 0.890625 0.550000 0.895312 0.577083 0.890625 0.579167 0.820312 0.516667 0.762500 0.460417 0.767187 0.439583 0.773438 0.425000 0.765625 0.406250 0.743750
4 0.970833 0.650000 0.895833 0.678125 0.854167 0.720312 0.568750 0.756250 0.575000 0.803125 0.637500 0.851562 0.647917 0.892187 0.687500 0.932813 0.650000 0.985937 0.989583 0.987500 0.983333 0.740625 0.925000 0.746875 0.981250 0.737500 0.987500 0.706250
4 0.631250 0.890625 0.075000 0.975000 0.089583 0.982813 0.614583 0.979688
5 0.414583 0.112500 0.406250 0.159375 0.458333 0.218750 0.456250 0.235938 0.520833 0.264062 0.502083 0.357812 0.604167 0.371875 0.779167 0.371875 0.791667 0.357812 0.622917 0.359375 0.604167 0.348437 0.641667 0.279687 0.720833 0.278125 0.720833 0.267188 0.652083 0.267188 0.652083 0.254687 0.862500 0.257812 0.860417 0.246875 0.652083 0.237500 0.602083 0.150000 0.770833 0.159375 0.770833 0.143750
5 0.725000 0.456250 0.639583 0.454688 0.641667 0.432813 0.672917 0.431250 0.679167 0.421875 0.562500 0.423438 0.550000 0.442187 0.537500 0.492188 0.431250 0.495313 0.431250 0.503125 0.456250 0.546875 0.585417 0.545313 0.702083 0.531250 0.702083 0.518750 0.681250 0.523438 0.668750 0.518750 0.677083 0.476562 0.716667 0.468750
5 0.362500 0.643750 0.362500 0.657812 0.360417 0.659375 0.360417 0.673437 0.358333 0.675000 0.356250 0.703125 0.377083 0.704687 0.379167 0.706250 0.389583 0.706250 0.391667 0.707812 0.393750 0.693750 0.395833 0.692187 0.397917 0.679688 0.400000 0.678125 0.397917 0.676562 0.397917 0.667188 0.395833 0.665625 0.393750 0.646875 0.391667 0.645312
5 0.466667 0.659375 0.485417 0.660937 0.483333 0.676562 0.466667 0.678125 0.466667 0.681250 0.481250 0.681250 0.485417 0.692187 0.464583 0.693750 0.464583 0.698438 0.525000 0.698438 0.522917 0.693750 0.500000 0.695312 0.487500 0.685938 0.487500 0.681250 0.491667 0.678125 0.504167 0.678125 0.504167 0.675000 0.487500 0.673437 0.487500 0.659375 0.512500 0.657812 0.516667 0.656250 0.514583 0.653125 0.475000 0.654688
6 0.427083 0.610937 0.404167 0.639063 0.397917 0.665625 0.410417 0.734375 0.439583 0.770312 0.464583 0.756250 0.556250 0.746875 0.568750 0.734375 0.456250 0.745313 0.472917 0.729688 0.456250 0.685938 0.456250 0.653125 0.543750 0.642187 0.458333 0.640625 0.516667 0.632812 0.516667 0.625000 0.477083 0.620313 0.447917 0.628125
7 0.022917 0.039062 0.745833 0.092188 0.887500 0.015625 0.022917 0.010937
7 0.091667 0.178125 0.108333 0.393750 0.550000 0.387500 0.547917 0.378125 0.489583 0.353125 0.506250 0.260938 0.445833 0.239063 0.437500 0.215625 0.400000 0.178125
7 0.537500 0.298438 0.537500 0.301562 0.535417 0.303125 0.535417 0.307813 0.533333 0.309375 0.533333 0.314063 0.531250 0.315625 0.531250 0.318750 0.529167 0.320312 0.529167 0.325000 0.527083 0.326562 0.527083 0.329688 0.525000 0.331250 0.525000 0.335938 0.522917 0.337500 0.522917 0.343750 0.527083 0.346875 0.545833 0.350000 0.554167 0.354688 0.552083 0.353125 0.552083 0.342187 0.550000 0.340625 0.550000 0.329688 0.547917 0.328125 0.547917 0.326562 0.545833 0.325000 0.545833 0.321875 0.539583 0.314063 0.539583 0.306250 0.537500 0.304688
7 0.350000 0.481250 0.020833 0.489062 0.027083 0.748438 0.358333 0.710938 0.354167 0.590625 0.312500 0.592188 0.314583 0.582812 0.352083 0.579687 0.352083 0.568750 0.306250 0.565625 0.352083 0.559375 0.350000 0.504687 0.310417 0.503125 0.312500 0.493750 0.350000 0.489062 0.295833 0.489062
7 0.133333 0.782812 0.068750 0.785937 0.066667 0.787500 0.045833 0.787500 0.043750 0.789062 0.022917 0.789062 0.018750 0.790625 0.014583 0.810938 0.035417 0.809375 0.037500 0.807813 0.045833 0.807813 0.047917 0.806250 0.056250 0.806250 0.068750 0.803125 0.079167 0.803125 0.081250 0.801562 0.089583 0.801562 0.091667 0.800000 0.100000 0.800000 0.112500 0.796875 0.133333 0.795313
7 0.122917 0.814062 0.079167 0.817187 0.077083 0.818750 0.062500 0.818750 0.060417 0.820312 0.045833 0.820312 0.043750 0.821875 0.029167 0.821875 0.016667 0.854688 0.027083 0.854688 0.039583 0.851562 0.050000 0.851562 0.052083 0.850000 0.062500 0.850000 0.075000 0.846875 0.120833 0.842188
7 0.125000 0.890625 0.120833 0.884375 0.120833 0.879687 0.116667 0.873438 0.112500 0.859375 0.102083 0.859375 0.100000 0.860937 0.060417 0.864062 0.058333 0.865625 0.047917 0.865625 0.033333 0.868750 0.020833 0.868750 0.016667 0.876562 0.012500 0.896875 0.014583 0.895312 0.041667 0.895312 0.043750 0.893750 0.068750 0.893750 0.070833 0.892187
8 0.575000 0.415625 0.500000 0.417188 0.493750 0.418750 0.491667 0.440625 0.493750 0.442187 0.495833 0.453125 0.510417 0.468750 0.529167 0.464063 0.531250 0.459375 0.550000 0.439063 0.560417 0.421875 0.564583 0.418750
8 0.297917 0.485938 0.383333 0.489062 0.312500 0.495313 0.312500 0.503125 0.381250 0.504687 0.383333 0.559375 0.308333 0.565625 0.379167 0.567187 0.393750 0.576563 0.314583 0.584375 0.314583 0.592188 0.429167 0.584375 0.562500 0.607813 0.585417 0.601562 0.587500 0.593750 0.606250 0.593750 0.587500 0.584375 0.587500 0.550000 0.458333 0.551562 0.429167 0.493750 0.397917 0.482812
8 0.356250 0.804688 0.279167 0.817187 0.285417 0.835938 0.239583 0.834375 0.241667 0.942187 0.308333 0.932813 0.308333 0.878125 0.318750 0.934375 0.397917 0.915625 0.408333 0.868750