1 0.077083 0.225000 0.016667 0.245312 0.016667 0.398438 0.085417 0.478125 0.366667 0.475000 0.016667 0.703125 0.014583 0.954687 0.066667 0.820312 0.150000 0.806250 0.327083 0.634375 0.327083 0.601562 0.352083 0.601562 0.360417 0.479688 0.360417 0.600000 0.477083 0.595312 0.383333 0.584375 0.391667 0.482812 0.425000 0.479688 0.427083 0.456250 0.104167 0.453125
1 0.354167 0.475000 0.091667 0.481250 0.081250 0.489062 0.081250 0.478125 0.016667 0.404687 0.014583 0.698438
1 0.329167 0.648438 0.162500 0.804688 0.266667 0.796875 0.262500 0.740625 0.275000 0.732813 0.281250 0.721875 0.306250 0.717188 0.306250 0.707812 0.314583 0.693750 0.339583 0.678125
2 0.666667 0.490625 0.662500 0.550000 0.706250 0.578125 0.604167 0.582812 0.606250 0.609375 0.575000 0.642187 0.589583 0.659375 0.647917 0.659375 0.654167 0.675000 0.583333 0.695312 0.585417 0.710938 0.631250 0.728125 0.627083 0.742188 0.593750 0.748438 0.645833 0.748438 0.691667 0.779688 0.712500 0.817187 0.779167 0.814062 0.787500 0.879687 0.816667 0.882812 0.885417 0.984375 0.989583 0.989062 0.987500 0.507812 0.941667 0.481250
3 0.014583 0.014062 0.014583 0.156250 0.987500 0.198437 0.989583 0.014062
3 0.400000 0.485938 0.393750 0.525000 0.395833 0.585938 0.400000 0.589063 0.406250 0.584375 0.522917 0.589063 0.525000 0.579687 0.520833 0.576563 0.464583 0.573438 0.456250 0.570312 0.456250 0.554688 0.441667 0.521875 0.420833 0.498437 0.425000 0.485938
3 0.504167 0.598437 0.331250 0.607813 0.364583 0.790625 0.427083 0.785937 0.443750 0.765625 0.575000 0.754687 0.575000 0.745313 0.443750 0.759375 0.420833 0.770312 0.408333 0.760938 0.400000 0.737500 0.402083 0.687500 0.414583 0.692187 0.445833 0.671875 0.452083 0.617188 0.483333 0.606250 0.512500 0.606250
3 0.660417 0.782812 0.643750 0.759375 0.450000 0.768750 0.435417 0.792188 0.093750 0.814062 0.054167 0.987500 0.100000 0.985937 0.114583 0.923437 0.106250 0.820312 0.175000 0.821875 0.156250 0.985937 0.477083 0.984375 0.512500 0.860937 0.560417 0.842188 0.606250 0.800000
4 0.556250 0.848437 0.516667 0.987500 0.847917 0.981250 0.712500 0.840625 0.760417 0.829687 0.695833 0.828125 0.675000 0.784375 0.627083 0.793750
5 0.589583 0.610937 0.539583 0.604688 0.518750 0.612500 0.470833 0.615625 0.454167 0.678125 0.410417 0.698438 0.420833 0.754687 0.612500 0.732813 0.566667 0.718750 0.575000 0.681250 0.637500 0.671875 0.583333 0.670313 0.543750 0.615625
6 0.485417 0.181250 0.464583 0.243750 0.489583 0.217187 0.514583 0.223438 0.541667 0.212500 0.533333 0.292188 0.506250 0.346875 0.504167 0.282813 0.460417 0.281250 0.458333 0.315625 0.633333 0.485938 0.697917 0.475000 0.985417 0.473437 0.985417 0.431250 0.822917 0.373437 0.833333 0.328125 0.683333 0.285937 0.672917 0.270312 0.608333 0.259375 0.610417 0.220313 0.575000 0.214062 0.547917 0.182812
7 0.308333 0.185937 0.316667 0.201562 0.343750 0.201562 0.364583 0.190625 0.462500 0.195312 0.468750 0.198437 0.470833 0.214062 0.477083 0.214062 0.481250 0.201562 0.479167 0.184375 0.475000 0.182812 0.464583 0.192188 0.360417 0.187500 0.347917 0.175000 0.322917 0.175000
7 0.102083 0.232812 0.129167 0.439063 0.187500 0.437500 0.177083 0.235938
7 0.183333 0.240625 0.195833 0.443750 0.364583 0.445312 0.335417 0.401563 0.341667 0.423438 0.327083 0.431250 0.297917 0.398438 0.281250 0.393750 0.241667 0.331250 0.252083 0.321875 0.312500 0.326562 0.387500 0.310937 0.389583 0.284375 0.325000 0.281250 0.318750 0.270312 0.337500 0.246875
7 0.237500 0.481250 0.118750 0.484375 0.112500 0.485938 0.100000 0.515625 0.104167 0.512500 0.114583 0.510938 0.235417 0.509375 0.235417 0.482812
7 0.225000 0.515625 0.112500 0.517187 0.106250 0.518750 0.093750 0.557813 0.100000 0.556250 0.222917 0.554688 0.222917 0.518750
8 0.564583 0.185937 0.585417 0.212500 0.620833 0.214062 0.616667 0.257812 0.752083 0.262500 0.760417 0.256250 0.772917 0.192188 0.625000 0.187500 0.620833 0.206250 0.620833 0.185937
8 0.395833 0.203125 0.383333 0.203125 0.372917 0.198437 0.366667 0.198437 0.358333 0.204688 0.358333 0.217187 0.356250 0.218750 0.356250 0.231250 0.354167 0.232812 0.354167 0.242188 0.366667 0.242188 0.368750 0.240625 0.377083 0.240625 0.379167 0.239063 0.387500 0.239063 0.387500 0.237500 0.391667 0.232812 0.391667 0.225000 0.393750 0.223438 0.393750 0.210938 0.395833 0.209375
8 0.864583 0.204688 0.860417 0.253125 0.825000 0.371875 0.985417 0.425000 0.983333 0.225000
8 0.508333 0.218750 0.491667 0.218750 0.483333 0.225000 0.477083 0.234375 0.475000 0.251563 0.458333 0.248437 0.350000 0.250000 0.345833 0.256250 0.333333 0.260938 0.327083 0.270312 0.327083 0.278125 0.502083 0.279687 0.512500 0.268750
8 0.539583 0.220313 0.527083 0.220313 0.525000 0.221875 0.525000 0.229687 0.522917 0.231250 0.522917 0.239063 0.520833 0.240625 0.520833 0.248437 0.518750 0.250000 0.518750 0.267188 0.516667 0.268750 0.516667 0.282813 0.520833 0.289062 0.525000 0.287500 0.525000 0.276563 0.527083 0.275000 0.522917 0.268750 0.522917 0.256250 0.533333 0.248437 0.533333 0.237500 0.537500 0.232812 0.537500 0.225000 0.539583 0.223438
8 0.508333 0.284375 0.508333 0.301562 0.506250 0.303125 0.506250 0.339063 0.512500 0.339063 0.512500 0.337500 0.520833 0.329688 0.520833 0.320312 0.512500 0.309375 0.512500 0.292188 0.514583 0.290625 0.514583 0.287500 0.510417 0.284375
8 0.456250 0.298438 0.312500 0.334375 0.260417 0.328125 0.252083 0.334375 0.252083 0.345313 0.287500 0.385938 0.306250 0.393750 0.327083 0.421875 0.335417 0.423438 0.335417 0.412500 0.325000 0.392188 0.333333 0.389062 0.381250 0.451562 0.404167 0.450000 0.420833 0.437500 0.427083 0.376563 0.418750 0.362500 0.439583 0.357812 0.437500 0.332812 0.406250 0.342187 0.400000 0.335938 0.433333 0.326562 0.433333 0.310937 0.439583 0.306250 0.456250 0.310937
8 0.439583 0.312500 0.443750 0.373437 0.427083 0.496875 0.450000 0.525000 0.464583 0.571875 0.697917 0.576563 0.652083 0.550000 0.656250 0.490625 0.631250 0.489062 0.552083 0.412500 0.491667 0.423438 0.475000 0.407813 0.475000 0.389062 0.500000 0.356250
8 0.604167 0.578125 0.537500 0.581250 0.537500 0.582812 0.547917 0.585938 0.552083 0.589063 0.554167 0.595312 0.560417 0.603125 0.579167 0.603125 0.593750 0.612500 0.591667 0.615625 0.564583 0.615625 0.564583 0.618750 0.570833 0.628125 0.591667 0.618750 0.591667 0.615625 0.597917 0.607813 0.597917 0.587500
8 0.341667 0.685938 0.329167 0.689062 0.314583 0.704687 0.314583 0.720312 0.335417 0.723437 0.289583 0.726562 0.281250 0.734375 0.281250 0.795313 0.364583 0.793750 0.354167 0.723437 0.347917 0.721875 0.350000 0.715625
8 0.441667 0.803125 0.437500 0.803125 0.427083 0.807813 0.427083 0.817187 0.425000 0.818750 0.425000 0.834375 0.427083 0.835938 0.427083 0.842188 0.429167 0.843750 0.429167 0.845312 0.435417 0.850000 0.435417 0.845312 0.437500 0.843750 0.437500 0.839063 0.439583 0.837500 0.439583 0.832812 0.441667 0.831250 0.441667 0.828125 0.443750 0.826563 0.443750 0.821875 0.445833 0.820312 0.443750 0.818750 0.443750 0.810938 0.441667 0.809375
8 0.350000 0.809375 0.279167 0.817187 0.277083 0.915625 0.339583 0.918750 0.341667 0.900000 0.350000 0.898438 0.360417 0.901563
8 0.089583 0.821875 0.077083 0.821875 0.075000 0.843750 0.050000 0.864062 0.050000 0.893750 0.039583 0.920313 0.039583 0.931250 0.050000 0.957812 0.047917 0.982813
8 0.106250 0.821875 0.102083 0.864062 0.110417 0.865625 0.108333 0.915625 0.116667 0.923437 0.102083 0.987500 0.154167 0.989062 0.172917 0.821875
8 0.245833 0.915625 0.243750 0.917188 0.241667 0.917188 0.233333 0.923437 0.233333 0.928125 0.231250 0.929688 0.231250 0.935938 0.233333 0.937500 0.233333 0.939062 0.235417 0.940625 0.235417 0.942187 0.243750 0.942187 0.247917 0.945312 0.254167 0.945312 0.258333 0.942187 0.260417 0.942187 0.258333 0.940625 0.258333 0.937500 0.256250 0.935938 0.256250 0.923437 0.254167 0.921875 0.254167 0.918750 0.252083 0.917188 0.252083 0.915625
8 0.260417 0.956250 0.258333 0.956250 0.256250 0.957812 0.250000 0.959375 0.245833 0.962500 0.239583 0.964063 0.235417 0.967188 0.233333 0.967188 0.231250 0.968750 0.225000 0.970312 0.220833 0.973437 0.218750 0.973437 0.208333 0.978125 0.210417 0.978125 0.212500 0.976562 0.260417 0.976562