1 0.050000 0.014062 0.012500 0.014062 0.014583 0.520312 0.143750 0.275000 0.020833 0.118750
1 0.064583 0.014062 0.029167 0.117188 0.152083 0.267188 0.452083 0.260938 0.443750 0.400000 0.479167 0.401563 0.468750 0.387500 0.479167 0.289062 0.512500 0.276563 0.512500 0.259375 0.183333 0.251563 0.137500 0.014062
1 0.443750 0.271875 0.154167 0.275000 0.022917 0.525000
1 0.435417 0.287500 0.018750 0.535937 0.018750 0.792188 0.120833 0.715625 0.127083 0.650000 0.147917 0.615625 0.166667 0.604688 0.208333 0.603125 0.400000 0.450000 0.410417 0.407813 0.427083 0.401563
1 0.404167 0.457812 0.216667 0.604688 0.350000 0.598437 0.345833 0.542188 0.358333 0.540625 0.362500 0.529688 0.387500 0.531250 0.389583 0.512500 0.410417 0.498437
1 0.016667 0.829687 0.147917 0.821875 0.133333 0.782812 0.097917 0.784375 0.079167 0.796875 0.058333 0.803125 0.054167 0.793750 0.060417 0.781250 0.047917 0.800000
1 0.541667 0.803125 0.308333 0.820312 0.297917 0.987500 0.500000 0.985937 0.475000 0.837500 0.508333 0.814062
1 0.279167 0.981250 0.285417 0.837500 0.018750 0.843750 0.018750 0.857813 0.266667 0.846875 0.258333 0.979688
2 0.870833 0.181250 0.825000 0.189063 0.812500 0.220313 0.862500 0.239063 0.854167 0.256250 0.808333 0.262500 0.793750 0.343750 0.825000 0.376563 0.720833 0.385938 0.700000 0.437500 0.670833 0.457812 0.752083 0.484375 0.677083 0.509375 0.677083 0.521875 0.712500 0.526563 0.718750 0.556250 0.810417 0.615625 0.889583 0.637500 0.981250 0.814062 0.981250 0.192188
3 0.531250 0.415625 0.420833 0.418750 0.414583 0.453125 0.416667 0.498437 0.425000 0.495313 0.429167 0.523438 0.441667 0.528125 0.454167 0.596875 0.516667 0.593750 0.520833 0.578125 0.500000 0.581250 0.491667 0.576563 0.475000 0.506250 0.516667 0.493750
3 0.750000 0.585938 0.735417 0.571875 0.535417 0.575000 0.520833 0.600000 0.175000 0.609375 0.137500 0.762500 0.154167 0.818750 0.550000 0.795313 0.579167 0.679688 0.652083 0.642187 0.700000 0.603125
5 0.591667 0.121875 0.591667 0.125000 0.618750 0.154687 0.683333 0.137500 0.704167 0.137500 0.614583 0.087500 0.612500 0.087500
5 0.693750 0.417188 0.537500 0.418750 0.525000 0.498437 0.485417 0.506250 0.495833 0.571875 0.641667 0.543750 0.710417 0.550000 0.714583 0.540625 0.656250 0.531250 0.664583 0.492188 0.743750 0.484375 0.737500 0.479688 0.668750 0.482812 0.633333 0.420312
5 0.737500 0.593750 0.589583 0.681250 0.583333 0.750000 0.612500 0.762500 0.593750 0.793750 0.610417 0.775000 0.662500 0.973437 0.677083 0.954687 0.693750 0.954687 0.677083 0.950000 0.695833 0.906250 0.739583 0.934375 0.752083 0.959375 0.743750 0.985937 0.987500 0.989062 0.981250 0.840625 0.881250 0.667188 0.868750 0.657812 0.814583 0.659375 0.802083 0.640625 0.875000 0.639063 0.797917 0.640625 0.785417 0.595312
5 0.502083 0.943750 0.508333 0.984375 0.514583 0.989062 0.572917 0.985937 0.666667 0.985937 0.664583 0.978125 0.664583 0.984375 0.512500 0.987500
6 0.854167 0.012500 0.916667 0.014062 0.860417 0.175000 0.922917 0.171875 0.985417 0.182812 0.989583 0.010937
6 0.545833 0.017188 0.552083 0.051562 0.800000 0.179688 0.854167 0.182812 0.802083 0.178125 0.843750 0.014062
7 0.145833 0.014062 0.193750 0.245312 0.510417 0.246875 0.510417 0.218750 0.477083 0.237500 0.445833 0.206250 0.454167 0.198437 0.470833 0.226562 0.502083 0.223438 0.510417 0.132812 0.483333 0.193750 0.464583 0.201562 0.443750 0.192188 0.420833 0.154687 0.427083 0.190625 0.414583 0.195312 0.331250 0.114063 0.329167 0.093750 0.339583 0.084375 0.408333 0.095312 0.520833 0.062500 0.525000 0.012500
7 0.493750 0.134375 0.487500 0.134375 0.472917 0.139062 0.466667 0.139062 0.458333 0.142188 0.452083 0.142188 0.450000 0.143750 0.427083 0.148438 0.435417 0.148438 0.437500 0.150000 0.445833 0.164062 0.445833 0.167187 0.450000 0.171875 0.452083 0.187500 0.458333 0.195312 0.468750 0.195312 0.468750 0.193750 0.483333 0.182812 0.483333 0.179688 0.487500 0.175000 0.487500 0.170312 0.491667 0.164062 0.491667 0.156250 0.493750 0.154687 0.493750 0.146875 0.495833 0.145313 0.495833 0.135937
7 0.183333 0.275000 0.175000 0.312500 0.181250 0.312500 0.183333 0.329688 0.172917 0.348437 0.295833 0.346875 0.306250 0.310937 0.243750 0.309375 0.310417 0.306250 0.310417 0.279687
7 0.297917 0.820312 0.016667 0.835938 0.014583 0.987500 0.287500 0.985937
8 0.629167 0.017188 0.629167 0.021875 0.627083 0.023438 0.627083 0.029687 0.625000 0.031250 0.625000 0.045313 0.627083 0.046875 0.627083 0.054688 0.639583 0.054688 0.641667 0.053125 0.652083 0.053125 0.650000 0.051562 0.650000 0.035937 0.647917 0.034375 0.647917 0.031250 0.645833 0.029687 0.645833 0.026563 0.643750 0.025000 0.643750 0.021875 0.641667 0.020312 0.639583 0.020312 0.633333 0.017188
8 0.541667 0.059375 0.525000 0.290625 0.562500 0.360938 0.512500 0.282813 0.489583 0.287500 0.485417 0.396875 0.608333 0.401563 0.608333 0.364062 0.822917 0.376563 0.781250 0.353125 0.797917 0.246875 0.852083 0.245312 0.804167 0.234375 0.812500 0.189063 0.708333 0.142188 0.602083 0.151562 0.585417 0.118750 0.606250 0.084375
8 0.335417 0.085938 0.333333 0.114063 0.410417 0.192188 0.425000 0.190625 0.416667 0.170312 0.420833 0.153125 0.439583 0.187500 0.454167 0.196875 0.447917 0.206250 0.462500 0.232812 0.495833 0.234375 0.506250 0.226562 0.520833 0.187500 0.516667 0.109375 0.522917 0.064062 0.408333 0.096875 0.387500 0.098438
8 0.631250 0.371875 0.631250 0.390625 0.643750 0.398438 0.647917 0.410937 0.689583 0.410937 0.697917 0.414062 0.695833 0.423438 0.675000 0.429688 0.656250 0.425000 0.664583 0.440625 0.687500 0.435937 0.700000 0.418750 0.700000 0.403125 0.706250 0.371875
8 0.435417 0.529688 0.393750 0.531250 0.391667 0.532812 0.372917 0.532812 0.370833 0.534375 0.370833 0.590625 0.418750 0.592188 0.420833 0.593750 0.443750 0.593750 0.447917 0.595312 0.445833 0.593750
8 0.693750 0.907812 0.681250 0.928125 0.679167 0.950000 0.687500 0.950000 0.695833 0.954687 0.677083 0.956250 0.664583 0.970312 0.668750 0.985937 0.670833 0.987500 0.708333 0.984375 0.710417 0.987500 0.712500 0.985937 0.750000 0.984375 0.750000 0.959375 0.733333 0.928125 0.720833 0.918750