1 0.089583 0.076563 0.085417 0.590625 0.016667 0.592188 0.016667 0.917188 0.672917 0.850000 0.652083 0.834375 0.477083 0.864062 0.468750 0.789062 0.408333 0.793750 0.362500 0.762500 0.402083 0.632812 0.306250 0.596875 0.272917 0.550000 0.270833 0.107813 0.304167 0.087500
1 0.739583 0.867188 0.664583 0.853125 0.014583 0.921875 0.014583 0.951563
2 0.745833 0.018750 0.777083 0.087500 0.793750 0.196875 0.852083 0.167187 0.908333 0.173438 0.937500 0.160938 0.966667 0.206250 0.981250 0.295312 0.987500 0.014062
2 0.866667 0.445312 0.810417 0.457812 0.864583 0.598437 0.670833 0.628125 0.675000 0.645312 0.764583 0.709375 0.687500 0.839063 0.987500 0.957812 0.987500 0.459375
3 0.014583 0.067188 0.333333 0.087500 0.364583 0.082813 0.383333 0.067188 0.391667 0.040625 0.412500 0.012500 0.016667 0.014062
4 0.427083 0.020312 0.370833 0.081250 0.279167 0.104687 0.300000 0.579687 0.408333 0.628125 0.839583 0.604688 0.806250 0.470313 0.645833 0.471875 0.547917 0.495313 0.458333 0.471875 0.416667 0.421875 0.422917 0.303125 0.483333 0.242188 0.772917 0.203125 0.727083 0.018750
5 0.939583 0.171875 0.891667 0.185937 0.866667 0.173438 0.775000 0.221875 0.554167 0.253125 0.500000 0.250000 0.452083 0.265625 0.431250 0.353125 0.441667 0.437500 0.485417 0.468750 0.591667 0.476562 0.629167 0.460938 0.760417 0.460938 0.841667 0.428125 0.977083 0.451562 0.987500 0.417188 0.962500 0.226562
6 0.704167 0.664062 0.664583 0.646875 0.593750 0.646875 0.629167 0.689062 0.529167 0.726562 0.483333 0.760938 0.485417 0.846875 0.493750 0.839063 0.681250 0.820312 0.754167 0.714063
7 0.014583 0.093750 0.016667 0.565625 0.043750 0.567187 0.043750 0.096875
7 0.989583 0.985937 0.985417 0.962500 0.754167 0.878125 0.018750 0.957812 0.014583 0.987500
8 0.577083 0.615625 0.527083 0.621875 0.450000 0.621875 0.418750 0.631250 0.395833 0.654688 0.385417 0.698438 0.372917 0.712500 0.372917 0.728125 0.379167 0.735937 0.375000 0.759375 0.383333 0.771875 0.420833 0.787500 0.447917 0.789062 0.464583 0.782812 0.477083 0.770312 0.479167 0.754687 0.520833 0.726562 0.618750 0.687500 0.616667 0.678125 0.579167 0.634375