1 0.020833 0.398438 0.016667 0.528125 0.387500 0.729688 0.372917 0.671875 0.377083 0.617188 0.077083 0.400000
1 0.087500 0.401563 0.377083 0.607813 0.400000 0.537500 0.395833 0.512500 0.408333 0.462500 0.462500 0.453125 0.483333 0.462500 0.520833 0.443750 0.506250 0.406250 0.383333 0.406250 0.333333 0.417188 0.302083 0.410937 0.306250 0.396875
1 0.016667 0.534375 0.016667 0.778125 0.385417 0.745313 0.383333 0.731250
1 0.377083 0.754687 0.018750 0.784375 0.016667 0.965625 0.033333 0.807813 0.247917 0.785937 0.277083 0.770312 0.352083 0.768750
1 0.566667 0.792188 0.556250 0.798437 0.577083 0.903125 0.570833 0.918750 0.562500 0.925000 0.579167 0.982813 0.595833 0.984375 0.602083 0.982813 0.608333 0.953125
3 0.016667 0.396875 0.306250 0.393750 0.316667 0.376563 0.279167 0.362500 0.277083 0.329688 0.335417 0.296875 0.279167 0.270312 0.335417 0.220313 0.270833 0.218750 0.245833 0.196875 0.252083 0.162500 0.352083 0.156250 0.335417 0.217187 0.339583 0.193750 0.518750 0.193750 0.479167 0.079687 0.545833 0.073437 0.572917 0.095312 0.556250 0.185937 0.535417 0.193750 0.558333 0.193750 0.600000 0.015625 0.012500 0.010937 0.012500 0.182812 0.043750 0.279687 0.016667 0.271875 0.014583 0.229687
5 0.895833 0.040625 0.870833 0.054688 0.833333 0.118750 0.750000 0.131250 0.691667 0.173438 0.650000 0.242188 0.641667 0.295312 0.622917 0.332812 0.631250 0.367188 0.722917 0.362500 0.731250 0.376563 0.829167 0.389062 0.864583 0.375000 0.987500 0.207813 0.989583 0.139062
6 0.920833 0.014062 0.606250 0.015625 0.564583 0.190625 0.575000 0.193750 0.575000 0.164062 0.593750 0.159375 0.595833 0.132812 0.612500 0.129688 0.631250 0.154687 0.633333 0.215625 0.645833 0.234375 0.691667 0.157813 0.752083 0.118750 0.831250 0.109375 0.860417 0.046875 0.912500 0.032812
6 0.947917 0.282813 0.870833 0.379687 0.827083 0.393750 0.722917 0.384375 0.716667 0.371875 0.633333 0.373437 0.614583 0.360938 0.635417 0.292188 0.625000 0.289062 0.600000 0.373437 0.566667 0.357812 0.552083 0.404687 0.531250 0.415625 0.518750 0.404687 0.568750 0.560938 0.612500 0.457812 0.983333 0.440625 0.985417 0.329688
7 0.172917 0.829687 0.172917 0.989062 0.500000 0.987500 0.497917 0.971875 0.483333 0.976562 0.452083 0.971875 0.406250 0.921875 0.393750 0.932813 0.383333 0.932813 0.362500 0.923437 0.339583 0.890625 0.268750 0.870313 0.254167 0.853125 0.258333 0.837500 0.272917 0.835938 0.258333 0.817187
7 0.156250 0.829687 0.081250 0.835938 0.066667 0.981250 0.152083 0.984375
8 0.054167 0.059375 0.054167 0.073437 0.060417 0.081250 0.102083 0.081250 0.110417 0.084375 0.122917 0.103125 0.120833 0.150000 0.197917 0.201562 0.202083 0.217187 0.210417 0.217187 0.185417 0.059375
8 0.370833 0.070312 0.368750 0.071875 0.362500 0.153125 0.360417 0.154687 0.360417 0.189063 0.362500 0.190625 0.385417 0.190625 0.385417 0.106250 0.387500 0.095312 0.381250 0.071875
8 0.545833 0.075000 0.481250 0.079687 0.483333 0.123438 0.489583 0.132812 0.487500 0.145313 0.489583 0.148438 0.500000 0.150000 0.500000 0.178125 0.502083 0.181250 0.508333 0.181250 0.518750 0.187500 0.520833 0.195312 0.550000 0.189063 0.554167 0.185937 0.570833 0.095312
8 0.606250 0.135937 0.597917 0.140625 0.597917 0.160938 0.600000 0.162500 0.600000 0.170312 0.602083 0.171875 0.602083 0.181250 0.604167 0.182812 0.604167 0.190625 0.606250 0.192188 0.608333 0.209375 0.610417 0.210938 0.620833 0.210938 0.627083 0.206250 0.627083 0.198437 0.620833 0.189063 0.618750 0.151562 0.608333 0.135937
8 0.254167 0.162500 0.247917 0.173438 0.247917 0.196875 0.250000 0.201562 0.260417 0.206250 0.270833 0.217187 0.327083 0.217187 0.335417 0.218750 0.331250 0.193750 0.356250 0.190625 0.352083 0.184375 0.352083 0.167187 0.354167 0.165625 0.352083 0.157813 0.275000 0.157813
8 0.339583 0.195312 0.343750 0.401563 0.545833 0.393750 0.556250 0.353125 0.583333 0.353125 0.595833 0.368750 0.618750 0.278125 0.597917 0.251563 0.577083 0.245312 0.581250 0.200000
8 0.014583 0.198437 0.016667 0.267188 0.018750 0.268750 0.018750 0.271875 0.022917 0.275000 0.031250 0.278125 0.043750 0.285937 0.041667 0.284375 0.041667 0.279687 0.039583 0.278125 0.039583 0.273438 0.037500 0.271875 0.037500 0.267188 0.035417 0.265625 0.035417 0.260938 0.033333 0.259375 0.033333 0.254687 0.031250 0.253125 0.031250 0.248437 0.029167 0.246875 0.029167 0.242188 0.027083 0.240625 0.027083 0.235938 0.025000 0.234375 0.025000 0.229687 0.022917 0.228125
8 0.606250 0.214062 0.604167 0.215625 0.604167 0.220313 0.600000 0.226562 0.600000 0.239063 0.627083 0.278125 0.629167 0.284375 0.639583 0.284375 0.639583 0.271875 0.641667 0.270312 0.641667 0.264062 0.643750 0.262500 0.643750 0.245312 0.637500 0.237500 0.633333 0.226562 0.618750 0.215625
8 0.158333 0.245312 0.162500 0.259375 0.183333 0.259375 0.208333 0.270312 0.210417 0.300000 0.216667 0.315625 0.218750 0.339063 0.225000 0.346875 0.210417 0.257812 0.204167 0.248437 0.195833 0.243750
8 0.512500 0.448438 0.508333 0.454688 0.508333 0.464063 0.529167 0.542188 0.533333 0.540625 0.537500 0.545313 0.558333 0.595312 0.572917 0.573438 0.525000 0.451562
8 0.989583 0.446875 0.616667 0.462500 0.554167 0.617188 0.533333 0.550000 0.439583 0.553125 0.435417 0.610937 0.410417 0.575000 0.400000 0.673437 0.435417 0.684375 0.435417 0.610937 0.450000 0.700000 0.541667 0.692187 0.552083 0.615625 0.572917 0.770312 0.525000 0.751562 0.560417 0.735937 0.543750 0.700000 0.258333 0.789062 0.275000 0.864062 0.372917 0.920313 0.395833 0.887500 0.491667 0.967188 0.518750 0.939062 0.456250 0.954687 0.410417 0.848437 0.518750 0.934375 0.493750 0.817187 0.525000 0.803125 0.531250 0.935938 0.572917 0.782812 0.612500 0.987500 0.808333 0.987500 0.985417 0.945312
8 0.500000 0.467187 0.470833 0.467187 0.464583 0.459375 0.416667 0.468750 0.408333 0.512500 0.408333 0.529688 0.412500 0.546875 0.425000 0.565625 0.433333 0.559375 0.435417 0.551562 0.441667 0.548437 0.525000 0.545313