1 0.014583 0.014062 0.016667 0.734375 0.581250 0.725000 0.629167 0.667188 0.468750 0.668750 0.433333 0.604688 0.341667 0.598437 0.329167 0.646875 0.235417 0.614062 0.239583 0.542188 0.333333 0.517187 0.339583 0.567187 0.383333 0.564062 0.479167 0.496875 0.445833 0.454688 0.335417 0.437500 0.341667 0.121875 0.470833 0.112500 0.468750 0.054688 0.352083 0.028125 0.343750 0.089062 0.250000 0.048437 0.243750 0.017188
1 0.016667 0.739062 0.016667 0.860937 0.412500 0.843750 0.458333 0.987500 0.060417 0.989062 0.989583 0.989062 0.987500 0.937500 0.691667 0.745313 0.591667 0.728125
2 0.689583 0.507812 0.700000 0.550000 0.720833 0.550000 0.752083 0.584375 0.737500 0.621875 0.754167 0.656250 0.758333 0.714063 0.733333 0.759375 0.987500 0.929688 0.987500 0.518750 0.829167 0.495313 0.787500 0.518750 0.735417 0.503125
2 0.695833 0.625000 0.691667 0.665625 0.689583 0.667188 0.683333 0.667188 0.687500 0.685938 0.704167 0.698438 0.712500 0.709375 0.716667 0.709375 0.722917 0.712500 0.729167 0.706250 0.727083 0.704687 0.727083 0.693750 0.725000 0.692187 0.725000 0.656250 0.716667 0.645312 0.714583 0.635938 0.704167 0.628125
3 0.543750 0.015625 0.493750 0.015625 0.500000 0.020312 0.500000 0.032812 0.485417 0.043750 0.483333 0.051562 0.483333 0.109375 0.500000 0.100000 0.516667 0.082813 0.525000 0.070312 0.535417 0.039062 0.543750 0.025000
3 0.477083 0.504687 0.477083 0.645312 0.466667 0.650000 0.493750 0.665625 0.500000 0.659375 0.681250 0.657812 0.681250 0.551562 0.689583 0.543750 0.685417 0.515625 0.504167 0.512500 0.491667 0.504687
4 0.547917 0.015625 0.512500 0.103125 0.472917 0.121875 0.522917 0.114063 0.525000 0.362500 0.497917 0.367188 0.512500 0.437500 0.450000 0.448438 0.462500 0.470313 0.529167 0.509375 0.741667 0.495313 0.787500 0.510938 0.810417 0.500000 0.800000 0.487500 0.987500 0.510938 0.989583 0.014062
7 0.254167 0.014062 0.256250 0.040625 0.343750 0.073437 0.341667 0.018750 0.389583 0.018750 0.416667 0.032812 0.450000 0.042188 0.481250 0.042188 0.491667 0.028125 0.485417 0.015625
7 0.237500 0.579687 0.237500 0.587500 0.250000 0.592188 0.245833 0.612500 0.329167 0.635938 0.331250 0.589063 0.377083 0.581250 0.408333 0.593750 0.433333 0.595312 0.458333 0.590625 0.462500 0.582812 0.447917 0.568750 0.429167 0.564062 0.404167 0.565625 0.354167 0.578125 0.329167 0.576563 0.325000 0.573438 0.325000 0.528125 0.243750 0.551562 0.247917 0.576563
7 0.412500 0.845312 0.018750 0.860937 0.016667 0.989062 0.456250 0.987500
8 0.518750 0.118750 0.472917 0.135937 0.422917 0.131250 0.414583 0.157813 0.408333 0.132812 0.350000 0.134375 0.352083 0.279687 0.397917 0.271875 0.379167 0.206250 0.402083 0.201562 0.385417 0.187500 0.427083 0.207813 0.389583 0.210938 0.408333 0.310937 0.397917 0.278125 0.368750 0.285937 0.350000 0.432813 0.506250 0.435937 0.495833 0.371875 0.391667 0.345313 0.404167 0.310937 0.397917 0.346875 0.516667 0.362500 0.525000 0.285937 0.445833 0.281250 0.425000 0.248437 0.437500 0.218750 0.439583 0.273438 0.527083 0.275000
8 0.456250 0.504687 0.456250 0.529688 0.464583 0.535937 0.466667 0.534375 0.468750 0.534375 0.468750 0.531250 0.470833 0.529688 0.470833 0.510938 0.468750 0.509375 0.468750 0.504687
8 0.404167 0.550000 0.404167 0.554688 0.425000 0.562500 0.429167 0.562500 0.433333 0.559375 0.435417 0.560938 0.435417 0.564062 0.439583 0.565625 0.470833 0.565625 0.472917 0.567187 0.477083 0.567187 0.477083 0.542188 0.437500 0.542188 0.433333 0.548437 0.425000 0.551562 0.416667 0.551562 0.414583 0.550000
8 0.695833 0.562500 0.693750 0.564062 0.693750 0.568750 0.689583 0.576563 0.689583 0.600000 0.691667 0.601562 0.691667 0.606250 0.722917 0.628125 0.714583 0.621875 0.714583 0.620313 0.741667 0.592188 0.741667 0.585938 0.729167 0.576563 0.722917 0.565625 0.718750 0.562500
8 0.458333 0.607813 0.458333 0.615625 0.456250 0.617188 0.456250 0.625000 0.454167 0.626562 0.454167 0.634375 0.452083 0.635938 0.452083 0.643750 0.468750 0.643750 0.470833 0.645312 0.472917 0.645312 0.472917 0.631250 0.475000 0.629687 0.475000 0.615625 0.477083 0.614062 0.477083 0.612500 0.472917 0.609375 0.466667 0.609375 0.464583 0.607813
8 0.727083 0.632812 0.733333 0.640625 0.737500 0.654688 0.743750 0.701563 0.735417 0.725000 0.725000 0.728125 0.710417 0.725000 0.700000 0.715625 0.691667 0.700000 0.675000 0.701563 0.677083 0.721875 0.700000 0.721875 0.727083 0.734375 0.739583 0.732813 0.750000 0.701563 0.739583 0.657812 0.739583 0.643750
8 0.672917 0.668750 0.652083 0.668750 0.618750 0.675000 0.612500 0.681250 0.612500 0.693750 0.618750 0.701563 0.610417 0.710938 0.604167 0.710938 0.600000 0.714063 0.597917 0.721875 0.612500 0.725000 0.620833 0.731250 0.650000 0.734375 0.672917 0.732813 0.668750 0.703125 0.622917 0.701563 0.633333 0.696875 0.670833 0.700000 0.677083 0.693750