1 0.014583 0.032812 0.402083 0.051562 0.408333 0.031250 0.429167 0.015625 0.016667 0.014062
1 0.016667 0.043750 0.016667 0.232812 0.408333 0.260938 0.377083 0.210938 0.385417 0.178125 0.379167 0.146875 0.402083 0.109375 0.406250 0.065625
1 0.458333 0.184375 0.466667 0.190625 0.466667 0.198437 0.470833 0.203125 0.514583 0.207813 0.516667 0.209375 0.537500 0.210938 0.539583 0.212500 0.550000 0.212500 0.552083 0.214062 0.572917 0.215625 0.575000 0.217187 0.575000 0.195312 0.577083 0.193750 0.575000 0.192188 0.556250 0.192188 0.554167 0.190625 0.535417 0.190625 0.533333 0.189063 0.516667 0.189063 0.514583 0.187500
1 0.016667 0.815625 0.085417 0.818750 0.085417 0.764063 0.462500 0.732813 0.472917 0.687500 0.420833 0.689062 0.410417 0.704687 0.391667 0.704687 0.347917 0.675000 0.310417 0.671875 0.027083 0.681250
1 0.025000 0.823438 0.018750 0.862500 0.064583 0.839063 0.093750 0.839063 0.093750 0.851562 0.085417 0.868750 0.085417 0.882812 0.089583 0.885938 0.110417 0.884375 0.137500 0.864062 0.160417 0.871875 0.189583 0.870313 0.187500 0.846875 0.175000 0.832812 0.102083 0.832812 0.077083 0.826563
1 0.014583 0.939062 0.014583 0.987500 0.593750 0.978125 0.579167 0.950000 0.581250 0.926562 0.516667 0.950000 0.500000 0.946875 0.489583 0.932813 0.200000 0.948438 0.185417 0.956250 0.175000 0.951563 0.160417 0.909375 0.137500 0.917188 0.106250 0.914062 0.095833 0.945312 0.072917 0.960938
2 0.987500 0.125000 0.889583 0.159375 0.825000 0.150000 0.835417 0.167187 0.802083 0.184375 0.785417 0.173438 0.641667 0.217187 0.672917 0.228125 0.683333 0.262500 0.658333 0.281250 0.720833 0.282813 0.793750 0.256250 0.708333 0.387500 0.795833 0.354688 0.825000 0.365625 0.754167 0.437500 0.722917 0.434375 0.731250 0.417188 0.683333 0.428125 0.668750 0.506250 0.650000 0.504687 0.654167 0.468750 0.593750 0.500000 0.675000 0.540625 0.668750 0.623438 0.681250 0.587500 0.722917 0.556250 0.858333 0.495313 0.985417 0.465625
2 0.660417 0.668750 0.647917 0.700000 0.575000 0.700000 0.606250 0.739062 0.608333 0.760938 0.602083 0.800000 0.622917 0.820312 0.641667 0.800000 0.654167 0.798437 0.658333 0.789062 0.666667 0.782812 0.656250 0.756250 0.656250 0.695312
3 0.987500 0.010937 0.627083 0.015625 0.625000 0.032812 0.593750 0.064062 0.593750 0.103125 0.889583 0.151562 0.895833 0.142188 0.987500 0.115625
3 0.616667 0.826563 0.591667 0.796875 0.554167 0.800000 0.539583 0.793750 0.508333 0.764063 0.506250 0.750000 0.475000 0.743750 0.212500 0.756250 0.202083 0.764063 0.231250 0.850000 0.214583 0.870313 0.220833 0.893750 0.210417 0.895312 0.225000 0.923437 0.222917 0.940625 0.583333 0.914062 0.566667 0.893750 0.572917 0.837500 0.591667 0.826563
4 0.989583 0.476562 0.975000 0.476562 0.927083 0.493750 0.872917 0.503125 0.785417 0.543750 0.729167 0.559375 0.689583 0.598437 0.752083 0.557813 0.816667 0.545313 0.845833 0.532812 0.916667 0.515625 0.956250 0.515625 0.985417 0.521875
4 0.300000 0.487500 0.297917 0.489062 0.295833 0.543750 0.325000 0.548437 0.350000 0.554688 0.350000 0.526563 0.352083 0.525000 0.352083 0.495313 0.354167 0.492188 0.352083 0.490625
4 0.977083 0.540625 0.916667 0.545313 0.777083 0.571875 0.750000 0.592188 0.735417 0.592188 0.700000 0.653125 0.720833 0.654688 0.735417 0.664062 0.737500 0.682813 0.787500 0.768750 0.789583 0.743750 0.772917 0.721875 0.781250 0.656250 0.860417 0.601562 0.912500 0.582812 0.979167 0.571875
4 0.985417 0.585938 0.931250 0.595312 0.891667 0.612500 0.831250 0.656250 0.802083 0.703125 0.822917 0.739062 0.814583 0.782812 0.841667 0.826563 0.843750 0.846875 0.825000 0.871875 0.833333 0.918750 0.850000 0.932813 0.850000 0.956250 0.877083 0.989062 0.989583 0.989062
4 0.672917 0.768750 0.672917 0.795313 0.695833 0.857813 0.714583 0.890625 0.702083 0.987500 0.827083 0.987500 0.818750 0.946875 0.785417 0.943750 0.775000 0.937500 0.772917 0.925000 0.745833 0.890625 0.745833 0.868750 0.706250 0.806250 0.683333 0.787500
5 0.475000 0.448438 0.475000 0.540625 0.535417 0.550000 0.543750 0.501562 0.568750 0.501562 0.614583 0.526563 0.606250 0.528125 0.608333 0.531250 0.643750 0.532812 0.575000 0.496875 0.637500 0.462500 0.654167 0.459375 0.610417 0.457812 0.610417 0.462500 0.620833 0.464063 0.566667 0.495313 0.545833 0.478125 0.543750 0.453125 0.508333 0.445312
6 0.437500 0.418750 0.416667 0.681250 0.531250 0.676562 0.510417 0.653125 0.470833 0.650000 0.475000 0.548437 0.468750 0.543750 0.470833 0.493750 0.464583 0.487500 0.468750 0.445312 0.485417 0.435937 0.479167 0.423438
7 0.014583 0.239063 0.016667 0.310937 0.293750 0.279687 0.429167 0.289062 0.414583 0.268750
7 0.306250 0.332812 0.306250 0.343750 0.304167 0.345313 0.304167 0.356250 0.314583 0.356250 0.316667 0.357812 0.329167 0.357812 0.331250 0.359375 0.331250 0.353125 0.333333 0.351562 0.333333 0.345313 0.335417 0.343750 0.335417 0.335938 0.327083 0.335938 0.325000 0.334375 0.316667 0.334375 0.314583 0.332812
7 0.375000 0.368750 0.356250 0.667188 0.389583 0.696875 0.408333 0.698438 0.437500 0.375000
7 0.016667 0.564062 0.016667 0.653125 0.345833 0.664062 0.341667 0.650000 0.264583 0.646875 0.250000 0.635938 0.175000 0.607813
7 0.208333 0.881250 0.156250 0.881250 0.143750 0.875000 0.127083 0.881250 0.112500 0.893750 0.081250 0.896875 0.075000 0.885938 0.081250 0.842188 0.016667 0.873438 0.012500 0.929688 0.072917 0.951563 0.097917 0.903125 0.139583 0.903125 0.208333 0.892187
7 0.204167 0.900000 0.193750 0.900000 0.191667 0.901563 0.187500 0.901563 0.185417 0.903125 0.179167 0.903125 0.179167 0.914062 0.181250 0.915625 0.181250 0.929688 0.183333 0.931250 0.183333 0.945312 0.187500 0.945312 0.206250 0.937500 0.210417 0.937500 0.212500 0.935938 0.214583 0.935938 0.214583 0.931250 0.216667 0.929688 0.216667 0.925000 0.218750 0.923437 0.216667 0.921875 0.216667 0.918750 0.214583 0.917188 0.212500 0.909375
8 0.418750 0.039062 0.414583 0.164062 0.679167 0.201562 0.679167 0.190625 0.783333 0.165625 0.802083 0.176563 0.822917 0.164062 0.795833 0.139062 0.589583 0.109375 0.591667 0.073437 0.531250 0.067188 0.516667 0.075000 0.466667 0.053125 0.466667 0.148438 0.422917 0.160938 0.414583 0.151562 0.418750 0.057813 0.439583 0.035937
8 0.843750 0.037500 0.845833 0.054688 0.841667 0.064062 0.845833 0.115625 0.864583 0.134375 0.879167 0.134375 0.977083 0.101562 0.960417 0.054688 0.893750 0.040625 0.860417 0.040625
8 0.422917 0.114063 0.422917 0.131250 0.420833 0.132812 0.420833 0.153125 0.422917 0.154687 0.429167 0.154687 0.433333 0.151562 0.433333 0.150000 0.441667 0.143750 0.441667 0.142188 0.445833 0.137500 0.443750 0.135937 0.443750 0.131250 0.441667 0.129688 0.441667 0.128125 0.435417 0.123438 0.433333 0.123438 0.431250 0.121875 0.431250 0.120312 0.427083 0.117188 0.427083 0.115625 0.425000 0.114063
8 0.402083 0.125000 0.395833 0.159375 0.404167 0.171875 0.393750 0.187500 0.391667 0.210938 0.414583 0.221875 0.422917 0.256250 0.441667 0.259375 0.452083 0.254687 0.458333 0.221875 0.600000 0.231250 0.587500 0.267188 0.595833 0.273438 0.610417 0.245312 0.641667 0.262500 0.631250 0.228125 0.637500 0.203125 0.622917 0.203125 0.616667 0.220313 0.606250 0.226562 0.464583 0.214062 0.435417 0.204688 0.433333 0.181250 0.404167 0.159375
8 0.783333 0.265625 0.731250 0.298438 0.493750 0.281250 0.520833 0.384375 0.460417 0.387500 0.520833 0.387500 0.545833 0.407813 0.718750 0.407813 0.670833 0.406250 0.660417 0.420312 0.435417 0.414062 0.664583 0.425000 0.660417 0.501562 0.672917 0.425000 0.747917 0.404687 0.731250 0.426562 0.745833 0.431250 0.814583 0.365625 0.754167 0.395312 0.643750 0.392188 0.620833 0.301562 0.635417 0.390625 0.556250 0.384375 0.537500 0.293750 0.729167 0.303125 0.716667 0.335938
8 0.402083 0.309375 0.395833 0.301562 0.389583 0.298438 0.362500 0.296875 0.360417 0.295312 0.360417 0.289062 0.352083 0.289062 0.341667 0.292188 0.308333 0.292188 0.306250 0.293750 0.302083 0.293750 0.293750 0.301562 0.293750 0.304688 0.297917 0.307813 0.300000 0.306250 0.325000 0.306250 0.341667 0.310937 0.350000 0.304688 0.362500 0.304688 0.364583 0.306250 0.375000 0.306250 0.377083 0.307813
8 0.547917 0.307813 0.552083 0.314063 0.552083 0.326562 0.558333 0.332812 0.562500 0.339063 0.562500 0.343750 0.564583 0.345313 0.575000 0.348437 0.593750 0.348437 0.614583 0.342187 0.614583 0.339063 0.620833 0.331250 0.618750 0.329688 0.618750 0.326562 0.614583 0.320312 0.614583 0.315625 0.612500 0.314063 0.612500 0.309375 0.608333 0.303125 0.597917 0.303125 0.577083 0.296875 0.564583 0.296875
8 0.343750 0.318750 0.358333 0.326562 0.379167 0.332812 0.383333 0.332812 0.387500 0.328125 0.420833 0.328125 0.422917 0.329688 0.458333 0.329688 0.460417 0.331250 0.495833 0.331250 0.500000 0.332812 0.497917 0.328125 0.493750 0.326562 0.385417 0.320312 0.381250 0.315625
8 0.137500 0.417188 0.145833 0.418750 0.162500 0.401563 0.316667 0.407813 0.316667 0.410937 0.297917 0.410937 0.297917 0.418750 0.312500 0.418750 0.312500 0.445312 0.329167 0.443750 0.329167 0.412500 0.333333 0.409375 0.368750 0.410937 0.368750 0.406250 0.164583 0.398438 0.172917 0.373437
8 0.314583 0.382812 0.314583 0.384375 0.312500 0.385938 0.312500 0.401563 0.331250 0.401563 0.331250 0.395312 0.333333 0.393750 0.333333 0.389062 0.331250 0.387500 0.331250 0.385938 0.329167 0.384375 0.325000 0.384375 0.322917 0.382812
8 0.312500 0.479688 0.308333 0.476562 0.295833 0.476562 0.270833 0.485938 0.254167 0.487500 0.231250 0.484375 0.227083 0.485938 0.241667 0.490625 0.241667 0.498437 0.147917 0.503125 0.116667 0.512500 0.152083 0.507812 0.252083 0.503125 0.256250 0.506250 0.241667 0.517187 0.268750 0.510938 0.279167 0.510938 0.293750 0.517187 0.293750 0.487500 0.297917 0.482812
8 0.989583 0.526563 0.900000 0.528125 0.766667 0.560938 0.702083 0.601562 0.668750 0.650000 0.679167 0.768750 0.781250 0.939062 0.820833 0.942187 0.835417 0.985937 0.866667 0.985937 0.818750 0.882812 0.831250 0.854688 0.795833 0.693750 0.847917 0.629687 0.987500 0.571875 0.866667 0.606250 0.793750 0.656250 0.793750 0.779688 0.722917 0.665625 0.691667 0.659375 0.725000 0.589063 0.770833 0.565625 0.981250 0.534375 0.987500 0.554688
8 0.666667 0.545313 0.656250 0.542188 0.627083 0.542188 0.618750 0.550000 0.608333 0.554688 0.587500 0.548437 0.587500 0.575000 0.581250 0.585938 0.581250 0.596875 0.591667 0.600000 0.602083 0.595312 0.612500 0.593750 0.633333 0.582812 0.639583 0.581250 0.639583 0.578125 0.645833 0.568750 0.656250 0.557813 0.668750 0.548437
8 0.514583 0.564062 0.506250 0.568750 0.500000 0.637500 0.558333 0.692187 0.535417 0.682813 0.487500 0.684375 0.472917 0.718750 0.481250 0.740625 0.510417 0.745313 0.510417 0.759375 0.537500 0.785937 0.541667 0.776563 0.550000 0.793750 0.593750 0.790625 0.597917 0.746875 0.568750 0.710938 0.527083 0.710938 0.533333 0.729688 0.512500 0.714063 0.522917 0.706250 0.562500 0.704687 0.564583 0.690625 0.650000 0.689062 0.660417 0.609375 0.631250 0.595312 0.579167 0.601562 0.568750 0.592188 0.579167 0.567187
8 0.447917 0.759375 0.458333 0.775000 0.460417 0.792188 0.468750 0.804688 0.481250 0.812500 0.495833 0.826563 0.508333 0.843750 0.550000 0.837500 0.554167 0.834375 0.522917 0.781250 0.504167 0.767187 0.504167 0.760938 0.497917 0.754687 0.468750 0.754687
8 0.093750 0.768750 0.095833 0.825000 0.097917 0.828125 0.100000 0.826563 0.183333 0.823438 0.177083 0.812500 0.187500 0.809375 0.204167 0.798437 0.195833 0.767187 0.104167 0.767187
8 0.314583 0.768750 0.310417 0.782812 0.316667 0.787500 0.316667 0.801562 0.325000 0.820312 0.318750 0.831250 0.325000 0.839063 0.329167 0.856250 0.391667 0.850000 0.381250 0.839063 0.362500 0.765625
8 0.389583 0.767187 0.389583 0.775000 0.391667 0.776563 0.391667 0.787500 0.393750 0.789062 0.393750 0.798437 0.397917 0.801562 0.404167 0.801562 0.406250 0.803125 0.412500 0.803125 0.414583 0.804688 0.422917 0.804688 0.425000 0.806250 0.431250 0.806250 0.433333 0.807813 0.439583 0.807813 0.441667 0.809375 0.439583 0.807813 0.439583 0.803125 0.431250 0.792188 0.431250 0.778125 0.433333 0.776563 0.431250 0.775000 0.431250 0.770312 0.429167 0.768750 0.429167 0.765625 0.393750 0.765625
8 0.268750 0.771875 0.262500 0.779688 0.262500 0.787500 0.239583 0.798437 0.247917 0.821875 0.247917 0.846875 0.254167 0.867188 0.310417 0.864062 0.281250 0.771875
8 0.666667 0.795313 0.664583 0.806250 0.643750 0.810938 0.622917 0.860937 0.664583 0.862500 0.677083 0.882812 0.604167 0.890625 0.595833 0.942187 0.625000 0.985937 0.697917 0.987500 0.710417 0.893750 0.704167 0.881250 0.677083 0.881250 0.700000 0.868750
8 0.208333 0.806250 0.200000 0.809375 0.193750 0.814062 0.187500 0.815625 0.187500 0.818750 0.193750 0.828125 0.200000 0.834375 0.200000 0.867188 0.202083 0.868750 0.210417 0.868750 0.222917 0.851562 0.216667 0.842188 0.216667 0.826563 0.214583 0.825000 0.214583 0.820312 0.212500 0.818750 0.212500 0.812500
8 0.402083 0.809375 0.404167 0.821875 0.406250 0.823438 0.406250 0.829687 0.408333 0.831250 0.408333 0.837500 0.410417 0.839063 0.410417 0.842188 0.414583 0.848437 0.435417 0.848437 0.437500 0.850000 0.460417 0.850000 0.462500 0.851562 0.456250 0.846875 0.445833 0.832812 0.445833 0.825000 0.441667 0.820312 0.441667 0.817187 0.437500 0.810938 0.418750 0.810938 0.416667 0.809375