1 0.016667 0.012500 0.016667 0.604688 0.345833 0.584375 0.370833 0.565625 0.512500 0.576563 0.506250 0.554688 0.087500 0.526563 0.035417 0.546875 0.062500 0.010937
1 0.085417 0.220313 0.081250 0.301562 0.325000 0.317187 0.295833 0.307813 0.270833 0.285937 0.243750 0.304688 0.191667 0.303125 0.162500 0.284375 0.141667 0.256250 0.141667 0.246875 0.164583 0.217187
1 0.020833 0.612500 0.014583 0.989062 0.366667 0.984375 0.964583 0.940625 0.662500 0.895312 0.379167 0.885938 0.362500 0.848437 0.325000 0.826563 0.352083 0.796875 0.343750 0.779688 0.300000 0.760938 0.243750 0.775000 0.222917 0.759375 0.229167 0.635938
2 0.706250 0.345313 0.708333 0.379687 0.697917 0.393750 0.704167 0.429688 0.683333 0.500000 0.727083 0.507812 0.750000 0.589063 0.879167 0.592188 0.985417 0.623438 0.987500 0.375000 0.847917 0.357812 0.854167 0.376563 0.812500 0.364062 0.793750 0.350000
3 0.362500 0.573438 0.354167 0.635938 0.397917 0.704687 0.352083 0.748438 0.379167 0.762500 0.354167 0.778125 0.387500 0.782812 0.397917 0.817187 0.379167 0.876562 0.629167 0.862500 0.633333 0.823438 0.689583 0.845312 0.633333 0.806250 0.820833 0.856250 0.727083 0.804688 0.839583 0.829687 0.825000 0.809375 0.864583 0.806250 0.766667 0.779688 0.881250 0.790625 0.825000 0.764063 0.985417 0.812500 0.985417 0.626562 0.868750 0.595312
4 0.610417 0.059375 0.612500 0.101562 0.666667 0.181250 0.677083 0.332812 0.802083 0.348437 0.850000 0.370313 0.841667 0.354688 0.987500 0.368750 0.989583 0.014062 0.687500 0.015625 0.664583 0.059375 0.645833 0.039062 0.631250 0.071875
6 0.620833 0.129688 0.625000 0.139062 0.618750 0.140625 0.612500 0.156250 0.610417 0.187500 0.593750 0.192188 0.583333 0.187500 0.587500 0.198437 0.608333 0.214062 0.610417 0.226562 0.597917 0.250000 0.589583 0.253125 0.577083 0.270312 0.595833 0.273438 0.612500 0.264062 0.631250 0.275000 0.672917 0.278125 0.672917 0.262500 0.658333 0.260938 0.635417 0.242188 0.637500 0.239063 0.660417 0.237500 0.637500 0.225000 0.637500 0.209375 0.662500 0.190625 0.656250 0.170312 0.631250 0.156250 0.635417 0.139062
7 0.070833 0.025000 0.070833 0.046875 0.093750 0.054688 0.081250 0.062500 0.093750 0.092188 0.066667 0.092188 0.066667 0.123438 0.093750 0.129688 0.089583 0.160938 0.062500 0.162500 0.062500 0.203125 0.070833 0.192188 0.081250 0.209375 0.389583 0.225000 0.400000 0.184375 0.481250 0.173438 0.497917 0.215625 0.472917 0.210938 0.464583 0.179688 0.402083 0.187500 0.400000 0.225000 0.462500 0.250000 0.472917 0.217187 0.581250 0.223438 0.581250 0.210938 0.500000 0.215625 0.572917 0.207813 0.531250 0.203125 0.533333 0.176563 0.566667 0.164062 0.604167 0.103125 0.579167 0.067188 0.493750 0.051562 0.493750 0.015625 0.095833 0.014062
7 0.575000 0.287500 0.575000 0.300000 0.602083 0.300000 0.604167 0.301562 0.606250 0.301562 0.606250 0.287500 0.591667 0.287500 0.589583 0.285937 0.577083 0.285937
7 0.047917 0.309375 0.047917 0.321875 0.079167 0.334375 0.068750 0.351562 0.045833 0.353125 0.047917 0.370313 0.072917 0.378125 0.070833 0.407813 0.058333 0.417188 0.045833 0.409375 0.045833 0.435937 0.072917 0.445312 0.066667 0.481250 0.039583 0.481250 0.050000 0.514063 0.510417 0.546875 0.533333 0.485938 0.677083 0.503125 0.702083 0.426562 0.689583 0.395312 0.704167 0.359375 0.689583 0.342187
7 0.231250 0.681250 0.233333 0.739062 0.256250 0.740625 0.229167 0.756250 0.229167 0.765625 0.266667 0.768750 0.304167 0.754687 0.370833 0.770312 0.375000 0.765625 0.320833 0.750000 0.362500 0.735937 0.372917 0.725000 0.370833 0.714063 0.295833 0.725000 0.256250 0.740625 0.281250 0.723437 0.335417 0.714063 0.322917 0.707812 0.254167 0.706250 0.252083 0.682813
8 0.514583 0.015625 0.558333 0.029687 0.554167 0.032812 0.541667 0.028125 0.579167 0.054688 0.585417 0.070312 0.591667 0.071875 0.602083 0.065625 0.604167 0.046875 0.631250 0.067188 0.643750 0.037500 0.627083 0.021875 0.654167 0.039062 0.666667 0.056250 0.685417 0.012500 0.618750 0.014062 0.616667 0.017188 0.608333 0.012500
8 0.597917 0.109375 0.589583 0.120312 0.589583 0.126563 0.587500 0.128125 0.587500 0.134375 0.585417 0.135937 0.585417 0.145313 0.577083 0.157813 0.577083 0.171875 0.581250 0.179688 0.587500 0.184375 0.587500 0.185937 0.597917 0.185937 0.602083 0.184375 0.602083 0.176563 0.604167 0.175000 0.604167 0.167187 0.606250 0.165625 0.606250 0.159375 0.608333 0.157813 0.608333 0.150000 0.610417 0.148438 0.612500 0.140625 0.618750 0.134375 0.618750 0.131250
8 0.545833 0.165625 0.545833 0.167187 0.539583 0.175000 0.539583 0.195312 0.541667 0.196875 0.541667 0.198437 0.543750 0.200000 0.545833 0.198437 0.579167 0.198437 0.579167 0.192188 0.581250 0.190625 0.581250 0.187500 0.575000 0.182812 0.575000 0.181250 0.572917 0.179688 0.572917 0.175000 0.570833 0.173438 0.568750 0.173438 0.566667 0.171875 0.564583 0.171875 0.554167 0.167187 0.550000 0.167187 0.547917 0.165625
8 0.606250 0.223438 0.585417 0.206250 0.585417 0.218750 0.587500 0.220313 0.585417 0.226562 0.545833 0.226562 0.537500 0.237500 0.506250 0.237500 0.506250 0.243750 0.531250 0.245312 0.535417 0.248437 0.535417 0.260938 0.554167 0.262500 0.566667 0.270312 0.575000 0.264062 0.581250 0.253125 0.589583 0.245312 0.589583 0.242188 0.591667 0.240625 0.595833 0.246875
8 0.189583 0.212500 0.166667 0.226562 0.154167 0.243750 0.154167 0.248437 0.166667 0.273438 0.185417 0.287500 0.220833 0.296875 0.233333 0.292188 0.262500 0.270312 0.256250 0.242188 0.239583 0.223438 0.212500 0.212500
8 0.316667 0.231250 0.297917 0.237500 0.281250 0.253125 0.281250 0.271875 0.285417 0.276563 0.285417 0.285937 0.295833 0.300000 0.320833 0.306250 0.331250 0.310937 0.343750 0.312500 0.354167 0.309375 0.368750 0.300000 0.370833 0.292188 0.379167 0.281250 0.383333 0.265625 0.381250 0.257812 0.362500 0.242188 0.333333 0.232812
8 0.412500 0.245312 0.393750 0.273438 0.393750 0.285937 0.404167 0.304688 0.427083 0.317187 0.447917 0.320312 0.470833 0.317187 0.481250 0.312500 0.489583 0.303125 0.491667 0.278125 0.475000 0.254687 0.468750 0.250000 0.464583 0.250000 0.462500 0.256250 0.439583 0.242188
8 0.529167 0.496875 0.522917 0.506250 0.518750 0.532812 0.525000 0.579687 0.743750 0.590625 0.739583 0.550000 0.716667 0.506250 0.550000 0.493750
8 0.352083 0.614062 0.345833 0.592188 0.231250 0.600000 0.218750 0.596875 0.143750 0.595312 0.116667 0.598437 0.106250 0.603125 0.114583 0.621875 0.237500 0.626562 0.237500 0.614062 0.243750 0.609375
8 0.243750 0.629687 0.243750 0.659375 0.256250 0.665625 0.260417 0.662500 0.262500 0.665625 0.364583 0.664062 0.368750 0.657812 0.366667 0.650000 0.356250 0.646875 0.281250 0.646875 0.275000 0.651563 0.272917 0.650000 0.279167 0.643750 0.356250 0.642187 0.347917 0.634375
8 0.260417 0.673437 0.260417 0.704687 0.325000 0.704687 0.322917 0.690625 0.331250 0.684375 0.333333 0.687500 0.327083 0.695312 0.327083 0.701563 0.331250 0.706250 0.339583 0.709375 0.389583 0.710938 0.393750 0.693750 0.387500 0.681250 0.368750 0.681250 0.360417 0.678125 0.366667 0.676562
8 0.514583 0.682813 0.514583 0.692187 0.525000 0.692187 0.531250 0.696875 0.591667 0.696875 0.593750 0.698438 0.597917 0.698438 0.595833 0.696875 0.593750 0.678125 0.535417 0.678125 0.535417 0.681250 0.533333 0.682813
8 0.706250 0.728125 0.708333 0.732813 0.718750 0.732813 0.737500 0.745313 0.747917 0.745313 0.750000 0.746875 0.752083 0.745313 0.785417 0.745313 0.785417 0.742188 0.783333 0.740625 0.783333 0.715625 0.760417 0.701563 0.754167 0.701563 0.743750 0.706250 0.739583 0.706250 0.735417 0.710938 0.735417 0.714063 0.729167 0.720312
8 0.862500 0.710938 0.862500 0.728125 0.864583 0.729688 0.864583 0.734375 0.870833 0.742188 0.937500 0.742188 0.937500 0.726562 0.939583 0.725000 0.939583 0.709375 0.941667 0.707812 0.902083 0.707812 0.900000 0.709375 0.864583 0.709375
8 0.485417 0.767187 0.485417 0.787500 0.585417 0.784375 0.581250 0.775000 0.577083 0.773438 0.589583 0.770312 0.585417 0.753125 0.577083 0.751562 0.506250 0.751562 0.495833 0.759375 0.504167 0.767187 0.577083 0.770312 0.577083 0.773438 0.504167 0.771875 0.489583 0.765625
8 0.389583 0.789062 0.362500 0.795313 0.362500 0.801562 0.352083 0.806250 0.333333 0.818750 0.333333 0.825000 0.350000 0.831250 0.358333 0.832812 0.370833 0.842188 0.370833 0.843750 0.385417 0.853125 0.393750 0.842188 0.391667 0.839063