1 0.014583 0.014062 0.016667 0.454688 0.160417 0.454688 0.147917 0.425000 0.177083 0.404687 0.208333 0.425000 0.187500 0.328125 0.312500 0.310937 0.322917 0.331250 0.637500 0.335938 0.683333 0.353125 0.756250 0.278125 0.418750 0.232812 0.402083 0.192188 0.466667 0.040625 0.435417 0.020312 0.335417 0.021875 0.322917 0.164062 0.056250 0.125000 0.043750 0.014062
1 0.339583 0.362500 0.343750 0.373437 0.341667 0.381250 0.320833 0.385938 0.318750 0.390625 0.318750 0.434375 0.331250 0.440625 0.341667 0.418750 0.356250 0.429688 0.372917 0.465625 0.385417 0.473437 0.404167 0.432813 0.400000 0.423438 0.418750 0.400000 0.420833 0.378125
1 0.470833 0.395312 0.466667 0.395312 0.464583 0.393750 0.458333 0.393750 0.458333 0.395312 0.454167 0.400000 0.454167 0.403125 0.447917 0.407813 0.447917 0.409375 0.445833 0.410937 0.445833 0.414062 0.443750 0.415625 0.443750 0.418750 0.441667 0.420312 0.441667 0.434375 0.443750 0.435937 0.445833 0.440625 0.445833 0.435937 0.447917 0.434375 0.447917 0.432813 0.456250 0.426562 0.456250 0.420312 0.458333 0.418750 0.460417 0.414062 0.464583 0.410937 0.464583 0.409375 0.470833 0.401563
1 0.018750 0.464063 0.018750 0.578125 0.377083 0.585938 0.372917 0.529688 0.362500 0.546875 0.343750 0.557813 0.329167 0.557813 0.325000 0.550000 0.306250 0.568750 0.256250 0.568750 0.239583 0.560938 0.183333 0.564062 0.172917 0.556250 0.177083 0.535937 0.160417 0.542188 0.112500 0.526563 0.112500 0.515625 0.135417 0.503125 0.102083 0.496875 0.125000 0.467187
1 0.625000 0.868750 0.564583 0.859375 0.506250 0.868750 0.429167 0.851562 0.420833 0.831250 0.441667 0.818750 0.395833 0.828125 0.425000 0.873438 0.395833 0.925000 0.339583 0.929688 0.318750 0.915625 0.308333 0.878125 0.337500 0.843750 0.279167 0.831250 0.120833 0.843750 0.150000 0.865625 0.145833 0.906250 0.095833 0.937500 0.060417 0.937500 0.020833 0.915625 0.018750 0.887500 0.045833 0.848437 0.018750 0.850000 0.014583 0.971875 0.660417 0.920313
2 0.985417 0.176563 0.972917 0.201562 0.927083 0.246875 0.900000 0.268750 0.858333 0.290625 0.868750 0.321875 0.881250 0.340625 0.856250 0.356250 0.885417 0.348437 0.952083 0.350000 0.964583 0.339063 0.981250 0.332812
3 0.425000 0.210938 0.431250 0.228125 0.781250 0.275000 0.843750 0.270312 0.852083 0.282813 0.910417 0.246875 0.987500 0.165625 0.987500 0.026563 0.937500 0.014062 0.495833 0.015625 0.489583 0.034375 0.468750 0.045313
4 0.983333 0.342187 0.752083 0.396875 0.437500 0.376563 0.422917 0.418750 0.441667 0.443750 0.410417 0.443750 0.385417 0.526563 0.397917 0.646875 0.506250 0.654688 0.668750 0.903125 0.675000 0.984375 0.727083 0.987500 0.718750 0.935938 0.754167 0.985937 0.989583 0.985937
6 0.541667 0.726562 0.535417 0.729688 0.535417 0.748438 0.525000 0.768750 0.516667 0.773438 0.506250 0.759375 0.506250 0.768750 0.497917 0.779688 0.500000 0.785937 0.514583 0.793750 0.512500 0.809375 0.533333 0.800000 0.537500 0.801562 0.545833 0.831250 0.516667 0.859375 0.531250 0.865625 0.550000 0.859375 0.556250 0.851562 0.566667 0.851562 0.581250 0.857813 0.618750 0.859375 0.612500 0.845312 0.591667 0.840625 0.570833 0.820312 0.575000 0.784375 0.587500 0.776563 0.581250 0.775000 0.560417 0.739062
7 0.054167 0.010937 0.066667 0.117188 0.312500 0.151562 0.325000 0.010937
7 0.200000 0.334375 0.204167 0.393750 0.264583 0.406250 0.306250 0.425000 0.312500 0.373437 0.329167 0.373437 0.341667 0.343750 0.691667 0.378125 0.706250 0.392188 0.720833 0.384375 0.706250 0.343750 0.691667 0.367188 0.335417 0.332812 0.325000 0.357812 0.314583 0.359375 0.310417 0.318750
7 0.018750 0.587500 0.016667 0.846875 0.289583 0.826563 0.306250 0.776563 0.393750 0.754687 0.406250 0.795313 0.472917 0.796875 0.493750 0.787500 0.462500 0.785937 0.447917 0.742188 0.491667 0.729688 0.495833 0.695312 0.514583 0.687500 0.466667 0.656250 0.393750 0.651563 0.383333 0.593750
7 0.304167 0.825000 0.383333 0.850000 0.391667 0.807813 0.400000 0.814062 0.406250 0.809375 0.437500 0.809375 0.450000 0.815625 0.464583 0.807813 0.487500 0.810938 0.506250 0.807813 0.506250 0.793750 0.502083 0.789062 0.483333 0.803125 0.462500 0.804688 0.454167 0.798437 0.439583 0.798437 0.435417 0.803125 0.404167 0.806250 0.400000 0.801562 0.391667 0.806250 0.389583 0.764063 0.314583 0.785937
7 0.664583 0.925000 0.452083 0.948438 0.016667 0.976562 0.014583 0.987500 0.668750 0.987500
8 0.562500 0.035937 0.558333 0.053125 0.539583 0.062500 0.543750 0.067188 0.541667 0.078125 0.554167 0.085938 0.556250 0.095312 0.514583 0.131250 0.512500 0.157813 0.537500 0.179688 0.545833 0.176563 0.558333 0.156250 0.583333 0.168750 0.583333 0.178125 0.589583 0.181250 0.616667 0.160938 0.631250 0.140625 0.625000 0.120312 0.631250 0.100000 0.645833 0.076563 0.627083 0.064062 0.595833 0.054688 0.579167 0.039062
8 0.706250 0.037500 0.693750 0.073437 0.693750 0.087500 0.697917 0.098438 0.812500 0.109375 0.810417 0.092188 0.827083 0.075000 0.833333 0.060938
8 0.743750 0.106250 0.716667 0.106250 0.689583 0.159375 0.689583 0.167187 0.706250 0.196875 0.758333 0.121875 0.758333 0.117188
8 0.802083 0.120312 0.791667 0.112500 0.752083 0.106250 0.766667 0.118750 0.706250 0.204688 0.687500 0.173438 0.652083 0.165625 0.637500 0.178125 0.622917 0.223438 0.606250 0.240625 0.706250 0.257812 0.704167 0.250000 0.718750 0.248437 0.729167 0.226562 0.708333 0.206250 0.718750 0.207813 0.733333 0.223438 0.752083 0.225000 0.808333 0.132812
8 0.935417 0.110937 0.925000 0.110937 0.931250 0.160938 0.877083 0.225000 0.925000 0.159375 0.916667 0.109375 0.910417 0.114063 0.895833 0.107813 0.897917 0.153125 0.889583 0.106250 0.868750 0.107813 0.872917 0.148438 0.835417 0.178125 0.866667 0.145313 0.860417 0.110937 0.841667 0.110937 0.808333 0.176563 0.827083 0.185937 0.816667 0.190625 0.820833 0.214062 0.841667 0.217187 0.852083 0.231250 0.883333 0.239063 0.954167 0.154687
8 0.435417 0.178125 0.418750 0.178125 0.414583 0.181250 0.414583 0.189063 0.412500 0.190625 0.412500 0.192188 0.410417 0.193750 0.410417 0.201562 0.412500 0.201562 0.420833 0.207813 0.425000 0.204688 0.427083 0.204688 0.431250 0.201562 0.433333 0.201562 0.433333 0.179688
8 0.843750 0.271875 0.787500 0.278125 0.739583 0.315625 0.739583 0.351562 0.750000 0.365625 0.754167 0.379687 0.777083 0.381250 0.802083 0.376563 0.868750 0.339063 0.845833 0.300000
8 0.160417 0.423438 0.158333 0.439063 0.183333 0.453125 0.166667 0.465625 0.135417 0.475000 0.154167 0.476562 0.118750 0.493750 0.166667 0.501562 0.127083 0.520312 0.154167 0.521875 0.156250 0.528125 0.181250 0.523438 0.195833 0.532812 0.185417 0.553125 0.243750 0.545313 0.266667 0.560938 0.285417 0.556250 0.293750 0.562500 0.329167 0.523438 0.343750 0.532812 0.335417 0.548437 0.352083 0.550000 0.389583 0.481250 0.364583 0.464063 0.345833 0.428125 0.341667 0.451562 0.281250 0.421875 0.281250 0.442187 0.260417 0.417188 0.266667 0.440625 0.247917 0.414062 0.237500 0.439063 0.220833 0.414062 0.218750 0.448438 0.181250 0.412500 0.179167 0.437500
8 0.591667 0.417188 0.475000 0.451562 0.500000 0.503125 0.497917 0.539062 0.531250 0.539062 0.487500 0.543750 0.483333 0.489062 0.456250 0.585938 0.456250 0.534375 0.481250 0.481250 0.468750 0.454688 0.464583 0.470313 0.460417 0.453125 0.433333 0.456250 0.402083 0.573438 0.402083 0.610937 0.420833 0.618750 0.431250 0.604688 0.420833 0.634375 0.539583 0.660937 0.539583 0.635938 0.500000 0.604688 0.575000 0.650000 0.604167 0.542188 0.579167 0.523438 0.620833 0.503125
8 0.468750 0.448438 0.470833 0.448438 0.472917 0.446875 0.475000 0.446875 0.477083 0.445312 0.481250 0.445312 0.483333 0.443750 0.485417 0.443750 0.487500 0.442187 0.489583 0.442187 0.491667 0.440625 0.493750 0.440625 0.495833 0.439063 0.497917 0.439063 0.500000 0.437500 0.497917 0.437500 0.495833 0.435937 0.491667 0.435937 0.489583 0.434375 0.487500 0.434375 0.485417 0.432813 0.481250 0.432813 0.479167 0.431250 0.477083 0.431250 0.475000 0.429688 0.472917 0.429688 0.470833 0.431250 0.470833 0.446875
8 0.508333 0.698438 0.500000 0.701563 0.500000 0.706250 0.502083 0.707812 0.502083 0.726562 0.497917 0.732813 0.497917 0.739062 0.508333 0.751562 0.508333 0.754687 0.512500 0.759375 0.512500 0.762500 0.516667 0.768750 0.522917 0.768750 0.527083 0.718750 0.522917 0.715625 0.512500 0.700000
8 0.460417 0.743750 0.460417 0.779688 0.472917 0.779688 0.475000 0.778125 0.487500 0.778125 0.489583 0.776563 0.500000 0.776563 0.500000 0.756250 0.489583 0.751562 0.481250 0.751562 0.479167 0.750000 0.477083 0.750000 0.466667 0.745313 0.462500 0.745313
8 0.535417 0.806250 0.533333 0.806250 0.529167 0.809375 0.527083 0.809375 0.525000 0.810938 0.525000 0.825000 0.527083 0.826563 0.527083 0.842188 0.533333 0.837500 0.533333 0.835938 0.539583 0.831250 0.537500 0.829687 0.537500 0.817187 0.535417 0.815625
8 0.518750 0.812500 0.475000 0.814062 0.464583 0.820312 0.456250 0.831250 0.452083 0.832812 0.431250 0.832812 0.429167 0.839063 0.450000 0.840625 0.458333 0.837500 0.466667 0.843750 0.466667 0.851562 0.504167 0.856250 0.506250 0.857813 0.520833 0.851562 0.520833 0.821875 0.518750 0.820312
8 0.068750 0.840625 0.050000 0.846875 0.029167 0.870313 0.020833 0.887500 0.022917 0.915625 0.037500 0.929688 0.054167 0.934375 0.095833 0.935938 0.125000 0.923437 0.143750 0.906250 0.150000 0.885938 0.147917 0.865625 0.122917 0.845312 0.114583 0.842188
8 0.243750 0.842188 0.206250 0.843750 0.181250 0.859375 0.164583 0.884375 0.164583 0.904688 0.177083 0.923437 0.187500 0.931250 0.210417 0.935938 0.241667 0.932813 0.264583 0.926562 0.281250 0.914062 0.289583 0.896875 0.281250 0.865625 0.266667 0.850000
8 0.393750 0.840625 0.383333 0.860937 0.343750 0.843750 0.339583 0.843750 0.320833 0.856250 0.310417 0.878125 0.310417 0.900000 0.320833 0.915625 0.339583 0.928125 0.366667 0.928125 0.395833 0.923437 0.408333 0.910937 0.422917 0.889063 0.422917 0.873438 0.408333 0.851562