1 0.018750 0.056250 0.016667 0.325000 0.091667 0.340625 0.133333 0.370313 0.147917 0.353125 0.137500 0.264062 0.156250 0.250000 0.237500 0.271875 0.241667 0.251563 0.262500 0.248437 0.308333 0.273438 0.356250 0.281250 0.383333 0.271875 0.406250 0.293750 0.493750 0.287500 0.531250 0.303125 0.568750 0.285937 0.572917 0.257812 0.600000 0.231250 0.643750 0.248437 0.633333 0.206250 0.539583 0.203125 0.477083 0.178125 0.458333 0.110937 0.210417 0.067188
1 0.020833 0.335938 0.022917 0.560938 0.050000 0.551562 0.066667 0.551562 0.108333 0.521875 0.120833 0.500000 0.145833 0.484375 0.143750 0.442187 0.150000 0.418750 0.091667 0.360938
1 0.022917 0.579687 0.018750 0.770312 0.052083 0.767187 0.039583 0.871875 0.018750 0.876562 0.016667 0.989062 0.100000 0.989062 0.104167 0.971875 0.170833 0.968750 0.177083 0.985937 0.568750 0.982813 0.543750 0.903125 0.597917 0.868750 0.641667 0.867188 0.616667 0.840625 0.622917 0.785937 0.591667 0.751562 0.539583 0.745313 0.516667 0.715625 0.429167 0.729688 0.418750 0.706250 0.362500 0.695312 0.329167 0.668750 0.356250 0.629687 0.239583 0.629687 0.187500 0.567187 0.222917 0.543750 0.181250 0.528125 0.181250 0.504687 0.154167 0.501562
2 0.752083 0.354688 0.781250 0.559375 0.754167 0.612500 0.706250 0.626562 0.708333 0.646875 0.775000 0.646875 0.777083 0.678125 0.818750 0.684375 0.883333 0.779688 0.822917 0.915625 0.806250 0.918750 0.820833 0.984375 0.989583 0.985937 0.987500 0.407813
3 0.256250 0.264062 0.241667 0.610937 0.731250 0.615625 0.747917 0.607813 0.772917 0.521875 0.735417 0.345313 0.593750 0.312500 0.512500 0.307813 0.495833 0.293750 0.475000 0.306250 0.400000 0.295312 0.389583 0.284375 0.277083 0.278125
4 0.695833 0.018750 0.666667 0.081250 0.658333 0.284375 0.572917 0.293750 0.968750 0.384375 0.985417 0.370313 0.989583 0.014062
7 0.093750 0.720312 0.075000 0.903125 0.262500 0.898438 0.260417 0.864062 0.277083 0.726562
8 0.027083 0.020312 0.031250 0.043750 0.218750 0.059375 0.464583 0.104687 0.466667 0.096875 0.477083 0.165625 0.639583 0.193750 0.670833 0.043750 0.512500 0.018750 0.470833 0.075000 0.179167 0.034375 0.135417 0.020312
8 0.589583 0.254687 0.587500 0.260938 0.585417 0.262500 0.585417 0.265625 0.583333 0.267188 0.583333 0.270312 0.581250 0.271875 0.581250 0.282813 0.587500 0.282813 0.589583 0.284375 0.656250 0.284375 0.656250 0.270312 0.654167 0.268750 0.654167 0.259375 0.652083 0.257812 0.647917 0.257812 0.641667 0.254687 0.625000 0.251563 0.618750 0.248437 0.614583 0.248437 0.606250 0.245312 0.602083 0.245312
8 0.147917 0.265625 0.152083 0.335938 0.166667 0.348437 0.162500 0.367188 0.143750 0.382812 0.145833 0.407813 0.220833 0.414062 0.245833 0.392188 0.241667 0.387500 0.250000 0.282813 0.175000 0.262500
8 0.154167 0.459375 0.154167 0.493750 0.162500 0.496875 0.162500 0.475000 0.166667 0.471875 0.229167 0.476562 0.231250 0.478125 0.245833 0.478125 0.247917 0.479688 0.247917 0.467187 0.204167 0.467187 0.193750 0.464063 0.185417 0.464063 0.158333 0.456250
8 0.168750 0.478125 0.168750 0.496875 0.239583 0.496875 0.241667 0.498437 0.250000 0.498437 0.250000 0.489062 0.252083 0.487500 0.247917 0.484375 0.237500 0.484375 0.235417 0.482812 0.218750 0.482812 0.216667 0.481250 0.202083 0.481250 0.200000 0.479688 0.183333 0.479688 0.181250 0.478125
8 0.200000 0.512500 0.200000 0.526563 0.210417 0.526563 0.212500 0.528125 0.225000 0.528125 0.227083 0.529688 0.241667 0.529688 0.243750 0.531250 0.243750 0.521875 0.245833 0.520312 0.245833 0.510938 0.204167 0.510938 0.202083 0.512500
8 0.460417 0.550000 0.464583 0.550000 0.466667 0.551562 0.472917 0.551562 0.477083 0.554688 0.477083 0.557813 0.479167 0.559375 0.479167 0.560938 0.489583 0.568750 0.495833 0.568750 0.497917 0.570312 0.506250 0.564062 0.506250 0.562500 0.510417 0.557813 0.510417 0.550000 0.508333 0.548437 0.508333 0.545313 0.506250 0.543750 0.506250 0.542188 0.500000 0.542188 0.497917 0.540625 0.479167 0.540625 0.472917 0.545313 0.472917 0.546875 0.470833 0.548437 0.466667 0.548437 0.464583 0.550000
8 0.566667 0.557813 0.570833 0.562500 0.612500 0.562500 0.612500 0.560938 0.625000 0.550000 0.625000 0.543750 0.620833 0.543750 0.618750 0.542188 0.579167 0.542188 0.566667 0.553125
8 0.308333 0.545313 0.308333 0.550000 0.310417 0.551562 0.322917 0.551562 0.325000 0.553125 0.341667 0.553125 0.343750 0.554688 0.358333 0.554688 0.360417 0.556250 0.377083 0.556250 0.379167 0.557813 0.379167 0.554688 0.381250 0.553125 0.381250 0.550000 0.383333 0.548437 0.381250 0.546875 0.381250 0.545313
8 0.237500 0.553125 0.235417 0.553125 0.233333 0.554688 0.227083 0.556250 0.220833 0.560938 0.220833 0.562500 0.218750 0.564062 0.214583 0.564062 0.208333 0.567187 0.204167 0.567187 0.202083 0.568750 0.202083 0.571875 0.204167 0.573438 0.206250 0.573438 0.210417 0.576563 0.218750 0.576563 0.220833 0.578125 0.222917 0.578125 0.227083 0.581250 0.229167 0.581250 0.233333 0.584375 0.235417 0.584375 0.235417 0.556250 0.237500 0.554688
8 0.714583 0.562500 0.708333 0.554688 0.700000 0.554688 0.697917 0.556250 0.689583 0.556250 0.687500 0.557813 0.677083 0.557813 0.675000 0.559375 0.666667 0.559375 0.664583 0.560938 0.664583 0.564062 0.662500 0.565625 0.662500 0.578125 0.666667 0.581250 0.670833 0.581250 0.672917 0.582812 0.683333 0.582812 0.685417 0.584375 0.695833 0.584375 0.697917 0.585938 0.704167 0.585938 0.710417 0.581250 0.710417 0.579687 0.714583 0.575000 0.714583 0.570312 0.716667 0.568750 0.714583 0.567187
8 0.345833 0.664062 0.383333 0.692187 0.597917 0.695312 0.629167 0.707812 0.652083 0.681250 0.764583 0.685938 0.762500 0.659375 0.631250 0.650000 0.612500 0.642187 0.377083 0.640625
8 0.814583 0.692187 0.691667 0.701563 0.679167 0.710938 0.637500 0.806250 0.639583 0.845312 0.683333 0.864062 0.716667 0.771875 0.687500 0.864062 0.693750 0.889063 0.679167 0.875000 0.612500 0.876562 0.560417 0.901563 0.583333 0.987500 0.808333 0.984375 0.793750 0.909375 0.710417 0.912500 0.697917 0.896875 0.714583 0.907812 0.814583 0.906250 0.872917 0.785937 0.839583 0.748438 0.793750 0.746875 0.843750 0.739062
8 0.166667 0.973437 0.150000 0.973437 0.147917 0.975000 0.129167 0.975000 0.127083 0.976562 0.108333 0.976562 0.106250 0.978125 0.106250 0.989062 0.166667 0.989062