1 0.020833 0.021875 0.018750 0.448438 0.033333 0.367188 0.277083 0.385938 0.266667 0.551562 0.016667 0.545313 0.016667 0.823438 0.258333 0.815625 0.275000 0.715625 0.483333 0.682813 0.316667 0.665625 0.331250 0.287500 0.108333 0.221875 0.118750 0.071875 0.316667 0.098438 0.258333 0.054688
1 0.989583 0.982813 0.983333 0.840625 0.716667 0.812500 0.016667 0.831250 0.016667 0.842188 0.235417 0.837500 0.308333 0.985937
2 0.985417 0.623438 0.822917 0.648438 0.762500 0.664062 0.760417 0.684375 0.741667 0.706250 0.741667 0.742188 0.764583 0.795313 0.722917 0.803125 0.725000 0.810938 0.985417 0.835938
3 0.597917 0.046875 0.450000 0.026563 0.437500 0.040625 0.443750 0.065625 0.435417 0.095312 0.441667 0.110937 0.439583 0.228125 0.427083 0.237500 0.443750 0.240625 0.450000 0.250000 0.472917 0.248437 0.491667 0.239063 0.552083 0.139062 0.564583 0.100000 0.593750 0.064062
3 0.500000 0.681250 0.500000 0.690625 0.510417 0.700000 0.525000 0.700000 0.533333 0.707812 0.533333 0.718750 0.522917 0.726562 0.506250 0.725000 0.495833 0.717188 0.493750 0.740625 0.506250 0.767187 0.529167 0.768750 0.537500 0.809375 0.545833 0.809375 0.552083 0.801562 0.756250 0.795313 0.754167 0.779688 0.739583 0.770312 0.731250 0.751562 0.733333 0.689062 0.752083 0.681250 0.752083 0.675000 0.527083 0.675000
4 0.991667 0.012500 0.622917 0.012500 0.495833 0.239063 0.485417 0.351562 0.522917 0.334375 0.516667 0.503125 0.545833 0.540625 0.485417 0.637500 0.335417 0.623438 0.327083 0.657812 0.664583 0.665625 0.989583 0.609375
7 0.129167 0.079687 0.118750 0.114063 0.116667 0.215625 0.220833 0.232812 0.229167 0.204688 0.229167 0.239063 0.306250 0.267188 0.318750 0.237500 0.445833 0.248437 0.441667 0.242188 0.335417 0.231250 0.329167 0.195312 0.272917 0.190625 0.306250 0.185937 0.310417 0.176563 0.358333 0.159375 0.327083 0.121875 0.368750 0.112500
7 0.033333 0.368750 0.016667 0.460938 0.016667 0.543750 0.266667 0.550000 0.275000 0.384375
7 0.264583 0.732813 0.264583 0.793750 0.270833 0.812500 0.366667 0.815625 0.383333 0.784375 0.377083 0.765625 0.439583 0.768750 0.470833 0.778125 0.483333 0.768750 0.502083 0.768750 0.491667 0.743750 0.433333 0.756250 0.383333 0.759375 0.368750 0.720312 0.360417 0.712500 0.272917 0.723437
7 0.254167 0.879687 0.239583 0.867188 0.231250 0.842188 0.020833 0.848437 0.014583 0.853125 0.012500 0.910937 0.254167 0.906250
7 0.300000 0.985937 0.270833 0.909375 0.012500 0.917188 0.016667 0.989062
8 0.279167 0.037500 0.283333 0.043750 0.279167 0.045313 0.270833 0.051562 0.270833 0.053125 0.281250 0.067188 0.300000 0.073437 0.325000 0.085938 0.329167 0.082813 0.329167 0.079687 0.335417 0.073437 0.343750 0.073437 0.343750 0.068750 0.345833 0.067188 0.343750 0.065625 0.343750 0.060938 0.327083 0.039062 0.310417 0.035937 0.304167 0.032812 0.295833 0.032812
8 0.343750 0.043750 0.343750 0.051562 0.345833 0.053125 0.345833 0.057813 0.347917 0.059375 0.347917 0.064062 0.350000 0.065625 0.352083 0.064062 0.377083 0.064062 0.379167 0.062500 0.418750 0.062500 0.420833 0.064062 0.429167 0.064062 0.431250 0.065625 0.435417 0.065625 0.433333 0.064062 0.433333 0.054688 0.431250 0.053125 0.420833 0.053125 0.418750 0.051562 0.408333 0.051562 0.406250 0.050000 0.393750 0.050000 0.391667 0.048437 0.381250 0.048437 0.379167 0.046875 0.368750 0.046875 0.366667 0.045313
8 0.339583 0.118750 0.343750 0.128125 0.389583 0.128125 0.395833 0.131250 0.395833 0.225000 0.383333 0.234375 0.408333 0.231250 0.418750 0.235938 0.433333 0.228125 0.433333 0.120312 0.395833 0.114063 0.393750 0.120312
8 0.352083 0.135937 0.352083 0.140625 0.385417 0.140625 0.387500 0.142188 0.391667 0.142188 0.391667 0.135937 0.389583 0.134375 0.379167 0.134375 0.377083 0.132812 0.366667 0.132812 0.364583 0.131250 0.354167 0.131250 0.354167 0.134375
8 0.339583 0.265625 0.356250 0.425000 0.416667 0.423438 0.452083 0.373437 0.422917 0.414062 0.445833 0.498437 0.427083 0.440625 0.329167 0.435937 0.350000 0.489062 0.320833 0.614062 0.422917 0.615625 0.479167 0.634375 0.535417 0.525000 0.512500 0.503125 0.462500 0.501562 0.425000 0.551562 0.456250 0.621875 0.416667 0.556250 0.452083 0.493750 0.522917 0.490625 0.522917 0.342187 0.477083 0.367188 0.481250 0.351562 0.362500 0.362500 0.360417 0.348437 0.481250 0.342187 0.491667 0.253125 0.364583 0.260938 0.370833 0.326562 0.360417 0.271875
8 0.683333 0.682813 0.670833 0.696875 0.666667 0.698438 0.660417 0.704687 0.660417 0.710938 0.658333 0.712500 0.658333 0.745313 0.666667 0.753125 0.702083 0.757812 0.712500 0.760938 0.712500 0.754687 0.710417 0.753125 0.710417 0.684375 0.708333 0.682813
8 0.527083 0.715625 0.527083 0.707812 0.522917 0.703125 0.506250 0.706250 0.504167 0.704687 0.506250 0.698438 0.495833 0.693750 0.483333 0.693750 0.470833 0.696875 0.450000 0.698438 0.437500 0.703125 0.408333 0.701563 0.402083 0.706250 0.402083 0.710938 0.437500 0.710938 0.443750 0.707812 0.468750 0.707812 0.489583 0.712500 0.491667 0.710938 0.500000 0.710938 0.502083 0.712500 0.500000 0.715625 0.522917 0.723437
8 0.472917 0.778125 0.472917 0.803125 0.495833 0.803125 0.497917 0.804688 0.525000 0.804688 0.529167 0.806250 0.529167 0.801562 0.527083 0.800000 0.527083 0.771875 0.481250 0.771875