1 0.014583 0.265625 0.014583 0.335938 0.029167 0.346875 0.208333 0.364062 0.214583 0.353125 0.241667 0.348437 0.416667 0.362500 0.439583 0.329688 0.668750 0.351562 0.689583 0.334375 0.279167 0.300000
1 0.020833 0.353125 0.018750 0.417188 0.031250 0.407813 0.283333 0.423438 0.333333 0.431250 0.360417 0.423438 0.327083 0.412500 0.277083 0.418750 0.262500 0.414062 0.235417 0.393750 0.210417 0.387500 0.206250 0.370313
1 0.016667 0.610937 0.016667 0.839063 0.212500 0.835938 0.204167 0.982813 0.272917 0.987500 0.264583 0.968750 0.297917 0.956250 0.281250 0.884375 0.304167 0.779688 0.277083 0.660937 0.402083 0.665625 0.400000 0.648438 0.291667 0.634375 0.260417 0.685938 0.143750 0.648438 0.145833 0.612500
2 0.985417 0.112500 0.958333 0.131250 0.954167 0.164062 0.885417 0.201562 0.866667 0.234375 0.841667 0.245312 0.833333 0.270312 0.795833 0.296875 0.783333 0.328125 0.697917 0.331250 0.681250 0.351562 0.704167 0.362500 0.727083 0.443750 0.672917 0.481250 0.685417 0.526563 0.787500 0.450000 0.912500 0.376563 0.985417 0.345313
3 0.689583 0.360938 0.439583 0.340625 0.422917 0.368750 0.431250 0.396875 0.418750 0.423438 0.431250 0.450000 0.431250 0.582812 0.445833 0.601562 0.450000 0.634375 0.433333 0.653125 0.414583 0.648438 0.418750 0.667188 0.462500 0.668750 0.506250 0.659375 0.683333 0.534375 0.675000 0.531250 0.666667 0.479688 0.714583 0.445312 0.702083 0.376563
4 0.987500 0.356250 0.852083 0.420312 0.508333 0.664062 0.533333 0.676562 0.537500 0.834375 0.527083 0.853125 0.506250 0.840625 0.508333 0.893750 0.600000 0.915625 0.610417 0.984375 0.989583 0.989062
4 0.310417 0.939062 0.310417 0.964063 0.320833 0.964063 0.335417 0.960938 0.354167 0.960938 0.356250 0.959375 0.402083 0.959375 0.404167 0.960938 0.425000 0.960938 0.429167 0.962500 0.429167 0.934375 0.427083 0.932813 0.393750 0.932813 0.383333 0.935938 0.372917 0.932813 0.350000 0.932813 0.318750 0.939062
7 0.016667 0.259375 0.535417 0.317187 0.772917 0.323438 0.827083 0.239063 0.856250 0.232812 0.881250 0.192188 0.943750 0.165625 0.941667 0.134375 0.972917 0.114063 0.977083 0.078125 0.802083 0.014062 0.014583 0.014062
7 0.016667 0.273438 0.016667 0.307813 0.029167 0.307813 0.031250 0.309375 0.045833 0.309375 0.047917 0.310937 0.064583 0.310937 0.066667 0.312500 0.064583 0.310937 0.064583 0.306250 0.062500 0.304688 0.062500 0.300000 0.060417 0.298438 0.060417 0.293750 0.058333 0.292188 0.058333 0.285937 0.056250 0.284375 0.056250 0.281250 0.054167 0.279687 0.047917 0.279687 0.045833 0.278125 0.039583 0.278125 0.037500 0.276563 0.031250 0.276563 0.029167 0.275000 0.022917 0.275000 0.020833 0.273438
7 0.091667 0.282813 0.091667 0.314063 0.097917 0.314063 0.108333 0.317187 0.116667 0.317187 0.118750 0.318750 0.127083 0.318750 0.129167 0.320312 0.137500 0.320312 0.139583 0.321875 0.156250 0.323438 0.158333 0.325000 0.158333 0.293750 0.160417 0.292188 0.158333 0.289062 0.145833 0.289062 0.143750 0.287500 0.131250 0.287500 0.129167 0.285937 0.116667 0.285937 0.114583 0.284375
7 0.191667 0.292188 0.191667 0.326562 0.231250 0.328125 0.233333 0.329688 0.252083 0.329688 0.256250 0.331250 0.256250 0.301562 0.254167 0.300000 0.245833 0.300000 0.243750 0.298438 0.233333 0.298438 0.231250 0.296875 0.222917 0.296875 0.220833 0.295312 0.212500 0.295312 0.210417 0.293750 0.200000 0.293750 0.197917 0.292188
7 0.033333 0.417188 0.016667 0.479688 0.016667 0.603125 0.141667 0.604688 0.160417 0.585938 0.150000 0.640625 0.260417 0.675000 0.285417 0.626562 0.406250 0.629687 0.429167 0.648438 0.441667 0.634375 0.433333 0.592188 0.406250 0.610937 0.287500 0.615625 0.293750 0.568750 0.185417 0.570312 0.162500 0.582812 0.181250 0.565625 0.256250 0.564062 0.239583 0.542188 0.252083 0.518750 0.310417 0.517187 0.291667 0.454688 0.300000 0.429688
7 0.204167 0.842188 0.016667 0.848437 0.014583 0.987500 0.193750 0.989062
8 0.214583 0.370313 0.218750 0.382812 0.245833 0.385938 0.272917 0.409375 0.293750 0.406250 0.295833 0.396875 0.302083 0.400000 0.316667 0.400000 0.322917 0.396875 0.322917 0.381250 0.329167 0.376563 0.341667 0.378125 0.358333 0.373437 0.414583 0.373437 0.337500 0.362500 0.327083 0.364062 0.327083 0.378125 0.320833 0.367188 0.306250 0.367188 0.302083 0.359375 0.291667 0.356250 0.264583 0.356250 0.254167 0.359375 0.245833 0.356250 0.233333 0.365625 0.216667 0.364062
8 0.375000 0.440625 0.416667 0.440625 0.416667 0.439063 0.420833 0.435937 0.420833 0.431250 0.414583 0.431250 0.412500 0.429688 0.406250 0.429688 0.404167 0.428125 0.395833 0.428125 0.393750 0.426562 0.387500 0.426562 0.385417 0.428125 0.385417 0.429688 0.379167 0.434375 0.379167 0.435937 0.375000 0.439063
8 0.310417 0.434375 0.318750 0.445312 0.304167 0.454688 0.325000 0.468750 0.310417 0.481250 0.329167 0.489062 0.306250 0.503125 0.325000 0.515625 0.322917 0.523438 0.368750 0.525000 0.366667 0.584375 0.354167 0.593750 0.335417 0.596875 0.406250 0.606250 0.420833 0.592188 0.422917 0.443750 0.375000 0.445312 0.368750 0.464063 0.362500 0.445312
8 0.512500 0.442187 0.512500 0.446875 0.527083 0.450000 0.635417 0.451562 0.641667 0.453125 0.647917 0.457812 0.660417 0.454688 0.658333 0.450000 0.600000 0.445312 0.597917 0.443750 0.543750 0.439063 0.529167 0.435937 0.516667 0.435937
8 0.525000 0.673437 0.281250 0.667188 0.314583 0.742188 0.295833 0.884375 0.310417 0.934375 0.433333 0.928125 0.464583 0.903125 0.429167 0.967188 0.291667 0.970312 0.283333 0.984375 0.427083 0.984375 0.429167 0.968750 0.431250 0.982813 0.604167 0.987500 0.600000 0.920313 0.489583 0.895312 0.495833 0.840625 0.312500 0.854688 0.331250 0.679688 0.368750 0.695312 0.325000 0.695312 0.325000 0.856250 0.487500 0.834375 0.529167 0.848437