1 0.195833 0.015625 0.233333 0.025000 0.229167 0.259375 0.208333 0.268750 0.016667 0.254687 0.016667 0.470313 0.218750 0.468750 0.218750 0.437500 0.308333 0.423438 0.331250 0.464063 0.404167 0.464063 0.404167 0.423438 0.333333 0.425000 0.275000 0.403125 0.302083 0.304688 0.289583 0.221875 0.308333 0.218750 0.329167 0.015625
1 0.016667 0.476562 0.016667 0.692187 0.214583 0.684375 0.212500 0.856250 0.020833 0.873438 0.016667 0.918750 0.222917 0.895312 0.220833 0.989062 0.568750 0.987500 0.477083 0.564062 0.406250 0.548437 0.395833 0.526563 0.408333 0.501562 0.437500 0.498437 0.341667 0.493750 0.333333 0.529688 0.229167 0.521875 0.225000 0.476562
3 0.468750 0.521875 0.468750 0.526563 0.470833 0.528125 0.466667 0.531250 0.466667 0.532812 0.462500 0.535937 0.462500 0.537500 0.458333 0.540625 0.458333 0.543750 0.456250 0.545313 0.454167 0.545313 0.454167 0.546875 0.464583 0.546875 0.466667 0.548437 0.479167 0.548437 0.481250 0.550000 0.479167 0.548437 0.479167 0.545313 0.477083 0.543750 0.477083 0.540625 0.475000 0.539062 0.475000 0.535937 0.472917 0.534375 0.472917 0.531250 0.470833 0.529688 0.470833 0.526563 0.468750 0.525000
4 0.989583 0.010937 0.654167 0.015625 0.560417 0.221875 0.329167 0.195312 0.327083 0.225000 0.508333 0.251563 0.587500 0.357812 0.518750 0.495313 0.450000 0.495313 0.583333 0.987500 0.989583 0.989062
7 0.014583 0.014062 0.016667 0.245312 0.210417 0.260938 0.220833 0.026563 0.120833 0.014062
7 0.227083 0.442187 0.237500 0.520312 0.327083 0.520312 0.329167 0.481250 0.439583 0.489062 0.420833 0.475000 0.327083 0.473437 0.312500 0.446875 0.312500 0.432813
7 0.204167 0.693750 0.014583 0.701563 0.014583 0.870313 0.200000 0.857813
7 0.212500 0.904688 0.012500 0.925000 0.014583 0.989062 0.210417 0.987500
8 0.345833 0.014062 0.327083 0.184375 0.504167 0.215625 0.543750 0.210938 0.518750 0.182812 0.560417 0.201562 0.641667 0.012500 0.381250 0.015625 0.387500 0.071875 0.372917 0.129688 0.350000 0.157813 0.460417 0.179688 0.379167 0.175000 0.343750 0.157813 0.366667 0.123438 0.381250 0.045313 0.375000 0.015625
8 0.306250 0.228125 0.318750 0.304688 0.289583 0.400000 0.352083 0.414062 0.404167 0.410937 0.427083 0.290625 0.466667 0.260938 0.433333 0.301562 0.429167 0.357812 0.412500 0.353125 0.414583 0.465625 0.506250 0.501562 0.520833 0.479688 0.485417 0.475000 0.429167 0.367188 0.491667 0.473437 0.512500 0.464063 0.572917 0.373437 0.529167 0.275000 0.466667 0.240625
8 0.414583 0.506250 0.414583 0.509375 0.412500 0.510938 0.412500 0.514063 0.408333 0.520312 0.408333 0.529688 0.410417 0.531250 0.410417 0.537500 0.412500 0.539062 0.422917 0.539062 0.425000 0.540625 0.437500 0.540625 0.439583 0.542188 0.454167 0.542188 0.456250 0.543750 0.456250 0.539062 0.458333 0.537500 0.458333 0.531250 0.460417 0.529688 0.460417 0.525000 0.462500 0.523438 0.460417 0.521875 0.460417 0.518750 0.458333 0.517187 0.458333 0.514063 0.456250 0.510938 0.452083 0.507812 0.433333 0.507812 0.431250 0.506250