1 0.014583 0.015625 0.035417 0.189063 0.539583 0.239063 0.562500 0.223438 0.564583 0.189063 0.510417 0.160938 0.450000 0.165625 0.425000 0.153125 0.400000 0.184375 0.320833 0.139062 0.329167 0.098438 0.406250 0.076563 0.435417 0.087500 0.433333 0.120312 0.539583 0.129688 0.541667 0.112500 0.522917 0.114063 0.504167 0.093750 0.512500 0.060938 0.535417 0.071875 0.564583 0.065625 0.552083 0.023438
1 0.339583 0.384375 0.068750 0.364062 0.018750 0.646875 0.018750 0.795313 0.068750 0.470313 0.333333 0.481250 0.335417 0.535937 0.456250 0.506250 0.458333 0.496875 0.381250 0.495313 0.347917 0.478125
1 0.510417 0.679688 0.481250 0.687500 0.462500 0.673437 0.335417 0.659375 0.333333 0.564062 0.318750 0.862500 0.027083 0.868750 0.016667 0.935938 0.158333 0.917188 0.314583 0.921875 0.360417 0.909375 0.327083 0.889063 0.331250 0.839063 0.397917 0.807813 0.414583 0.782812 0.464583 0.785937 0.516667 0.764063 0.572917 0.792188 0.566667 0.759375 0.516667 0.735937
2 0.589583 0.325000 0.577083 0.334375 0.577083 0.337500 0.587500 0.346875 0.585417 0.348437 0.585417 0.357812 0.583333 0.359375 0.583333 0.390625 0.595833 0.407813 0.595833 0.384375 0.593750 0.382812 0.593750 0.376563 0.591667 0.375000 0.591667 0.360938 0.589583 0.359375
2 0.597917 0.412500 0.575000 0.446875 0.577083 0.470313 0.597917 0.482812 0.589583 0.509375 0.587500 0.576563 0.631250 0.545313 0.620833 0.506250 0.608333 0.484375
2 0.983333 0.584375 0.962500 0.598437 0.960417 0.621875 0.789583 0.615625 0.793750 0.671875 0.764583 0.682813 0.754167 0.717188 0.727083 0.726562 0.722917 0.743750 0.641667 0.771875 0.614583 0.771875 0.610417 0.756250 0.587500 0.764063 0.600000 0.792188 0.668750 0.765625 0.679167 0.789062 0.804167 0.793750 0.820833 0.809375 0.875000 0.801562 0.897917 0.821875 0.952083 0.982813 0.989583 0.985937
2 0.768750 0.618750 0.731250 0.621875 0.691667 0.631250 0.645833 0.621875 0.610417 0.607813 0.593750 0.612500 0.593750 0.679688 0.614583 0.714063 0.612500 0.739062 0.620833 0.762500 0.652083 0.762500 0.660417 0.751562 0.695833 0.743750 0.716667 0.720312 0.737500 0.712500 0.737500 0.703125 0.745833 0.700000 0.758333 0.671875 0.779167 0.664062 0.781250 0.659375 0.772917 0.645312 0.779167 0.626562
3 0.014583 0.190625 0.014583 0.264062 0.031250 0.317187 0.577083 0.356250 0.572917 0.337500 0.593750 0.317187 0.583333 0.268750 0.554167 0.243750
4 0.987500 0.014062 0.558333 0.018750 0.577083 0.070312 0.552083 0.128125 0.593750 0.225000 0.602083 0.401563 0.637500 0.545313 0.554167 0.614062 0.602083 0.601562 0.702083 0.625000 0.772917 0.607813 0.952083 0.610937 0.891667 0.604688 0.987500 0.573438
5 0.560417 0.512500 0.545833 0.506250 0.506250 0.506250 0.493750 0.490625 0.483333 0.498437 0.470833 0.526563 0.443750 0.529688 0.433333 0.518750 0.402083 0.528125 0.393750 0.540625 0.341667 0.545313 0.335417 0.618750 0.339583 0.654688 0.439583 0.664062 0.475000 0.659375 0.483333 0.676562 0.535417 0.645312 0.570833 0.645312 0.577083 0.615625 0.562500 0.621875 0.545833 0.620313 0.575000 0.581250 0.570833 0.528125
5 0.550000 0.796875 0.537500 0.785937 0.525000 0.781250 0.514583 0.781250 0.500000 0.789062 0.489583 0.790625 0.462500 0.801562 0.425000 0.792188 0.408333 0.804688 0.431250 0.815625 0.508333 0.789062 0.522917 0.789062 0.539583 0.801562
6 0.620833 0.801562 0.533333 0.806250 0.516667 0.796875 0.429167 0.820312 0.429167 0.837500 0.520833 0.845312 0.522917 0.957812 0.456250 0.960938 0.410417 0.939062 0.406250 0.925000 0.168750 0.929688 0.127083 0.957812 0.129167 0.989062 0.641667 0.987500 0.625000 0.967188 0.677083 0.973437 0.643750 0.885938 0.591667 0.840625 0.618750 0.832812
6 0.666667 0.801562 0.666667 0.818750 0.668750 0.821875 0.706250 0.820312 0.718750 0.817187 0.737500 0.817187 0.770833 0.821875 0.793750 0.821875 0.812500 0.818750 0.808333 0.801562
7 0.337500 0.101562 0.331250 0.142188 0.368750 0.154687 0.393750 0.173438 0.414583 0.175000 0.414583 0.143750 0.429167 0.137500 0.450000 0.145313 0.489583 0.145313 0.508333 0.154687 0.527083 0.151562 0.537500 0.162500 0.566667 0.165625 0.545833 0.139062 0.529167 0.140625 0.510417 0.132812 0.483333 0.134375 0.458333 0.128125 0.439583 0.132812 0.427083 0.128125 0.425000 0.087500 0.408333 0.085938 0.358333 0.101562
7 0.075000 0.325000 0.081250 0.354688 0.522917 0.389062 0.360417 0.392188 0.364583 0.468750 0.558333 0.475000 0.543750 0.393750 0.568750 0.357812
7 0.072917 0.476562 0.022917 0.865625 0.310417 0.854688 0.329167 0.489062
8 0.516667 0.067188 0.516667 0.079687 0.514583 0.081250 0.514583 0.101562 0.516667 0.101562 0.518750 0.103125 0.522917 0.103125 0.525000 0.104687 0.529167 0.104687 0.531250 0.106250 0.537500 0.103125 0.541667 0.103125 0.545833 0.100000 0.545833 0.089062 0.550000 0.085938 0.552083 0.081250 0.558333 0.075000 0.535417 0.075000 0.529167 0.070312 0.527083 0.070312 0.520833 0.067188
8 0.043750 0.259375 0.045833 0.282813 0.047917 0.284375 0.052083 0.284375 0.058333 0.289062 0.064583 0.298438 0.108333 0.298438 0.110417 0.300000 0.114583 0.300000 0.112500 0.298438 0.112500 0.287500 0.110417 0.285937 0.108333 0.262500 0.104167 0.260938
8 0.204167 0.273438 0.189583 0.273438 0.187500 0.275000 0.172917 0.275000 0.170833 0.276563 0.154167 0.276563 0.154167 0.323438 0.202083 0.323438 0.202083 0.278125 0.204167 0.276563
8 0.237500 0.271875 0.237500 0.285937 0.235417 0.287500 0.235417 0.300000 0.239583 0.300000 0.241667 0.301562 0.247917 0.301562 0.250000 0.303125 0.256250 0.303125 0.258333 0.304688 0.262500 0.304688 0.264583 0.306250 0.270833 0.306250 0.272917 0.307813 0.272917 0.303125 0.275000 0.301562 0.275000 0.298438 0.283333 0.287500 0.283333 0.281250 0.281250 0.279687 0.275000 0.279687 0.272917 0.278125 0.268750 0.278125 0.266667 0.276563 0.260417 0.276563 0.258333 0.275000 0.252083 0.275000 0.250000 0.273438 0.245833 0.273438 0.243750 0.271875
8 0.327083 0.285937 0.327083 0.307813 0.343750 0.307813 0.345833 0.309375 0.364583 0.309375 0.366667 0.310937 0.368750 0.310937 0.368750 0.306250 0.370833 0.304688 0.370833 0.298438 0.372917 0.296875 0.372917 0.292188 0.375000 0.290625 0.375000 0.285937 0.372917 0.285937 0.370833 0.284375 0.329167 0.284375
8 0.397917 0.289062 0.397917 0.295312 0.393750 0.303125 0.393750 0.309375 0.391667 0.310937 0.391667 0.317187 0.389583 0.318750 0.387500 0.329688 0.402083 0.318750 0.404167 0.318750 0.406250 0.315625 0.431250 0.314063 0.433333 0.315625 0.445833 0.317187 0.447917 0.318750 0.450000 0.312500 0.460417 0.298438 0.460417 0.295312 0.450000 0.295312 0.447917 0.293750 0.435417 0.293750 0.433333 0.292188 0.422917 0.292188 0.420833 0.290625
8 0.489583 0.296875 0.489583 0.300000 0.487500 0.301562 0.487500 0.304688 0.485417 0.306250 0.485417 0.309375 0.483333 0.310937 0.483333 0.314063 0.470833 0.339063 0.493750 0.340625 0.495833 0.342187 0.506250 0.342187 0.508333 0.343750 0.520833 0.343750 0.522917 0.345313 0.522917 0.342187 0.541667 0.312500 0.545833 0.301562 0.533333 0.301562 0.531250 0.300000 0.518750 0.300000 0.516667 0.298438
8 0.589583 0.659375 0.570833 0.662500 0.575000 0.689062 0.572917 0.703125 0.564583 0.665625 0.545833 0.665625 0.545833 0.673437 0.527083 0.676562 0.522917 0.682813 0.525000 0.734375 0.568750 0.734375 0.570833 0.735937 0.562500 0.739062 0.564583 0.746875 0.585417 0.751562 0.610417 0.746875 0.606250 0.740625 0.608333 0.706250 0.585417 0.682813
8 0.622917 0.800000 0.620833 0.834375 0.606250 0.845312 0.616667 0.860937 0.695833 0.889063 0.714583 0.903125 0.733333 0.951563 0.752083 0.967188 0.741667 0.984375 0.937500 0.989062 0.891667 0.831250 0.877083 0.817187 0.850000 0.812500 0.783333 0.826563 0.679167 0.832812 0.662500 0.818750 0.660417 0.775000
8 0.422917 0.821875 0.414583 0.826563 0.408333 0.823438 0.391667 0.823438 0.372917 0.829687 0.391667 0.837500 0.391667 0.907812 0.395833 0.915625 0.406250 0.923437 0.427083 0.920313 0.414583 0.896875 0.410417 0.893750 0.400000 0.892187 0.400000 0.868750 0.429167 0.868750 0.437500 0.862500 0.433333 0.845312 0.425000 0.845312 0.420833 0.842188
8 0.343750 0.839063 0.339583 0.842188 0.339583 0.853125 0.341667 0.854688 0.341667 0.890625 0.354167 0.890625 0.356250 0.887500 0.364583 0.887500 0.366667 0.889063 0.379167 0.889063 0.381250 0.890625 0.381250 0.887500 0.379167 0.885938 0.379167 0.843750 0.377083 0.842188 0.366667 0.842188 0.364583 0.840625 0.356250 0.840625 0.354167 0.839063
8 0.441667 0.842188 0.443750 0.871875 0.422917 0.904688 0.450000 0.921875 0.456250 0.937500 0.437500 0.942187 0.458333 0.956250 0.522917 0.953125 0.508333 0.896875 0.495833 0.882812 0.493750 0.859375 0.504167 0.842188 0.450000 0.839063