1 0.016667 0.014062 0.018750 0.034375 0.604167 0.117188 0.608333 0.079687 0.633333 0.023438
1 0.014583 0.326562 0.016667 0.454688 0.304167 0.460938 0.318750 0.959375 0.110417 0.985937 0.322917 0.984375 0.331250 0.942187 0.441667 0.884375 0.604167 0.850000 0.668750 0.896875 0.639583 0.818750 0.564583 0.782812 0.570833 0.696875 0.531250 0.715625 0.500000 0.690625 0.327083 0.681250 0.312500 0.548437 0.431250 0.487500 0.472917 0.512500 0.504167 0.462500 0.343750 0.473437 0.327083 0.348437
2 0.627083 0.298438 0.577083 0.343750 0.589583 0.365625 0.595833 0.457812 0.587500 0.459375 0.595833 0.470313 0.618750 0.470313 0.635417 0.482812 0.654167 0.525000 0.650000 0.435937 0.633333 0.412500 0.633333 0.393750 0.650000 0.339063 0.645833 0.326562 0.631250 0.310937 0.631250 0.298438
2 0.668750 0.600000 0.662500 0.656250 0.639583 0.673437 0.677083 0.670313 0.702083 0.800000 0.658333 0.814062 0.679167 0.892187 0.704167 0.892187 0.716667 0.906250 0.750000 0.878125 0.770833 0.878125 0.770833 0.854688 0.793750 0.829687 0.820833 0.832812 0.833333 0.851562 0.818750 0.867188 0.820833 0.895312 0.981250 0.884375 0.981250 0.706250 0.958333 0.718750 0.947917 0.757812 0.916667 0.760938 0.887500 0.796875 0.787500 0.812500 0.785417 0.825000 0.714583 0.831250
3 0.668750 0.017188 0.668750 0.026563 0.689583 0.070312 0.687500 0.096875 0.702083 0.118750 0.760417 0.112500 0.789583 0.087500 0.783333 0.078125 0.766667 0.093750 0.729167 0.109375 0.712500 0.106250 0.695833 0.089062 0.700000 0.067188 0.729167 0.039062 0.735417 0.015625
3 0.014583 0.048437 0.025000 0.242188 0.625000 0.289062 0.668750 0.206250 0.122917 0.139062 0.666667 0.195312 0.608333 0.131250
4 0.989583 0.010937 0.770833 0.015625 0.812500 0.140625 0.789583 0.123438 0.758333 0.143750 0.747917 0.192188 0.770833 0.246875 0.645833 0.384375 0.720833 0.825000 0.885417 0.789062 0.906250 0.756250 0.943750 0.754687 0.983333 0.695312 0.985417 0.573438 0.910417 0.564062 0.835417 0.584375 0.902083 0.554688 0.987500 0.567187 0.989583 0.539062 0.958333 0.532812 0.989583 0.517187
5 0.625000 0.482812 0.589583 0.475000 0.572917 0.459375 0.550000 0.465625 0.531250 0.456250 0.489583 0.512500 0.475000 0.515625 0.456250 0.496875 0.431250 0.495313 0.410417 0.509375 0.404167 0.528125 0.335417 0.540625 0.325000 0.548437 0.331250 0.676562 0.456250 0.690625 0.508333 0.681250 0.520833 0.707812 0.564583 0.689062 0.568750 0.676562 0.625000 0.673437 0.650000 0.651563 0.656250 0.631250 0.650000 0.540625
5 0.814583 0.840625 0.804167 0.837500 0.787500 0.848437 0.781250 0.846875 0.787500 0.901563 0.777083 0.903125 0.766667 0.900000 0.770833 0.898438 0.770833 0.887500 0.764583 0.882812 0.756250 0.892187 0.747917 0.892187 0.725000 0.901563 0.735417 0.910937 0.804167 0.906250 0.804167 0.859375 0.820833 0.853125 0.818750 0.843750
5 0.643750 0.898438 0.635417 0.873438 0.620833 0.862500 0.600000 0.856250 0.568750 0.873438 0.550000 0.878125 0.516667 0.878125 0.504167 0.882812 0.466667 0.884375 0.447917 0.893750 0.441667 0.904688 0.543750 0.903125 0.558333 0.906250 0.577083 0.901563
6 0.985417 0.915625 0.985417 0.895312 0.970833 0.895312 0.968750 0.896875 0.954167 0.896875 0.952083 0.898438 0.935417 0.898438 0.933333 0.900000 0.925000 0.900000 0.931250 0.900000 0.933333 0.901563 0.939583 0.903125 0.945833 0.907812 0.950000 0.917188 0.968750 0.917188 0.970833 0.915625
6 0.895833 0.903125 0.706250 0.918750 0.700000 0.900000 0.466667 0.918750 0.475000 0.984375 0.864583 0.985937 0.860417 0.973437 0.872917 0.923437
7 0.016667 0.246875 0.018750 0.296875 0.568750 0.343750 0.610417 0.293750
7 0.343750 0.351562 0.350000 0.450000 0.589583 0.446875 0.575000 0.350000
7 0.016667 0.464063 0.020833 0.985937 0.306250 0.957812 0.291667 0.468750
8 0.752083 0.015625 0.752083 0.025000 0.754167 0.026563 0.754167 0.035937 0.756250 0.037500 0.756250 0.048437 0.768750 0.048437 0.768750 0.046875 0.777083 0.040625 0.772917 0.035937 0.772917 0.032812 0.770833 0.031250 0.770833 0.028125 0.768750 0.026563 0.768750 0.025000 0.766667 0.023438 0.766667 0.020312 0.762500 0.015625
8 0.050000 0.142188 0.052083 0.162500 0.045833 0.185937 0.045833 0.198437 0.056250 0.212500 0.056250 0.223438 0.064583 0.200000 0.060417 0.195312 0.062500 0.192188 0.118750 0.198437 0.133333 0.195312 0.131250 0.192188 0.131250 0.145313
8 0.737500 0.146875 0.683333 0.189063 0.670833 0.207813 0.656250 0.218750 0.645833 0.242188 0.647917 0.267188 0.639583 0.289062 0.639583 0.309375 0.662500 0.343750 0.681250 0.342187 0.700000 0.329688 0.745833 0.262500 0.764583 0.246875 0.762500 0.234375 0.735417 0.182812
8 0.183333 0.157813 0.181250 0.159375 0.181250 0.182812 0.179167 0.184375 0.179167 0.195312 0.193750 0.206250 0.193750 0.207813 0.231250 0.217187 0.231250 0.203125 0.235417 0.193750 0.243750 0.182812 0.243750 0.176563 0.250000 0.162500 0.245833 0.160938 0.225000 0.160938 0.222917 0.159375
8 0.300000 0.167187 0.300000 0.175000 0.297917 0.176563 0.297917 0.203125 0.300000 0.204688 0.302083 0.215625 0.304167 0.217187 0.325000 0.218750 0.327083 0.220313 0.339583 0.220313 0.341667 0.221875 0.352083 0.221875 0.354167 0.223438 0.360417 0.204688 0.364583 0.201562 0.379167 0.196875 0.381250 0.179688 0.372917 0.176563
8 0.477083 0.185937 0.472917 0.184375 0.402083 0.182812 0.400000 0.184375 0.400000 0.198437 0.391667 0.218750 0.385417 0.245312 0.395833 0.234375 0.412500 0.228125 0.437500 0.228125 0.456250 0.231250 0.475000 0.206250
8 0.512500 0.196875 0.489583 0.257812 0.566667 0.270312 0.583333 0.232812 0.587500 0.228125 0.575000 0.200000 0.570833 0.198437
8 0.670833 0.678125 0.650000 0.678125 0.633333 0.684375 0.631250 0.690625 0.610417 0.693750 0.610417 0.717188 0.627083 0.771875 0.620833 0.775000 0.604167 0.701563 0.577083 0.701563 0.566667 0.712500 0.577083 0.784375 0.593750 0.787500 0.616667 0.773438 0.620833 0.775000 0.610417 0.782812 0.641667 0.779688 0.627083 0.787500 0.633333 0.804688 0.652083 0.806250 0.693750 0.796875
8 0.385417 0.929688 0.391667 0.939062 0.402083 0.940625 0.406250 0.954687 0.408333 0.982813 0.410417 0.984375 0.462500 0.984375 0.470833 0.985937 0.468750 0.984375 0.458333 0.915625 0.422917 0.912500 0.404167 0.920313 0.387500 0.931250