1 0.020833 0.018750 0.022917 0.573438 0.060417 0.559375 0.291667 0.550000 0.277083 0.468750 0.300000 0.446875 0.335417 0.175000 0.516667 0.185937 0.335417 0.140625 0.356250 0.018750
1 0.014583 0.681250 0.018750 0.837500 0.256250 0.821875 0.252083 0.778125 0.179167 0.779688 0.177083 0.773438 0.102083 0.771875 0.100000 0.723437 0.070833 0.721875 0.039583 0.710938 0.037500 0.695312
2 0.989583 0.014062 0.858333 0.020312 0.862500 0.026563 0.839583 0.071875 0.862500 0.067188 0.872917 0.057813 0.891667 0.053125 0.929167 0.051562 0.958333 0.057813 0.981250 0.076563 0.970833 0.117188 0.964583 0.123438 0.927083 0.126563 0.922917 0.134375 0.931250 0.145313 0.970833 0.135937 0.987500 0.140625
2 0.785417 0.175000 0.777083 0.231250 0.747917 0.250000 0.750000 0.262500 0.877083 0.306250 0.933333 0.342187 0.918750 0.295312 0.925000 0.248437 0.864583 0.201562 0.847917 0.218750 0.810417 0.226562 0.797917 0.173438
2 0.987500 0.923437 0.956250 0.939062 0.912500 0.968750 0.887500 0.971875 0.877083 0.970312 0.877083 0.976562 0.860417 0.982813 0.987500 0.985937
3 0.608333 0.017188 0.606250 0.034375 0.620833 0.037500 0.612500 0.103125 0.581250 0.139062 0.591667 0.164062 0.577083 0.181250 0.575000 0.198437 0.685417 0.214062 0.693750 0.201562 0.775000 0.204688 0.777083 0.178125 0.743750 0.153125 0.750000 0.104687 0.783333 0.059375 0.831250 0.070312 0.856250 0.028125 0.850000 0.017188
3 0.314583 0.546875 0.300000 0.546875 0.291667 0.557813 0.187500 0.564062 0.185417 0.770312 0.256250 0.768750 0.262500 0.814062 0.329167 0.804688 0.335417 0.765625 0.300000 0.737500 0.343750 0.695312 0.372917 0.685938 0.395833 0.704687 0.441667 0.706250 0.456250 0.656250 0.475000 0.657812 0.468750 0.629687 0.437500 0.582812 0.387500 0.590625 0.362500 0.585938 0.335417 0.556250
4 0.345833 0.179688 0.314583 0.442187 0.416667 0.406250 0.331250 0.387500 0.395833 0.220313 0.572917 0.228125 0.514583 0.287500 0.497917 0.381250 0.541667 0.385938 0.466667 0.490625 0.437500 0.765625 0.502083 0.840625 0.450000 0.701563 0.495833 0.651563 0.541667 0.704687 0.475000 0.521875 0.510417 0.437500 0.620833 0.365625 0.768750 0.475000 0.564583 0.726562 0.600000 0.787500 0.533333 0.878125 0.614583 0.987500 0.906250 0.959375 0.983333 0.914062 0.981250 0.365625 0.702083 0.265625 0.595833 0.279687 0.656250 0.262500 0.595833 0.206250
7 0.368750 0.015625 0.356250 0.135937 0.422917 0.145313 0.425000 0.117188 0.508333 0.128125 0.537500 0.015625
7 0.016667 0.581250 0.018750 0.670313 0.031250 0.671875 0.029167 0.657812 0.037500 0.642187 0.110417 0.643750 0.120833 0.654688 0.137500 0.657812 0.145833 0.640625 0.168750 0.642187 0.179167 0.634375 0.179167 0.629687 0.108333 0.626562 0.085417 0.617188 0.091667 0.604688 0.166667 0.604688 0.175000 0.601562 0.177083 0.595312
8 0.550000 0.017188 0.541667 0.028125 0.522917 0.093750 0.518750 0.135937 0.522917 0.140625 0.575000 0.146875 0.581250 0.121875 0.589583 0.120312 0.604167 0.107813 0.610417 0.065625 0.600000 0.062500 0.612500 0.060938 0.612500 0.039062 0.597917 0.037500 0.602083 0.034375 0.600000 0.025000
8 0.672917 0.015625 0.672917 0.021875 0.668750 0.029687 0.668750 0.035937 0.664583 0.043750 0.664583 0.050000 0.660417 0.057813 0.656250 0.078125 0.681250 0.079687 0.683333 0.081250 0.697917 0.081250 0.700000 0.082813 0.700000 0.078125 0.706250 0.067188 0.706250 0.062500 0.712500 0.051562 0.712500 0.046875 0.716667 0.040625 0.716667 0.035937 0.722917 0.025000 0.725000 0.015625
8 0.733333 0.015625 0.704167 0.085938 0.700000 0.087500 0.697917 0.085938 0.664583 0.084375 0.706250 0.104687 0.708333 0.095312 0.739583 0.025000
8 0.956250 0.064062 0.893750 0.064062 0.879167 0.067188 0.872917 0.075000 0.858333 0.075000 0.850000 0.085938 0.837500 0.087500 0.831250 0.107813 0.839583 0.126563 0.858333 0.137500 0.841667 0.135937 0.831250 0.123438 0.802083 0.148438 0.814583 0.218750 0.922917 0.143750 0.914583 0.123438 0.929167 0.115625 0.947917 0.115625 0.962500 0.109375 0.968750 0.076563
8 0.660417 0.092188 0.652083 0.098438 0.652083 0.107813 0.622917 0.164062 0.622917 0.176563 0.618750 0.187500 0.675000 0.195312 0.700000 0.123438 0.700000 0.117188 0.664583 0.092188
8 0.989583 0.143750 0.964583 0.143750 0.952083 0.150000 0.937500 0.151562 0.897917 0.173438 0.889583 0.179688 0.889583 0.196875 0.893750 0.203125 0.954167 0.206250 0.958333 0.207813 0.960417 0.206250 0.972917 0.206250 0.979167 0.201562 0.985417 0.200000 0.987500 0.192188 0.987500 0.148438
8 0.550000 0.235938 0.404167 0.225000 0.333333 0.365625 0.339583 0.389062 0.431250 0.403125 0.468750 0.393750 0.506250 0.334375 0.512500 0.287500 0.527083 0.251563
8 0.620833 0.367188 0.566667 0.389062 0.512500 0.437500 0.477083 0.521875 0.481250 0.592188 0.539583 0.700000 0.493750 0.653125 0.452083 0.701563 0.454167 0.767187 0.529167 0.879687 0.583333 0.832812 0.577083 0.807813 0.597917 0.787500 0.562500 0.726562 0.587500 0.732813 0.639583 0.637500 0.664583 0.629687 0.658333 0.589063 0.766667 0.475000
8 0.497917 0.385938 0.431250 0.418750 0.402083 0.418750 0.293750 0.462500 0.368750 0.582812 0.445833 0.571875 0.402083 0.467187 0.410417 0.462500 0.433333 0.507812 0.460417 0.606250 0.479167 0.628125 0.464583 0.487500 0.491667 0.453125 0.491667 0.420312 0.506250 0.409375
8 0.054167 0.571875 0.104167 0.571875 0.106250 0.573438 0.104167 0.578125 0.170833 0.578125 0.172917 0.579687 0.179167 0.579687 0.181250 0.565625 0.102083 0.565625 0.100000 0.567187 0.083333 0.567187 0.081250 0.568750
8 0.097917 0.609375 0.097917 0.610937 0.100000 0.610937 0.114583 0.617188 0.122917 0.617188 0.125000 0.618750 0.131250 0.618750 0.141667 0.623438 0.164583 0.623438 0.166667 0.621875 0.181250 0.621875 0.170833 0.614062 0.168750 0.614062 0.166667 0.612500 0.145833 0.612500 0.143750 0.610937 0.122917 0.610937 0.120833 0.609375
8 0.031250 0.657812 0.031250 0.670313 0.037500 0.679688 0.043750 0.682813 0.045833 0.690625 0.052083 0.695312 0.068750 0.698438 0.085417 0.695312 0.097917 0.679688 0.110417 0.693750 0.122917 0.685938 0.141667 0.678125 0.145833 0.670313 0.127083 0.665625 0.114583 0.665625 0.110417 0.662500 0.106250 0.650000 0.102083 0.648438 0.043750 0.646875
8 0.368750 0.687500 0.333333 0.704687 0.316667 0.717188 0.306250 0.731250 0.306250 0.737500 0.314583 0.748438 0.333333 0.754687 0.350000 0.765625 0.379167 0.768750 0.400000 0.782812 0.410417 0.778125 0.422917 0.792188 0.433333 0.793750 0.412500 0.743750 0.435417 0.732813 0.437500 0.707812 0.412500 0.709375 0.393750 0.706250 0.387500 0.698438 0.372917 0.687500
8 0.422917 0.746875 0.425000 0.759375 0.437500 0.782812 0.437500 0.795313 0.425000 0.801562 0.410417 0.790625 0.395833 0.789062 0.395833 0.817187 0.406250 0.864062 0.425000 0.862500 0.429167 0.865625 0.441667 0.865625 0.462500 0.854688 0.495833 0.853125 0.497917 0.850000 0.462500 0.796875 0.433333 0.765625 0.429167 0.748438
8 0.210417 0.850000 0.212500 0.860937 0.225000 0.871875 0.233333 0.884375 0.247917 0.889063 0.272917 0.889063 0.281250 0.882812 0.291667 0.878125 0.297917 0.868750 0.306250 0.860937 0.306250 0.845312 0.308333 0.843750 0.295833 0.839063 0.283333 0.839063 0.281250 0.837500 0.268750 0.837500 0.266667 0.835938 0.241667 0.835938
8 0.164583 0.846875 0.147917 0.859375 0.156250 0.865625 0.158333 0.875000 0.162500 0.881250 0.177083 0.881250 0.189583 0.889063 0.197917 0.892187 0.204167 0.896875 0.212500 0.890625 0.212500 0.885938 0.214583 0.884375 0.214583 0.879687 0.216667 0.878125 0.214583 0.876562 0.214583 0.868750 0.208333 0.864062 0.197917 0.859375 0.191667 0.851562 0.185417 0.846875 0.179167 0.846875 0.177083 0.845312 0.168750 0.845312
8 0.085417 0.853125 0.100000 0.876562 0.108333 0.882812 0.108333 0.884375 0.120833 0.884375 0.122917 0.885938 0.127083 0.884375 0.158333 0.884375 0.154167 0.878125 0.152083 0.868750 0.141667 0.862500 0.135417 0.862500 0.127083 0.859375 0.120833 0.859375 0.108333 0.846875 0.100000 0.853125
8 0.056250 0.854688 0.050000 0.859375 0.050000 0.870313 0.052083 0.871875 0.052083 0.876562 0.054167 0.878125 0.054167 0.882812 0.060417 0.887500 0.062500 0.887500 0.066667 0.890625 0.068750 0.890625 0.083333 0.900000 0.083333 0.896875 0.091667 0.885938 0.089583 0.884375 0.089583 0.882812 0.087500 0.881250 0.087500 0.879687 0.085417 0.878125 0.085417 0.876562 0.083333 0.875000 0.083333 0.873438 0.081250 0.871875 0.075000 0.860937 0.070833 0.857813 0.068750 0.857813 0.066667 0.856250
8 0.572917 0.987500 0.550000 0.970312 0.543750 0.921875 0.518750 0.904688 0.508333 0.873438 0.408333 0.879687 0.395833 0.892187 0.337500 0.879687 0.325000 0.884375 0.297917 0.878125 0.281250 0.920313 0.260417 0.948438 0.254167 0.985937
8 0.022917 0.910937 0.018750 0.984375 0.250000 0.989062 0.243750 0.976562 0.243750 0.948438 0.252083 0.915625 0.158333 0.918750 0.131250 0.907812 0.114583 0.914062 0.085417 0.904688