1 0.014583 0.014062 0.016667 0.234375 0.816667 0.298438 0.985417 0.248437 0.979167 0.065625 0.881250 0.048437 0.927083 0.014062 0.658333 0.015625 0.608333 0.045313 0.433333 0.015625
1 0.018750 0.556250 0.020833 0.657812 0.756250 0.667188 0.760417 0.582812
1 0.016667 0.985937 0.345833 0.985937 0.375000 0.726562 0.558333 0.723437 0.545833 0.670313 0.020833 0.667188
2 0.893750 0.304688 0.887500 0.356250 0.979167 0.392188 0.981250 0.290625
2 0.860417 0.598437 0.864583 0.614062 0.845833 0.634375 0.837500 0.682813 0.747917 0.684375 0.735417 0.693750 0.735417 0.714063 0.758333 0.731250 0.756250 0.753125 0.741667 0.768750 0.691667 0.781250 0.843750 0.985937 0.983333 0.989062 0.979167 0.618750 0.943750 0.618750
4 0.383333 0.726562 0.352083 0.985937 0.827083 0.989062 0.637500 0.765625 0.737500 0.735937
5 0.581250 0.298438 0.564583 0.329688 0.581250 0.359375 0.616667 0.360938 0.714583 0.398438 0.770833 0.403125 0.747917 0.481250 0.714583 0.517187 0.745833 0.535937 0.768750 0.518750 0.831250 0.521875 0.856250 0.532812 0.847917 0.576563 0.887500 0.595312 0.987500 0.612500 0.983333 0.400000 0.829167 0.339063 0.666667 0.301562
7 0.018750 0.243750 0.016667 0.504687 0.725000 0.526563 0.712500 0.515625 0.745833 0.481250 0.766667 0.407813 0.639583 0.370313 0.589583 0.370313 0.562500 0.335938 0.581250 0.296875 0.662500 0.298438
7 0.672917 0.301562 0.712500 0.310937 0.766667 0.312500 0.800000 0.318750 0.845833 0.331250 0.879167 0.343750 0.877083 0.318750
8 0.895833 0.045313 0.916667 0.048437 0.941667 0.054688 0.947917 0.054688 0.950000 0.056250 0.956250 0.056250 0.958333 0.057813 0.964583 0.057813 0.989583 0.064062 0.989583 0.059375 0.987500 0.057813 0.987500 0.014062 0.937500 0.014062
8 0.514583 0.584375 0.514583 0.603125 0.522917 0.603125 0.525000 0.604688 0.535417 0.604688 0.537500 0.606250 0.547917 0.606250 0.550000 0.607813 0.550000 0.589063 0.552083 0.587500 0.550000 0.585938 0.531250 0.585938 0.529167 0.584375