1 0.014583 0.012500 0.016667 0.601562 0.512500 0.607813 0.504167 0.556250 0.550000 0.568750 0.522917 0.582812 0.564583 0.590625 0.518750 0.504687 0.339583 0.492188 0.354167 0.018750
1 0.522917 0.596875 0.522917 0.603125 0.525000 0.604688 0.525000 0.609375 0.535417 0.609375 0.537500 0.610937 0.547917 0.610937 0.550000 0.612500 0.572917 0.612500 0.575000 0.614062 0.577083 0.614062 0.572917 0.609375 0.572917 0.606250 0.568750 0.601562 0.568750 0.598437 0.566667 0.596875 0.566667 0.595312 0.564583 0.595312 0.562500 0.596875 0.560417 0.596875 0.558333 0.595312 0.525000 0.595312
1 0.702083 0.810938 0.643750 0.726562 0.016667 0.732813 0.016667 0.831250
2 0.758333 0.987500 0.987500 0.970312 0.785417 0.890625
3 0.643750 0.723437 0.577083 0.617188 0.522917 0.609375 0.525000 0.593750 0.564583 0.593750 0.520833 0.582812 0.525000 0.568750 0.547917 0.568750 0.539583 0.560938 0.502083 0.560938 0.500000 0.596875 0.512500 0.609375 0.018750 0.604688 0.016667 0.728125
4 0.362500 0.020312 0.343750 0.484375 0.518750 0.498437 0.675000 0.762500 0.814583 0.901563 0.979167 0.965625 0.979167 0.017188
7 0.285417 0.526563 0.289583 0.579687 0.295833 0.575000 0.300000 0.567187 0.310417 0.562500 0.362500 0.562500 0.385417 0.578125 0.375000 0.531250 0.358333 0.539062 0.325000 0.528125 0.318750 0.540625 0.297917 0.537500
7 0.777083 0.875000 0.716667 0.818750 0.022917 0.834375 0.016667 0.990625 0.737500 0.981250 0.772917 0.934375
8 0.462500 0.545313 0.462500 0.548437 0.460417 0.550000 0.460417 0.554688 0.458333 0.556250 0.458333 0.559375 0.466667 0.559375 0.468750 0.560938 0.481250 0.560938 0.483333 0.562500 0.495833 0.562500 0.497917 0.564062 0.495833 0.562500 0.495833 0.554688 0.493750 0.553125 0.493750 0.545313
8 0.397917 0.631250 0.397917 0.657812 0.404167 0.657812 0.406250 0.656250 0.483333 0.656250 0.483333 0.629687 0.406250 0.629687 0.404167 0.631250
8 0.381250 0.660937 0.375000 0.656250 0.370833 0.656250 0.364583 0.660937 0.360417 0.660937 0.354167 0.664062 0.329167 0.664062 0.341667 0.664062 0.343750 0.665625 0.356250 0.665625 0.358333 0.667188 0.360417 0.667188 0.362500 0.668750 0.364583 0.668750 0.370833 0.671875 0.375000 0.668750 0.377083 0.668750 0.377083 0.667188 0.379167 0.665625 0.379167 0.664062 0.381250 0.662500
8 0.483333 0.670313 0.472917 0.673437 0.468750 0.676562 0.466667 0.676562 0.458333 0.681250 0.470833 0.681250 0.477083 0.689062 0.475000 0.690625 0.441667 0.690625 0.447917 0.695312 0.464583 0.695312 0.466667 0.696875 0.485417 0.696875 0.487500 0.698438 0.487500 0.678125 0.485417 0.676562 0.485417 0.673437 0.483333 0.671875
8 0.250000 0.684375 0.250000 0.695312 0.252083 0.695312 0.254167 0.696875 0.287500 0.696875 0.287500 0.695312 0.289583 0.693750 0.289583 0.692187 0.291667 0.690625 0.291667 0.689062 0.283333 0.689062 0.281250 0.690625 0.279167 0.689062 0.277083 0.689062 0.275000 0.687500 0.272917 0.687500 0.270833 0.685938 0.262500 0.685938 0.260417 0.684375
8 0.464583 0.778125 0.464583 0.792188 0.472917 0.792188 0.475000 0.790625 0.481250 0.790625 0.483333 0.789062 0.491667 0.789062 0.493750 0.787500 0.502083 0.787500 0.502083 0.778125 0.500000 0.778125 0.497917 0.776563 0.466667 0.776563