1 0.014583 0.500000 0.110417 0.496875 0.072917 0.464063 0.110417 0.426562 0.100000 0.381250 0.172917 0.365625 0.164583 0.346875 0.325000 0.332812 0.331250 0.370313 0.362500 0.364062 0.368750 0.415625 0.427083 0.428125 0.504167 0.398438 0.497917 0.328125 0.577083 0.282813 0.639583 0.281250 0.658333 0.245312 0.681250 0.260938 0.839583 0.264062 0.883333 0.223438 0.691667 0.182812 0.779167 0.015625 0.016667 0.017188
1 0.016667 0.567187 0.483333 0.556250 0.483333 0.532812 0.493750 0.525000 0.441667 0.523438 0.441667 0.506250 0.016667 0.506250
1 0.489583 0.560938 0.025000 0.573438 0.047917 0.589063 0.489583 0.578125
1 0.627083 0.600000 0.525000 0.604688 0.445833 0.585938 0.052083 0.601562 0.020833 0.984375 0.064583 0.985937 0.077083 0.684375 0.100000 0.625000 0.143750 0.653125 0.414583 0.646875 0.441667 0.632812 0.637500 0.629687
1 0.687500 0.643750 0.662500 0.645312 0.643750 0.675000 0.514583 0.682813 0.481250 0.696875 0.493750 0.898438 0.127083 0.912500 0.112500 0.775000 0.106250 0.951563 0.393750 0.920313 0.689583 0.906250 0.714583 0.887500
1 0.552083 0.953125 0.139583 0.981250 0.156250 0.989062 0.475000 0.970312 0.485417 0.984375 0.527083 0.987500 0.541667 0.979688
2 0.987500 0.529688 0.806250 0.585938 0.783333 0.609375 0.739583 0.620313 0.731250 0.614062 0.712500 0.639063 0.695833 0.639063 0.720833 0.890625 0.781250 0.910937 0.764583 0.932813 0.741667 0.929688 0.729167 0.942187 0.797917 0.985937 0.989583 0.984375
3 0.662500 0.256250 0.647917 0.309375 0.622917 0.335938 0.645833 0.346875 0.643750 0.362500 0.616667 0.379687 0.656250 0.373437 0.668750 0.382812 0.637500 0.406250 0.675000 0.429688 0.637500 0.456250 0.620833 0.448438 0.627083 0.498437 0.614583 0.510938 0.593750 0.464063 0.575000 0.471875 0.572917 0.498437 0.554167 0.506250 0.543750 0.495313 0.529167 0.509375 0.535417 0.593750 0.789583 0.589063 0.987500 0.525000 0.987500 0.448438 0.895833 0.446875 0.852083 0.275000 0.668750 0.271875
4 0.785417 0.985937 0.718750 0.940625 0.770833 0.917188 0.752083 0.903125 0.718750 0.898438 0.683333 0.912500 0.429167 0.934375 0.306250 0.935938 0.110417 0.973437 0.431250 0.956250 0.443750 0.942187 0.560417 0.940625 0.604167 0.985937
7 0.795833 0.015625 0.708333 0.178125 0.904167 0.210938 0.987500 0.115625 0.989583 0.015625
7 0.631250 0.285937 0.587500 0.290625 0.566667 0.329688 0.506250 0.326562 0.518750 0.343750 0.631250 0.360938 0.612500 0.362500 0.577083 0.381250 0.543750 0.378125 0.539583 0.381250 0.554167 0.390625 0.608333 0.396875 0.614583 0.389062 0.597917 0.384375 0.631250 0.367188 0.631250 0.360938 0.641667 0.362500 0.639583 0.351562 0.631250 0.345313 0.591667 0.339063 0.637500 0.306250
7 0.660417 0.385938 0.656250 0.379687 0.641667 0.379687 0.595833 0.412500 0.583333 0.406250 0.568750 0.407813 0.550000 0.421875 0.637500 0.445312 0.662500 0.426562 0.620833 0.409375
7 0.131250 0.909375 0.479167 0.895312 0.472917 0.690625 0.512500 0.676562 0.637500 0.670313 0.641667 0.637500 0.437500 0.643750 0.422917 0.657812 0.141667 0.660937 0.104167 0.634375 0.087500 0.764063 0.122917 0.765625
7 0.100000 0.768750 0.089583 0.770312 0.079167 0.987500 0.085417 0.985937
8 0.989583 0.126563 0.856250 0.265625 0.906250 0.442187 0.989583 0.440625
8 0.104167 0.392188 0.150000 0.456250 0.341667 0.464063 0.352083 0.456250 0.347917 0.381250 0.312500 0.384375 0.310417 0.348437 0.183333 0.351562 0.189583 0.376563
8 0.364583 0.431250 0.364583 0.437500 0.360417 0.446875 0.360417 0.453125 0.364583 0.454688 0.364583 0.467187 0.372917 0.467187 0.391667 0.462500 0.406250 0.462500 0.408333 0.464063 0.435417 0.465625 0.437500 0.467187 0.447917 0.459375 0.447917 0.457812 0.441667 0.454688 0.433333 0.446875 0.433333 0.437500 0.420833 0.437500 0.397917 0.420312 0.379167 0.423438
8 0.447917 0.431250 0.439583 0.442187 0.450000 0.450000 0.464583 0.453125 0.487500 0.451562 0.504167 0.471875 0.518750 0.476562 0.533333 0.470313 0.537500 0.471875 0.527083 0.484375 0.508333 0.484375 0.500000 0.476562 0.495833 0.482812 0.502083 0.510938 0.520833 0.512500 0.527083 0.498437 0.539583 0.489062 0.554167 0.468750 0.543750 0.467187 0.537500 0.471875 0.525000 0.456250 0.504167 0.439063 0.504167 0.432813 0.497917 0.425000 0.460417 0.426562
8 0.518750 0.443750 0.518750 0.445312 0.522917 0.446875 0.533333 0.454688 0.539583 0.454688 0.541667 0.453125 0.608333 0.453125 0.602083 0.443750 0.597917 0.442187 0.568750 0.442187 0.566667 0.440625 0.535417 0.440625 0.525000 0.445312 0.522917 0.443750
8 0.087500 0.462500 0.089583 0.467187 0.095833 0.467187 0.102083 0.473437 0.131250 0.487500 0.131250 0.500000 0.143750 0.498437 0.152083 0.492188 0.172917 0.498437 0.191667 0.498437 0.212500 0.484375 0.247917 0.487500 0.256250 0.485938 0.241667 0.473437 0.231250 0.470313 0.202083 0.468750 0.170833 0.459375 0.150000 0.459375 0.158333 0.471875 0.150000 0.493750 0.110417 0.457812 0.091667 0.456250
8 0.566667 0.473437 0.564583 0.473437 0.558333 0.478125 0.556250 0.478125 0.552083 0.481250 0.552083 0.489062 0.554167 0.490625 0.554167 0.496875 0.556250 0.496875 0.558333 0.495313 0.560417 0.495313 0.564583 0.492188 0.566667 0.492188 0.570833 0.489062 0.572917 0.489062 0.570833 0.487500 0.570833 0.484375 0.568750 0.482812 0.568750 0.478125 0.566667 0.476562
8 0.533333 0.520312 0.525000 0.520312 0.525000 0.526563 0.529167 0.529688 0.525000 0.548437 0.522917 0.529688 0.510417 0.532812 0.510417 0.575000 0.514583 0.575000 0.514583 0.578125 0.508333 0.578125 0.504167 0.573438 0.504167 0.534375 0.493750 0.534375 0.497917 0.592188 0.500000 0.595312 0.525000 0.600000 0.533333 0.587500
8 0.683333 0.598437 0.641667 0.598437 0.641667 0.621875 0.643750 0.623438 0.643750 0.629687 0.645833 0.631250 0.645833 0.637500 0.662500 0.637500 0.685417 0.621875 0.683333 0.620313