1 0.012500 0.014062 0.079167 0.268750 0.114583 0.271875 0.052083 0.014062
1 0.106250 0.050000 0.137500 0.189063 0.143750 0.196875 0.177083 0.201562 0.152083 0.081250 0.425000 0.085938 0.425000 0.060938
1 0.460417 0.050000 0.452083 0.057813 0.485417 0.062500 0.468750 0.259375 0.522917 0.267188 0.545833 0.078125 0.562500 0.065625 0.560417 0.057813
1 0.431250 0.057813 0.429167 0.253125 0.464583 0.259375 0.472917 0.064062 0.437500 0.062500
1 0.014583 0.175000 0.016667 0.264062 0.018750 0.270312 0.047917 0.270312 0.052083 0.271875 0.037500 0.239063 0.037500 0.234375 0.033333 0.228125 0.033333 0.223438 0.029167 0.217187 0.029167 0.212500 0.025000 0.206250
1 0.014583 0.309375 0.016667 0.584375 0.068750 0.426562 0.047917 0.378125 0.070833 0.325000 0.060417 0.312500
1 0.087500 0.384375 0.447917 0.376563 0.502083 0.345313 0.506250 0.328125 0.108333 0.323438
1 0.095833 0.326562 0.077083 0.329688 0.056250 0.376563 0.081250 0.382812 0.079167 0.384375 0.056250 0.382812 0.075000 0.425000 0.095833 0.423438 0.081250 0.384375 0.081250 0.376563
1 0.441667 0.387500 0.100000 0.390625 0.089583 0.393750 0.102083 0.421875 0.108333 0.423438 0.181250 0.421875 0.193750 0.407813 0.316667 0.404687 0.333333 0.400000 0.379167 0.406250 0.422917 0.400000
1 0.097917 0.431250 0.016667 0.678125 0.014583 0.987500 0.050000 0.960938 0.860417 0.909375 0.854167 0.882812 0.595833 0.901563 0.556250 0.854688 0.358333 0.859375 0.347917 0.798437 0.427083 0.765625 0.518750 0.762500 0.545833 0.737500 0.127083 0.748438 0.131250 0.725000 0.375000 0.706250 0.345833 0.609375 0.377083 0.592188 0.364583 0.437500
1 0.093750 0.429688 0.072917 0.431250 0.016667 0.598437 0.014583 0.667188
1 0.868750 0.939062 0.858333 0.921875 0.052083 0.967188 0.047917 0.987500 0.520833 0.985937 0.862500 0.956250
2 0.754167 0.018750 0.791667 0.021875 0.825000 0.037500 0.808333 0.048437 0.754167 0.054688 0.733333 0.064062 0.893750 0.257812 0.956250 0.253125 0.983333 0.262500 0.987500 0.014062
2 0.979167 0.328125 0.904167 0.345313 0.768750 0.646875 0.787500 0.662500 0.858333 0.678125 0.864583 0.695312 0.845833 0.701563 0.900000 0.803125 0.929167 0.823438 0.872917 0.848437 0.866667 0.918750 0.883333 0.984375 0.987500 0.987500
3 0.850000 0.682813 0.612500 0.701563 0.600000 0.707812 0.591667 0.721875 0.614583 0.740625 0.627083 0.778125 0.616667 0.793750 0.627083 0.806250 0.616667 0.814062 0.620833 0.881250 0.612500 0.900000 0.625000 0.890625 0.825000 0.878125 0.860417 0.870313 0.864583 0.860937 0.850000 0.856250 0.887500 0.829687 0.918750 0.823438 0.912500 0.814062 0.883333 0.806250 0.833333 0.701563 0.835417 0.693750 0.854167 0.690625
4 0.791667 0.026563 0.100000 0.017188 0.564583 0.048437 0.529167 0.267188 0.622917 0.270312 0.031250 0.276563 0.018750 0.303125 0.541667 0.318750 0.579167 0.687500 0.135417 0.742188 0.581250 0.726562 0.714583 0.671875 0.895833 0.326562 0.985417 0.317187 0.966667 0.265625 0.883333 0.264062 0.708333 0.050000
4 0.368750 0.421875 0.364583 0.412500 0.343750 0.412500 0.327083 0.417188 0.308333 0.412500 0.293750 0.412500 0.283333 0.415625 0.239583 0.415625 0.237500 0.417188 0.204167 0.415625 0.204167 0.426562 0.262500 0.425000 0.279167 0.428125 0.281250 0.426562 0.300000 0.426562 0.308333 0.423438 0.325000 0.423438 0.341667 0.426562
7 0.066667 0.015625 0.108333 0.201562 0.118750 0.200000 0.075000 0.025000
7 0.160417 0.087500 0.185417 0.200000 0.220833 0.210938 0.108333 0.209375 0.135417 0.268750 0.206250 0.278125 0.283333 0.267188 0.381250 0.271875 0.445833 0.264062 0.314583 0.234375 0.335417 0.228125 0.333333 0.235938 0.422917 0.253125 0.422917 0.089062
7 0.358333 0.856250 0.441667 0.850000 0.441667 0.828125 0.450000 0.821875 0.564583 0.817187 0.579167 0.823438 0.600000 0.810938 0.602083 0.800000 0.595833 0.795313 0.568750 0.815625 0.452083 0.818750 0.537500 0.812500 0.527083 0.771875 0.437500 0.771875 0.435417 0.787500 0.447917 0.792188 0.450000 0.818750 0.443750 0.817187 0.441667 0.792188 0.354167 0.800000
7 0.533333 0.825000 0.514583 0.825000 0.512500 0.826563 0.493750 0.826563 0.491667 0.828125 0.452083 0.829687 0.450000 0.831250 0.450000 0.845312 0.452083 0.846875 0.447917 0.854688 0.464583 0.854688 0.466667 0.853125 0.483333 0.853125 0.485417 0.851562 0.502083 0.851562 0.504167 0.850000 0.539583 0.848437 0.537500 0.846875
8 0.516667 0.348437 0.441667 0.401563 0.460417 0.460938 0.522917 0.398438 0.500000 0.434375 0.506250 0.496875 0.493750 0.450000 0.450000 0.467187 0.435417 0.409375 0.370833 0.420312 0.364583 0.509375 0.377083 0.489062 0.437500 0.484375 0.381250 0.492188 0.387500 0.584375 0.466667 0.575000 0.466667 0.618750 0.489583 0.614062 0.456250 0.621875 0.458333 0.581250 0.354167 0.600000 0.387500 0.714063 0.566667 0.673437 0.514583 0.601562 0.566667 0.560938 0.550000 0.512500 0.506250 0.503125 0.556250 0.470313
8 0.564583 0.364062 0.562500 0.365625 0.562500 0.367188 0.560417 0.368750 0.558333 0.373437 0.547917 0.381250 0.547917 0.382812 0.543750 0.387500 0.543750 0.392188 0.545833 0.393750 0.545833 0.395312 0.550000 0.398438 0.550000 0.400000 0.554167 0.400000 0.556250 0.401563 0.556250 0.403125 0.558333 0.404687 0.558333 0.407813 0.560417 0.407813 0.560417 0.406250 0.577083 0.393750 0.577083 0.385938 0.572917 0.382812 0.572917 0.381250 0.568750 0.376563 0.568750 0.373437 0.566667 0.371875 0.566667 0.368750 0.564583 0.367188
8 0.543750 0.601562 0.543750 0.612500 0.541667 0.614062 0.541667 0.625000 0.568750 0.625000 0.568750 0.603125 0.566667 0.603125 0.564583 0.601562
8 0.597917 0.723437 0.591667 0.728125 0.568750 0.732813 0.543750 0.745313 0.541667 0.753125 0.552083 0.757812 0.552083 0.773438 0.556250 0.781250 0.556250 0.789062 0.564583 0.789062 0.575000 0.785937 0.589583 0.785937 0.591667 0.787500 0.597917 0.782812 0.600000 0.775000 0.606250 0.781250 0.606250 0.796875 0.608333 0.796875 0.625000 0.778125 0.602083 0.739062 0.604167 0.737500