1 0.014583 0.014062 0.016667 0.300000 0.870833 0.364062 0.987500 0.250000 0.987500 0.014062 0.327083 0.014062 0.381250 0.293750 0.025000 0.281250 0.016667 0.017188 0.185417 0.014062
1 0.014583 0.371875 0.020833 0.535937 0.800000 0.579687 0.822917 0.426562
1 0.018750 0.540625 0.016667 0.695312 0.447917 0.706250 0.460417 0.603125 0.416667 0.610937 0.400000 0.603125 0.389583 0.560938
1 0.045833 0.707812 0.014583 0.928125 0.418750 0.935938 0.391667 0.910937 0.391667 0.900000 0.418750 0.887500 0.047917 0.882812 0.068750 0.706250
2 0.866667 0.403125 0.833333 0.432813 0.810417 0.584375 0.741667 0.582812 0.712500 0.857813 0.914583 0.859375 0.985417 0.901563 0.987500 0.532812 0.875000 0.514063
3 0.483333 0.559375 0.475000 0.723437 0.718750 0.725000 0.737500 0.576563
3 0.041667 0.609375 0.039583 0.670313 0.443750 0.690625 0.454167 0.634375 0.450000 0.621875
3 0.708333 0.732813 0.606250 0.734375 0.589583 0.953125 0.652083 0.957812 0.662500 0.917188 0.675000 0.904688 0.664583 0.864062 0.687500 0.854688 0.704167 0.854688
3 0.014583 0.951563 0.016667 0.987500 0.120833 0.987500 0.104167 0.985937 0.106250 0.960938 0.135417 0.951563 0.147917 0.954687 0.143750 0.987500 0.168750 0.987500 0.172917 0.959375 0.216667 0.957812 0.212500 0.987500 0.272917 0.987500 0.235417 0.973437 0.247917 0.957812 0.262500 0.960938 0.266667 0.954687 0.289583 0.957812 0.277083 0.987500 0.420833 0.987500 0.397917 0.981250 0.404167 0.968750 0.416667 0.968750 0.425000 0.987500 0.435417 0.987500 0.433333 0.953125
4 0.672917 0.865625 0.672917 0.885938 0.681250 0.896875 0.662500 0.931250 0.645833 0.985937 0.987500 0.989062 0.983333 0.910937 0.908333 0.867188 0.760417 0.860937
7 0.258333 0.426562 0.254167 0.504687 0.389583 0.512500 0.391667 0.440625 0.268750 0.425000
7 0.075000 0.709375 0.052083 0.870313 0.427083 0.879687 0.447917 0.712500
8 0.018750 0.017188 0.025000 0.279687 0.304167 0.300000 0.379167 0.293750 0.325000 0.014062
8 0.985417 0.259375 0.891667 0.321875 0.872917 0.378125 0.883333 0.509375 0.904167 0.509375 0.989583 0.526563
8 0.406250 0.564062 0.406250 0.601562 0.414583 0.603125 0.420833 0.606250 0.422917 0.604688 0.439583 0.603125 0.441667 0.601562 0.466667 0.601562 0.466667 0.564062
8 0.272917 0.632812 0.270833 0.634375 0.270833 0.650000 0.268750 0.651563 0.268750 0.665625 0.279167 0.665625 0.281250 0.667188 0.291667 0.667188 0.293750 0.668750 0.306250 0.668750 0.308333 0.670313 0.320833 0.670313 0.322917 0.671875 0.322917 0.642187 0.325000 0.639063 0.322917 0.637500 0.310417 0.637500 0.308333 0.635938 0.297917 0.635938 0.295833 0.634375 0.283333 0.634375 0.281250 0.632812
8 0.481250 0.729688 0.479167 0.731250 0.487500 0.742188 0.510417 0.742188 0.516667 0.745313 0.533333 0.773438 0.537500 0.785937 0.552083 0.806250 0.568750 0.818750 0.577083 0.820312 0.579167 0.798437 0.566667 0.775000 0.562500 0.762500 0.562500 0.739062 0.554167 0.726562
8 0.404167 0.901563 0.433333 0.921875 0.443750 0.937500 0.447917 0.951563 0.539583 0.950000 0.550000 0.942187 0.560417 0.928125 0.566667 0.909375 0.566667 0.900000 0.539583 0.900000 0.495833 0.885938 0.447917 0.890625
8 0.143750 0.953125 0.135417 0.953125 0.133333 0.954687 0.131250 0.954687 0.122917 0.960938 0.108333 0.960938 0.108333 0.971875 0.110417 0.973437 0.110417 0.978125 0.112500 0.979688 0.106250 0.984375 0.106250 0.985937 0.120833 0.985937 0.122917 0.987500 0.139583 0.987500 0.141667 0.989062 0.141667 0.978125 0.143750 0.976562 0.143750 0.956250 0.145833 0.954687
8 0.214583 0.957812 0.204167 0.957812 0.202083 0.959375 0.189583 0.959375 0.187500 0.960938 0.172917 0.960938 0.172917 0.962500 0.170833 0.964063 0.170833 0.989062 0.210417 0.989062 0.210417 0.979688 0.212500 0.978125 0.212500 0.968750 0.214583 0.967188
8 0.247917 0.959375 0.241667 0.965625 0.241667 0.967188 0.237500 0.970312 0.237500 0.973437 0.245833 0.979688 0.247917 0.978125 0.258333 0.976562 0.260417 0.978125 0.260417 0.984375 0.262500 0.985937 0.272917 0.985937 0.275000 0.987500 0.277083 0.985937 0.283333 0.984375 0.283333 0.979688 0.285417 0.978125 0.285417 0.968750 0.287500 0.967188 0.287500 0.957812 0.285417 0.956250 0.266667 0.956250 0.266667 0.957812 0.262500 0.962500 0.260417 0.960938 0.256250 0.960938 0.254167 0.959375
8 0.314583 0.956250 0.314583 0.957812 0.312500 0.959375 0.312500 0.985937 0.331250 0.985937 0.333333 0.984375 0.350000 0.984375 0.350000 0.957812 0.347917 0.957812 0.345833 0.956250
8 0.400000 0.971875 0.400000 0.981250 0.402083 0.981250 0.404167 0.982813 0.408333 0.982813 0.410417 0.984375 0.414583 0.984375 0.416667 0.985937 0.420833 0.985937 0.422917 0.987500 0.422917 0.976562 0.420833 0.975000 0.420833 0.973437 0.416667 0.970312 0.404167 0.970312 0.402083 0.971875