1 0.012500 0.148438 0.012500 0.165625 0.318750 0.200000 0.295833 0.182812
1 0.016667 0.239063 0.018750 0.282813 0.258333 0.304688 0.285417 0.284375 0.306250 0.278125 0.293750 0.265625
1 0.018750 0.290625 0.018750 0.364062 0.435417 0.396875 0.441667 0.357812 0.277083 0.350000 0.275000 0.371875 0.125000 0.359375 0.135417 0.312500 0.262500 0.320312 0.254167 0.314063
1 0.014583 0.443750 0.350000 0.462500 0.345833 0.442187 0.352083 0.428125 0.368750 0.418750 0.372917 0.395312 0.014583 0.368750
1 0.016667 0.448438 0.016667 0.987500 0.383333 0.989062 0.381250 0.967188 0.437500 0.940625 0.187500 0.953125 0.208333 0.559375 0.081250 0.553125 0.102083 0.471875 0.272917 0.478125 0.277083 0.528125 0.364583 0.529688 0.341667 0.512500 0.350000 0.470313
2 0.631250 0.018750 0.591667 0.132812 0.722917 0.156250 0.985417 0.381250 0.985417 0.014062
2 0.981250 0.560938 0.741667 0.831250 0.789583 0.837500 0.797917 0.859375 0.908333 0.750000 0.985417 0.751562
3 0.514583 0.026563 0.464583 0.229687 0.477083 0.235938 0.508333 0.170312 0.525000 0.157813 0.520833 0.135937 0.529167 0.128125 0.562500 0.134375 0.593750 0.045313
3 0.343750 0.226562 0.322917 0.339063 0.445833 0.353125 0.475000 0.243750
3 0.381250 0.403125 0.379167 0.426562 0.387500 0.450000 0.379167 0.457812 0.375000 0.479688 0.370833 0.482812 0.370833 0.495313 0.379167 0.496875 0.383333 0.512500 0.372917 0.514063 0.372917 0.521875 0.377083 0.532812 0.393750 0.534375 0.433333 0.406250
4 0.537500 0.137500 0.479167 0.257812 0.397917 0.539062 0.433333 0.578125 0.437500 0.607813 0.404167 0.640625 0.418750 0.698438 0.447917 0.685938 0.470833 0.875000 0.541667 0.793750 0.729167 0.832812 0.983333 0.550000 0.983333 0.387500 0.718750 0.162500
4 0.222917 0.534375 0.193750 0.946875 0.452083 0.929688 0.462500 0.896875 0.302083 0.903125 0.287500 0.895312 0.302083 0.850000 0.285417 0.815625 0.272917 0.693750 0.289583 0.564062 0.306250 0.548437 0.389583 0.537500
5 0.529167 0.807813 0.475000 0.887500 0.441667 0.962500 0.433333 0.967188 0.437500 0.982813 0.685417 0.984375 0.800000 0.868750 0.783333 0.848437 0.579167 0.796875 0.556250 0.796875
6 0.985417 0.760938 0.908333 0.764063 0.687500 0.987500 0.987500 0.987500
7 0.014583 0.010937 0.014583 0.110937 0.325000 0.156250 0.347917 0.012500
7 0.137500 0.317187 0.133333 0.354688 0.270833 0.364062 0.270833 0.326562 0.266667 0.325000
7 0.089583 0.546875 0.093750 0.550000 0.212500 0.554688 0.212500 0.537500 0.220833 0.528125 0.268750 0.532812 0.268750 0.485938 0.104167 0.478125
8 0.389583 0.015625 0.389583 0.021875 0.381250 0.031250 0.393750 0.031250 0.422917 0.050000 0.439583 0.071875 0.450000 0.106250 0.458333 0.118750 0.466667 0.125000 0.472917 0.112500 0.472917 0.098438 0.464583 0.054688 0.464583 0.018750
8 0.316667 0.178125 0.314583 0.185937 0.335417 0.200000 0.345833 0.221875 0.385417 0.228125 0.412500 0.228125 0.427083 0.223438 0.439583 0.203125 0.439583 0.193750 0.441667 0.192188 0.439583 0.189063 0.420833 0.184375 0.389583 0.168750 0.339583 0.168750
8 0.375000 0.425000 0.372917 0.425000 0.364583 0.431250 0.364583 0.432813 0.362500 0.434375 0.362500 0.435937 0.360417 0.437500 0.360417 0.439063 0.358333 0.440625 0.358333 0.442187 0.366667 0.448438 0.366667 0.450000 0.370833 0.453125 0.370833 0.454688 0.372917 0.456250 0.375000 0.454688 0.375000 0.453125 0.377083 0.451562 0.377083 0.450000 0.379167 0.448438 0.377083 0.446875 0.377083 0.435937 0.375000 0.434375
8 0.402083 0.553125 0.339583 0.550000 0.295833 0.560938 0.302083 0.620313 0.283333 0.664062 0.283333 0.690625 0.295833 0.695312 0.318750 0.693750 0.406250 0.670313 0.400000 0.648438 0.404167 0.620313 0.393750 0.614062 0.429167 0.603125 0.427083 0.581250 0.412500 0.560938 0.385417 0.556250 0.320833 0.578125 0.379167 0.553125
8 0.408333 0.676562 0.293750 0.701563 0.281250 0.695312 0.306250 0.854688 0.297917 0.893750 0.333333 0.900000 0.466667 0.885938 0.454167 0.817187 0.441667 0.807813 0.385417 0.810938 0.441667 0.800000 0.450000 0.782812 0.439583 0.690625 0.377083 0.720312 0.318750 0.731250 0.310417 0.743750 0.316667 0.723437 0.404167 0.703125