1 0.052083 0.010937 0.206250 0.726562 0.485417 0.751562 0.512500 0.546875 0.675000 0.554688 0.693750 0.490625 0.722917 0.484375 0.639583 0.487500 0.575000 0.460938 0.564583 0.506250 0.487500 0.475000 0.491667 0.426562 0.579167 0.401563 0.577083 0.451562 0.641667 0.434375 0.735417 0.448438 0.620833 0.421875 0.616667 0.398438 0.541667 0.395312 0.591667 0.015625
1 0.014583 0.014062 0.014583 0.987500 0.085417 0.989062 0.143750 0.873438 0.143750 0.800000 0.172917 0.729688
1 0.147917 0.934375 0.539583 0.956250 0.543750 0.918750 0.560417 0.906250 0.627083 0.906250 0.175000 0.884375
3 0.747917 0.446875 0.756250 0.481250 0.745833 0.490625 0.731250 0.487500 0.725000 0.481250 0.725000 0.490625 0.733333 0.495313 0.733333 0.507812 0.718750 0.515625 0.729167 0.528125 0.712500 0.575000 0.720833 0.609375 0.814583 0.618750 0.764583 0.454688
4 0.991667 0.010937 0.891667 0.015625 0.918750 0.045313 0.852083 0.178125 0.860417 0.231250 0.812500 0.375000 0.762500 0.414062 0.902083 0.851562 0.814583 0.620313 0.716667 0.612500 0.708333 0.592188 0.672917 0.643750 0.668750 0.757812 0.625000 0.817187 0.635417 0.985937 0.989583 0.987500
4 0.687500 0.012500 0.600000 0.015625 0.547917 0.389062 0.618750 0.392188 0.639583 0.304688 0.637500 0.214062 0.662500 0.190625 0.681250 0.192188 0.700000 0.065625
4 0.675000 0.560938 0.516667 0.553125 0.491667 0.751562 0.545833 0.760938 0.554167 0.753125 0.543750 0.739062 0.550000 0.714063 0.533333 0.695312 0.556250 0.671875 0.550000 0.646875 0.560417 0.625000 0.560417 0.604688 0.572917 0.607813 0.583333 0.585938 0.633333 0.587500 0.668750 0.603125 0.681250 0.601562 0.706250 0.582812 0.691667 0.579687
7 0.483333 0.448438 0.483333 0.454688 0.491667 0.456250 0.489583 0.475000 0.516667 0.479688 0.564583 0.504687 0.575000 0.459375 0.589583 0.459375 0.597917 0.475000 0.610417 0.468750 0.639583 0.485938 0.662500 0.489062 0.693750 0.484375 0.710417 0.476562 0.745833 0.485938 0.750000 0.479688 0.739583 0.450000 0.712500 0.451562 0.675000 0.435937 0.641667 0.435937 0.612500 0.446875 0.595833 0.442187 0.587500 0.453125 0.577083 0.453125 0.579167 0.403125 0.531250 0.423438 0.493750 0.426562 0.491667 0.448438
7 0.181250 0.801562 0.622917 0.832812 0.622917 0.820312 0.602083 0.800000 0.547917 0.776563 0.541667 0.762500 0.204167 0.729688
7 0.102083 0.753125 0.093750 0.753125 0.091667 0.754687 0.089583 0.754687 0.085417 0.757812 0.085417 0.760938 0.081250 0.765625 0.081250 0.768750 0.079167 0.770312 0.079167 0.785937 0.083333 0.790625 0.087500 0.790625 0.091667 0.787500 0.097917 0.787500 0.097917 0.785937 0.104167 0.781250 0.104167 0.773438 0.106250 0.771875 0.106250 0.764063 0.108333 0.762500 0.106250 0.760938 0.106250 0.756250
8 0.860417 0.010937 0.706250 0.017188 0.700000 0.145313 0.683333 0.204688 0.708333 0.215625 0.670833 0.204688 0.677083 0.237500 0.643750 0.235938 0.650000 0.285937 0.622917 0.414062 0.706250 0.426562 0.762500 0.446875 0.758333 0.412500 0.783333 0.365625 0.806250 0.371875 0.814583 0.287500 0.854167 0.232812 0.814583 0.229687 0.847917 0.226562 0.843750 0.181250 0.912500 0.042188
8 0.704167 0.492188 0.704167 0.495313 0.702083 0.496875 0.702083 0.501562 0.700000 0.503125 0.700000 0.506250 0.702083 0.507812 0.704167 0.507812 0.706250 0.509375 0.708333 0.509375 0.710417 0.510938 0.712500 0.510938 0.714583 0.512500 0.716667 0.512500 0.718750 0.514063 0.720833 0.512500 0.725000 0.512500 0.731250 0.507812 0.731250 0.495313 0.729167 0.495313 0.727083 0.493750 0.725000 0.493750 0.722917 0.492188
8 0.700000 0.515625 0.697917 0.525000 0.695833 0.526563 0.695833 0.531250 0.693750 0.532812 0.691667 0.542188 0.687500 0.548437 0.687500 0.553125 0.683333 0.559375 0.683333 0.565625 0.691667 0.578125 0.706250 0.578125 0.708333 0.579687 0.708333 0.575000 0.712500 0.568750 0.712500 0.564062 0.714583 0.562500 0.714583 0.557813 0.718750 0.551562 0.720833 0.540625 0.725000 0.534375 0.725000 0.526563 0.712500 0.515625
8 0.585417 0.590625 0.579167 0.617188 0.566667 0.610937 0.564583 0.639063 0.554167 0.657812 0.560417 0.671875 0.545833 0.690625 0.545833 0.700000 0.558333 0.704687 0.566667 0.685938 0.585417 0.693750 0.566667 0.693750 0.558333 0.731250 0.562500 0.756250 0.545833 0.773438 0.600000 0.796875 0.622917 0.814062 0.633333 0.782812 0.643750 0.785937 0.662500 0.757812 0.664583 0.734375 0.654167 0.725000 0.658333 0.703125 0.685417 0.671875 0.679167 0.653125 0.635417 0.640625 0.664583 0.645312 0.700000 0.609375 0.666667 0.606250 0.631250 0.592188
8 0.177083 0.803125 0.179167 0.879687 0.627083 0.901563 0.618750 0.834375