1 0.060417 0.014062 0.143750 0.418750 0.387500 0.417188 0.385417 0.359375 0.366667 0.360938 0.364583 0.406250 0.152083 0.403125 0.083333 0.010937
1 0.014583 0.014062 0.016667 0.475000 0.041667 0.579687 0.420833 0.568750 0.431250 0.518750 0.464583 0.498437 0.433333 0.475000 0.485417 0.470313 0.489583 0.364062 0.391667 0.362500 0.391667 0.421875 0.139583 0.425000 0.052083 0.014062
1 0.377083 0.040625 0.356250 0.040625 0.360417 0.178125 0.366667 0.159375 0.385417 0.140625 0.381250 0.042188
1 0.362500 0.235938 0.362500 0.332812 0.364583 0.334375 0.364583 0.343750 0.372917 0.343750 0.375000 0.345313 0.377083 0.343750 0.387500 0.343750 0.387500 0.265625
1 0.422917 0.573438 0.043750 0.587500 0.016667 0.632812 0.014583 0.989062 0.075000 0.989062 0.127083 0.757812 0.385417 0.743750 0.397917 0.700000 0.458333 0.642187 0.418750 0.615625 0.433333 0.600000
1 0.393750 0.750000 0.131250 0.760938 0.081250 0.990625 0.104167 0.990625 0.147917 0.773438 0.170833 0.764063 0.189583 0.771875 0.391667 0.762500 0.408333 0.982813 0.435417 0.984375 0.420833 0.798437
2 0.985417 0.120312 0.966667 0.126563 0.927083 0.257812 0.954167 0.356250 0.937500 0.434375 0.845833 0.487500 0.829167 0.573438 0.931250 0.579687 0.914583 0.595312 0.720833 0.609375 0.850000 0.739062 0.883333 0.745313 0.862500 0.893750 0.927083 0.967188 0.960417 0.971875
3 0.497917 0.360938 0.493750 0.429688 0.495833 0.471875 0.497917 0.473437 0.575000 0.470313 0.560417 0.453125 0.537500 0.401563 0.516667 0.373437 0.514583 0.360938
4 0.597917 0.020312 0.552083 0.051562 0.516667 0.364062 0.675000 0.592188 0.610417 0.590625 0.612500 0.537500 0.602083 0.589063 0.527083 0.595312 0.889583 0.589063 0.822917 0.584375 0.810417 0.560938 0.856250 0.412500 0.875000 0.440625 0.847917 0.471875 0.916667 0.414062 0.933333 0.371875 0.904167 0.265625 0.947917 0.114063 0.985417 0.107813 0.985417 0.070312 0.872917 0.053125 0.835417 0.021875
4 0.362500 0.023438 0.364583 0.034375 0.414583 0.035937 0.410417 0.121875 0.379167 0.150000 0.362500 0.187500 0.368750 0.232812 0.410417 0.284375 0.412500 0.350000 0.370833 0.348437 0.368750 0.356250 0.510417 0.357812 0.452083 0.346875 0.441667 0.332812 0.458333 0.353125 0.416667 0.350000 0.416667 0.290625 0.395833 0.260938 0.431250 0.268750 0.433333 0.292188 0.433333 0.259375 0.400000 0.259375 0.387500 0.231250 0.408333 0.209375 0.431250 0.220313 0.410417 0.207813 0.439583 0.192188 0.408333 0.206250 0.387500 0.164062 0.397917 0.151562 0.425000 0.150000 0.418750 0.142188 0.393750 0.146875 0.416667 0.117188 0.418750 0.034375 0.439583 0.026563
4 0.441667 0.473437 0.443750 0.484375 0.452083 0.479688 0.475000 0.478125 0.479167 0.482812 0.470833 0.503125 0.487500 0.504687 0.510417 0.523438 0.512500 0.543750 0.522917 0.560938 0.527083 0.587500 0.531250 0.584375 0.556250 0.589063 0.600000 0.584375 0.600000 0.545313 0.572917 0.490625 0.575000 0.475000 0.452083 0.478125
4 0.506250 0.596875 0.510417 0.668750 0.583333 0.931250 0.614583 0.946875 0.822917 0.934375 0.793750 0.926562 0.758333 0.895312 0.754167 0.856250 0.793750 0.796875 0.822917 0.778125 0.879167 0.764063 0.875000 0.757812 0.720833 0.762500 0.625000 0.604688 0.554167 0.601562 0.537500 0.614062 0.527083 0.603125 0.525000 0.615625
7 0.091667 0.014062 0.160417 0.401563 0.360417 0.400000 0.350000 0.025000
7 0.156250 0.771875 0.110417 0.990625 0.404167 0.985937 0.383333 0.767187 0.189583 0.776563 0.175000 0.767187
8 0.450000 0.023438 0.437500 0.048437 0.422917 0.179688 0.447917 0.192188 0.466667 0.187500 0.529167 0.209375 0.552083 0.059375 0.468750 0.039062 0.456250 0.043750 0.458333 0.143750 0.437500 0.179688 0.450000 0.182812 0.431250 0.181250 0.454167 0.142188 0.450000 0.039062 0.466667 0.032812 0.539583 0.053125 0.550000 0.035937 0.514583 0.039062
8 0.439583 0.214062 0.443750 0.268750 0.456250 0.307813 0.454167 0.320312 0.460417 0.328125 0.458333 0.332812 0.447917 0.318750 0.437500 0.251563 0.439583 0.329688 0.460417 0.332812 0.466667 0.346875 0.514583 0.348437 0.514583 0.325000 0.522917 0.314063 0.525000 0.218750
8 0.447917 0.509375 0.441667 0.529688 0.441667 0.587500 0.464583 0.628125 0.472917 0.637500 0.489583 0.646875 0.491667 0.615625 0.485417 0.606250 0.489583 0.590625 0.495833 0.581250 0.508333 0.590625 0.522917 0.609375 0.522917 0.579687 0.497917 0.525000 0.477083 0.512500