1 0.593750 0.015625 0.539583 0.015625 0.489583 0.210938 0.502083 0.206250 0.520833 0.210938 0.529167 0.206250
1 0.743750 0.015625 0.602083 0.017188 0.539583 0.201562 0.566667 0.190625 0.595833 0.190625 0.620833 0.153125 0.670833 0.145313 0.681250 0.139062 0.679167 0.117188 0.695833 0.101562 0.702083 0.101562 0.727083 0.067188
1 0.014583 0.098438 0.016667 0.206250 0.462500 0.242188 0.458333 0.226562 0.039583 0.189063
1 0.016667 0.210938 0.018750 0.535937 0.381250 0.537500 0.393750 0.517187 0.475000 0.512500 0.560417 0.303125 0.552083 0.265625 0.489583 0.267188 0.456250 0.245312 0.322917 0.240625 0.312500 0.351562 0.168750 0.342187 0.162500 0.225000
1 0.018750 0.545313 0.016667 0.784375 0.060417 0.760938 0.406250 0.764063 0.418750 0.742188 0.450000 0.734375 0.468750 0.745313 0.506250 0.745313 0.495833 0.728125 0.393750 0.723437 0.395833 0.696875 0.468750 0.695312 0.443750 0.628125 0.450000 0.546875
1 0.462500 0.546875 0.458333 0.578125 0.458333 0.635938 0.483333 0.695312 0.500000 0.696875 0.483333 0.668750 0.468750 0.623438 0.468750 0.576563 0.481250 0.545313
2 0.935417 0.071875 0.941667 0.131250 0.920833 0.160938 0.889583 0.157813 0.864583 0.265625 0.772917 0.332812 0.783333 0.443750 0.870833 0.445312 0.883333 0.465625 0.800000 0.493750 0.835417 0.554688 0.620833 0.731250 0.725000 0.759375 0.672917 0.790625 0.681250 0.815625 0.645833 0.817187 0.647917 0.865625 0.745833 0.867188 0.672917 0.912500 0.727083 0.934375 0.720833 0.981250 0.989583 0.989062 0.987500 0.689062 0.906250 0.770312 0.856250 0.679688 0.933333 0.598437 0.987500 0.684375 0.985417 0.115625
4 0.647917 0.240625 0.579167 0.235938 0.514583 0.251563 0.568750 0.262500 0.570833 0.304688 0.479167 0.518750 0.389583 0.531250 0.389583 0.543750 0.456250 0.545313 0.452083 0.632812 0.475000 0.696875 0.408333 0.698438 0.400000 0.714063 0.506250 0.717188 0.522917 0.748438 0.587500 0.731250 0.812500 0.551562 0.779167 0.484375 0.868750 0.470313 0.864583 0.457812 0.762500 0.453125 0.672917 0.282813 0.695833 0.282813 0.689583 0.267188 0.662500 0.264062
5 0.708333 0.762500 0.554167 0.773438 0.420833 0.767187 0.433333 0.882812 0.558333 0.885938 0.570833 0.900000 0.602083 0.903125 0.683333 0.896875 0.608333 0.896875 0.629167 0.882812 0.735417 0.876562 0.731250 0.868750 0.627083 0.870313 0.618750 0.779688 0.691667 0.773438
6 0.433333 0.760938 0.439583 0.764063 0.500000 0.765625 0.506250 0.759375 0.675000 0.756250 0.675000 0.750000 0.462500 0.753125 0.450000 0.742188
6 0.062500 0.765625 0.016667 0.989062 0.285417 0.985937 0.293750 0.798437 0.302083 0.792188 0.406250 0.790625 0.412500 0.771875 0.077083 0.773438
6 0.456250 0.892187 0.454167 0.934375 0.462500 0.937500 0.462500 0.987500 0.695833 0.987500 0.693750 0.939062 0.716667 0.935938 0.710417 0.929688 0.527083 0.935938 0.518750 0.890625
7 0.014583 0.010937 0.014583 0.078125 0.041667 0.182812 0.464583 0.223438 0.483333 0.214062 0.533333 0.012500
7 0.172917 0.225000 0.177083 0.335938 0.306250 0.345313 0.312500 0.239063
7 0.185417 0.431250 0.191667 0.504687 0.381250 0.507812 0.397917 0.440625
7 0.187500 0.557813 0.166667 0.726562 0.339583 0.726562 0.343750 0.562500
7 0.416667 0.839063 0.347917 0.840625 0.339583 0.870313 0.339583 0.890625 0.350000 0.951563 0.358333 0.946875 0.364583 0.935938 0.437500 0.931250 0.429167 0.923437 0.427083 0.890625 0.420833 0.879687 0.420833 0.845312
8 0.754167 0.075000 0.725000 0.118750 0.702083 0.110937 0.693750 0.115625 0.697917 0.154687 0.706250 0.150000 0.722917 0.165625 0.762500 0.156250 0.779167 0.137500 0.797917 0.153125 0.812500 0.145313 0.797917 0.160938 0.777083 0.154687 0.758333 0.185937 0.785417 0.195312 0.797917 0.189063 0.825000 0.212500 0.837500 0.206250 0.858333 0.218750 0.875000 0.201562 0.872917 0.159375 0.887500 0.146875 0.887500 0.128125 0.864583 0.123438 0.852083 0.142188 0.837500 0.148438 0.820833 0.121875 0.825000 0.098438 0.808333 0.093750 0.829167 0.075000 0.827083 0.060938 0.804167 0.070312 0.768750 0.071875 0.770833 0.092188 0.810417 0.095312 0.793750 0.103125 0.764583 0.103125
8 0.731250 0.171875 0.722917 0.171875 0.702083 0.179688 0.700000 0.170312 0.693750 0.165625 0.683333 0.165625 0.666667 0.171875 0.650000 0.185937 0.641667 0.185937 0.625000 0.171875 0.610417 0.189063 0.610417 0.210938 0.614583 0.221875 0.620833 0.225000 0.637500 0.223438 0.637500 0.220313 0.650000 0.214062 0.668750 0.243750 0.683333 0.245312 0.687500 0.237500 0.677083 0.221875 0.679167 0.218750 0.708333 0.217187 0.716667 0.220313 0.725000 0.217187 0.727083 0.201562 0.716667 0.195312 0.737500 0.185937 0.739583 0.178125
8 0.720833 0.223438 0.718750 0.243750 0.727083 0.250000 0.727083 0.259375 0.741667 0.265625 0.772917 0.264062 0.783333 0.259375 0.800000 0.265625 0.808333 0.279687 0.829167 0.278125 0.833333 0.270312 0.847917 0.259375 0.856250 0.245312 0.854167 0.240625 0.839583 0.231250 0.820833 0.232812 0.818750 0.231250 0.825000 0.223438 0.825000 0.218750 0.795833 0.204688 0.781250 0.209375 0.758333 0.207813 0.750000 0.217187 0.737500 0.217187
8 0.470833 0.226562 0.470833 0.246875 0.483333 0.256250 0.487500 0.256250 0.493750 0.259375 0.525000 0.243750 0.560417 0.243750 0.564583 0.240625 0.566667 0.232812 0.558333 0.226562 0.554167 0.225000 0.531250 0.225000 0.516667 0.215625 0.506250 0.212500 0.500000 0.212500 0.479167 0.220313
8 0.933333 0.600000 0.858333 0.675000 0.906250 0.768750 0.985417 0.707812 0.987500 0.685938
8 0.452083 0.937500 0.429167 0.937500 0.427083 0.939062 0.402083 0.939062 0.400000 0.940625 0.375000 0.940625 0.370833 0.942187 0.356250 0.967188 0.354167 0.987500 0.458333 0.987500 0.456250 0.985937