1 0.012500 0.014062 0.020833 0.378125 0.393750 0.400000 0.502083 0.387500 0.495833 0.371875 0.383333 0.362500 0.387500 0.334375 0.460417 0.335938 0.441667 0.267188 0.450000 0.164062 0.381250 0.157813 0.383333 0.126563 0.470833 0.129688 0.518750 0.017188 0.402083 0.017188 0.381250 0.120312 0.127083 0.095312 0.120833 0.014062
1 0.614583 0.715625 0.029167 0.748438 0.020833 0.910937 0.625000 0.854688
2 0.983333 0.078125 0.914583 0.137500 0.889583 0.193750 0.660417 0.364062 0.735417 0.432813 0.672917 0.437500 0.691667 0.498437 0.737500 0.503125 0.750000 0.523438 0.693750 0.535937 0.712500 0.568750 0.693750 0.650000 0.725000 0.632812 0.783333 0.726562 0.745833 0.737500 0.708333 0.720312 0.704167 0.801562 0.675000 0.807813 0.677083 0.848437 0.987500 0.823438 0.985417 0.418750 0.956250 0.426562 0.929167 0.321875 0.983333 0.282813
4 0.987500 0.031250 0.843750 0.017188 0.550000 0.017188 0.487500 0.137500 0.387500 0.134375 0.385417 0.151562 0.464583 0.159375 0.450000 0.262500 0.472917 0.339063 0.393750 0.339063 0.391667 0.357812 0.502083 0.359375 0.516667 0.387500 0.577083 0.390625 0.860417 0.185937 0.841667 0.117188 0.854167 0.054688 0.985417 0.060938
5 0.420833 0.406250 0.429167 0.518750 0.535417 0.528125 0.554167 0.557813 0.683333 0.553125 0.608333 0.546875 0.631250 0.526563 0.733333 0.528125 0.733333 0.520312 0.633333 0.518750 0.625000 0.498437 0.625000 0.450000 0.660417 0.445312 0.622917 0.434375 0.725000 0.426562 0.720833 0.420312 0.604167 0.421875
6 0.427083 0.403125 0.447917 0.401563 0.508333 0.409375 0.687500 0.407813 0.683333 0.401563 0.460417 0.396875 0.452083 0.385938 0.431250 0.403125
6 0.018750 0.390625 0.016667 0.745313 0.693750 0.700000 0.662500 0.682813 0.683333 0.676562 0.679167 0.582812 0.702083 0.570312 0.518750 0.575000 0.510417 0.531250 0.425000 0.523438 0.443750 0.526563 0.443750 0.560938 0.364583 0.568750 0.452083 0.573438 0.456250 0.651563 0.362500 0.650000 0.362500 0.578125 0.341667 0.576563 0.322917 0.535937 0.329167 0.484375 0.412500 0.476562 0.418750 0.498437 0.416667 0.406250
7 0.131250 0.010937 0.139583 0.085938 0.372917 0.110937 0.393750 0.012500
7 0.143750 0.164062 0.135417 0.356250 0.325000 0.362500 0.325000 0.179688
7 0.202083 0.442187 0.200000 0.443750 0.200000 0.467187 0.227083 0.467187 0.227083 0.457812 0.229167 0.456250 0.229167 0.453125 0.231250 0.451562 0.231250 0.448438 0.233333 0.446875 0.233333 0.443750 0.231250 0.442187
7 0.412500 0.478125 0.339583 0.479688 0.331250 0.484375 0.325000 0.535937 0.341667 0.565625 0.343750 0.576563 0.362500 0.576563 0.364583 0.567187 0.441667 0.560938 0.441667 0.526563 0.422917 0.525000 0.420833 0.503125 0.412500 0.492188
7 0.985417 0.832812 0.014583 0.914062 0.014583 0.987500 0.987500 0.989062
8 0.983333 0.284375 0.931250 0.315625 0.958333 0.426562 0.987500 0.417188
8 0.364583 0.571875 0.364583 0.650000 0.445833 0.654688 0.454167 0.651563 0.450000 0.573438 0.445833 0.570312
8 0.160417 0.659375 0.160417 0.684375 0.170833 0.698438 0.170833 0.714063 0.245833 0.715625 0.250000 0.717188 0.250000 0.664062 0.252083 0.659375
8 0.097917 0.682813 0.097917 0.689062 0.095833 0.690625 0.095833 0.696875 0.093750 0.698438 0.093750 0.704687 0.091667 0.706250 0.091667 0.712500 0.104167 0.712500 0.106250 0.714063 0.120833 0.714063 0.122917 0.715625 0.137500 0.715625 0.139583 0.717188 0.137500 0.715625 0.137500 0.698438 0.135417 0.696875 0.135417 0.682813