1 0.012500 0.010937 0.016667 0.989062 0.627083 0.973437 0.702083 0.928125 0.525000 0.853125 0.504167 0.631250 0.458333 0.620313 0.472917 0.543750 0.118750 0.528125 0.039583 0.553125 0.118750 0.520312 0.075000 0.010937
1 0.085417 0.012500 0.127083 0.520312 0.477083 0.532812 0.477083 0.481250 0.179167 0.470313 0.170833 0.326562 0.491667 0.340625 0.510417 0.220313 0.468750 0.198437 0.158333 0.179688 0.147917 0.010937
1 0.664583 0.059375 0.639583 0.056250 0.525000 0.060938 0.520833 0.064062 0.506250 0.196875 0.516667 0.207813 0.641667 0.212500
2 0.710417 0.073437 0.693750 0.203125 0.775000 0.214062 0.783333 0.223438 0.987500 0.237500 0.985417 0.042188 0.816667 0.029687 0.804167 0.051562 0.775000 0.053125 0.770833 0.062500
2 0.904167 0.270312 0.870833 0.445312 0.885417 0.445312 0.893750 0.453125 0.893750 0.462500 0.925000 0.464063 0.981250 0.489062 0.987500 0.275000
4 0.983333 0.239063 0.620833 0.214062 0.514583 0.226562 0.481250 0.540625 0.447917 0.537500 0.477083 0.545313 0.464583 0.623438 0.504167 0.629687 0.497917 0.590625 0.562500 0.568750 0.583333 0.748438 0.539583 0.764063 0.512500 0.725000 0.506250 0.742188 0.575000 0.842188 0.552083 0.871875 0.610417 0.868750 0.635417 0.832812 0.722917 0.839063 0.722917 0.784375 0.768750 0.782812 0.825000 0.551562 0.879167 0.590625 0.883333 0.725000 0.950000 0.740625 0.987500 0.709375 0.987500 0.500000 0.852083 0.448438 0.897917 0.270312 0.987500 0.268750
5 0.495833 0.054688 0.631250 0.053125 0.654167 0.048437 0.710417 0.065625 0.718750 0.062500 0.750000 0.062500 0.762500 0.056250 0.660417 0.032812 0.652083 0.028125 0.647917 0.015625 0.604167 0.018750 0.520833 0.042188
5 0.729167 0.779688 0.718750 0.807813 0.727083 0.834375 0.779167 0.851562 0.818750 0.851562 0.825000 0.835938 0.854167 0.842188 0.825000 0.860937 0.818750 0.890625 0.860417 0.957812 0.962500 0.954687 0.927083 0.915625 0.929167 0.898438 0.952083 0.890625 0.956250 0.881250 0.912500 0.868750 0.962500 0.842188 0.987500 0.843750 0.900000 0.829687 0.889583 0.812500 0.875000 0.806250
5 0.733333 0.965625 0.731250 0.964063 0.731250 0.957812 0.725000 0.945312 0.710417 0.934375 0.708333 0.934375 0.695833 0.942187 0.681250 0.948438 0.675000 0.953125 0.637500 0.971875 0.654167 0.971875 0.656250 0.970312 0.675000 0.970312 0.677083 0.968750 0.693750 0.968750 0.695833 0.967188
7 0.170833 0.014062 0.183333 0.160938 0.483333 0.179688 0.487500 0.035937 0.247917 0.014062
7 0.272917 0.209375 0.275000 0.307813 0.379167 0.310937 0.385417 0.209375
7 0.189583 0.337500 0.193750 0.464063 0.458333 0.462500 0.466667 0.356250
7 0.297917 0.567187 0.297917 0.575000 0.295833 0.576563 0.293750 0.593750 0.366667 0.595312 0.370833 0.596875 0.368750 0.593750 0.368750 0.568750 0.362500 0.568750 0.360417 0.567187
7 0.189583 0.587500 0.177083 0.614062 0.183333 0.656250 0.202083 0.654688 0.210417 0.629687 0.225000 0.629687 0.216667 0.631250 0.206250 0.657812 0.212500 0.698438 0.283333 0.696875 0.295833 0.665625 0.297917 0.639063 0.302083 0.657812 0.345833 0.654688 0.358333 0.628125 0.354167 0.603125 0.295833 0.600000 0.289583 0.628125 0.277083 0.629687 0.279167 0.589063
7 0.260417 0.737500 0.237500 0.842188 0.416667 0.840625 0.410417 0.735937
8 0.662500 0.282813 0.641667 0.298438 0.633333 0.307813 0.629167 0.320312 0.629167 0.334375 0.643750 0.339063 0.641667 0.353125 0.645833 0.359375 0.645833 0.368750 0.660417 0.376563 0.677083 0.398438 0.679167 0.353125 0.685417 0.339063 0.685417 0.328125 0.681250 0.315625 0.681250 0.296875
8 0.504167 0.434375 0.497917 0.462500 0.493750 0.470313 0.495833 0.498437 0.497917 0.500000 0.497917 0.509375 0.510417 0.528125 0.522917 0.535937 0.525000 0.520312 0.527083 0.518750 0.531250 0.456250 0.533333 0.454688
8 0.529167 0.593750 0.502083 0.651563 0.504167 0.689062 0.518750 0.723437 0.522917 0.746875 0.547917 0.760938 0.577083 0.756250 0.585417 0.673437 0.566667 0.642187 0.547917 0.593750
8 0.612500 0.870313 0.722917 0.940625 0.722917 0.914062 0.741667 0.914062 0.747917 0.904688 0.739583 0.893750 0.741667 0.885938 0.747917 0.881250 0.789583 0.875000 0.804167 0.887500 0.812500 0.889063 0.810417 0.868750 0.822917 0.854688 0.764583 0.851562 0.731250 0.840625 0.637500 0.835938
8 0.787500 0.881250 0.745833 0.889063 0.754167 0.906250 0.754167 0.912500 0.745833 0.920313 0.731250 0.917188 0.725000 0.921875 0.735417 0.968750 0.835417 0.960938 0.818750 0.903125