1 0.989583 0.014062 0.016667 0.017188 0.016667 0.207813 0.162500 0.203125 0.208333 0.173438 0.212500 0.148438 0.304167 0.156250 0.337500 0.146875 0.341667 0.121875 0.983333 0.201562
1 0.070833 0.385938 0.110417 0.521875 0.145833 0.526563 0.118750 0.396875 0.150000 0.398438 0.120833 0.407813 0.152083 0.521875 0.516667 0.537500 0.558333 0.423438 0.150000 0.398438 0.554167 0.415625 0.564583 0.428125 0.558333 0.409375
1 0.564583 0.431250 0.527083 0.534375 0.585417 0.540625 0.625000 0.453125 0.572917 0.450000 0.564583 0.440625
1 0.143750 0.531250 0.110417 0.532812 0.087500 0.804688 0.125000 0.810938 0.147917 0.532812
1 0.156250 0.534375 0.133333 0.806250 0.497917 0.807813 0.514583 0.543750
1 0.525000 0.539062 0.508333 0.812500 0.577083 0.812500 0.585417 0.543750
1 0.612500 0.543750 0.595833 0.546875 0.581250 0.809375 0.600000 0.810938
1 0.497917 0.814062 0.125000 0.820312 0.083333 0.987500 0.518750 0.985937
1 0.118750 0.817187 0.085417 0.817187 0.027083 0.985937 0.072917 0.990625
1 0.508333 0.815625 0.527083 0.984375 0.556250 0.985937 0.564583 0.907812 0.579167 0.892187 0.595833 0.893750 0.575000 0.817187
2 0.670833 0.460938 0.620833 0.551562 0.608333 0.815625 0.627083 0.889063 0.660417 0.835938 0.702083 0.812500 0.806250 0.845312 0.839583 0.750000 0.860417 0.754687 0.868750 0.779688 0.935417 0.842188 0.985417 0.835938 0.991667 0.468750
4 0.987500 0.845312 0.933333 0.853125 0.841667 0.757812 0.806250 0.856250 0.708333 0.826563 0.672917 0.832812 0.652083 0.881250 0.689583 0.900000 0.695833 0.917188 0.647917 0.885938 0.633333 0.896875 0.577083 0.901563 0.566667 0.985937 0.785417 0.989062 0.766667 0.953125 0.700000 0.923437 0.727083 0.921875 0.770833 0.950000 0.789583 0.985937 0.989583 0.989062
6 0.347917 0.131250 0.337500 0.350000 0.572917 0.368750 0.575000 0.443750 0.989583 0.453125 0.985417 0.207813
7 0.337500 0.328125 0.335417 0.325000 0.327083 0.323438 0.312500 0.317187 0.327083 0.306250 0.327083 0.295312 0.318750 0.295312 0.318750 0.303125 0.316667 0.304688 0.316667 0.310937 0.314583 0.312500 0.289583 0.312500 0.287500 0.314063 0.277083 0.314063 0.291667 0.325000 0.310417 0.325000 0.312500 0.326562 0.333333 0.326562
7 0.150000 0.417188 0.175000 0.517187 0.241667 0.512500 0.500000 0.521875 0.520833 0.435937
7 0.172917 0.548437 0.158333 0.795313 0.195833 0.789062 0.475000 0.787500 0.491667 0.556250
7 0.147917 0.829687 0.106250 0.982813 0.491667 0.970312 0.475000 0.829687 0.177083 0.834375
8 0.341667 0.217187 0.343750 0.157813 0.314583 0.156250 0.312500 0.165625 0.245833 0.157813 0.227083 0.157813 0.216667 0.160938 0.229167 0.175000 0.312500 0.195312 0.325000 0.214062
8 0.018750 0.226562 0.020833 0.235938 0.104167 0.296875 0.314583 0.309375 0.312500 0.281250 0.327083 0.279687 0.333333 0.315625 0.337500 0.309375 0.337500 0.246875 0.322917 0.256250 0.312500 0.256250 0.306250 0.234375 0.295833 0.225000 0.202083 0.210938 0.081250 0.203125
8 0.810417 0.276563 0.722917 0.290625 0.735417 0.315625 0.722917 0.328125 0.729167 0.390625 0.741667 0.401563 0.743750 0.418750 0.756250 0.421875 0.775000 0.435937 0.775000 0.418750 0.789583 0.407813 0.806250 0.406250 0.814583 0.353125 0.818750 0.351562 0.818750 0.281250
8 0.706250 0.354688 0.706250 0.356250 0.704167 0.357812 0.704167 0.359375 0.702083 0.360938 0.702083 0.364062 0.697917 0.367188 0.697917 0.368750 0.693750 0.371875 0.693750 0.389062 0.695833 0.389062 0.704167 0.382812 0.704167 0.381250 0.714583 0.373437 0.712500 0.371875 0.712500 0.368750 0.710417 0.367188 0.710417 0.364062 0.708333 0.362500 0.708333 0.359375 0.706250 0.357812
8 0.595833 0.362500 0.591667 0.362500 0.585417 0.365625 0.585417 0.368750 0.583333 0.370313 0.583333 0.375000 0.581250 0.376563 0.581250 0.393750 0.579167 0.395312 0.579167 0.412500 0.577083 0.414062 0.577083 0.428125 0.587500 0.421875 0.595833 0.418750 0.595833 0.410937 0.600000 0.404687 0.600000 0.392188 0.597917 0.390625 0.597917 0.376563 0.595833 0.375000
8 0.629167 0.590625 0.627083 0.592188 0.627083 0.607813 0.625000 0.609375 0.625000 0.625000 0.633333 0.631250 0.633333 0.632812 0.633333 0.628125 0.635417 0.626562 0.635417 0.620313 0.637500 0.618750 0.637500 0.614062 0.639583 0.612500 0.639583 0.606250 0.641667 0.604688 0.641667 0.598437 0.637500 0.595312 0.635417 0.595312