1 0.014583 0.014062 0.018750 0.989062 0.379167 0.987500 0.387500 0.946875 0.695833 0.914062 0.681250 0.825000 0.527083 0.810938 0.518750 0.707812 0.304167 0.682813 0.314583 0.635938 0.366667 0.637500 0.339583 0.500000 0.372917 0.509375 0.395833 0.090625 0.543750 0.071875 0.472917 0.057813 0.462500 0.018750
2 0.785417 0.776563 0.791667 0.812500 0.779167 0.829687 0.806250 0.853125 0.812500 0.879687 0.806250 0.934375 0.779167 0.932813 0.768750 0.923437 0.756250 0.873438 0.747917 0.904688 0.712500 0.918750 0.785417 0.982813 0.987500 0.987500 0.985417 0.817187 0.945833 0.804688 0.866667 0.801562 0.841667 0.787500 0.804167 0.785937
3 0.550000 0.659375 0.550000 0.671875 0.562500 0.687500 0.547917 0.707812 0.560417 0.710938 0.556250 0.740625 0.564583 0.737500 0.577083 0.793750 0.562500 0.793750 0.552083 0.770312 0.554167 0.754687 0.541667 0.754687 0.541667 0.785937 0.575000 0.825000 0.614583 0.818750 0.779167 0.818750 0.775000 0.771875 0.716667 0.754687 0.706250 0.737500 0.668750 0.725000 0.658333 0.703125 0.641667 0.695312 0.639583 0.678125 0.593750 0.670313 0.575000 0.657812
4 0.639583 0.015625 0.572917 0.100000 0.583333 0.184375 0.612500 0.164062 0.560417 0.287500 0.525000 0.296875 0.579167 0.331250 0.543750 0.425000 0.597917 0.584375 0.581250 0.575000 0.577083 0.629687 0.539583 0.631250 0.641667 0.670313 0.720833 0.750000 0.985417 0.807813 0.985417 0.650000 0.902083 0.728125 0.922917 0.793750 0.885417 0.753125 0.983333 0.640625 0.985417 0.014062 0.706250 0.018750 0.679167 0.065625 0.697917 0.017188
4 0.556250 0.092188 0.404167 0.093750 0.370833 0.695312 0.435417 0.692187 0.445833 0.668750 0.537500 0.668750 0.558333 0.654688 0.497917 0.601562 0.504167 0.475000 0.472917 0.495313 0.460417 0.485938 0.447917 0.381250 0.504167 0.370313 0.535417 0.331250 0.514583 0.296875 0.452083 0.296875 0.483333 0.135937 0.531250 0.118750
7 0.483333 0.032812 0.477083 0.051562 0.493750 0.053125 0.495833 0.054688 0.506250 0.054688 0.508333 0.056250 0.516667 0.056250 0.518750 0.057813 0.527083 0.057813 0.539583 0.060938 0.550000 0.060938 0.552083 0.062500 0.560417 0.062500 0.572917 0.065625 0.572917 0.057813 0.577083 0.048437 0.577083 0.039062 0.558333 0.039062 0.556250 0.037500 0.539583 0.037500 0.537500 0.035937
7 0.068750 0.237500 0.056250 0.515625 0.229167 0.512500 0.231250 0.248437 0.225000 0.243750
7 0.370833 0.493750 0.366667 0.493750 0.364583 0.495313 0.360417 0.495313 0.358333 0.496875 0.341667 0.500000 0.341667 0.550000 0.372917 0.550000 0.377083 0.551562 0.375000 0.548437 0.375000 0.531250 0.372917 0.529688 0.372917 0.510938 0.370833 0.509375
7 0.445833 0.671875 0.441667 0.698438 0.543750 0.698438 0.545833 0.700000 0.556250 0.700000 0.556250 0.695312 0.560417 0.687500 0.558333 0.685938 0.558333 0.678125 0.550000 0.673437 0.539583 0.673437 0.537500 0.671875
8 0.581250 0.112500 0.545833 0.109375 0.533333 0.120312 0.491667 0.137500 0.454167 0.293750 0.537500 0.290625 0.562500 0.225000 0.577083 0.204688 0.577083 0.182812 0.587500 0.146875
8 0.570833 0.318750 0.537500 0.335938 0.508333 0.376563 0.452083 0.382812 0.460417 0.471875 0.475000 0.490625 0.508333 0.470313 0.506250 0.450000 0.533333 0.432813 0.547917 0.364062 0.575000 0.339063
8 0.535417 0.437500 0.512500 0.450000 0.508333 0.564062 0.502083 0.598437 0.522917 0.625000 0.572917 0.628125 0.570833 0.582812 0.575000 0.560938 0.545833 0.489062
8 0.527083 0.706250 0.527083 0.746875 0.529167 0.748438 0.529167 0.751562 0.554167 0.751562 0.554167 0.748438 0.552083 0.746875 0.552083 0.712500 0.547917 0.709375 0.543750 0.709375 0.541667 0.707812 0.535417 0.707812 0.533333 0.706250
8 0.566667 0.743750 0.558333 0.750000 0.558333 0.759375 0.560417 0.760938 0.560417 0.770312 0.562500 0.771875 0.562500 0.779688 0.564583 0.781250 0.564583 0.790625 0.572917 0.790625 0.570833 0.789062 0.570833 0.773438 0.568750 0.771875 0.568750 0.757812 0.566667 0.756250