1 0.364583 0.015625 0.245833 0.014062 0.235417 0.078125 0.041667 0.051562 0.043750 0.014062 0.012500 0.010937 0.014583 0.695312 0.122917 0.695312 0.106250 0.410937 0.295833 0.412500 0.275000 0.407813 0.279167 0.378125 0.343750 0.385938 0.379167 0.362500 0.352083 0.309375 0.360417 0.239063 0.333333 0.225000
1 0.308333 0.695312 0.018750 0.703125 0.014583 0.987500 0.350000 0.987500 0.341667 0.931250 0.352083 0.920313 0.325000 0.871875 0.308333 0.870313 0.289583 0.839063 0.291667 0.789062 0.310417 0.757812 0.339583 0.740625
2 0.916667 0.014062 0.783333 0.329688 0.735417 0.362500 0.677083 0.362500 0.637500 0.443750 0.656250 0.484375 0.622917 0.520312 0.841667 0.887500 0.895833 0.884375 0.914583 0.914062 0.887500 0.939062 0.822917 0.943750 0.779167 0.985937 0.987500 0.990625 0.989583 0.014062
3 0.414583 0.289062 0.404167 0.357812 0.397917 0.364062 0.385417 0.357812 0.393750 0.375000 0.427083 0.370313 0.427083 0.421875 0.391667 0.439063 0.402083 0.478125 0.414583 0.479688 0.416667 0.470313 0.489583 0.470313 0.620833 0.457812 0.664583 0.356250 0.554167 0.354688 0.502083 0.359375 0.477083 0.370313
4 0.110417 0.414062 0.127083 0.695312 0.312500 0.685938 0.233333 0.614062 0.222917 0.579687 0.254167 0.557813 0.293750 0.559375 0.306250 0.528125 0.329167 0.528125 0.345833 0.546875 0.358333 0.546875 0.368750 0.460938 0.389583 0.457812 0.383333 0.439063 0.304167 0.420312
4 0.377083 0.462500 0.377083 0.637500 0.364583 0.703125 0.335417 0.703125 0.356250 0.742188 0.297917 0.798437 0.297917 0.837500 0.333333 0.862500 0.364583 0.917188 0.347917 0.934375 0.354167 0.985937 0.768750 0.987500 0.820833 0.935938 0.877083 0.931250 0.902083 0.907812 0.893750 0.893750 0.827083 0.896875 0.843750 0.878125 0.577083 0.475000 0.400000 0.484375
5 0.891667 0.014062 0.652083 0.015625 0.612500 0.129688 0.591667 0.128125 0.616667 0.146875 0.618750 0.198437 0.737500 0.206250 0.760417 0.226562 0.637500 0.234375 0.616667 0.218750 0.600000 0.232812 0.443750 0.264062 0.408333 0.232812 0.402083 0.256250 0.472917 0.362500 0.545833 0.350000 0.737500 0.356250 0.762500 0.346875 0.775000 0.321875 0.758333 0.310937
5 0.460417 0.015625 0.383333 0.015625 0.370833 0.045313 0.364583 0.150000 0.345833 0.176563 0.341667 0.231250 0.375000 0.231250 0.383333 0.237500 0.381250 0.203125 0.391667 0.192188 0.385417 0.167187 0.408333 0.153125 0.420833 0.135937 0.518750 0.123438 0.437500 0.118750 0.435417 0.103125 0.450000 0.085938
7 0.050000 0.014062 0.050000 0.048437 0.225000 0.068750 0.227083 0.014062 0.129167 0.010937 0.052083 0.010937
7 0.283333 0.384375 0.283333 0.407813 0.337500 0.407813 0.339583 0.409375 0.345833 0.409375 0.345833 0.396875 0.347917 0.395312 0.337500 0.387500 0.318750 0.387500 0.316667 0.385938 0.300000 0.385938 0.297917 0.384375
8 0.466667 0.017188 0.454167 0.090625 0.443750 0.106250 0.447917 0.117188 0.554167 0.118750 0.593750 0.115625 0.612500 0.123438 0.650000 0.043750 0.645833 0.015625
8 0.385417 0.215625 0.395833 0.251563 0.404167 0.232812 0.412500 0.229687 0.456250 0.256250 0.527083 0.232812 0.602083 0.228125 0.618750 0.214062 0.637500 0.220313 0.747917 0.223438 0.735417 0.214062 0.625000 0.210938 0.612500 0.201562 0.610417 0.143750 0.558333 0.125000 0.422917 0.142188 0.416667 0.156250 0.393750 0.168750 0.395833 0.200000
8 0.366667 0.368750 0.364583 0.370313 0.362500 0.370313 0.350000 0.379687 0.350000 0.390625 0.352083 0.392188 0.352083 0.406250 0.360417 0.406250 0.362500 0.407813 0.375000 0.407813 0.377083 0.409375 0.381250 0.406250 0.387500 0.404687 0.389583 0.400000 0.393750 0.396875 0.393750 0.382812 0.391667 0.381250 0.391667 0.379687 0.381250 0.371875 0.379167 0.371875 0.372917 0.368750
8 0.418750 0.373437 0.414583 0.373437 0.402083 0.378125 0.410417 0.378125 0.414583 0.381250 0.414583 0.401563 0.412500 0.403125 0.410417 0.401563 0.410417 0.382812 0.402083 0.382812 0.400000 0.385938 0.400000 0.403125 0.410417 0.403125 0.412500 0.404687 0.406250 0.407813 0.402083 0.407813 0.402083 0.421875 0.406250 0.421875 0.418750 0.417188
8 0.314583 0.414062 0.314583 0.418750 0.320833 0.418750 0.325000 0.421875 0.327083 0.421875 0.333333 0.426562 0.377083 0.426562 0.377083 0.425000 0.381250 0.421875 0.381250 0.418750 0.379167 0.418750 0.375000 0.415625 0.372917 0.415625 0.366667 0.412500 0.347917 0.412500 0.345833 0.410937 0.322917 0.410937 0.320833 0.412500 0.316667 0.412500
8 0.327083 0.532812 0.312500 0.535937 0.304167 0.543750 0.308333 0.571875 0.295833 0.571875 0.275000 0.562500 0.256250 0.562500 0.235417 0.576563 0.229167 0.585938 0.229167 0.601562 0.243750 0.620313 0.327083 0.693750 0.354167 0.698438 0.358333 0.696875 0.358333 0.657812 0.347917 0.631250 0.356250 0.634375 0.358333 0.643750 0.366667 0.642187 0.375000 0.596875 0.366667 0.581250 0.364583 0.559375 0.343750 0.556250 0.333333 0.534375