1 0.604167 0.146875 0.020833 0.062500 0.014583 0.989062 0.056250 0.987500 0.070833 0.900000 0.247917 0.881250 0.250000 0.845312 0.345833 0.820312 0.325000 0.698438 0.293750 0.693750 0.327083 0.414062 0.312500 0.276563 0.366667 0.281250 0.389583 0.204688 0.485417 0.176563 0.595833 0.246875
2 0.981250 0.068750 0.656250 0.145313 0.647917 0.246875 0.808333 0.260938 0.835417 0.306250 0.806250 0.331250 0.758333 0.751562 0.720833 0.790625 0.658333 0.801562 0.641667 0.860937 0.668750 0.917188 0.660417 0.985937 0.987500 0.985937
3 0.375000 0.731250 0.381250 0.810938 0.362500 0.815625 0.372917 0.835938 0.379167 0.828125 0.402083 0.825000 0.408333 0.882812 0.364583 0.898438 0.389583 0.948438 0.633333 0.890625 0.639583 0.793750 0.527083 0.810938 0.447917 0.831250
4 0.364583 0.909375 0.345833 0.893750 0.308333 0.900000 0.289583 0.895312 0.285417 0.884375 0.072917 0.907812 0.066667 0.912500 0.068750 0.987500 0.350000 0.984375 0.345833 0.921875
4 0.354167 0.923437 0.354167 0.985937 0.641667 0.985937 0.564583 0.917188 0.410417 0.945312 0.406250 0.954687 0.387500 0.956250 0.364583 0.917188
5 0.806250 0.275000 0.583333 0.256250 0.527083 0.221875 0.468750 0.232812 0.452083 0.323438 0.527083 0.387500 0.462500 0.409375 0.406250 0.387500 0.375000 0.287500 0.322917 0.284375 0.339583 0.403125 0.306250 0.692187 0.410417 0.590625 0.377083 0.579687 0.381250 0.446875 0.406250 0.432813 0.518750 0.432813 0.564583 0.457812 0.564583 0.645312 0.706250 0.651563 0.412500 0.725000 0.368750 0.704687 0.445833 0.825000 0.743750 0.770312
7 0.025000 0.240625 0.027083 0.571875 0.189583 0.571875 0.200000 0.257812
7 0.325000 0.846875 0.291667 0.848437 0.289583 0.850000 0.275000 0.850000 0.272917 0.851562 0.256250 0.851562 0.256250 0.876562 0.258333 0.879687 0.260417 0.878125 0.287500 0.878125 0.293750 0.873438 0.300000 0.873438 0.300000 0.871875 0.304167 0.868750 0.322917 0.867188 0.322917 0.848437
8 0.495833 0.182812 0.454167 0.198437 0.404167 0.203125 0.391667 0.218750 0.385417 0.250000 0.377083 0.256250 0.379167 0.318750 0.408333 0.381250 0.433333 0.396875 0.447917 0.396875 0.462500 0.404687 0.483333 0.403125 0.516667 0.385938 0.477083 0.360938 0.450000 0.326562 0.458333 0.275000 0.450000 0.240625 0.468750 0.226562 0.518750 0.217187 0.491667 0.217187 0.508333 0.195312
8 0.404167 0.439063 0.391667 0.446875 0.400000 0.450000 0.406250 0.493750 0.404167 0.528125 0.383333 0.578125 0.389583 0.584375 0.487500 0.581250 0.556250 0.601562 0.552083 0.570312 0.558333 0.460938 0.522917 0.443750 0.464583 0.448438 0.450000 0.442187
8 0.341667 0.685938 0.358333 0.700000 0.381250 0.700000 0.414583 0.720312 0.510417 0.687500 0.587500 0.682813 0.610417 0.670313 0.693750 0.662500 0.693750 0.654688 0.577083 0.657812 0.558333 0.651563 0.550000 0.604688 0.497917 0.589063 0.450000 0.589063 0.410417 0.596875 0.360417 0.623438 0.341667 0.646875 0.350000 0.667188
8 0.337500 0.693750 0.335417 0.696875 0.335417 0.725000 0.331250 0.729688 0.331250 0.757812 0.335417 0.765625 0.347917 0.778125 0.350000 0.782812 0.356250 0.785937 0.364583 0.781250 0.364583 0.732813 0.366667 0.731250 0.366667 0.723437 0.370833 0.718750 0.364583 0.709375 0.360417 0.710938 0.347917 0.710938 0.341667 0.707812 0.337500 0.703125
8 0.339583 0.825000 0.333333 0.829687 0.333333 0.831250 0.329167 0.835938 0.329167 0.867188 0.331250 0.865625 0.366667 0.865625 0.368750 0.864062 0.368750 0.860937 0.372917 0.856250 0.370833 0.854688 0.370833 0.851562 0.368750 0.850000 0.368750 0.846875 0.366667 0.845312 0.366667 0.840625 0.364583 0.839063 0.364583 0.835938 0.362500 0.834375 0.360417 0.826563 0.358333 0.825000
8 0.377083 0.876562 0.372917 0.873438 0.366667 0.878125 0.364583 0.876562 0.364583 0.873438 0.366667 0.871875 0.364583 0.868750 0.345833 0.868750 0.343750 0.870313 0.308333 0.871875 0.297917 0.879687 0.295833 0.878125 0.291667 0.881250 0.291667 0.887500 0.295833 0.890625 0.297917 0.889063 0.329167 0.890625 0.339583 0.887500 0.356250 0.887500 0.360417 0.882812 0.362500 0.884375 0.360417 0.887500 0.360417 0.895312 0.364583 0.895312 0.377083 0.885938