1 0.985417 0.950000 0.777083 0.960938 0.708333 0.918750 0.654167 0.906250 0.422917 0.925000 0.408333 0.937500 0.341667 0.929688 0.022917 0.951563 0.016667 0.985937 0.985417 0.985937
2 0.943750 0.010937 0.600000 0.015625 0.610417 0.034375 0.589583 0.071875 0.614583 0.137500 0.633333 0.143750 0.631250 0.171875 0.658333 0.251563 0.614583 0.317187 0.647917 0.350000 0.643750 0.368750 0.733333 0.259375 0.793750 0.223438
4 0.991667 0.010937 0.954167 0.015625 0.810417 0.225000 0.647917 0.376563 0.570833 0.410937 0.560417 0.442187 0.595833 0.473437 0.535417 0.521875 0.539583 0.617188 0.612500 0.656250 0.570833 0.771875 0.604167 0.853125 0.556250 0.864062 0.658333 0.876562 0.783333 0.950000 0.889583 0.943750 0.831250 0.901563 0.920833 0.943750 0.975000 0.931250
4 0.368750 0.520312 0.191667 0.721875 0.229167 0.773438 0.131250 0.779688 0.127083 0.860937 0.302083 0.848437 0.395833 0.934375 0.416667 0.910937 0.662500 0.890625 0.543750 0.867188 0.477083 0.881250 0.445833 0.845312 0.420833 0.723437 0.345833 0.731250 0.383333 0.596875 0.364583 0.550000 0.381250 0.526563
6 0.012500 0.010937 0.012500 0.190625 0.043750 0.196875 0.179167 0.326562 0.187500 0.314063 0.291667 0.307813 0.383333 0.331250 0.602083 0.315625 0.650000 0.256250 0.622917 0.146875 0.466667 0.118750 0.483333 0.070312 0.575000 0.076563 0.587500 0.015625 0.172917 0.010937 0.172917 0.170312 0.116667 0.187500 0.058333 0.078125 0.068750 0.014062 0.125000 0.010937
8 0.170833 0.010937 0.070833 0.014062 0.068750 0.020312 0.075000 0.025000 0.072917 0.031250 0.068750 0.031250 0.072917 0.078125 0.060417 0.078125 0.066667 0.115625 0.077083 0.120312 0.079167 0.139062 0.091667 0.146875 0.102083 0.173438 0.116667 0.185937 0.147917 0.181250 0.158333 0.171875 0.170833 0.170312
8 0.197917 0.037500 0.195833 0.101562 0.202083 0.115625 0.204167 0.145313 0.270833 0.153125 0.272917 0.085938 0.266667 0.048437 0.227083 0.035937 0.210417 0.039062
8 0.312500 0.035937 0.297917 0.040625 0.293750 0.082813 0.300000 0.093750 0.293750 0.101562 0.297917 0.153125 0.341667 0.164062 0.350000 0.145313 0.368750 0.146875 0.354167 0.151562 0.341667 0.181250 0.347917 0.185937 0.347917 0.212500 0.362500 0.220313 0.377083 0.218750 0.397917 0.204688 0.404167 0.181250 0.397917 0.153125 0.366667 0.145313 0.366667 0.084375 0.375000 0.075000 0.372917 0.068750 0.358333 0.056250
8 0.485417 0.078125 0.483333 0.104687 0.472917 0.117188 0.602083 0.132812 0.593750 0.115625 0.593750 0.100000 0.583333 0.079687 0.520833 0.079687 0.508333 0.084375 0.489583 0.076563
8 0.368750 0.226562 0.366667 0.228125 0.364583 0.228125 0.350000 0.239063 0.350000 0.240625 0.347917 0.242188 0.347917 0.254687 0.362500 0.254687 0.364583 0.256250 0.383333 0.256250 0.385417 0.257812 0.385417 0.254687 0.387500 0.253125 0.387500 0.250000 0.389583 0.248437 0.389583 0.245312 0.393750 0.240625 0.391667 0.239063 0.391667 0.229687 0.389583 0.228125 0.377083 0.228125 0.375000 0.226562
8 0.277083 0.335938 0.287500 0.350000 0.270833 0.350000 0.270833 0.367188 0.291667 0.371875 0.293750 0.462500 0.318750 0.457812 0.329167 0.465625 0.454167 0.464063 0.483333 0.479688 0.506250 0.479688 0.514583 0.467187 0.533333 0.467187 0.541667 0.476562 0.591667 0.471875 0.552083 0.434375 0.562500 0.409375 0.585417 0.390625 0.627083 0.384375 0.635417 0.345313 0.610417 0.326562 0.570833 0.318750 0.460417 0.318750 0.441667 0.335938 0.443750 0.343750 0.425000 0.345313 0.418750 0.354688 0.402083 0.353125 0.383333 0.339063 0.302083 0.331250 0.295833 0.312500
8 0.502083 0.496875 0.516667 0.509375 0.516667 0.510938 0.527083 0.510938 0.529167 0.512500 0.531250 0.510938 0.541667 0.510938 0.547917 0.507812 0.552083 0.507812 0.552083 0.506250 0.585417 0.478125 0.564583 0.478125 0.552083 0.482812 0.541667 0.482812 0.533333 0.471875 0.529167 0.470313 0.518750 0.470313 0.516667 0.471875 0.516667 0.475000 0.518750 0.476562 0.504167 0.487500 0.502083 0.490625
8 0.385417 0.531250 0.387500 0.604688 0.352083 0.726562 0.427083 0.712500 0.456250 0.848437 0.483333 0.879687 0.506250 0.859375 0.591667 0.853125 0.575000 0.832812 0.564583 0.776563 0.545833 0.765625 0.581250 0.765625 0.606250 0.660937 0.566667 0.626562 0.547917 0.626562 0.537500 0.637500 0.527083 0.531250 0.454167 0.546875