1 0.329167 0.506250 0.243750 0.503125 0.187500 0.532812 0.160417 0.568750 0.018750 0.571875 0.014583 0.984375 0.408333 0.985937 0.379167 0.912500 0.385417 0.868750 0.320833 0.871875 0.287500 0.898438 0.152083 0.768750 0.045833 0.778125 0.029167 0.746875 0.041667 0.701563 0.075000 0.695312 0.064583 0.640625 0.291667 0.506250
2 0.558333 0.015625 0.679167 0.039062 0.681250 0.159375 0.729167 0.185937 0.672917 0.365625 0.635417 0.353125 0.525000 0.387500 0.627083 0.487500 0.637500 0.585938 0.664583 0.626562 0.700000 0.635938 0.754167 0.728125 0.735417 0.807813 0.812500 0.881250 0.847917 0.750000 0.952083 0.684375 0.985417 0.490625 0.985417 0.025000
3 0.016667 0.014062 0.016667 0.346875 0.616667 0.364062 0.618750 0.346875 0.589583 0.362500 0.543750 0.356250 0.535417 0.312500 0.562500 0.342187 0.522917 0.285937 0.514583 0.346875 0.466667 0.345313 0.477083 0.228125 0.579167 0.143750 0.575000 0.068750 0.656250 0.076563 0.625000 0.154687 0.597917 0.154687 0.664583 0.160938 0.689583 0.068750 0.187500 0.014062
4 0.945833 0.700000 0.858333 0.759375 0.858333 0.800000 0.820833 0.856250 0.810417 0.907812 0.752083 0.935938 0.739583 0.984375 0.987500 0.989062 0.987500 0.950000 0.920833 0.904688 0.947917 0.746875
6 0.750000 0.734375 0.691667 0.640625 0.539583 0.634375 0.550000 0.585938 0.627083 0.582812 0.637500 0.553125 0.602083 0.498437 0.445833 0.495313 0.456250 0.546875 0.439583 0.573438 0.412500 0.565625 0.397917 0.576563 0.358333 0.543750 0.364583 0.523438 0.289583 0.515625 0.087500 0.637500 0.095833 0.704687 0.050000 0.704687 0.037500 0.745313 0.047917 0.767187 0.154167 0.757812 0.289583 0.881250 0.306250 0.857813 0.560417 0.843750 0.575000 0.823438 0.718750 0.809375
7 0.156250 0.039062 0.156250 0.087500 0.172917 0.089062 0.175000 0.090625 0.183333 0.090625 0.185417 0.092188 0.193750 0.092188 0.195833 0.093750 0.193750 0.090625 0.193750 0.064062 0.191667 0.062500 0.191667 0.040625 0.187500 0.039062
7 0.216667 0.037500 0.222917 0.085938 0.241667 0.100000 0.266667 0.109375 0.266667 0.123438 0.256250 0.121875 0.241667 0.137500 0.239583 0.159375 0.256250 0.185937 0.268750 0.195312 0.295833 0.195312 0.289583 0.053125
7 0.231250 0.210938 0.231250 0.240625 0.233333 0.242188 0.233333 0.245312 0.243750 0.245312 0.245833 0.246875 0.245833 0.242188 0.247917 0.240625 0.254167 0.240625 0.256250 0.242188 0.266667 0.242188 0.268750 0.243750 0.289583 0.245312 0.291667 0.246875 0.291667 0.218750 0.293750 0.215625 0.289583 0.214062 0.270833 0.214062 0.268750 0.212500
7 0.291667 0.250000 0.250000 0.245312 0.247917 0.267188 0.264583 0.271875 0.262500 0.273438 0.241667 0.268750 0.237500 0.254687 0.220833 0.254687 0.222917 0.320312 0.247917 0.320312 0.252083 0.314063 0.266667 0.307813 0.272917 0.307813 0.277083 0.303125 0.283333 0.303125 0.287500 0.307813 0.285417 0.279687 0.287500 0.278125 0.293750 0.279687
7 0.091667 0.484375 0.614583 0.490625 0.566667 0.435937 0.112500 0.437500
8 0.352083 0.048437 0.347917 0.054688 0.339583 0.057813 0.333333 0.064062 0.333333 0.079687 0.350000 0.092188 0.350000 0.101562 0.358333 0.096875 0.362500 0.096875 0.364583 0.095312 0.389583 0.095312 0.389583 0.060938 0.375000 0.054688 0.370833 0.054688 0.356250 0.048437
8 0.418750 0.053125 0.416667 0.070312 0.425000 0.085938 0.414583 0.096875 0.404167 0.101562 0.408333 0.193750 0.416667 0.206250 0.468750 0.212500 0.477083 0.121875 0.470833 0.092188 0.477083 0.084375 0.485417 0.084375 0.483333 0.060938
8 0.500000 0.060938 0.481250 0.206250 0.506250 0.209375 0.535417 0.181250 0.550000 0.067188
8 0.577083 0.068750 0.566667 0.143750 0.572917 0.137500 0.581250 0.143750 0.491667 0.229687 0.566667 0.342187 0.633333 0.342187 0.660417 0.353125 0.668750 0.295312 0.681250 0.293750 0.706250 0.189063 0.677083 0.170312 0.606250 0.164062 0.593750 0.154687 0.622917 0.154687 0.627083 0.129688 0.652083 0.114063 0.654167 0.076563
8 0.333333 0.095312 0.322917 0.118750 0.327083 0.129688 0.320833 0.189063 0.329167 0.189063 0.325000 0.184375 0.325000 0.173438 0.337500 0.160938 0.339583 0.151562 0.352083 0.153125 0.345833 0.154687 0.345833 0.164062 0.331250 0.171875 0.331250 0.184375 0.335417 0.190625 0.347917 0.193750 0.347917 0.201562 0.358333 0.203125 0.383333 0.195312 0.383333 0.165625 0.372917 0.160938 0.381250 0.160938 0.387500 0.101562 0.360417 0.101562 0.343750 0.107813 0.341667 0.095312
8 0.139583 0.206250 0.158333 0.220313 0.177083 0.220313 0.179167 0.221875 0.200000 0.221875 0.202083 0.223438 0.204167 0.223438 0.202083 0.221875 0.202083 0.215625 0.200000 0.214062 0.200000 0.209375 0.197917 0.209375 0.195833 0.207813 0.166667 0.207813 0.164583 0.206250
8 0.347917 0.218750 0.347917 0.250000 0.341667 0.251563 0.335417 0.246875 0.331250 0.240625 0.331250 0.234375 0.339583 0.229687 0.339583 0.225000 0.329167 0.232812 0.329167 0.242188 0.343750 0.253125 0.343750 0.259375 0.345833 0.260938 0.358333 0.257812 0.379167 0.256250 0.379167 0.223438 0.381250 0.220313 0.377083 0.218750
8 0.410417 0.225000 0.408333 0.239063 0.402083 0.243750 0.404167 0.270312 0.397917 0.309375 0.404167 0.312500 0.406250 0.320312 0.402083 0.323438 0.402083 0.339063 0.445833 0.339063 0.445833 0.326562 0.450000 0.321875 0.450000 0.295312 0.460417 0.295312 0.462500 0.248437 0.452083 0.245312 0.462500 0.242188 0.464583 0.228125
8 0.479167 0.228125 0.468750 0.345313 0.512500 0.346875 0.520833 0.282813 0.487500 0.232812
8 0.343750 0.300000 0.343750 0.303125 0.341667 0.304688 0.341667 0.309375 0.339583 0.310937 0.339583 0.345313 0.341667 0.345313 0.347917 0.342187 0.360417 0.342187 0.362500 0.340625 0.372917 0.340625 0.372917 0.314063 0.375000 0.312500 0.370833 0.309375 0.364583 0.307813 0.360417 0.304688 0.358333 0.304688 0.347917 0.300000
8 0.537500 0.312500 0.537500 0.320312 0.535417 0.321875 0.535417 0.329688 0.533333 0.331250 0.533333 0.340625 0.543750 0.351562 0.545833 0.356250 0.558333 0.356250 0.560417 0.357812 0.572917 0.357812 0.575000 0.359375 0.587500 0.359375 0.589583 0.360938 0.591667 0.346875 0.589583 0.345313 0.562500 0.345313
8 0.445833 0.529688 0.437500 0.518750 0.425000 0.529688 0.408333 0.535937 0.402083 0.529688 0.402083 0.525000 0.418750 0.521875 0.375000 0.521875 0.368750 0.523438 0.372917 0.528125 0.381250 0.525000 0.387500 0.526563 0.379167 0.534375 0.370833 0.539062 0.366667 0.539062 0.366667 0.548437 0.377083 0.556250 0.389583 0.554688 0.395833 0.568750 0.410417 0.562500 0.420833 0.564062 0.443750 0.560938 0.447917 0.539062
8 0.070833 0.557813 0.072917 0.559375 0.075000 0.557813 0.097917 0.557813 0.100000 0.556250 0.122917 0.556250 0.125000 0.554688 0.154167 0.554688 0.150000 0.554688 0.147917 0.553125 0.147917 0.551562 0.077083 0.551562 0.075000 0.553125 0.070833 0.553125
8 0.393750 0.589063 0.379167 0.596875 0.385417 0.615625 0.385417 0.635938 0.393750 0.690625 0.395833 0.692187 0.431250 0.690625 0.435417 0.676562 0.443750 0.670313 0.456250 0.667188 0.458333 0.664062 0.447917 0.621875 0.447917 0.612500 0.454167 0.607813 0.406250 0.589063
8 0.658333 0.631250 0.629167 0.587500 0.572917 0.592188 0.566667 0.595312 0.560417 0.595312 0.554167 0.590625 0.547917 0.593750 0.545833 0.598437 0.545833 0.632812 0.579167 0.634375 0.581250 0.632812
8 0.277083 0.590625 0.202083 0.592188 0.189583 0.601562 0.187500 0.640625 0.191667 0.654688 0.185417 0.659375 0.187500 0.696875 0.200000 0.700000 0.200000 0.707812 0.208333 0.712500 0.212500 0.723437 0.225000 0.737500 0.237500 0.743750 0.241667 0.751562 0.239583 0.735937 0.279167 0.720312
8 0.314583 0.601562 0.300000 0.610937 0.302083 0.615625 0.300000 0.617188 0.300000 0.646875 0.302083 0.648438 0.302083 0.670313 0.306250 0.695312 0.308333 0.696875 0.310417 0.695312 0.368750 0.693750 0.366667 0.692187 0.358333 0.604688
8 0.447917 0.676562 0.443750 0.679688 0.443750 0.707812 0.445833 0.709375 0.445833 0.718750 0.447917 0.721875 0.454167 0.725000 0.466667 0.725000 0.468750 0.726562 0.475000 0.726562 0.477083 0.728125 0.479167 0.726562 0.495833 0.723437 0.495833 0.704687 0.493750 0.703125 0.491667 0.687500 0.489583 0.685938 0.489583 0.681250 0.485417 0.676562
8 0.770833 0.837500 0.737500 0.820312 0.697917 0.814062 0.579167 0.828125 0.564583 0.840625 0.560417 0.862500 0.543750 0.873438 0.522917 0.876562 0.510417 0.862500 0.420833 0.867188 0.416667 0.909375 0.406250 0.898438 0.387500 0.901563 0.393750 0.912500 0.410417 0.917188 0.416667 0.985937 0.729167 0.987500 0.733333 0.951563 0.787500 0.906250 0.762500 0.865625 0.762500 0.854688 0.775000 0.853125