1 0.014583 0.014062 0.014583 0.078125 0.758333 0.171875 0.760417 0.157813 0.218750 0.085938 0.222917 0.014062
1 0.518750 0.015625 0.791667 0.053125 0.795833 0.025000 0.712500 0.015625
1 0.012500 0.087500 0.014583 0.173438 0.072917 0.181250 0.070833 0.318750 0.104167 0.237500 0.110417 0.171875 0.652083 0.232812 0.662500 0.175000
1 0.016667 0.360938 0.014583 0.906250 0.335417 0.879687 0.341667 0.825000 0.435417 0.809375 0.470833 0.607813 0.510417 0.548437 0.589583 0.498437 0.606250 0.423438 0.154167 0.403125 0.110417 0.414062 0.097917 0.356250
1 0.335417 0.884375 0.014583 0.910937 0.014583 0.990625 0.352083 0.987500 0.350000 0.975000 0.272917 0.987500 0.260417 0.984375 0.260417 0.946875 0.341667 0.939062 0.329167 0.896875
2 0.827083 0.015625 0.806250 0.056250 0.843750 0.067188 0.802083 0.171875 0.770833 0.160938 0.766667 0.181250 0.670833 0.179688 0.658333 0.232812 0.725000 0.245312 0.710417 0.260938 0.660417 0.256250 0.631250 0.396875 0.689583 0.417188 0.612500 0.426562 0.593750 0.492188 0.702083 0.501562 0.704167 0.525000 0.795833 0.525000 0.795833 0.546875 0.743750 0.551562 0.987500 0.714063 0.989583 0.018750 0.914583 0.032812
3 0.108333 0.181250 0.112500 0.407813 0.116667 0.398438 0.679167 0.418750 0.620833 0.398438 0.654167 0.253125 0.710417 0.253125 0.718750 0.242188
3 0.345833 0.831250 0.339583 0.904688 0.343750 0.939062 0.360417 0.943750 0.366667 0.960938 0.360417 0.989062 0.412500 0.989062 0.425000 0.910937 0.404167 0.912500 0.400000 0.909375 0.379167 0.829687
4 0.587500 0.500000 0.516667 0.551562 0.483333 0.606250 0.418750 0.987500 0.989583 0.989062 0.985417 0.723437 0.737500 0.551562 0.787500 0.543750 0.785417 0.534375 0.695833 0.528125 0.691667 0.503125
7 0.227083 0.017188 0.225000 0.081250 0.797917 0.160938 0.833333 0.070312 0.504167 0.015625
7 0.014583 0.179688 0.014583 0.356250 0.062500 0.362500 0.062500 0.184375
7 0.016667 0.426562 0.022917 0.712500 0.322917 0.701563 0.356250 0.437500
7 0.439583 0.812500 0.383333 0.825000 0.408333 0.907812 0.427083 0.907812 0.433333 0.845312 0.435417 0.843750 0.435417 0.829687 0.437500 0.828125 0.437500 0.814062
7 0.356250 0.943750 0.341667 0.943750 0.339583 0.945312 0.329167 0.945312 0.327083 0.946875 0.316667 0.946875 0.314583 0.948438 0.304167 0.948438 0.302083 0.950000 0.266667 0.953125 0.266667 0.979688 0.283333 0.978125 0.291667 0.975000 0.314583 0.971875 0.331250 0.967188 0.339583 0.967188 0.343750 0.970312 0.356250 0.970312 0.358333 0.968750 0.358333 0.962500 0.356250 0.960938