2 0.989583 0.015625 0.868750 0.020312 0.814583 0.428125 0.779167 0.440625 0.645833 0.450000 0.727083 0.503125 0.900000 0.512500 0.875000 0.396875 0.927083 0.368750 0.985417 0.382812
3 0.239583 0.529688 0.516667 0.535937 0.587500 0.482812 0.579167 0.445312 0.250000 0.418750
3 0.522917 0.664062 0.525000 0.709375 0.589583 0.715625 0.600000 0.728125 0.608333 0.892187 0.704167 0.973437 0.802083 0.987500 0.837500 0.954687 0.860417 0.896875 0.891667 0.885938 0.906250 0.906250 0.891667 0.951563 0.912500 0.989062 0.987500 0.989062 0.981250 0.737500 0.856250 0.723437 0.685417 0.654688
3 0.366667 0.814062 0.300000 0.710938 0.016667 0.731250 0.018750 0.843750
4 0.612500 0.015625 0.608333 0.035937 0.570833 0.057813 0.614583 0.054688 0.622917 0.229687 0.583333 0.240625 0.572917 0.259375 0.581250 0.306250 0.547917 0.360938 0.616667 0.417188 0.539583 0.432813 0.779167 0.434375 0.804167 0.428125 0.866667 0.015625
7 0.050000 0.426562 0.043750 0.521875 0.108333 0.526563 0.125000 0.431250
7 0.014583 0.526563 0.014583 0.721875 0.504167 0.706250 0.520833 0.653125 0.681250 0.632812 0.672917 0.546875
8 0.162500 0.015625 0.162500 0.110937 0.229167 0.231250 0.302083 0.314063 0.443750 0.426562 0.604167 0.415625 0.535417 0.348437 0.545833 0.309375 0.575000 0.300000 0.562500 0.260938 0.587500 0.226562 0.614583 0.228125 0.608333 0.189063 0.483333 0.184375 0.437500 0.084375 0.429167 0.037500 0.468750 0.035937 0.500000 0.015625
8 0.510417 0.015625 0.514583 0.015625 0.516667 0.017188 0.527083 0.018750 0.533333 0.021875 0.537500 0.021875 0.539583 0.023438 0.543750 0.023438 0.545833 0.025000 0.568750 0.029687 0.575000 0.032812 0.579167 0.032812 0.587500 0.035937 0.597917 0.035937 0.602083 0.034375 0.604167 0.015625
8 0.608333 0.056250 0.589583 0.075000 0.558333 0.090625 0.543750 0.109375 0.527083 0.121875 0.522917 0.145313 0.500000 0.154687 0.497917 0.181250 0.552083 0.181250 0.572917 0.164062 0.583333 0.146875 0.614583 0.125000 0.616667 0.118750 0.612500 0.110937 0.612500 0.078125
8 0.918750 0.371875 0.877083 0.400000 0.897917 0.509375 0.912500 0.518750 0.710417 0.504687 0.697917 0.640625 0.683333 0.657812 0.714583 0.657812 0.866667 0.714063 0.983333 0.729688 0.987500 0.543750 0.931250 0.526563 0.989583 0.507812 0.987500 0.385938
8 0.483333 0.718750 0.489583 0.907812 0.608333 0.912500 0.593750 0.798437 0.579167 0.764063 0.583333 0.725000 0.572917 0.718750