1 0.016667 0.042188 0.016667 0.215625 0.272917 0.243750 0.281250 0.376563 0.364583 0.323438 0.310417 0.320312 0.306250 0.232812 0.270833 0.232812 0.287500 0.201562 0.237500 0.187500 0.204167 0.198437 0.208333 0.131250 0.239583 0.129688 0.258333 0.150000 0.252083 0.168750 0.275000 0.184375 0.297917 0.184375 0.281250 0.123438 0.310417 0.085938
2 0.595833 0.015625 0.595833 0.065625 0.752083 0.037500 0.741667 0.060938 0.591667 0.090625 0.637500 0.110937 0.631250 0.129688 0.575000 0.112500 0.687500 0.165625 0.712500 0.243750 0.743750 0.250000 0.747917 0.221875 0.820833 0.185937 0.841667 0.296875 0.785417 0.334375 0.987500 0.912500 0.987500 0.381250 0.927083 0.381250 0.918750 0.321875 0.983333 0.285937 0.918750 0.209375 0.925000 0.156250 0.989583 0.118750 0.987500 0.014062
3 0.631250 0.243750 0.616667 0.270312 0.641667 0.284375 0.825000 0.907812 0.825000 0.978125 0.989583 0.987500 0.985417 0.925000 0.747917 0.257812
4 0.560417 0.267188 0.550000 0.290625 0.589583 0.421875 0.579167 0.453125 0.602083 0.546875 0.572917 0.565625 0.577083 0.612500 0.616667 0.592188 0.635417 0.614062 0.627083 0.631250 0.645833 0.635938 0.643750 0.723437 0.664583 0.721875 0.756250 0.985937 0.825000 0.989062 0.822917 0.912500 0.635417 0.282813
4 0.564583 0.560938 0.441667 0.571875 0.447917 0.585938 0.433333 0.593750 0.433333 0.604688 0.439583 0.614062 0.454167 0.621875 0.462500 0.621875 0.477083 0.642187 0.510417 0.645312 0.518750 0.653125 0.525000 0.653125 0.547917 0.640625 0.550000 0.628125 0.543750 0.620313 0.543750 0.609375 0.562500 0.601562 0.558333 0.584375 0.564583 0.579687
4 0.466667 0.645312 0.466667 0.653125 0.483333 0.667188 0.481250 0.706250 0.485417 0.734375 0.541667 0.740625 0.543750 0.729688 0.527083 0.728125 0.522917 0.725000 0.520833 0.715625 0.506250 0.704687 0.506250 0.679688 0.522917 0.673437 0.525000 0.660937 0.510417 0.659375 0.504167 0.651563
5 0.447917 0.015625 0.514583 0.037500 0.491667 0.082813 0.491667 0.117188 0.512500 0.157813 0.545833 0.137500 0.570833 0.101562 0.627083 0.120312 0.625000 0.112500 0.581250 0.096875 0.579167 0.085938 0.733333 0.053125 0.735417 0.048437 0.587500 0.075000 0.566667 0.048437 0.500000 0.017188
6 0.358333 0.053125 0.364583 0.106250 0.335417 0.153125 0.354167 0.143750 0.377083 0.207813 0.352083 0.259375 0.354167 0.287500 0.343750 0.296875 0.341667 0.315625 0.377083 0.317187 0.402083 0.268750 0.472917 0.276563 0.529167 0.260938 0.487500 0.253125 0.475000 0.235938 0.475000 0.207813 0.508333 0.162500 0.481250 0.109375 0.491667 0.070312
7 0.216667 0.139062 0.214583 0.143750 0.214583 0.168750 0.216667 0.170312 0.208333 0.181250 0.208333 0.190625 0.216667 0.189063 0.216667 0.185937 0.222917 0.179688 0.237500 0.178125 0.243750 0.179688 0.264583 0.195312 0.285417 0.195312 0.287500 0.196875 0.304167 0.196875 0.306250 0.195312 0.266667 0.193750 0.247917 0.176563 0.235417 0.175000 0.233333 0.170312 0.241667 0.164062 0.247917 0.153125 0.245833 0.145313 0.231250 0.140625
7 0.016667 0.235938 0.012500 0.943750 0.285417 0.937500 0.297917 0.875000 0.179167 0.768750 0.127083 0.640625 0.156250 0.509375 0.272917 0.387500 0.264583 0.257812
8 0.347917 0.048437 0.337500 0.050000 0.341667 0.093750 0.337500 0.093750 0.333333 0.084375 0.333333 0.059375 0.320833 0.057813 0.318750 0.089062 0.310417 0.101562 0.327083 0.154687 0.339583 0.104687 0.343750 0.100000 0.347917 0.106250 0.337500 0.143750 0.354167 0.107813
8 0.758333 0.106250 0.758333 0.114063 0.760417 0.115625 0.760417 0.118750 0.770833 0.125000 0.779167 0.121875 0.802083 0.121875 0.804167 0.123438 0.806250 0.121875 0.816667 0.121875 0.822917 0.117188 0.822917 0.103125 0.825000 0.101562 0.825000 0.098438 0.822917 0.096875 0.822917 0.093750 0.800000 0.093750 0.795833 0.089062 0.777083 0.089062 0.760417 0.101562 0.760417 0.104687
8 0.989583 0.126563 0.935417 0.162500 0.931250 0.221875 0.979167 0.268750
8 0.758333 0.137500 0.758333 0.157813 0.768750 0.165625 0.777083 0.168750 0.793750 0.168750 0.795833 0.170312 0.810417 0.170312 0.820833 0.164062 0.820833 0.154687 0.818750 0.153125 0.818750 0.145313 0.816667 0.143750 0.810417 0.143750 0.808333 0.142188 0.802083 0.142188 0.800000 0.140625 0.795833 0.140625 0.791667 0.137500 0.789583 0.129688 0.775000 0.129688 0.772917 0.131250 0.764583 0.132812
8 0.481250 0.212500 0.481250 0.229687 0.504167 0.253125 0.547917 0.257812 0.558333 0.253125 0.572917 0.265625 0.614583 0.264062 0.625000 0.240625 0.700000 0.245312 0.704167 0.207813 0.683333 0.185937 0.677083 0.170312 0.635417 0.148438 0.583333 0.139062 0.550000 0.139062 0.529167 0.146875 0.520833 0.154687 0.520833 0.168750 0.504167 0.173438
8 0.331250 0.162500 0.314583 0.212500 0.325000 0.315625 0.335417 0.315625 0.339583 0.292188 0.347917 0.285937 0.347917 0.260938 0.331250 0.256250 0.320833 0.265625 0.316667 0.262500 0.333333 0.242188 0.331250 0.251563 0.347917 0.256250 0.370833 0.210938 0.360417 0.167187 0.347917 0.176563 0.345833 0.200000 0.356250 0.217187 0.347917 0.221875 0.343750 0.189063
8 0.812500 0.189063 0.806250 0.189063 0.754167 0.229687 0.760417 0.287500 0.777083 0.321875 0.831250 0.293750
8 0.410417 0.273438 0.385417 0.315625 0.464583 0.287500 0.235417 0.420312 0.158333 0.520312 0.133333 0.629687 0.164583 0.731250 0.281250 0.853125 0.502083 0.989062 0.752083 0.989062 0.662500 0.725000 0.577083 0.735937 0.604167 0.678125 0.643750 0.662500 0.610417 0.632812 0.616667 0.596875 0.547917 0.614062 0.510417 0.682813 0.527083 0.718750 0.579167 0.737500 0.481250 0.739062 0.452083 0.628125 0.400000 0.570312 0.593750 0.545313 0.558333 0.257812 0.475000 0.284375
8 0.985417 0.295312 0.931250 0.314063 0.931250 0.331250 0.933333 0.332812 0.933333 0.351562 0.935417 0.353125 0.935417 0.371875 0.937500 0.375000 0.941667 0.373437 0.983333 0.373437 0.983333 0.303125 0.985417 0.301562