1 0.018750 0.010937 0.016667 0.759375 0.110417 0.576563 0.089583 0.571875 0.031250 0.668750 0.085417 0.560938
1 0.037500 0.014062 0.091667 0.560938 0.114583 0.570312 0.064583 0.014062
1 0.754167 0.093750 0.506250 0.065625 0.481250 0.087500 0.502083 0.132812 0.414583 0.142188 0.333333 0.125000 0.335417 0.045313 0.075000 0.018750 0.125000 0.573438 0.220833 0.578125 0.272917 0.550000 0.275000 0.232812 0.208333 0.221875 0.158333 0.150000 0.277083 0.129688 0.683333 0.162500
1 0.470833 0.184375 0.470833 0.190625 0.466667 0.198437 0.466667 0.204688 0.495833 0.206250 0.497917 0.207813 0.514583 0.207813 0.516667 0.209375 0.531250 0.209375 0.533333 0.210938 0.547917 0.210938 0.550000 0.212500 0.566667 0.212500 0.541667 0.189063 0.525000 0.189063 0.522917 0.187500 0.506250 0.187500 0.504167 0.185937
1 0.560417 0.246875 0.472917 0.242188 0.433333 0.559375 0.491667 0.557813 0.522917 0.431250 0.518750 0.410937
1 0.118750 0.582812 0.016667 0.767187 0.016667 0.989062 0.054167 0.990625 0.129167 0.785937 0.106250 0.781250 0.066667 0.879687 0.104167 0.771875 0.391667 0.792188 0.408333 0.776563 0.441667 0.801562 0.443750 0.914062 0.497917 0.925000 0.483333 0.810938 0.683333 0.817187 0.695833 0.795313 0.662500 0.792188 0.654167 0.764063 0.712500 0.764063 0.729167 0.784375 0.695833 0.846875 0.737500 0.928125 0.770833 0.820312 0.741667 0.754687 0.522917 0.729688 0.210417 0.729688 0.237500 0.600000
2 0.937500 0.014062 0.910417 0.112500 0.989583 0.134375 0.952083 0.242188 0.987500 0.270312 0.920833 0.345313 0.910417 0.431250 0.881250 0.453125 0.833333 0.440625 0.827083 0.370313 0.756250 0.579687 0.785417 0.615625 0.762500 0.665625 0.831250 0.671875 0.850000 0.698438 0.772917 0.698438 0.822917 0.757812 0.785417 0.759375 0.808333 0.814062 0.858333 0.803125 0.875000 0.825000 0.822917 0.843750 0.862500 0.895312 0.960417 0.912500 0.989583 0.946875 0.989583 0.010937
3 0.420833 0.917188 0.427083 0.989062 0.977083 0.990625 0.983333 0.979688 0.960417 0.923437 0.912500 0.928125 0.906250 0.939062 0.472917 0.932813
4 0.268750 0.135937 0.212500 0.214062 0.416667 0.231250 0.404167 0.356250 0.283333 0.332812 0.281250 0.628125 0.404167 0.635938 0.345833 0.620313 0.354167 0.532812 0.389583 0.537500 0.383333 0.620313 0.412500 0.621875 0.418750 0.571875 0.502083 0.570312 0.418750 0.571875 0.462500 0.231250 0.835417 0.264062 0.664583 0.257812 0.610417 0.653125 0.712500 0.665625 0.850000 0.270312 0.979167 0.264062 0.708333 0.220313 0.685417 0.175000
4 0.266667 0.556250 0.220833 0.698438 0.220833 0.723437 0.229167 0.712500 0.460417 0.718750 0.364583 0.707812 0.331250 0.695312 0.302083 0.692187 0.302083 0.665625 0.287500 0.650000 0.285417 0.637500 0.254167 0.618750 0.256250 0.593750 0.272917 0.578125
5 0.783333 0.815625 0.766667 0.854688 0.775000 0.854688 0.777083 0.845312 0.785417 0.843750 0.791667 0.848437 0.791667 0.857813 0.812500 0.865625 0.835417 0.906250 0.814583 0.934375 0.833333 0.935938 0.850000 0.909375 0.925000 0.915625 0.918750 0.907812 0.845833 0.901563 0.825000 0.865625 0.833333 0.859375 0.816667 0.854688 0.804167 0.829687 0.858333 0.820312 0.854167 0.815625 0.800000 0.826563 0.789583 0.815625
7 0.166667 0.010937 0.177083 0.021875 0.904167 0.106250 0.925000 0.010937
7 0.495833 0.815625 0.504167 0.928125 0.714583 0.929688 0.677083 0.820312
8 0.400000 0.053125 0.400000 0.060938 0.412500 0.078125 0.425000 0.078125 0.431250 0.081250 0.443750 0.081250 0.454167 0.085938 0.456250 0.084375 0.470833 0.084375 0.477083 0.081250 0.481250 0.081250 0.483333 0.076563 0.487500 0.073437 0.493750 0.071875 0.493750 0.067188 0.495833 0.065625 0.495833 0.060938 0.481250 0.060938 0.479167 0.059375 0.464583 0.059375 0.462500 0.057813 0.447917 0.057813 0.445833 0.056250 0.431250 0.056250 0.429167 0.054688
8 0.483333 0.101562 0.466667 0.089062 0.456250 0.089062 0.454167 0.090625 0.429167 0.090625 0.418750 0.095312 0.410417 0.096875 0.395833 0.106250 0.395833 0.109375 0.404167 0.123438 0.420833 0.135937 0.456250 0.135937 0.458333 0.137500 0.472917 0.137500 0.477083 0.134375 0.483333 0.132812 0.489583 0.118750 0.487500 0.117188
8 0.835417 0.114063 0.829167 0.131250 0.850000 0.139062 0.852083 0.145313 0.841667 0.167187 0.827083 0.176563 0.825000 0.196875 0.806250 0.218750 0.820833 0.231250 0.939583 0.245312 0.981250 0.134375 0.891667 0.117188
8 0.170833 0.150000 0.170833 0.154687 0.172917 0.156250 0.175000 0.167187 0.179167 0.173438 0.179167 0.181250 0.181250 0.182812 0.204167 0.182812 0.208333 0.184375 0.210417 0.181250 0.218750 0.175000 0.218750 0.173438 0.237500 0.157813 0.235417 0.156250 0.235417 0.151562 0.233333 0.150000 0.222917 0.150000 0.220833 0.148438 0.208333 0.148438 0.206250 0.146875 0.183333 0.146875 0.181250 0.148438
8 0.279167 0.237500 0.272917 0.251563 0.279167 0.321875 0.347917 0.337500 0.364583 0.335938 0.372917 0.329688 0.377083 0.317187 0.385417 0.314063 0.387500 0.307813 0.387500 0.281250 0.381250 0.245312 0.339583 0.239063
8 0.652083 0.254687 0.575000 0.246875 0.529167 0.414062 0.568750 0.417188 0.602083 0.439063 0.562500 0.421875 0.533333 0.421875 0.506250 0.562500 0.518750 0.565625 0.552083 0.550000 0.597917 0.542188 0.618750 0.446875 0.600000 0.440625 0.629167 0.434375 0.666667 0.275000
8 0.850000 0.307813 0.847917 0.314063 0.845833 0.315625 0.845833 0.318750 0.841667 0.323438 0.839583 0.331250 0.835417 0.335938 0.835417 0.339063 0.829167 0.348437 0.829167 0.353125 0.835417 0.362500 0.856250 0.362500 0.864583 0.359375 0.868750 0.360938 0.868750 0.357812 0.885417 0.332812 0.879167 0.323438 0.866667 0.323438 0.854167 0.314063
8 0.864583 0.365625 0.845833 0.376563 0.845833 0.379687 0.841667 0.384375 0.837500 0.393750 0.835417 0.421875 0.843750 0.439063 0.875000 0.440625 0.877083 0.442187 0.897917 0.426562 0.902083 0.395312 0.904167 0.393750 0.904167 0.378125 0.891667 0.368750
8 0.379167 0.639063 0.385417 0.648438 0.460417 0.656250 0.450000 0.707812 0.364583 0.706250 0.456250 0.715625 0.460417 0.703125 0.468750 0.717188 0.722917 0.743750 0.731250 0.732813 0.729167 0.743750 0.810417 0.751562 0.797917 0.740625 0.731250 0.732813 0.750000 0.689062 0.837500 0.693750 0.827083 0.679688 0.577083 0.654688 0.627083 0.625000 0.593750 0.545313 0.491667 0.582812 0.506250 0.646875
8 0.747917 0.581250 0.743750 0.598437 0.739583 0.604688 0.739583 0.609375 0.737500 0.610937 0.737500 0.615625 0.735417 0.617188 0.735417 0.621875 0.733333 0.623438 0.733333 0.628125 0.729167 0.635938 0.729167 0.642187 0.739583 0.657812 0.750000 0.657812 0.752083 0.659375 0.752083 0.656250 0.758333 0.648438 0.758333 0.645312 0.764583 0.637500 0.764583 0.634375 0.772917 0.621875 0.772917 0.617188
8 0.514583 0.662500 0.514583 0.667188 0.516667 0.668750 0.516667 0.673437 0.518750 0.675000 0.518750 0.679688 0.520833 0.681250 0.539583 0.681250 0.541667 0.682813 0.543750 0.682813 0.543750 0.676562 0.545833 0.675000 0.545833 0.667188 0.539583 0.667188 0.537500 0.665625 0.531250 0.665625 0.529167 0.664062 0.520833 0.664062 0.518750 0.662500
8 0.772917 0.860937 0.772917 0.865625 0.770833 0.867188 0.770833 0.873438 0.768750 0.875000 0.768750 0.879687 0.766667 0.881250 0.766667 0.885938 0.764583 0.887500 0.764583 0.893750 0.762500 0.895312 0.762500 0.904688 0.764583 0.906250 0.764583 0.909375 0.766667 0.910937 0.770833 0.923437 0.775000 0.928125 0.789583 0.906250 0.789583 0.900000 0.791667 0.898438 0.791667 0.892187 0.793750 0.890625 0.793750 0.881250
8 0.783333 0.864062 0.800000 0.879687 0.800000 0.890625 0.797917 0.892187 0.795833 0.909375 0.789583 0.915625 0.779167 0.932813 0.802083 0.932813 0.806250 0.934375 0.812500 0.923437 0.827083 0.906250 0.822917 0.901563 0.822917 0.898438 0.818750 0.893750 0.816667 0.885938 0.812500 0.881250 0.806250 0.867188 0.804167 0.865625