1 0.756250 0.190625 0.383333 0.143750 0.339583 0.382812 0.300000 0.393750 0.285417 0.378125 0.018750 0.360938 0.016667 0.389062 0.052083 0.392188 0.014583 0.392188 0.014583 0.514063 0.362500 0.531250 0.379167 0.503125 0.422917 0.514063 0.427083 0.464063 0.483333 0.446875 0.520833 0.360938 0.604167 0.376563 0.687500 0.364062 0.745833 0.264062 0.652083 0.250000 0.685417 0.276563 0.635417 0.293750 0.614583 0.329688 0.404167 0.300000 0.437500 0.159375 0.672917 0.192188 0.672917 0.218750 0.735417 0.223438
1 0.425000 0.584375 0.435417 0.782812 0.456250 0.793750 0.487500 0.792188 0.502083 0.776563 0.497917 0.754687 0.481250 0.753125 0.460417 0.735937 0.460417 0.729688 0.477083 0.710938 0.468750 0.682813 0.470833 0.665625 0.460417 0.662500 0.468750 0.631250 0.454167 0.625000 0.445833 0.607813 0.450000 0.582812
1 0.670833 0.796875 0.670833 0.798437 0.795833 0.803125 0.800000 0.804688 0.795833 0.800000 0.777083 0.759375 0.760417 0.759375 0.758333 0.760938 0.729167 0.759375 0.720833 0.764063 0.710417 0.764063
1 0.016667 0.989062 0.110417 0.990625 0.133333 0.839063 0.297917 0.834375 0.293750 0.946875 0.327083 0.945312 0.352083 0.900000 0.408333 0.865625 0.497917 0.867188 0.508333 0.856250 0.483333 0.815625 0.445833 0.814062 0.410417 0.796875 0.014583 0.798437
2 0.985417 0.120312 0.929167 0.226562 0.843750 0.207813 0.839583 0.259375 0.808333 0.292188 0.777083 0.289062 0.725000 0.368750 0.756250 0.376563 0.768750 0.406250 0.822917 0.409375 0.825000 0.428125 0.772917 0.431250 0.760417 0.460938 0.695833 0.473437 0.718750 0.504687 0.875000 0.509375 0.920833 0.607813 0.916667 0.634375 0.943750 0.637500 0.960417 0.707812 0.983333 0.715625 0.985417 0.495313 0.906250 0.378125 0.983333 0.278125
2 0.987500 0.289062 0.922917 0.378125 0.987500 0.478125
2 0.831250 0.759375 0.841667 0.798437 0.862500 0.803125 0.872917 0.812500 0.866667 0.826563 0.872917 0.843750 0.891667 0.842188 0.914583 0.857813 0.939583 0.857813 0.960417 0.865625 0.962500 0.917188 0.985417 0.929688 0.983333 0.754687
3 0.354167 0.142188 0.375000 0.132812 0.429167 0.134375 0.856250 0.195312 0.920833 0.218750 0.987500 0.089062 0.987500 0.014062 0.368750 0.015625
6 0.531250 0.364062 0.541667 0.429688 0.481250 0.543750 0.512500 0.606250 0.525000 0.857813 0.554167 0.839063 0.862500 0.820312 0.837500 0.804688 0.647917 0.806250 0.722917 0.751562 0.981250 0.739062 0.962500 0.720312 0.708333 0.710938 0.645833 0.525000 0.720833 0.509375 0.639583 0.503125 0.610417 0.421875 0.816667 0.414062 0.610417 0.393750
7 0.447917 0.167187 0.412500 0.292188 0.612500 0.318750 0.631250 0.282813 0.660417 0.287500 0.656250 0.276563 0.635417 0.271875 0.643750 0.243750 0.600000 0.235938 0.604167 0.210938 0.614583 0.220313 0.658333 0.223438 0.664583 0.196875
7 0.014583 0.521875 0.014583 0.790625 0.393750 0.787500 0.310417 0.750000 0.272917 0.778125 0.225000 0.784375 0.220833 0.748438 0.239583 0.735937 0.329167 0.734375 0.429167 0.784375 0.410417 0.540625
7 0.227083 0.759375 0.233333 0.779688 0.254167 0.779688 0.270833 0.771875 0.275000 0.757812 0.287500 0.746875 0.320833 0.743750 0.450000 0.806250 0.489583 0.806250 0.508333 0.818750 0.520833 0.818750 0.527083 0.809375 0.531250 0.776563 0.525000 0.756250 0.518750 0.757812 0.510417 0.789062 0.500000 0.790625 0.493750 0.801562 0.458333 0.803125 0.322917 0.740625 0.293750 0.740625 0.264583 0.750000 0.258333 0.742188 0.241667 0.742188
7 0.289583 0.840625 0.139583 0.846875 0.118750 0.990625 0.281250 0.989062 0.279167 0.979688 0.258333 0.976562 0.258333 0.959375 0.264583 0.954687 0.283333 0.954687
8 0.102083 0.148438 0.177083 0.154687 0.181250 0.170312 0.189583 0.173438 0.191667 0.167187 0.295833 0.179688 0.306250 0.187500 0.322917 0.190625 0.325000 0.206250 0.335417 0.146875 0.325000 0.157813 0.304167 0.164062 0.197917 0.146875 0.189583 0.129688 0.185417 0.131250 0.183333 0.150000 0.122917 0.151562
8 0.620833 0.375000 0.618750 0.387500 0.637500 0.387500 0.643750 0.392188 0.656250 0.392188 0.758333 0.406250 0.756250 0.389062 0.745833 0.376563 0.731250 0.378125 0.643750 0.367188 0.639583 0.364062 0.627083 0.367188
8 0.616667 0.425000 0.635417 0.473437 0.643750 0.468750 0.666667 0.468750 0.675000 0.465625 0.727083 0.465625 0.752083 0.459375 0.756250 0.437500 0.754167 0.425000 0.712500 0.423438 0.689583 0.420312 0.666667 0.420312 0.654167 0.425000
8 0.439583 0.467187 0.439583 0.485938 0.456250 0.496875 0.460417 0.498437 0.481250 0.498437 0.483333 0.496875 0.489583 0.496875 0.493750 0.495313 0.493750 0.490625 0.497917 0.484375 0.495833 0.482812 0.495833 0.468750 0.487500 0.456250 0.483333 0.453125 0.462500 0.453125 0.454167 0.456250
8 0.429167 0.493750 0.429167 0.507812 0.431250 0.509375 0.431250 0.512500 0.439583 0.518750 0.450000 0.518750 0.452083 0.520312 0.472917 0.520312 0.481250 0.514063 0.481250 0.512500 0.483333 0.510938 0.483333 0.504687 0.485417 0.503125 0.485417 0.501562 0.462500 0.501562 0.460417 0.503125 0.458333 0.503125 0.456250 0.501562 0.450000 0.500000 0.445833 0.496875 0.445833 0.495313 0.437500 0.489062 0.435417 0.489062
8 0.729167 0.506250 0.685417 0.568750 0.718750 0.692187 0.839583 0.696875 0.860417 0.687500 0.866667 0.667188 0.885417 0.667188 0.870833 0.671875 0.875000 0.690625 0.895833 0.689062 0.902083 0.681250 0.893750 0.678125 0.916667 0.673437 0.897917 0.698438 0.875000 0.703125 0.883333 0.715625 0.916667 0.718750 0.918750 0.709375 0.952083 0.701563 0.947917 0.675000 0.927083 0.668750 0.935417 0.660937 0.927083 0.645312 0.900000 0.643750 0.908333 0.640625 0.908333 0.607813 0.866667 0.515625 0.829167 0.506250
8 0.370833 0.517187 0.372917 0.520312 0.383333 0.525000 0.375000 0.528125 0.383333 0.531250 0.447917 0.534375 0.450000 0.535937 0.472917 0.535937 0.479167 0.539062 0.485417 0.539062 0.485417 0.523438 0.487500 0.521875 0.477083 0.521875 0.472917 0.525000 0.468750 0.523438 0.450000 0.523438 0.447917 0.521875 0.412500 0.521875 0.410417 0.523438 0.402083 0.515625 0.400000 0.510938 0.381250 0.510938
8 0.502083 0.657812 0.493750 0.657812 0.491667 0.659375 0.491667 0.660937 0.485417 0.665625 0.485417 0.667188 0.481250 0.670313 0.481250 0.671875 0.477083 0.675000 0.477083 0.682813 0.479167 0.684375 0.479167 0.692187 0.481250 0.693750 0.481250 0.700000 0.483333 0.701563 0.483333 0.707812 0.485417 0.707812 0.489583 0.704687 0.493750 0.704687 0.495833 0.706250 0.500000 0.706250 0.502083 0.707812 0.508333 0.696875 0.512500 0.693750 0.510417 0.692187 0.510417 0.684375 0.508333 0.682813 0.508333 0.676562 0.506250 0.675000 0.506250 0.667188 0.504167 0.665625 0.504167 0.659375
8 0.595833 0.670313 0.589583 0.689062 0.602083 0.734375 0.593750 0.743750 0.587500 0.745313 0.595833 0.734375 0.583333 0.682813 0.562500 0.685938 0.552083 0.709375 0.562500 0.717188 0.568750 0.712500 0.579167 0.714063 0.570833 0.746875 0.564583 0.751562 0.570833 0.718750 0.562500 0.723437 0.550000 0.720312 0.547917 0.728125 0.550000 0.740625 0.564583 0.751562 0.558333 0.759375 0.547917 0.746875 0.554167 0.773438 0.562500 0.776563 0.564583 0.803125 0.618750 0.762500
8 0.497917 0.710938 0.489583 0.710938 0.468750 0.725000 0.468750 0.728125 0.466667 0.729688 0.466667 0.734375 0.481250 0.745313 0.485417 0.745313 0.487500 0.746875 0.491667 0.746875 0.493750 0.748438 0.495833 0.746875 0.502083 0.746875 0.506250 0.743750 0.506250 0.742188 0.514583 0.734375 0.514583 0.731250 0.516667 0.729688 0.516667 0.723437 0.514583 0.721875 0.512500 0.717188 0.508333 0.714063 0.506250 0.714063 0.504167 0.712500 0.500000 0.712500
8 0.854167 0.837500 0.802083 0.826563 0.575000 0.854688 0.497917 0.879687 0.416667 0.879687 0.347917 0.925000 0.335417 0.962500 0.427083 0.907812 0.510417 0.903125 0.604167 0.876562 0.510417 0.909375 0.425000 0.915625 0.350000 0.965625 0.356250 0.984375 0.787500 0.981250 0.856250 0.954687 0.827083 0.909375 0.856250 0.879687 0.631250 0.873438 0.681250 0.856250 0.779167 0.870313
8 0.929167 0.864062 0.920833 0.868750 0.914583 0.909375 0.883333 0.893750 0.875000 0.893750 0.875000 0.906250 0.881250 0.917188 0.897917 0.923437 0.877083 0.925000 0.881250 0.939062 0.914583 0.939062 0.918750 0.987500 0.947917 0.989062 0.947917 0.962500 0.952083 0.957812 0.987500 0.975000 0.987500 0.943750 0.950000 0.925000 0.952083 0.871875 0.941667 0.865625