1 0.016667 0.014062 0.016667 0.425000 0.431250 0.446875 0.464583 0.395312 0.527083 0.356250 0.627083 0.168750 0.662500 0.015625
1 0.020833 0.432813 0.016667 0.989062 0.522917 0.987500 0.518750 0.964063 0.439583 0.895312 0.427083 0.846875 0.483333 0.765625 0.547917 0.771875 0.556250 0.785937 0.575000 0.768750 0.489583 0.720312 0.435417 0.459375
4 0.641667 0.106250 0.635417 0.173438 0.512500 0.376563 0.550000 0.434375 0.564583 0.629687 0.618750 0.700000 0.585417 0.720312 0.514583 0.726562 0.589583 0.767187 0.731250 0.692187 0.779167 0.692187 0.833333 0.643750 0.927083 0.614062 0.970833 0.620313 0.985417 0.593750 0.989583 0.446875 0.958333 0.431250 0.922917 0.367188 0.916667 0.393750 0.868750 0.407813 0.783333 0.314063 0.737500 0.370313 0.716667 0.360938 0.752083 0.231250 0.720833 0.178125 0.714583 0.189063 0.675000 0.176563
4 0.941667 0.143750 0.918750 0.143750 0.864583 0.184375 0.908333 0.348437 0.927083 0.353125 0.987500 0.334375 0.983333 0.268750
8 0.781250 0.232812 0.775000 0.232812 0.745833 0.259375 0.745833 0.309375 0.747917 0.310937 0.747917 0.317187 0.758333 0.317187 0.772917 0.320312 0.808333 0.289062 0.810417 0.242188 0.812500 0.240625
8 0.891667 0.298438 0.883333 0.309375 0.862500 0.318750 0.862500 0.326562 0.854167 0.356250 0.854167 0.365625 0.862500 0.373437 0.862500 0.389062 0.875000 0.398438 0.883333 0.398438 0.893750 0.392188 0.904167 0.389062 0.904167 0.384375 0.900000 0.378125 0.900000 0.370313 0.908333 0.354688 0.895833 0.331250
8 0.502083 0.384375 0.468750 0.412500 0.445833 0.439063 0.447917 0.487500 0.456250 0.501562 0.456250 0.535937 0.462500 0.545313 0.479167 0.534375 0.525000 0.521875 0.550000 0.509375 0.535417 0.443750 0.516667 0.392188
8 0.691667 0.429688 0.679167 0.514063 0.735417 0.537500 0.735417 0.518750 0.747917 0.451562 0.747917 0.437500
8 0.550000 0.528125 0.508333 0.537500 0.497917 0.543750 0.483333 0.543750 0.475000 0.550000 0.475000 0.610937 0.481250 0.653125 0.520833 0.717188 0.589583 0.712500 0.602083 0.700000 0.577083 0.678125 0.558333 0.632812
8 0.987500 0.732813 0.879167 0.717188 0.810417 0.750000 0.868750 0.759375 0.797917 0.765625 0.814583 0.871875 0.802083 0.851562 0.766667 0.843750 0.772917 0.885938 0.779167 0.884375 0.800000 0.903125 0.804167 0.890625 0.829167 0.882812 0.814583 0.878125 0.820833 0.875000 0.908333 0.879687 0.985417 0.871875
8 0.741667 0.765625 0.637500 0.768750 0.689583 0.771875 0.631250 0.775000 0.583333 0.795313 0.579167 0.845312 0.620833 0.878125 0.641667 0.915625 0.679167 0.915625 0.643750 0.923437 0.568750 0.842188 0.575000 0.787500 0.595833 0.778125 0.572917 0.784375 0.560417 0.804688 0.529167 0.778125 0.472917 0.784375 0.435417 0.856250 0.479167 0.923437 0.529167 0.959375 0.533333 0.987500 0.595833 0.985937 0.610417 0.953125 0.685417 0.937500 0.650000 0.923437 0.789583 0.921875 0.741667 0.909375
8 0.868750 0.881250 0.870833 0.900000 0.889583 0.939062 0.893750 0.939062 0.912500 0.929688 0.970833 0.906250 0.958333 0.882812 0.933333 0.881250 0.931250 0.882812 0.918750 0.882812 0.902083 0.885938 0.889583 0.882812
8 0.833333 0.931250 0.829167 0.934375 0.825000 0.987500 0.879167 0.989062 0.881250 0.985937 0.887500 0.990625 0.900000 0.990625 0.895833 0.945312 0.883333 0.940625 0.877083 0.929688 0.875000 0.979688 0.870833 0.929688