1 0.018750 0.018750 0.016667 0.796875 0.437500 0.787500 0.443750 0.764063 0.412500 0.760938 0.375000 0.675000 0.575000 0.657812 0.539583 0.504687 0.460417 0.401563 0.527083 0.321875 0.583333 0.351562 0.606250 0.339063 0.527083 0.262500 0.514583 0.020312
3 0.225000 0.840625 0.200000 0.985937 0.233333 0.989062 0.252083 0.845312
4 0.989583 0.014062 0.845833 0.010937 0.818750 0.090625 0.758333 0.057813 0.777083 0.015625 0.645833 0.012500 0.620833 0.171875 0.627083 0.220313 0.666667 0.271875 0.583333 0.279687 0.558333 0.292188 0.614583 0.342187 0.635417 0.339063 0.658333 0.307813 0.735417 0.300000 0.758333 0.276563 0.793750 0.271875 0.887500 0.223438 0.985417 0.192188
6 0.639583 0.873438 0.637500 0.901563 0.658333 0.904688 0.662500 0.907812 0.689583 0.954687 0.708333 0.956250 0.739583 0.987500 0.777083 0.989062 0.664583 0.867188 0.658333 0.864062
6 0.989583 0.989062 0.987500 0.893750 0.714583 0.912500 0.787500 0.989062
7 0.881250 0.715625 0.881250 0.707812 0.716667 0.650000 0.500000 0.675000 0.589583 0.746875
7 0.389583 0.684375 0.425000 0.754687 0.572917 0.739062 0.497917 0.679688
7 0.439583 0.807813 0.437500 0.826563 0.460417 0.878125 0.464583 0.882812 0.464583 0.885938 0.468750 0.889063 0.483333 0.892187 0.495833 0.884375 0.489583 0.870313 0.483333 0.867188 0.466667 0.839063 0.460417 0.834375 0.460417 0.807813
7 0.285417 0.870313 0.285417 0.873438 0.289583 0.879687 0.289583 0.884375 0.293750 0.890625 0.366667 0.890625 0.362500 0.884375 0.362500 0.879687 0.360417 0.878125 0.358333 0.870313
7 0.212500 0.875000 0.016667 0.882812 0.014583 0.985937 0.195833 0.987500
8 0.639583 0.015625 0.525000 0.015625 0.522917 0.106250 0.541667 0.095312 0.545833 0.098438 0.525000 0.135937 0.522917 0.193750 0.550000 0.289062 0.591667 0.275000 0.658333 0.270312 0.616667 0.240625 0.614583 0.165625 0.622917 0.151562 0.629167 0.059375 0.620833 0.057813 0.637500 0.050000
8 0.985417 0.296875 0.906250 0.284375 0.831250 0.317187 0.879167 0.329688 0.820833 0.331250 0.814583 0.425000 0.804167 0.407813 0.785417 0.407813 0.764583 0.418750 0.772917 0.443750 0.783333 0.445312 0.793750 0.467187 0.835417 0.453125 0.825000 0.425000 0.987500 0.443750
8 0.706250 0.337500 0.647917 0.340625 0.587500 0.357812 0.602083 0.379687 0.597917 0.390625 0.622917 0.414062 0.637500 0.459375 0.564583 0.339063 0.522917 0.331250 0.470833 0.396875 0.545833 0.503125 0.554167 0.546875 0.568750 0.564062 0.600000 0.560938 0.612500 0.548437 0.620833 0.507812 0.681250 0.481250 0.643750 0.467187 0.639583 0.457812 0.706250 0.462500 0.725000 0.346875
8 0.856250 0.443750 0.856250 0.457812 0.858333 0.459375 0.860417 0.487500 0.862500 0.489062 0.868750 0.489062 0.881250 0.484375 0.885417 0.481250 0.933333 0.464063 0.931250 0.462500 0.929167 0.446875 0.925000 0.439063 0.910417 0.439063 0.908333 0.437500 0.862500 0.434375
8 0.689583 0.482812 0.660417 0.500000 0.643750 0.500000 0.633333 0.509375 0.635417 0.542188 0.608333 0.567187 0.575000 0.568750 0.579167 0.620313 0.656250 0.642187 0.652083 0.600000 0.670833 0.557813
8 0.816667 0.481250 0.804167 0.485938 0.777083 0.546875 0.777083 0.560938 0.806250 0.565625 0.835417 0.554688 0.841667 0.545313 0.837500 0.540625 0.795833 0.526563
8 0.820833 0.482812 0.820833 0.485938 0.818750 0.487500 0.818750 0.490625 0.814583 0.496875 0.814583 0.501562 0.812500 0.503125 0.812500 0.506250 0.810417 0.507812 0.810417 0.510938 0.806250 0.517187 0.806250 0.521875 0.804167 0.523438 0.804167 0.526563 0.812500 0.526563 0.814583 0.528125 0.827083 0.528125 0.829167 0.529688 0.841667 0.529688 0.843750 0.531250 0.835417 0.525000 0.835417 0.512500 0.837500 0.510938 0.837500 0.504687 0.839583 0.503125 0.841667 0.485938 0.835417 0.485938 0.827083 0.482812
8 0.987500 0.503125 0.889583 0.528125 0.937500 0.540625 0.960417 0.537500 0.977083 0.645312 0.977083 0.681250 0.987500 0.681250
8 0.933333 0.543750 0.885417 0.534375 0.800000 0.582812 0.785417 0.664062 0.866667 0.682813 0.887500 0.678125 0.875000 0.553125
8 0.952083 0.546875 0.881250 0.557813 0.895833 0.687500 0.964583 0.687500 0.968750 0.648438
8 0.681250 0.568750 0.675000 0.609375 0.685417 0.617188 0.695833 0.615625 0.787500 0.615625 0.789583 0.582812 0.800000 0.573438 0.797917 0.571875
8 0.981250 0.690625 0.968750 0.695312 0.933333 0.720312 0.950000 0.726562 0.954167 0.726562 0.966667 0.731250 0.970833 0.734375 0.987500 0.764063 0.987500 0.759375 0.985417 0.757812 0.985417 0.690625
8 0.902083 0.701563 0.883333 0.718750 0.947917 0.731250 0.958333 0.735937 0.975000 0.854688 0.985417 0.843750 0.985417 0.773438 0.964583 0.735937 0.920833 0.721875 0.941667 0.709375 0.929167 0.700000
8 0.847917 0.725000 0.843750 0.746875 0.858333 0.853125 0.972917 0.878125 0.954167 0.737500 0.864583 0.723437
8 0.535417 0.756250 0.531250 0.760938 0.527083 0.784375 0.552083 0.785937 0.570833 0.809375 0.600000 0.820312 0.602083 0.850000 0.620833 0.850000 0.637500 0.862500 0.662500 0.859375 0.641667 0.829687 0.625000 0.818750 0.606250 0.814062 0.593750 0.795313 0.568750 0.776563 0.550000 0.776563 0.545833 0.773438 0.545833 0.757812
8 0.510417 0.789062 0.506250 0.812500 0.520833 0.809375 0.537500 0.815625 0.547917 0.878125 0.543750 0.885938 0.547917 0.892187 0.550000 0.882812 0.568750 0.882812 0.566667 0.857813 0.562500 0.850000 0.547917 0.840625 0.547917 0.832812 0.556250 0.825000 0.558333 0.812500 0.564583 0.810938 0.550000 0.792188
8 0.516667 0.815625 0.508333 0.818750 0.497917 0.828125 0.497917 0.868750 0.500000 0.870313 0.500000 0.873438 0.508333 0.878125 0.518750 0.881250 0.522917 0.884375 0.531250 0.884375 0.537500 0.879687 0.537500 0.876562 0.535417 0.875000 0.535417 0.857813 0.533333 0.856250 0.531250 0.820312 0.529167 0.818750 0.525000 0.818750 0.520833 0.815625
8 0.587500 0.857813 0.575000 0.890625 0.591667 0.895312 0.589583 0.903125 0.606250 0.898438 0.612500 0.904688 0.587500 0.910937 0.589583 0.946875 0.581250 0.984375 0.589583 0.979688 0.589583 0.954687 0.597917 0.951563 0.608333 0.959375 0.681250 0.960938 0.606250 0.964063 0.597917 0.957812 0.597917 0.987500 0.733333 0.989062 0.710417 0.962500 0.685417 0.959375 0.654167 0.909375 0.627083 0.900000 0.610417 0.901563 0.612500 0.895312 0.633333 0.896875 0.633333 0.870313 0.622917 0.857813
8 0.520833 0.889063 0.512500 0.900000 0.506250 0.937500 0.520833 0.939062 0.520833 0.925000 0.525000 0.921875 0.529167 0.923437 0.529167 0.973437 0.545833 0.973437 0.579167 0.954687 0.568750 0.903125 0.564583 0.901563 0.529167 0.923437 0.527083 0.918750 0.537500 0.903125 0.539583 0.889063