1 0.968750 0.010937 0.412500 0.015625 0.400000 0.126563 0.014583 0.075000 0.014583 0.214062 0.377083 0.245312 0.366667 0.337500 0.337500 0.348437 0.018750 0.314063 0.014583 0.259375 0.016667 0.360938 0.362500 0.396875 0.377083 0.376563 0.564583 0.387500 0.558333 0.367188 0.660417 0.268750 0.656250 0.204688 0.735417 0.200000 0.852083 0.057813
1 0.558333 0.654688 0.364583 0.651563 0.347917 0.987500 0.422917 0.985937 0.427083 0.925000 0.502083 0.909375 0.500000 0.901563 0.452083 0.892187 0.397917 0.895312 0.366667 0.876562 0.354167 0.823438 0.377083 0.803125 0.422917 0.785937 0.447917 0.792188 0.477083 0.820312 0.575000 0.806250 0.560417 0.801562 0.572917 0.748438 0.543750 0.746875 0.537500 0.690625
2 0.987500 0.623438 0.962500 0.635938 0.925000 0.628125 0.908333 0.640625 0.875000 0.635938 0.862500 0.645312 0.814583 0.648438 0.822917 0.810938 0.733333 0.812500 0.733333 0.825000 0.775000 0.842188 0.777083 0.900000 0.852083 0.900000 0.868750 0.920313 0.779167 0.925000 0.779167 0.985937 0.987500 0.989062
3 0.385417 0.381250 0.370833 0.401563 0.362500 0.648438 0.600000 0.650000 0.608333 0.759375 0.583333 0.781250 0.581250 0.764063 0.570833 0.796875 0.600000 0.809375 0.814583 0.806250 0.804167 0.650000 0.758333 0.659375 0.618750 0.650000 0.633333 0.645312 0.581250 0.620313 0.577083 0.582812 0.543750 0.568750 0.531250 0.520312 0.554167 0.420312 0.575000 0.420312 0.558333 0.398438
3 0.558333 0.428125 0.537500 0.520312 0.550000 0.565625 0.562500 0.570312 0.566667 0.540625 0.568750 0.567187 0.608333 0.595312 0.610417 0.606250 0.647917 0.607813 0.647917 0.565625 0.660417 0.550000 0.652083 0.606250 0.683333 0.604688 0.695833 0.495313 0.681250 0.493750 0.683333 0.464063 0.666667 0.465625 0.660417 0.496875 0.675000 0.514063 0.668750 0.543750 0.668750 0.509375 0.656250 0.504687 0.660417 0.443750 0.595833 0.439063 0.602083 0.435937 0.589583 0.426562
4 0.989583 0.010937 0.870833 0.054688 0.891667 0.220313 0.916667 0.253125 0.935417 0.364062 0.829167 0.432813 0.800000 0.504687 0.756250 0.485938 0.760417 0.551562 0.739583 0.564062 0.697917 0.517187 0.685417 0.612500 0.602083 0.607813 0.583333 0.582812 0.604167 0.635938 0.758333 0.654688 0.906250 0.635938 0.922917 0.620313 0.947917 0.634375 0.987500 0.615625
4 0.768750 0.165625 0.747917 0.200000 0.762500 0.214062 0.762500 0.256250 0.766667 0.260938 0.768750 0.260938 0.766667 0.259375 0.766667 0.246875 0.770833 0.242188 0.770833 0.235938 0.768750 0.234375
4 0.647917 0.293750 0.627083 0.304688 0.585417 0.367188 0.570833 0.375000 0.568750 0.396875 0.583333 0.421875 0.616667 0.428125 0.612500 0.406250 0.633333 0.390625 0.635417 0.370313 0.647917 0.360938 0.641667 0.357812 0.654167 0.304688
6 0.527083 0.812500 0.533333 0.828125 0.560417 0.821875 0.572917 0.864062 0.585417 0.948438 0.566667 0.962500 0.568750 0.987500 0.772917 0.987500 0.772917 0.920313 0.860417 0.914062 0.858333 0.907812 0.775000 0.909375 0.768750 0.842188 0.697917 0.818750
7 0.016667 0.018750 0.014583 0.070312 0.402083 0.123438 0.406250 0.015625
7 0.014583 0.215625 0.018750 0.312500 0.337500 0.346875 0.364583 0.337500 0.372917 0.243750
7 0.016667 0.365625 0.018750 0.987500 0.341667 0.985937 0.366667 0.400000
8 0.860417 0.064062 0.777083 0.143750 0.775000 0.242188 0.854167 0.173438 0.864583 0.117188
8 0.116667 0.145313 0.114583 0.165625 0.125000 0.181250 0.158333 0.195312 0.193750 0.201562 0.231250 0.201562 0.264583 0.192188 0.268750 0.181250 0.262500 0.159375 0.237500 0.140625 0.187500 0.129688 0.156250 0.126563 0.129167 0.131250
8 0.883333 0.159375 0.864583 0.164062 0.864583 0.184375 0.779167 0.256250 0.777083 0.303125 0.787500 0.328125 0.733333 0.373437 0.754167 0.418750 0.818750 0.378125 0.818750 0.404687 0.800000 0.396875 0.775000 0.460938 0.804167 0.495313 0.822917 0.425000 0.925000 0.371875 0.929167 0.362500 0.912500 0.254687 0.883333 0.218750
8 0.743750 0.207813 0.725000 0.204688 0.685417 0.204688 0.675000 0.209375 0.662500 0.207813 0.652083 0.248437 0.656250 0.260938 0.668750 0.268750 0.670833 0.279687 0.668750 0.289062 0.656250 0.292188 0.675000 0.329688 0.687500 0.329688 0.702083 0.320312 0.718750 0.320312 0.735417 0.296875 0.762500 0.293750 0.752083 0.215625
8 0.727083 0.375000 0.727083 0.376563 0.722917 0.379687 0.716667 0.390625 0.712500 0.393750 0.706250 0.403125 0.706250 0.407813 0.708333 0.409375 0.708333 0.412500 0.710417 0.414062 0.710417 0.417188 0.712500 0.418750 0.712500 0.421875 0.714583 0.423438 0.714583 0.426562 0.716667 0.428125 0.716667 0.431250 0.720833 0.437500 0.722917 0.437500 0.725000 0.432813 0.729167 0.429688 0.735417 0.420312 0.743750 0.412500 0.741667 0.410937 0.741667 0.407813 0.739583 0.406250 0.739583 0.403125 0.737500 0.401563 0.737500 0.398438 0.735417 0.396875 0.735417 0.393750 0.733333 0.392188 0.733333 0.389062 0.731250 0.387500 0.731250 0.384375 0.729167 0.382812
8 0.739583 0.456250 0.733333 0.456250 0.733333 0.475000 0.731250 0.478125 0.710417 0.492188 0.710417 0.515625 0.714583 0.521875 0.712500 0.526563 0.718750 0.528125 0.725000 0.532812 0.725000 0.542188 0.733333 0.556250 0.758333 0.542188 0.756250 0.540625 0.756250 0.528125 0.752083 0.514063 0.745833 0.462500
8 0.577083 0.660937 0.564583 0.668750 0.552083 0.670313 0.545833 0.679688 0.545833 0.696875 0.550000 0.712500 0.550000 0.740625 0.552083 0.743750 0.560417 0.743750 0.570833 0.737500 0.575000 0.737500 0.579167 0.742188 0.581250 0.754687 0.593750 0.759375 0.600000 0.757812 0.597917 0.660937
8 0.360417 0.828125 0.358333 0.857813 0.381250 0.885938 0.402083 0.892187 0.433333 0.890625 0.456250 0.881250 0.483333 0.843750 0.500000 0.857813 0.525000 0.864062 0.520833 0.850000 0.522917 0.814062 0.508333 0.814062 0.497917 0.823438 0.477083 0.826563 0.468750 0.810938 0.450000 0.796875 0.433333 0.790625 0.414583 0.789062 0.397917 0.793750 0.366667 0.815625
8 0.558333 0.826563 0.545833 0.839063 0.545833 0.856250 0.539583 0.864062 0.541667 0.901563 0.550000 0.907812 0.556250 0.943750 0.541667 0.951563 0.558333 0.978125 0.560417 0.965625 0.581250 0.950000 0.560417 0.879687 0.560417 0.868750 0.564583 0.862500
8 0.472917 0.885938 0.472917 0.887500 0.475000 0.887500 0.477083 0.885938 0.485417 0.885938 0.487500 0.887500 0.487500 0.890625 0.489583 0.892187 0.489583 0.896875 0.491667 0.896875 0.502083 0.892187 0.527083 0.892187 0.527083 0.871875 0.525000 0.870313 0.493750 0.870313 0.489583 0.867188 0.489583 0.864062 0.489583 0.878125 0.487500 0.879687 0.477083 0.882812