1 0.012500 0.014062 0.287500 0.067188 0.247917 0.350000 0.189583 0.365625 0.016667 0.331250 0.016667 0.359375 0.233333 0.392188 0.214583 0.529688 0.179167 0.550000 0.127083 0.531250 0.129167 0.571875 0.020833 0.589063 0.393750 0.587500 0.481250 0.490625 0.554167 0.493750 0.560417 0.467187 0.500000 0.450000 0.456250 0.518750 0.225000 0.492188 0.237500 0.418750 0.472917 0.439063 0.441667 0.415625 0.487500 0.312500 0.358333 0.318750 0.429167 0.271875 0.272917 0.254687 0.291667 0.159375 0.339583 0.137500 0.433333 0.150000 0.410417 0.100000 0.481250 0.070312 0.458333 0.015625
1 0.456250 0.190625 0.445833 0.223438 0.445833 0.235938 0.452083 0.262500 0.460417 0.270312 0.458333 0.279687 0.508333 0.279687 0.508333 0.267188 0.520833 0.259375 0.533333 0.260938 0.556250 0.273438 0.541667 0.251563 0.531250 0.207813 0.520833 0.203125 0.520833 0.198437
1 0.020833 0.603125 0.012500 0.945312 0.156250 0.939062 0.152083 0.989062 0.179167 0.989062 0.172917 0.926562 0.187500 0.882812 0.243750 0.834375 0.200000 0.787500 0.200000 0.703125 0.218750 0.667188 0.302083 0.612500
2 0.891667 0.373437 0.881250 0.403125 0.883333 0.425000 0.904167 0.453125 0.970833 0.498437 0.991667 0.501562 0.989583 0.373437 0.979167 0.379687 0.966667 0.381250
2 0.987500 0.534375 0.954167 0.531250 0.839583 0.610937 0.881250 0.629687 0.885417 0.651563 0.868750 0.660937 0.789583 0.635938 0.735417 0.670313 0.685417 0.673437 0.683333 0.696875 0.747917 0.679688 0.768750 0.717188 0.716667 0.723437 0.658333 0.764063 0.675000 0.785937 0.708333 0.982813 0.983333 0.984375
3 0.239583 0.051562 0.197917 0.351562 0.204167 0.359375 0.210417 0.351562 0.235417 0.348437 0.277083 0.070312
3 0.208333 0.387500 0.195833 0.389062 0.181250 0.539062 0.189583 0.528125 0.206250 0.528125 0.222917 0.410937 0.222917 0.395312 0.210417 0.393750
5 0.487500 0.015625 0.487500 0.026563 0.489583 0.028125 0.489583 0.048437 0.495833 0.053125 0.495833 0.070312 0.483333 0.082813 0.514583 0.081250 0.508333 0.073437 0.508333 0.064062 0.510417 0.062500 0.504167 0.053125 0.504167 0.042188 0.500000 0.037500 0.500000 0.032812 0.497917 0.031250 0.497917 0.023438 0.500000 0.021875 0.500000 0.018750 0.491667 0.015625
5 0.547917 0.015625 0.610417 0.026563 0.625000 0.035937 0.597917 0.075000 0.664583 0.078125 0.652083 0.040625 0.641667 0.028125 0.627083 0.017188
5 0.333333 0.153125 0.329167 0.170312 0.412500 0.179688 0.450000 0.281250 0.418750 0.192188 0.445833 0.182812 0.537500 0.204688 0.568750 0.279687 0.366667 0.296875 0.364583 0.312500 0.595833 0.310937 0.975000 0.367188 0.950000 0.357812 0.983333 0.339063 0.868750 0.346875 0.977083 0.310937 0.947917 0.254687 0.918750 0.315625 0.845833 0.342187 0.783333 0.328125 0.887500 0.290625 0.866667 0.237500 0.887500 0.226562 0.983333 0.254687 0.956250 0.231250 0.714583 0.173438 0.716667 0.126563 0.570833 0.118750 0.550000 0.159375 0.520833 0.156250 0.514583 0.118750 0.520833 0.156250 0.460417 0.160938 0.468750 0.123438 0.454167 0.157813 0.412500 0.170312
5 0.514583 0.273438 0.514583 0.278125 0.552083 0.278125 0.554167 0.279687 0.556250 0.279687 0.547917 0.273438 0.545833 0.273438 0.533333 0.264062 0.522917 0.264062 0.516667 0.268750 0.516667 0.271875
5 0.500000 0.310937 0.452083 0.418750 0.562500 0.460938 0.545833 0.382812 0.625000 0.373437 0.743750 0.390625 0.797917 0.535937 0.770833 0.584375 0.720833 0.582812 0.714583 0.610937 0.685417 0.614062 0.679167 0.559375 0.654167 0.542188 0.666667 0.651563 0.716667 0.670313 0.783333 0.621875 0.858333 0.646875 0.860417 0.625000 0.822917 0.612500 0.947917 0.525000 0.812500 0.609375 0.881250 0.550000 0.881250 0.475000 0.989583 0.523438 0.872917 0.428125 0.877083 0.360938 0.858333 0.359375 0.850000 0.401563 0.729167 0.334375
5 0.279167 0.642187 0.285417 0.664062 0.333333 0.698438 0.295833 0.703125 0.512500 0.712500 0.477083 0.703125 0.493750 0.701563 0.477083 0.676562 0.472917 0.703125 0.422917 0.703125 0.385417 0.659375 0.422917 0.610937 0.470833 0.610937 0.472917 0.637500 0.516667 0.632812 0.495833 0.659375 0.533333 0.740625 0.670833 0.739062 0.639583 0.734375 0.683333 0.714063 0.750000 0.710938 0.602083 0.706250 0.595833 0.618750 0.645833 0.610937 0.300000 0.596875 0.333333 0.615625
6 0.427083 0.620313 0.427083 0.629687 0.420833 0.631250 0.416667 0.634375 0.402083 0.651563 0.395833 0.654688 0.395833 0.665625 0.406250 0.670313 0.406250 0.665625 0.408333 0.664062 0.416667 0.670313 0.420833 0.679688 0.422917 0.696875 0.425000 0.698438 0.435417 0.698438 0.437500 0.700000 0.435417 0.695312 0.433333 0.620313
6 0.425000 0.718750 0.404167 0.762500 0.422917 0.781250 0.422917 0.818750 0.404167 0.834375 0.406250 0.884375 0.408333 0.859375 0.427083 0.850000 0.427083 0.898438 0.454167 0.898438 0.435417 0.912500 0.479167 0.910937 0.477083 0.920313 0.435417 0.932813 0.479167 0.937500 0.477083 0.946875 0.445833 0.954687 0.518750 0.964063 0.504167 0.973437 0.435417 0.975000 0.479167 0.985937 0.700000 0.989062 0.668750 0.781250 0.443750 0.787500 0.437500 0.717188
7 0.012500 0.026563 0.016667 0.309375 0.181250 0.325000 0.197917 0.314063 0.229167 0.065625
7 0.293750 0.173438 0.283333 0.250000 0.418750 0.270312 0.431250 0.262500 0.431250 0.250000 0.412500 0.196875 0.406250 0.190625
7 0.277083 0.315625 0.262500 0.382812 0.354167 0.390625 0.364583 0.387500 0.387500 0.329688
7 0.014583 0.373437 0.016667 0.500000 0.143750 0.507812 0.179167 0.504687 0.191667 0.392188
7 0.547917 0.385938 0.541667 0.393750 0.570833 0.467187 0.558333 0.476562 0.558333 0.487500 0.741667 0.589063 0.754167 0.587500 0.766667 0.579687 0.791667 0.539062 0.772917 0.500000 0.762500 0.434375 0.733333 0.384375 0.647917 0.385938 0.625000 0.378125 0.622917 0.384375
7 0.777083 0.390625 0.795833 0.423438 0.808333 0.460938 0.816667 0.507812 0.831250 0.512500 0.831250 0.506250 0.822917 0.500000 0.831250 0.495313 0.812500 0.479688 0.814583 0.468750 0.825000 0.448438 0.827083 0.398438 0.802083 0.396875
7 0.229167 0.501562 0.456250 0.510938 0.491667 0.445312 0.239583 0.425000
7 0.408333 0.584375 0.537500 0.606250 0.564583 0.601562 0.579167 0.601562 0.593750 0.606250 0.639583 0.573438 0.635417 0.568750 0.439583 0.537500
7 0.450000 0.651563 0.447917 0.656250 0.447917 0.696875 0.464583 0.696875 0.468750 0.698438 0.468750 0.665625 0.470833 0.664062 0.491667 0.684375 0.491667 0.695312 0.508333 0.696875 0.510417 0.698438 0.508333 0.696875 0.506250 0.682813 0.487500 0.668750 0.489583 0.651563
7 0.606250 0.651563 0.606250 0.701563 0.620833 0.701563 0.622917 0.703125 0.641667 0.703125 0.643750 0.704687 0.641667 0.703125 0.641667 0.692187 0.639583 0.690625 0.639583 0.681250 0.637500 0.679688 0.637500 0.662500 0.639583 0.660937 0.639583 0.653125 0.637500 0.651563
7 0.447917 0.718750 0.445833 0.781250 0.641667 0.779688 0.641667 0.746875 0.566667 0.743750 0.554167 0.750000 0.529167 0.745313 0.514583 0.720312
7 0.152083 0.942187 0.014583 0.950000 0.012500 0.951563 0.014583 0.989062 0.145833 0.987500
8 0.016667 0.529688 0.016667 0.562500 0.054167 0.578125 0.064583 0.578125 0.066667 0.579687 0.077083 0.575000 0.104167 0.575000 0.116667 0.570312 0.135417 0.554688 0.125000 0.540625 0.108333 0.532812 0.083333 0.526563 0.022917 0.526563
8 0.272917 0.651563 0.231250 0.682813 0.210417 0.720312 0.208333 0.762500 0.218750 0.785937 0.256250 0.825000 0.272917 0.821875 0.204167 0.882812 0.183333 0.940625 0.187500 0.987500 0.331250 0.985937 0.306250 0.967188 0.297917 0.921875 0.325000 0.893750 0.366667 0.871875 0.360417 0.834375 0.320833 0.817187 0.314583 0.776563 0.327083 0.760938 0.310417 0.750000 0.308333 0.712500 0.285417 0.701563 0.320833 0.698438 0.318750 0.690625 0.300000 0.684375