1 0.014583 0.014062 0.014583 0.031250 0.364583 0.078125 0.350000 0.171875 0.014583 0.135937 0.022917 0.248437 0.066667 0.253125 0.081250 0.196875 0.108333 0.212500 0.116667 0.251563 0.520833 0.268750 0.512500 0.237500 0.481250 0.234375 0.464583 0.185937 0.479167 0.159375 0.383333 0.015625
2 0.831250 0.504687 0.800000 0.540625 0.966667 0.878125 0.985417 0.870313 0.983333 0.510938 0.902083 0.496875
3 0.487500 0.176563 0.483333 0.182812 0.475000 0.184375 0.475000 0.190625 0.477083 0.192188 0.477083 0.198437 0.479167 0.200000 0.481250 0.214062 0.483333 0.215625 0.483333 0.220313 0.485417 0.221875 0.485417 0.228125 0.487500 0.229687 0.487500 0.235938 0.489583 0.237500 0.500000 0.232812 0.510417 0.231250 0.508333 0.229687 0.508333 0.226562 0.506250 0.225000 0.506250 0.221875 0.502083 0.215625 0.502083 0.210938 0.500000 0.209375 0.500000 0.206250 0.495833 0.200000 0.495833 0.195312 0.493750 0.193750 0.493750 0.190625 0.491667 0.189063
3 0.443750 0.348437 0.479167 0.370313 0.491667 0.404687 0.458333 0.446875 0.466667 0.546875 0.450000 0.579687 0.472917 0.581250 0.470833 0.607813 0.447917 0.607813 0.445833 0.584375 0.435417 0.604688 0.485417 0.739062 0.462500 0.756250 0.495833 0.806250 0.525000 0.792188 0.570833 0.934375 0.510417 0.935938 0.539583 0.985937 0.656250 0.984375 0.729167 0.929688 0.950000 0.881250 0.779167 0.537500 0.731250 0.550000 0.627083 0.506250 0.577083 0.471875 0.541667 0.417188 0.533333 0.353125
4 0.541667 0.015625 0.535417 0.056250 0.468750 0.087500 0.460417 0.109375 0.520833 0.237500 0.558333 0.431250 0.591667 0.475000 0.714583 0.539062 0.743750 0.539062 0.841667 0.496875 0.987500 0.471875 0.987500 0.014062
5 0.987500 0.903125 0.977083 0.884375 0.729167 0.932813 0.666667 0.982813 0.870833 0.985937 0.866667 0.932813
7 0.016667 0.035937 0.012500 0.132812 0.347917 0.170312 0.352083 0.076563
7 0.027083 0.256250 0.014583 0.987500 0.179167 0.981250 0.170833 0.890625 0.189583 0.978125 0.362500 0.984375 0.358333 0.918750 0.452083 0.948438 0.508333 0.907812 0.500000 0.814062 0.458333 0.759375 0.416667 0.751562 0.400000 0.673437 0.452083 0.660937 0.414583 0.543750 0.345833 0.520312 0.397917 0.518750 0.410417 0.478125 0.354167 0.481250 0.316667 0.457812 0.420833 0.468750 0.389583 0.368750 0.445833 0.340625 0.525000 0.345313 0.514583 0.281250
8 0.385417 0.020312 0.385417 0.025000 0.429167 0.098438 0.537500 0.048437 0.535417 0.015625 0.389583 0.015625
8 0.077083 0.200000 0.075000 0.201562 0.075000 0.223438 0.072917 0.225000 0.070833 0.267188 0.083333 0.262500 0.087500 0.262500 0.102083 0.256250 0.110417 0.254687 0.108333 0.251563 0.106250 0.212500 0.097917 0.207813
8 0.416667 0.359375 0.395833 0.376563 0.395833 0.382812 0.418750 0.445312 0.445833 0.451562 0.489583 0.404687 0.475000 0.368750
8 0.447917 0.485938 0.397917 0.520312 0.354167 0.523438 0.381250 0.537500 0.420833 0.539062 0.439583 0.596875 0.458333 0.532812
8 0.447917 0.581250 0.447917 0.604688 0.450000 0.606250 0.450000 0.607813 0.468750 0.607813 0.468750 0.595312 0.470833 0.593750 0.470833 0.581250
8 0.460417 0.668750 0.412500 0.675000 0.416667 0.732813 0.418750 0.734375 0.418750 0.751562 0.420833 0.754687 0.466667 0.754687 0.483333 0.739062 0.472917 0.712500 0.472917 0.706250
8 0.527083 0.804688 0.500000 0.812500 0.502083 0.814062 0.500000 0.842188 0.518750 0.932813 0.556250 0.925000