1 0.156250 0.014062 0.397917 0.056250 0.400000 0.060938 0.420833 0.065625 0.431250 0.025000 0.414583 0.020312 0.406250 0.040625 0.406250 0.017188
1 0.014583 0.076563 0.014583 0.114063 0.285417 0.151562 0.262500 0.118750
1 0.012500 0.201562 0.014583 0.300000 0.314583 0.326562 0.335417 0.239063
1 0.016667 0.404687 0.018750 0.415625 0.125000 0.418750 0.137500 0.429688 0.137500 0.450000 0.185417 0.448438 0.218750 0.435937 0.214583 0.428125 0.216667 0.414062
1 0.164583 0.468750 0.137500 0.468750 0.141667 0.484375 0.125000 0.500000 0.018750 0.495313 0.014583 0.987500 0.029167 0.990625 0.033333 0.548437 0.050000 0.528125 0.152083 0.526563
2 0.441667 0.028125 0.422917 0.093750 0.518750 0.082813 0.543750 0.106250 0.622917 0.110937 0.668750 0.159375 0.733333 0.200000 0.785417 0.203125 0.987500 0.378125 0.987500 0.014062 0.508333 0.017188 0.479167 0.040625
2 0.250000 0.039062 0.245833 0.107813 0.272917 0.114063 0.281250 0.112500 0.308333 0.153125 0.320833 0.154687 0.350000 0.179688 0.352083 0.142188 0.381250 0.106250 0.393750 0.096875 0.410417 0.095312 0.412500 0.070312 0.381250 0.067188 0.377083 0.062500
2 0.987500 0.584375 0.916667 0.668750 0.866667 0.692187 0.839583 0.735937 0.756250 0.787500 0.733333 0.828125 0.695833 0.857813 0.687500 0.887500 0.706250 0.914062 0.770833 0.896875 0.781250 0.931250 0.750000 0.954687 0.781250 0.985937 0.987500 0.985937
4 0.520833 0.090625 0.404167 0.104687 0.370833 0.131250 0.300000 0.459375 0.341667 0.446875 0.370833 0.535937 0.335417 0.550000 0.412500 0.792188 0.358333 0.853125 0.360417 0.915625 0.387500 0.940625 0.539583 0.939062 0.581250 0.901563 0.679167 0.878125 0.737500 0.795313 0.906250 0.665625 0.987500 0.568750 0.987500 0.384375 0.783333 0.210938 0.731250 0.207813 0.620833 0.118750 0.543750 0.112500
4 0.050000 0.535937 0.037500 0.990625 0.210417 0.989062 0.420833 0.953125 0.366667 0.942187 0.354167 0.914062 0.297917 0.912500 0.250000 0.932813 0.231250 0.896875 0.204167 0.901563 0.195833 0.773438 0.170833 0.773438 0.187500 0.706250 0.152083 0.581250 0.160417 0.534375
7 0.014583 0.118750 0.014583 0.146875 0.341667 0.190625 0.343750 0.187500 0.316667 0.160938
7 0.014583 0.359375 0.014583 0.387500 0.039583 0.387500 0.041667 0.389062 0.068750 0.389062 0.072917 0.390625 0.072917 0.364062 0.075000 0.362500 0.070833 0.360938 0.041667 0.360938 0.039583 0.359375
7 0.014583 0.423438 0.016667 0.485938 0.118750 0.490625 0.125000 0.481250 0.125000 0.460938 0.129167 0.457812 0.189583 0.460938 0.195833 0.457812 0.131250 0.454688 0.125000 0.425000
8 0.289583 0.426562 0.189583 0.475000 0.187500 0.531250 0.222917 0.484375 0.295833 0.467187 0.225000 0.489062 0.216667 0.537500 0.212500 0.515625 0.160417 0.565625 0.187500 0.585938 0.168750 0.585938 0.177083 0.643750 0.193750 0.635938 0.187500 0.585938 0.252083 0.606250 0.279167 0.593750 0.264583 0.609375 0.202083 0.604688 0.202083 0.659375 0.181250 0.648438 0.214583 0.896875 0.260417 0.865625 0.239583 0.889063 0.256250 0.926562 0.297917 0.904688 0.352083 0.907812 0.352083 0.846875 0.285417 0.865625 0.360417 0.835938 0.404167 0.792188 0.327083 0.546875 0.262500 0.564062 0.360417 0.529688 0.333333 0.450000 0.295833 0.467187
8 0.172917 0.503125 0.170833 0.503125 0.166667 0.506250 0.166667 0.507812 0.164583 0.509375 0.164583 0.521875 0.166667 0.523438 0.166667 0.535937 0.168750 0.537500 0.168750 0.550000 0.172917 0.546875 0.172917 0.545313 0.181250 0.537500 0.179167 0.535937 0.179167 0.528125 0.177083 0.526563 0.177083 0.520312 0.175000 0.518750 0.175000 0.510938 0.172917 0.509375