1 0.014583 0.014062 0.027083 0.164062 0.500000 0.198437 0.508333 0.264062 0.631250 0.276563 0.647917 0.145313 0.285417 0.109375 0.206250 0.081250 0.202083 0.040625 0.225000 0.039062 0.225000 0.020312
1 0.016667 0.415625 0.012500 0.984375 0.462500 0.985937 0.568750 0.940625 0.562500 0.909375 0.408333 0.910937 0.400000 0.878125 0.316667 0.867188 0.287500 0.826563 0.362500 0.817187 0.375000 0.837500 0.470833 0.837500 0.452083 0.809375 0.487500 0.770312 0.364583 0.768750 0.318750 0.665625 0.404167 0.621875 0.427083 0.428125
2 0.983333 0.092188 0.658333 0.140625 0.633333 0.279687 0.752083 0.325000 0.885417 0.315625 0.937500 0.304688 0.983333 0.357812
4 0.535417 0.262500 0.462500 0.293750 0.406250 0.623438 0.450000 0.620313 0.491667 0.771875 0.593750 0.768750 0.570833 0.935938 0.610417 0.910937 0.645833 0.984375 0.989583 0.987500 0.987500 0.365625 0.933333 0.306250 0.668750 0.368750 0.729167 0.334375
6 0.585417 0.775000 0.479167 0.781250 0.497917 0.843750 0.481250 0.914062 0.566667 0.901563
7 0.206250 0.043750 0.206250 0.070312 0.208333 0.073437 0.220833 0.078125 0.225000 0.081250 0.243750 0.087500 0.247917 0.090625 0.262500 0.095312 0.270833 0.100000 0.272917 0.078125 0.275000 0.076563 0.275000 0.064062
7 0.018750 0.176563 0.041667 0.409375 0.429167 0.420312 0.460417 0.293750 0.504167 0.264062 0.500000 0.207813
7 0.368750 0.823438 0.362500 0.823438 0.360417 0.825000 0.354167 0.825000 0.352083 0.826563 0.343750 0.826563 0.341667 0.828125 0.335417 0.828125 0.333333 0.829687 0.325000 0.829687 0.322917 0.831250 0.316667 0.831250 0.314583 0.832812 0.306250 0.832812 0.304167 0.834375 0.297917 0.834375 0.297917 0.835938 0.318750 0.859375 0.320833 0.864062 0.345833 0.865625 0.347917 0.867188 0.358333 0.867188 0.360417 0.868750 0.360417 0.860937 0.362500 0.859375 0.362500 0.851562 0.364583 0.850000 0.364583 0.842188 0.366667 0.840625
8 0.281250 0.046875 0.470833 0.076563 0.287500 0.056250 0.281250 0.104687 0.654167 0.135937 0.985417 0.089062 0.985417 0.014062 0.558333 0.015625 0.541667 0.059375 0.493750 0.071875 0.541667 0.042188 0.545833 0.015625 0.297917 0.018750
8 0.447917 0.620313 0.395833 0.631250 0.320833 0.660937 0.364583 0.767187 0.470833 0.754687 0.456250 0.737500 0.458333 0.690625
8 0.639583 0.985937 0.608333 0.931250 0.602083 0.925000 0.479167 0.987500