1 0.016667 0.014062 0.027083 0.104687 0.981250 0.100000 0.968750 0.017188
1 0.793750 0.125000 0.077083 0.120312 0.206250 0.731250 0.064583 0.117188 0.012500 0.114063 0.016667 0.307813 0.200000 0.987500 0.368750 0.987500 0.425000 0.962500 0.408333 0.923437 0.254167 0.920313 0.412500 0.915625 0.514583 0.818750 0.602083 0.815625 0.606250 0.785937 0.427083 0.770312 0.475000 0.735937 0.470833 0.542188 0.408333 0.531250 0.408333 0.493750 0.487500 0.487500 0.443750 0.437500 0.506250 0.387500 0.554167 0.415625 0.616667 0.345313 0.552083 0.260938 0.575000 0.170312 0.777083 0.167187
1 0.018750 0.312500 0.016667 0.373437 0.181250 0.945312 0.164583 0.987500 0.191667 0.987500 0.206250 0.942187 0.041667 0.318750
1 0.668750 0.918750 0.654167 0.918750 0.645833 0.928125 0.604167 0.926562 0.593750 0.965625 0.541667 0.967188 0.529167 0.973437 0.491667 0.973437 0.485417 0.978125 0.485417 0.987500 0.681250 0.985937
2 0.989583 0.117188 0.977083 0.117188 0.960417 0.164062 0.893750 0.165625 0.860417 0.154687 0.847917 0.134375 0.827083 0.135937 0.818750 0.173438 0.875000 0.182812 0.937500 0.240625 0.960417 0.320312 0.895833 0.451562 0.816667 0.465625 0.810417 0.517187 0.789583 0.532812 0.897917 0.696875 0.922917 0.698438 0.964583 0.751562 0.983333 0.750000
2 0.985417 0.817187 0.975000 0.818750 0.922917 0.989062 0.989583 0.987500
3 0.647917 0.359375 0.652083 0.389062 0.662500 0.401563 0.662500 0.428125 0.654167 0.440625 0.664583 0.465625 0.654167 0.481250 0.670833 0.492188 0.710417 0.496875 0.697917 0.503125 0.666667 0.503125 0.666667 0.517187 0.793750 0.512500 0.810417 0.498437 0.795833 0.490625 0.800000 0.459375 0.756250 0.467187 0.718750 0.429688 0.702083 0.437500 0.695833 0.359375
3 0.639583 0.832812 0.639583 0.850000 0.637500 0.851562 0.637500 0.873438 0.639583 0.876562 0.635417 0.882812 0.635417 0.906250 0.637500 0.907812 0.641667 0.906250 0.670833 0.906250 0.672917 0.907812 0.670833 0.906250 0.670833 0.896875 0.668750 0.895312 0.654167 0.859375 0.650000 0.854688 0.647917 0.846875 0.641667 0.839063
4 0.414583 0.500000 0.418750 0.529688 0.489583 0.529688 0.464583 0.565625 0.454167 0.650000 0.502083 0.759375 0.439583 0.757812 0.439583 0.773438 0.633333 0.779688 0.693750 0.987500 0.914583 0.987500 0.970833 0.810938 0.985417 0.809375 0.987500 0.756250 0.935417 0.759375 0.764583 0.525000 0.650000 0.521875 0.622917 0.496875
5 0.589583 0.167187 0.575000 0.242188 0.589583 0.323438 0.708333 0.356250 0.710417 0.420312 0.737500 0.432813 0.756250 0.457812 0.885417 0.453125 0.889583 0.429688 0.937500 0.348437 0.945833 0.307813 0.927083 0.246875 0.881250 0.196875 0.860417 0.187500 0.679167 0.162500 0.606250 0.160938
7 0.504167 0.401563 0.452083 0.443750 0.452083 0.460938 0.518750 0.495313 0.518750 0.490625 0.527083 0.476562 0.518750 0.445312 0.518750 0.435937 0.522917 0.434375 0.518750 0.429688 0.514583 0.409375 0.510417 0.403125
7 0.597917 0.420312 0.593750 0.421875 0.593750 0.432813 0.583333 0.440625 0.550000 0.451562 0.545833 0.448438 0.539583 0.437500 0.531250 0.435937 0.539583 0.440625 0.539583 0.446875 0.543750 0.451562 0.541667 0.453125 0.541667 0.459375 0.550000 0.470313 0.554167 0.467187 0.564583 0.464063 0.589583 0.464063 0.593750 0.460938 0.608333 0.460938 0.610417 0.462500 0.625000 0.450000 0.614583 0.448438 0.606250 0.442187 0.597917 0.426562
7 0.441667 0.554688 0.325000 0.560938 0.350000 0.712500 0.435417 0.707812
7 0.481250 0.845312 0.479167 0.854688 0.525000 0.885938 0.525000 0.856250 0.556250 0.856250 0.616667 0.885938 0.610417 0.842188 0.535417 0.845312 0.525000 0.817187
7 0.379167 0.987500 0.477083 0.987500 0.479167 0.971875 0.381250 0.971875 0.379167 0.973437
8 0.652083 0.390625 0.645833 0.390625 0.643750 0.392188 0.639583 0.392188 0.631250 0.398438 0.631250 0.401563 0.629167 0.403125 0.629167 0.409375 0.631250 0.410937 0.631250 0.414062 0.633333 0.415625 0.633333 0.417188 0.637500 0.420312 0.637500 0.421875 0.641667 0.421875 0.643750 0.423438 0.645833 0.421875 0.645833 0.420312 0.650000 0.415625 0.650000 0.412500 0.652083 0.410937 0.652083 0.407813 0.654167 0.406250 0.654167 0.403125 0.656250 0.401563 0.656250 0.395312
8 0.593750 0.468750 0.593750 0.485938 0.595833 0.485938 0.597917 0.487500 0.595833 0.489062 0.595833 0.496875 0.610417 0.496875 0.612500 0.495313 0.627083 0.495313 0.625000 0.493750 0.625000 0.490625 0.622917 0.489062 0.622917 0.487500 0.608333 0.487500 0.606250 0.485938 0.608333 0.484375 0.616667 0.484375 0.618750 0.482812 0.631250 0.482812 0.629167 0.481250 0.629167 0.478125 0.627083 0.476562 0.627083 0.475000 0.625000 0.473437 0.620833 0.473437 0.618750 0.471875 0.612500 0.471875 0.610417 0.470313 0.606250 0.470313 0.604167 0.468750
8 0.645833 0.918750 0.560417 0.865625 0.529167 0.870313 0.531250 0.893750 0.483333 0.871875 0.472917 0.882812 0.414583 0.903125 0.414583 0.942187 0.429167 0.962500 0.468750 0.970312 0.520833 0.970312 0.537500 0.964063 0.593750 0.964063 0.591667 0.921875