1 0.014583 0.014062 0.016667 0.426562 0.083333 0.585938 0.306250 0.581250 0.325000 0.542188 0.404167 0.500000 0.406250 0.539062 0.468750 0.535937 0.491667 0.490625 0.285417 0.481250 0.291667 0.440625 0.354167 0.443750 0.312500 0.318750 0.362500 0.176563 0.266667 0.160938 0.256250 0.109375 0.268750 0.093750 0.410417 0.107813 0.327083 0.043750 0.327083 0.014062
1 0.464583 0.046875 0.464583 0.071875 0.466667 0.073437 0.466667 0.100000 0.468750 0.103125 0.464583 0.106250 0.462500 0.112500 0.545833 0.118750 0.545833 0.106250 0.552083 0.098438 0.550000 0.096875 0.552083 0.079687 0.550000 0.078125 0.531250 0.078125 0.514583 0.085938 0.495833 0.082813 0.487500 0.078125 0.481250 0.070312 0.477083 0.046875
1 0.014583 0.429688 0.016667 0.629687 0.025000 0.635938 0.016667 0.668750 0.016667 0.814062 0.079167 0.590625
1 0.085417 0.595312 0.016667 0.834375 0.014583 0.987500 0.072917 0.989062 0.110417 0.781250 0.460417 0.770312 0.466667 0.985937 0.622917 0.985937 0.610417 0.907812 0.525000 0.918750 0.508333 0.904688 0.518750 0.846875 0.562500 0.860937 0.577083 0.843750 0.541667 0.621875 0.477083 0.612500 0.450000 0.650000 0.339583 0.659375 0.329167 0.710938 0.208333 0.709375 0.214583 0.646875 0.266667 0.645312 0.252083 0.593750
1 0.616667 0.906250 0.616667 0.917188 0.618750 0.918750 0.618750 0.931250 0.620833 0.932813 0.620833 0.943750 0.622917 0.945312 0.622917 0.956250 0.625000 0.957812 0.627083 0.982813 0.629167 0.984375 0.660417 0.984375 0.664583 0.985937 0.662500 0.984375 0.662500 0.976562 0.660417 0.975000 0.660417 0.967188 0.658333 0.965625 0.658333 0.957812 0.656250 0.956250 0.656250 0.948438 0.654167 0.946875 0.645833 0.903125
2 0.910417 0.128125 0.877083 0.196875 0.825000 0.214062 0.983333 0.484375 0.985417 0.131250
2 0.987500 0.750000 0.783333 0.860937 0.795833 0.875000 0.789583 0.901563 0.772917 0.907812 0.741667 0.900000 0.658333 0.907812 0.668750 0.981250 0.989583 0.990625
3 0.697917 0.012500 0.670833 0.042188 0.679167 0.065625 0.664583 0.139062 0.731250 0.142188 0.752083 0.154687 0.731250 0.164062 0.662500 0.153125 0.660417 0.181250 0.845833 0.193750 0.856250 0.182812 0.872917 0.184375 0.879167 0.167187 0.868750 0.159375 0.891667 0.110937 0.875000 0.109375 0.847917 0.085938 0.843750 0.050000 0.827083 0.045313 0.814583 0.056250 0.789583 0.057813 0.791667 0.015625
3 0.522917 0.496875 0.520833 0.529688 0.527083 0.540625 0.527083 0.554688 0.516667 0.575000 0.512500 0.576563 0.514583 0.604688 0.506250 0.607813 0.506250 0.615625 0.510417 0.617188 0.514583 0.610937 0.531250 0.610937 0.533333 0.606250 0.533333 0.614062 0.556250 0.615625 0.552083 0.609375 0.539583 0.601562 0.547917 0.585938 0.547917 0.576563 0.541667 0.576563 0.537500 0.571875 0.537500 0.560938 0.541667 0.556250 0.539583 0.548437 0.535417 0.546875
4 0.270833 0.103125 0.272917 0.156250 0.387500 0.162500 0.322917 0.306250 0.364583 0.451562 0.295833 0.446875 0.297917 0.481250 0.525000 0.485938 0.537500 0.340625 0.608333 0.185937 0.529167 0.465625 0.589583 0.842188 0.575000 0.868750 0.525000 0.859375 0.533333 0.910937 0.777083 0.898438 0.777083 0.864062 0.987500 0.735937 0.987500 0.554688 0.791667 0.200000 0.612500 0.184375 0.602083 0.137500
5 0.800000 0.012500 0.793750 0.054688 0.800000 0.056250 0.816667 0.045313 0.825000 0.026563 0.837500 0.043750 0.850000 0.043750 0.845833 0.076563 0.875000 0.096875 0.912500 0.114063 0.991667 0.121875 0.989583 0.014062
7 0.329167 0.021875 0.337500 0.043750 0.439583 0.121875 0.452083 0.104687 0.458333 0.039062 0.506250 0.040625 0.502083 0.048437 0.491667 0.042188 0.485417 0.046875 0.495833 0.071875 0.512500 0.079687 0.527083 0.068750 0.591667 0.071875 0.606250 0.053125 0.622917 0.054688 0.631250 0.045313 0.641667 0.045313 0.650000 0.056250 0.662500 0.053125 0.656250 0.023438 0.641667 0.023438 0.625000 0.034375 0.622917 0.050000 0.591667 0.043750 0.581250 0.015625 0.512500 0.037500 0.493750 0.034375 0.493750 0.012500 0.483333 0.014062 0.481250 0.034375 0.456250 0.031250 0.456250 0.012500 0.341667 0.014062
7 0.135417 0.182812 0.166667 0.390625 0.304167 0.396875 0.304167 0.195312
7 0.495833 0.550000 0.477083 0.543750 0.462500 0.551562 0.437500 0.546875 0.422917 0.546875 0.418750 0.550000 0.397917 0.548437 0.397917 0.509375 0.337500 0.540625 0.335417 0.557813 0.389583 0.595312 0.395833 0.554688 0.427083 0.553125 0.427083 0.556250 0.414583 0.557813 0.425000 0.567187 0.433333 0.565625 0.445833 0.556250 0.470833 0.564062 0.483333 0.550000
7 0.479167 0.573438 0.479167 0.587500 0.481250 0.589063 0.479167 0.590625 0.479167 0.593750 0.477083 0.595312 0.477083 0.600000 0.485417 0.600000 0.487500 0.601562 0.495833 0.601562 0.497917 0.603125 0.508333 0.603125 0.510417 0.604688 0.508333 0.603125 0.508333 0.573438
7 0.222917 0.651563 0.216667 0.704687 0.320833 0.706250 0.327083 0.707812 0.331250 0.659375 0.333333 0.657812 0.331250 0.656250 0.325000 0.656250 0.318750 0.651563
7 0.429167 0.793750 0.137500 0.804688 0.114583 0.912500 0.429167 0.893750
7 0.431250 0.914062 0.114583 0.925000 0.100000 0.989062 0.431250 0.987500
8 0.635417 0.048437 0.629167 0.048437 0.616667 0.073437 0.622917 0.096875 0.602083 0.095312 0.595833 0.079687 0.566667 0.078125 0.558333 0.106250 0.558333 0.126563 0.604167 0.129688 0.600000 0.125000 0.602083 0.112500 0.564583 0.109375 0.560417 0.106250 0.562500 0.103125 0.629167 0.112500 0.629167 0.106250 0.641667 0.125000 0.660417 0.082813
8 0.606250 0.117188 0.606250 0.125000 0.612500 0.132812 0.604167 0.159375 0.610417 0.168750 0.629167 0.182812 0.635417 0.179688 0.639583 0.185937 0.650000 0.185937 0.656250 0.165625 0.654167 0.150000 0.647917 0.150000 0.645833 0.160938 0.641667 0.160938 0.645833 0.142188 0.654167 0.146875 0.687500 0.153125 0.708333 0.151562 0.737500 0.156250 0.741667 0.154687 0.725000 0.150000 0.658333 0.143750 0.620833 0.114063
8 0.520833 0.489062 0.514583 0.489062 0.512500 0.490625 0.508333 0.490625 0.506250 0.492188 0.506250 0.504687 0.504167 0.506250 0.504167 0.525000 0.506250 0.526563 0.510417 0.526563 0.510417 0.525000 0.520833 0.517187
8 0.477083 0.534375 0.477083 0.537500 0.483333 0.537500 0.485417 0.539062 0.485417 0.540625 0.487500 0.542188 0.518750 0.542188 0.520833 0.543750 0.522917 0.543750 0.520833 0.542188 0.520833 0.534375 0.483333 0.534375 0.481250 0.535937 0.479167 0.534375
8 0.504167 0.546875 0.502083 0.548437 0.502083 0.556250 0.504167 0.557813 0.504167 0.559375 0.506250 0.560938 0.506250 0.562500 0.508333 0.564062 0.508333 0.565625 0.510417 0.567187 0.510417 0.568750 0.512500 0.570312 0.512500 0.571875 0.514583 0.573438 0.514583 0.575000 0.514583 0.571875 0.516667 0.570312 0.516667 0.567187 0.518750 0.565625 0.518750 0.562500 0.520833 0.560938 0.520833 0.557813 0.522917 0.556250 0.522917 0.546875
8 0.504167 0.607813 0.475000 0.604688 0.470833 0.595312 0.447917 0.590625 0.464583 0.584375 0.450000 0.581250 0.447917 0.560938 0.418750 0.573438 0.410417 0.556250 0.402083 0.559375 0.402083 0.587500 0.393750 0.600000 0.385417 0.600000 0.337500 0.562500 0.318750 0.579687 0.322917 0.590625 0.316667 0.601562 0.308333 0.603125 0.297917 0.587500 0.277083 0.587500 0.266667 0.600000 0.283333 0.603125 0.283333 0.628125 0.272917 0.639063 0.304167 0.635938 0.316667 0.646875 0.318750 0.632812 0.335417 0.634375 0.327083 0.651563 0.362500 0.648438 0.370833 0.656250 0.385417 0.653125 0.393750 0.635938 0.427083 0.645312 0.464583 0.632812 0.472917 0.606250 0.489583 0.606250 0.495833 0.620313 0.504167 0.620313