1 0.014583 0.014062 0.014583 0.732813 0.260417 0.739062 0.291667 0.690625 0.308333 0.726562 0.600000 0.743750 0.525000 0.673437 0.408333 0.664062 0.437500 0.354688 0.600000 0.351562 0.525000 0.332812 0.525000 0.276563 0.591667 0.281250 0.597917 0.259375 0.497917 0.254687 0.512500 0.173438 0.639583 0.164062 0.668750 0.140625 0.879167 0.139062 0.895833 0.065625
1 0.950000 0.064062 0.906250 0.064062 0.883333 0.139062 0.922917 0.140625 0.927083 0.142188 0.927083 0.137500 0.931250 0.131250 0.937500 0.109375 0.954167 0.068750 0.954167 0.065625
1 0.604167 0.770312 0.306250 0.750000 0.277083 0.773438 0.262500 0.773438 0.252083 0.757812 0.020833 0.756250 0.014583 0.985937 0.035417 0.978125 0.016667 0.950000 0.068750 0.876562 0.095833 0.865625 0.129167 0.876562 0.585417 0.875000 0.629167 0.851562
1 0.485417 0.950000 0.483333 0.953125 0.483333 0.985937 0.489583 0.985937 0.491667 0.984375 0.566667 0.984375 0.564583 0.982813 0.564583 0.973437 0.562500 0.971875 0.562500 0.962500 0.566667 0.956250 0.564583 0.953125 0.537500 0.953125 0.535417 0.951563
2 0.954167 0.017188 0.945833 0.057813 0.964583 0.057813 0.968750 0.060938 0.943750 0.137500 0.987500 0.142188 0.987500 0.015625
3 0.654167 0.154687 0.639583 0.187500 0.662500 0.184375 0.666667 0.214062 0.645833 0.232812 0.641667 0.270312 0.620833 0.271875 0.635417 0.285937 0.610417 0.332812 0.618750 0.387500 0.791667 0.410937 0.985417 0.425000 0.985417 0.150000 0.793750 0.142188
4 0.606250 0.389062 0.614583 0.414062 0.677083 0.417188 0.645833 0.476562 0.650000 0.603125 0.627083 0.625000 0.625000 0.665625 0.602083 0.682813 0.620833 0.771875 0.660417 0.764063 0.631250 0.701563 0.697917 0.687500 0.962500 0.773438 0.968750 0.734375 0.918750 0.714063 0.987500 0.706250 0.983333 0.453125
4 0.652083 0.714063 0.662500 0.725000 0.672917 0.723437 0.677083 0.709375 0.697917 0.710938 0.708333 0.718750 0.710417 0.732813 0.685417 0.743750 0.683333 0.764063 0.904167 0.845312 0.972917 0.859375 0.987500 0.846875 0.983333 0.798437 0.897917 0.775000 0.712500 0.709375 0.662500 0.706250
4 0.677083 0.778125 0.687500 0.809375 0.666667 0.820312 0.658333 0.860937 0.760417 0.898438 0.812500 0.925000 0.870833 0.943750 0.914583 0.950000 0.931250 0.945312 0.964583 0.879687 0.864583 0.854688
4 0.652083 0.873438 0.668750 0.950000 0.747917 0.987500 0.910417 0.989062 0.920833 0.967188 0.879167 0.962500 0.829167 0.946875
7 0.641667 0.175000 0.520833 0.179688 0.516667 0.182812 0.510417 0.245312 0.587500 0.240625 0.612500 0.257812 0.625000 0.245312 0.606250 0.231250 0.570833 0.232812 0.568750 0.228125 0.587500 0.193750 0.631250 0.187500
7 0.654167 0.192188 0.625000 0.193750 0.622917 0.195312 0.610417 0.195312 0.608333 0.196875 0.593750 0.196875 0.587500 0.206250 0.581250 0.223438 0.577083 0.226562 0.577083 0.228125 0.579167 0.226562 0.639583 0.225000 0.641667 0.218750 0.645833 0.215625 0.654167 0.214062 0.654167 0.209375 0.656250 0.207813 0.654167 0.206250
7 0.535417 0.282813 0.531250 0.323438 0.579167 0.325000 0.581250 0.326562 0.604167 0.326562 0.606250 0.328125 0.612500 0.326562 0.614583 0.304688 0.608333 0.298438 0.608333 0.290625 0.606250 0.289062 0.593750 0.289062 0.591667 0.287500 0.579167 0.287500 0.577083 0.285937
7 0.270833 0.764063 0.300000 0.737500 0.608333 0.757812 0.602083 0.750000 0.306250 0.731250 0.289583 0.698438 0.279167 0.710938
7 0.025000 0.959375 0.043750 0.968750 0.037500 0.984375 0.104167 0.987500 0.106250 0.973437 0.122917 0.978125 0.143750 0.957812 0.147917 0.923437 0.304167 0.923437 0.581250 0.946875 0.608333 0.937500 0.610417 0.917188 0.577083 0.884375 0.129167 0.887500 0.097917 0.875000 0.087500 0.879687 0.087500 0.896875 0.056250 0.921875 0.045833 0.948438
8 0.637500 0.231250 0.629167 0.231250 0.627083 0.232812 0.627083 0.267188 0.629167 0.268750 0.631250 0.268750 0.631250 0.267188 0.633333 0.265625 0.633333 0.250000 0.635417 0.248437 0.635417 0.232812
8 0.545833 0.396875 0.518750 0.410937 0.520833 0.529688 0.537500 0.545313 0.541667 0.531250 0.570833 0.517187 0.602083 0.515625 0.625000 0.531250 0.566667 0.525000 0.550000 0.532812 0.535417 0.581250 0.547917 0.610937 0.566667 0.621875 0.539583 0.610937 0.535417 0.596875 0.525000 0.635938 0.558333 0.678125 0.600000 0.706250 0.595833 0.685938 0.570833 0.679688 0.618750 0.668750 0.620833 0.629687 0.593750 0.629687 0.620833 0.625000 0.639583 0.607813 0.641667 0.546875 0.622917 0.532812 0.633333 0.534375 0.635417 0.484375 0.666667 0.421875 0.579167 0.412500
8 0.512500 0.526563 0.512500 0.539062 0.497917 0.542188 0.504167 0.568750 0.500000 0.650000 0.512500 0.660937 0.554167 0.676562 0.527083 0.657812 0.516667 0.628125 0.516667 0.607813 0.531250 0.582812 0.529167 0.571875 0.537500 0.550000 0.520833 0.539062