1 0.014583 0.014062 0.018750 0.170312 0.452083 0.201562 0.456250 0.187500 0.579167 0.170312 0.579167 0.100000 0.537500 0.079687 0.539583 0.051562 0.556250 0.034375 0.579167 0.031250 0.579167 0.017188 0.406250 0.015625 0.397917 0.090625 0.116667 0.057813 0.097917 0.014062
1 0.610417 0.079687 0.622917 0.078125 0.750000 0.039062 0.762500 0.037500 0.768750 0.031250 0.772917 0.015625 0.610417 0.017188 0.610417 0.039062 0.622917 0.051562 0.620833 0.060938 0.610417 0.073437
1 0.745833 0.060938 0.629167 0.100000 0.612500 0.100000 0.614583 0.171875 0.689583 0.162500
1 0.014583 0.179688 0.016667 0.987500 0.783333 0.984375 0.770833 0.946875 0.193750 0.931250 0.079167 0.970312 0.120833 0.859375 0.152083 0.910937 0.779167 0.923437 0.777083 0.851562 0.560417 0.853125 0.606250 0.804688 0.316667 0.781250 0.337500 0.393750 0.495833 0.376563 0.414583 0.334375 0.491667 0.301562 0.389583 0.293750 0.393750 0.218750 0.452083 0.212500
2 0.785417 0.815625 0.785417 0.828125 0.787500 0.826563 0.820833 0.826563 0.822917 0.825000 0.850000 0.825000 0.833333 0.825000 0.820833 0.815625
2 0.785417 0.850000 0.785417 0.920313 0.795833 0.915625 0.800000 0.890625 0.810417 0.882812 0.822917 0.882812 0.858333 0.929688 0.860417 0.959375 0.850000 0.984375 0.985417 0.987500 0.985417 0.875000 0.922917 0.873438 0.891667 0.848437
2 0.787500 0.950000 0.787500 0.982813 0.789583 0.984375 0.789583 0.985937 0.806250 0.985937 0.808333 0.984375 0.822917 0.984375 0.816667 0.979688 0.816667 0.978125 0.812500 0.975000 0.812500 0.973437 0.810417 0.971875 0.810417 0.967188 0.806250 0.962500 0.806250 0.959375 0.804167 0.957812 0.804167 0.954687 0.802083 0.953125 0.802083 0.951563 0.800000 0.950000
4 0.589583 0.015625 0.547917 0.054688 0.591667 0.095312 0.591667 0.176563 0.554167 0.214062 0.668750 0.225000 0.604167 0.318750 0.593750 0.229687 0.600000 0.329688 0.577083 0.357812 0.554167 0.335938 0.589583 0.329688 0.550000 0.335938 0.575000 0.364062 0.550000 0.478125 0.585417 0.535937 0.547917 0.779688 0.864583 0.831250 0.629167 0.837500 0.620833 0.796875 0.616667 0.831250 0.562500 0.842188 0.889583 0.842188 0.987500 0.868750 0.989583 0.010937 0.795833 0.012500 0.772917 0.045313 0.618750 0.087500
6 0.685417 0.171875 0.677083 0.171875 0.675000 0.173438 0.662500 0.173438 0.660417 0.175000 0.650000 0.175000 0.647917 0.176563 0.637500 0.176563 0.635417 0.178125 0.622917 0.178125 0.627083 0.184375 0.625000 0.185937 0.625000 0.196875 0.610417 0.210938 0.618750 0.207813 0.641667 0.203125 0.647917 0.200000 0.670833 0.195312 0.672917 0.190625 0.677083 0.187500 0.681250 0.175000
6 0.518750 0.181250 0.514583 0.189063 0.520833 0.190625 0.512500 0.239063 0.516667 0.275000 0.506250 0.301562 0.500000 0.303125 0.500000 0.323438 0.510417 0.329688 0.514583 0.364062 0.504167 0.370313 0.510417 0.378125 0.562500 0.375000 0.562500 0.368750 0.543750 0.351562 0.541667 0.335938 0.558333 0.320312 0.589583 0.321875 0.583333 0.232812 0.554167 0.225000 0.541667 0.210938 0.541667 0.196875 0.554167 0.182812
7 0.108333 0.014062 0.122917 0.053125 0.239583 0.062500 0.231250 0.010937
7 0.395833 0.012500 0.254167 0.017188 0.258333 0.073437 0.391667 0.082813
7 0.464583 0.195312 0.462500 0.245312 0.510417 0.245312 0.512500 0.220313 0.514583 0.218750 0.514583 0.206250 0.516667 0.204688 0.516667 0.192188 0.470833 0.192188
7 0.404167 0.223438 0.400000 0.290625 0.504167 0.296875 0.504167 0.279687 0.497917 0.270312 0.497917 0.248437 0.458333 0.248437 0.454167 0.226562
7 0.422917 0.331250 0.425000 0.351562 0.427083 0.353125 0.477083 0.354688 0.479167 0.356250 0.506250 0.356250 0.510417 0.357812 0.508333 0.356250 0.506250 0.334375 0.502083 0.334375 0.500000 0.332812
7 0.093750 0.931250 0.093750 0.971875 0.141667 0.926562 0.793750 0.939062 0.825000 0.981250 0.850000 0.979688 0.854167 0.929688 0.827083 0.890625 0.808333 0.893750 0.793750 0.929688 0.143750 0.917188 0.125000 0.868750
8 0.558333 0.384375 0.443750 0.395312 0.429167 0.412500 0.429167 0.554688 0.454167 0.559375 0.466667 0.523438 0.460417 0.571875 0.491667 0.593750 0.466667 0.592188 0.447917 0.615625 0.454167 0.675000 0.437500 0.631250 0.464583 0.584375 0.427083 0.562500 0.433333 0.659375 0.422917 0.610937 0.408333 0.609375 0.418750 0.770312 0.543750 0.760938 0.483333 0.742188 0.568750 0.751562 0.539583 0.679688 0.572917 0.645312 0.568750 0.601562 0.554167 0.584375 0.525000 0.593750 0.564583 0.568750 0.581250 0.526563 0.547917 0.509375 0.552083 0.493750 0.504167 0.490625 0.552083 0.487500