1 0.020833 0.014062 0.029167 0.609375 0.147917 0.614062 0.179167 0.567187 0.381250 0.565625 0.397917 0.268750 0.427083 0.228125 0.472917 0.214062 0.487500 0.018750
1 0.022917 0.626562 0.020833 0.978125 0.781250 0.923437 0.804167 0.859375 0.754167 0.800000 0.341667 0.804688 0.325000 0.835938 0.231250 0.837500 0.229167 0.750000 0.322917 0.751562 0.314583 0.731250 0.179167 0.731250 0.137500 0.632812
1 0.691667 0.754687 0.666667 0.737500 0.327083 0.753125 0.325000 0.756250 0.327083 0.768750
2 0.854167 0.235938 0.645833 0.314063 0.620833 0.560938 0.818750 0.670313 0.806250 0.770312 0.777083 0.804688 0.820833 0.831250 0.864583 0.826563 0.972917 0.859375 0.977083 0.248437 0.945833 0.273438
3 0.454167 0.242188 0.431250 0.571875 0.333333 0.575000 0.331250 0.748438 0.704167 0.734375 0.716667 0.631250 0.604167 0.571875 0.631250 0.304688 0.502083 0.270312 0.485417 0.243750
4 0.508333 0.017188 0.491667 0.240625 0.508333 0.264062 0.654167 0.303125 0.672917 0.271875 0.820833 0.245312 0.852083 0.220313 0.958333 0.251563 0.985417 0.214062 0.985417 0.159375 0.966667 0.135937 0.981250 0.014062
8 0.572917 0.109375 0.572917 0.110937 0.566667 0.118750 0.566667 0.125000 0.564583 0.126563 0.564583 0.171875 0.572917 0.167187 0.575000 0.167187 0.575000 0.157813 0.577083 0.156250 0.577083 0.148438 0.575000 0.146875 0.575000 0.118750 0.577083 0.117188 0.577083 0.112500
8 0.816667 0.262500 0.806250 0.268750 0.804167 0.275000 0.802083 0.276563 0.802083 0.284375 0.808333 0.293750 0.802083 0.303125 0.802083 0.310937 0.806250 0.314063 0.808333 0.314063 0.827083 0.329688 0.831250 0.331250 0.837500 0.321875 0.837500 0.317187 0.841667 0.310937 0.839583 0.309375 0.837500 0.293750 0.833333 0.287500 0.833333 0.282813 0.831250 0.281250 0.829167 0.271875 0.827083 0.268750 0.818750 0.262500
8 0.804167 0.323438 0.795833 0.323438 0.787500 0.332812 0.783333 0.332812 0.779167 0.334375 0.772917 0.339063 0.772917 0.350000 0.770833 0.351562 0.770833 0.357812 0.766667 0.362500 0.766667 0.371875 0.768750 0.375000 0.775000 0.378125 0.779167 0.378125 0.785417 0.373437 0.787500 0.373437 0.787500 0.371875 0.791667 0.368750 0.791667 0.367188 0.812500 0.345313 0.812500 0.337500 0.814583 0.335938 0.808333 0.326562
8 0.779167 0.392188 0.762500 0.392188 0.727083 0.415625 0.727083 0.421875 0.733333 0.431250 0.729167 0.439063 0.729167 0.450000 0.737500 0.454688 0.739583 0.439063 0.743750 0.435937 0.745833 0.437500 0.743750 0.454688 0.752083 0.467187 0.764583 0.470313 0.783333 0.445312 0.795833 0.417188 0.791667 0.410937 0.785417 0.407813 0.770833 0.407813 0.758333 0.415625 0.756250 0.414062 0.764583 0.404687 0.777083 0.403125 0.783333 0.396875
8 0.181250 0.576563 0.147917 0.623438 0.147917 0.657812 0.172917 0.679688 0.181250 0.721875 0.318750 0.725000 0.329167 0.671875 0.318750 0.651563 0.331250 0.618750 0.320833 0.575000
8 0.804167 0.671875 0.766667 0.646875 0.743750 0.648438 0.727083 0.717188 0.739583 0.757812 0.322917 0.776563 0.308333 0.751562 0.287500 0.753125 0.285417 0.770312 0.268750 0.754687 0.241667 0.754687 0.241667 0.832812 0.314583 0.829687 0.318750 0.801562 0.770833 0.787500 0.791667 0.773438