1 0.022917 0.370313 0.016667 0.721875 0.370833 0.723437 0.356250 0.710938 0.360417 0.664062 0.308333 0.659375 0.308333 0.614062 0.289583 0.598437 0.291667 0.548437 0.316667 0.537500 0.325000 0.506250 0.362500 0.504687 0.368750 0.450000 0.072917 0.410937 0.066667 0.379687
1 0.014583 0.821875 0.302083 0.817187 0.318750 0.803125 0.341667 0.817187 0.520833 0.814062 0.593750 0.732813 0.568750 0.734375 0.558333 0.746875 0.564583 0.732813 0.014583 0.725000
1 0.468750 0.867188 0.454167 0.867188 0.443750 0.876562 0.443750 0.871875 0.016667 0.882812 0.014583 0.943750 0.412500 0.921875
2 0.985417 0.014062 0.812500 0.015625 0.793750 0.076563 0.735417 0.070312 0.689583 0.098438 0.777083 0.143750 0.650000 0.179688 0.720833 0.200000 0.720833 0.239063 0.666667 0.246875 0.572917 0.354688 0.683333 0.367188 0.725000 0.446875 0.677083 0.534375 0.585417 0.540625 0.560417 0.567187 0.662500 0.567187 0.700000 0.648438 0.527083 0.818750 0.587500 0.812500 0.593750 0.843750 0.481250 0.846875 0.387500 0.956250 0.745833 0.926562 0.791667 0.984375 0.981250 0.982813
3 0.083333 0.167187 0.081250 0.403125 0.383333 0.437500 0.429167 0.384375 0.414583 0.367188 0.427083 0.351562 0.560417 0.354688 0.600000 0.293750 0.566667 0.309375 0.541667 0.304688 0.568750 0.314063 0.545833 0.351562 0.495833 0.343750 0.508333 0.295312 0.531250 0.301562 0.491667 0.273438 0.535417 0.231250
5 0.685417 0.378125 0.664583 0.382812 0.650000 0.420312 0.677083 0.384375 0.706250 0.448438 0.664583 0.517187 0.643750 0.528125 0.545833 0.520312 0.539583 0.504687 0.564583 0.462500 0.620833 0.465625 0.647917 0.423438 0.614583 0.459375 0.577083 0.456250 0.560417 0.418750 0.550000 0.435937 0.522917 0.431250 0.518750 0.410937 0.437500 0.406250 0.437500 0.420312 0.510417 0.442187 0.552083 0.437500 0.535417 0.496875 0.522917 0.496875 0.533333 0.526563 0.645833 0.532812 0.666667 0.523438 0.712500 0.445312
6 0.545833 0.026563 0.541667 0.120312 0.512500 0.164062 0.527083 0.221875 0.708333 0.242188 0.570833 0.210938 0.710417 0.225000 0.579167 0.195312 0.712500 0.210938 0.587500 0.178125 0.593750 0.164062 0.664583 0.173438 0.622917 0.156250 0.672917 0.164062 0.606250 0.143750 0.679167 0.148438 0.612500 0.126563 0.741667 0.146875 0.768750 0.135937 0.612500 0.098438 0.608333 0.075000 0.706250 0.093750 0.720833 0.067188
6 0.427083 0.396875 0.418750 0.418750 0.433333 0.468750 0.420833 0.498437 0.439583 0.521875 0.454167 0.573438 0.433333 0.604688 0.435417 0.646875 0.408333 0.681250 0.393750 0.725000 0.608333 0.728125 0.689583 0.650000 0.658333 0.576563 0.489583 0.567187 0.545833 0.568750 0.579167 0.532812 0.527083 0.532812 0.506250 0.521875 0.481250 0.454688 0.427083 0.418750
7 0.047917 0.146875 0.445833 0.210938 0.475000 0.151562 0.464583 0.125000 0.487500 0.070312 0.483333 0.053125 0.527083 0.046875 0.537500 0.028125 0.477083 0.012500 0.043750 0.014062
7 0.329167 0.512500 0.329167 0.521875 0.327083 0.523438 0.327083 0.531250 0.329167 0.529688 0.352083 0.529688 0.352083 0.520312 0.354167 0.518750 0.354167 0.517187 0.358333 0.514063 0.358333 0.512500 0.360417 0.510938 0.333333 0.510938 0.331250 0.512500
7 0.329167 0.606250 0.322917 0.606250 0.320833 0.607813 0.316667 0.607813 0.316667 0.650000 0.318750 0.651563 0.318750 0.653125 0.320833 0.653125 0.322917 0.651563 0.325000 0.651563 0.327083 0.650000 0.333333 0.648438 0.333333 0.645312 0.331250 0.643750 0.331250 0.621875 0.329167 0.620313
7 0.585417 0.823438 0.020833 0.839063 0.014583 0.854688 0.312500 0.848437 0.316667 0.840625 0.331250 0.840625 0.335417 0.848437 0.583333 0.834375
8 0.520833 0.050000 0.500000 0.051562 0.489583 0.060938 0.491667 0.073437 0.479167 0.096875 0.479167 0.112500 0.472917 0.121875 0.472917 0.142188 0.481250 0.148438 0.485417 0.156250 0.512500 0.162500 0.520833 0.137500 0.520833 0.129688 0.525000 0.126563 0.525000 0.118750 0.543750 0.090625 0.537500 0.056250
8 0.087500 0.210938 0.089583 0.306250 0.152083 0.317187 0.156250 0.220313
8 0.172917 0.221875 0.166667 0.320312 0.239583 0.329688 0.252083 0.234375
8 0.597917 0.234375 0.597917 0.239063 0.600000 0.240625 0.600000 0.245312 0.602083 0.246875 0.606250 0.264062 0.604167 0.265625 0.597917 0.262500 0.597917 0.270312 0.595833 0.271875 0.595833 0.275000 0.641667 0.273438 0.641667 0.271875 0.652083 0.264062 0.652083 0.248437 0.658333 0.240625 0.647917 0.240625 0.645833 0.239063 0.633333 0.239063 0.631250 0.237500 0.620833 0.237500 0.618750 0.235938
8 0.362500 0.246875 0.368750 0.256250 0.366667 0.300000 0.354167 0.328125 0.345833 0.337500 0.345833 0.343750 0.393750 0.348437 0.391667 0.343750 0.400000 0.339063 0.429167 0.256250
8 0.510417 0.295312 0.510417 0.300000 0.508333 0.301562 0.506250 0.312500 0.502083 0.318750 0.495833 0.342187 0.512500 0.343750 0.514583 0.345313 0.522917 0.345313 0.525000 0.346875 0.533333 0.346875 0.535417 0.348437 0.543750 0.348437 0.545833 0.350000 0.554167 0.329688 0.566667 0.314063 0.558333 0.314063 0.552083 0.309375 0.522917 0.300000 0.518750 0.295312
8 0.177083 0.332812 0.181250 0.348437 0.185417 0.354688 0.183333 0.356250 0.183333 0.368750 0.170833 0.378125 0.166667 0.385938 0.166667 0.392188 0.227083 0.406250 0.231250 0.339063 0.233333 0.337500 0.229167 0.335938
8 0.254167 0.337500 0.252083 0.340625 0.250000 0.403125 0.302083 0.407813 0.304167 0.409375 0.312500 0.384375 0.312500 0.378125 0.322917 0.351562 0.322917 0.345313
8 0.422917 0.364062 0.433333 0.378125 0.437500 0.400000 0.450000 0.404687 0.487500 0.403125 0.585417 0.414062 0.639583 0.426562 0.645833 0.421875 0.645833 0.398438 0.608333 0.398438 0.564583 0.387500 0.566667 0.384375 0.593750 0.384375 0.643750 0.390625 0.652083 0.370313 0.641667 0.362500 0.429167 0.356250
8 0.410417 0.410937 0.389583 0.448438 0.387500 0.443750 0.381250 0.454688 0.377083 0.492188 0.364583 0.517187 0.379167 0.554688 0.368750 0.564062 0.362500 0.559375 0.366667 0.554688 0.302083 0.557813 0.366667 0.571875 0.368750 0.564062 0.375000 0.565625 0.375000 0.589063 0.383333 0.595312 0.400000 0.595312 0.404167 0.631250 0.389583 0.665625 0.400000 0.671875 0.414583 0.665625 0.425000 0.651563 0.431250 0.581250 0.445833 0.565625 0.416667 0.498437 0.425000 0.454688
8 0.358333 0.598437 0.356250 0.600000 0.356250 0.601562 0.352083 0.604688 0.352083 0.606250 0.347917 0.610937 0.347917 0.623438 0.362500 0.623438 0.364583 0.625000 0.383333 0.625000 0.385417 0.626562 0.387500 0.626562 0.395833 0.620313 0.393750 0.618750 0.393750 0.609375 0.391667 0.609375 0.387500 0.606250 0.387500 0.600000 0.385417 0.600000 0.383333 0.598437
8 0.372917 0.673437 0.372917 0.676562 0.375000 0.678125 0.372917 0.679688 0.372917 0.685938 0.375000 0.687500 0.377083 0.685938 0.397917 0.685938 0.397917 0.684375 0.402083 0.681250 0.402083 0.678125 0.400000 0.678125 0.395833 0.675000 0.395833 0.673437 0.393750 0.671875 0.387500 0.671875 0.385417 0.670313 0.377083 0.670313