1 0.014583 0.014062 0.014583 0.670313 0.564583 0.668750 0.560417 0.617188 0.464583 0.600000 0.475000 0.557813 0.441667 0.542188 0.464583 0.487500 0.402083 0.431250 0.352083 0.428125 0.347917 0.281250 0.435417 0.254687 0.475000 0.220313 0.433333 0.210938 0.395833 0.165625 0.358333 0.167187 0.356250 0.015625
1 0.579167 0.506250 0.577083 0.507812 0.572917 0.596875 0.589583 0.596875 0.593750 0.507812 0.595833 0.506250
1 0.575000 0.614062 0.575000 0.617188 0.572917 0.618750 0.572917 0.665625 0.587500 0.665625 0.587500 0.615625 0.585417 0.614062
1 0.931250 0.987500 0.945833 0.901563 0.852083 0.846875 0.664583 0.868750 0.622917 0.859375 0.545833 0.770312 0.704167 0.735937 0.591667 0.670313 0.650000 0.723437 0.566667 0.673437 0.018750 0.676562 0.016667 0.825000 0.416667 0.796875 0.533333 0.985937
2 0.985417 0.014062 0.864583 0.015625 0.775000 0.068750 0.845833 0.153125 0.829167 0.432813 0.847917 0.470313 0.670833 0.529688 0.600000 0.512500 0.595833 0.592188 0.637500 0.612500 0.595833 0.618750 0.593750 0.665625 0.702083 0.728125 0.779167 0.726562 0.862500 0.762500 0.947917 0.756250 0.985417 0.728125
3 0.508333 0.493750 0.520833 0.498437 0.518750 0.554688 0.506250 0.564062 0.512500 0.573438 0.514583 0.598437 0.508333 0.606250 0.629167 0.610937 0.625000 0.606250 0.535417 0.595312 0.520833 0.581250 0.522917 0.514063 0.541667 0.500000 0.604167 0.500000
4 0.835417 0.015625 0.454167 0.018750 0.483333 0.028125 0.481250 0.101562 0.447917 0.137500 0.435417 0.200000 0.489583 0.215625 0.525000 0.189063 0.435417 0.275000 0.450000 0.384375 0.418750 0.435937 0.466667 0.476562 0.516667 0.490625 0.583333 0.479688 0.650000 0.520312 0.833333 0.470313 0.818750 0.406250 0.837500 0.156250 0.760417 0.084375 0.679167 0.098438
7 0.358333 0.812500 0.016667 0.843750 0.014583 0.987500 0.420833 0.989062
7 0.731250 0.879687 0.747917 0.892187 0.750000 0.892187 0.752083 0.890625 0.777083 0.890625 0.779167 0.889063 0.800000 0.889063 0.795833 0.885938 0.793750 0.885938 0.787500 0.881250 0.785417 0.881250 0.779167 0.876562 0.756250 0.876562 0.754167 0.878125 0.733333 0.878125
8 0.445833 0.014062 0.375000 0.012500 0.368750 0.037500 0.368750 0.159375 0.387500 0.154687 0.414583 0.132812 0.452083 0.128125 0.402083 0.123438 0.402083 0.117188 0.462500 0.121875 0.475000 0.100000 0.472917 0.026563 0.447917 0.034375 0.439583 0.043750 0.389583 0.046875 0.397917 0.100000 0.389583 0.056250 0.381250 0.046875 0.433333 0.039062 0.447917 0.029687
8 0.439583 0.137500 0.427083 0.137500 0.425000 0.139062 0.416667 0.139062 0.414583 0.140625 0.414583 0.142188 0.408333 0.145313 0.408333 0.146875 0.404167 0.151562 0.404167 0.157813 0.406250 0.159375 0.406250 0.162500 0.408333 0.164062 0.412500 0.171875 0.416667 0.175000 0.420833 0.182812 0.425000 0.182812 0.427083 0.184375 0.427083 0.182812 0.429167 0.181250 0.429167 0.173438 0.431250 0.171875 0.431250 0.160938 0.441667 0.154687 0.447917 0.153125 0.447917 0.151562 0.439583 0.140625
8 0.527083 0.232812 0.516667 0.248437 0.512500 0.251563 0.504167 0.267188 0.502083 0.334375 0.522917 0.317187 0.525000 0.235938
8 0.435417 0.264062 0.416667 0.264062 0.387500 0.281250 0.360417 0.285937 0.366667 0.290625 0.362500 0.301562 0.368750 0.309375 0.360417 0.376563 0.375000 0.378125 0.366667 0.382812 0.370833 0.407813 0.364583 0.423438 0.425000 0.425000 0.425000 0.396875 0.395833 0.384375 0.383333 0.385938 0.377083 0.378125 0.402083 0.381250 0.439583 0.395312 0.445833 0.314063 0.429167 0.304688 0.429167 0.270312
8 0.458333 0.500000 0.458333 0.504687 0.456250 0.506250 0.456250 0.520312 0.454167 0.521875 0.454167 0.535937 0.464583 0.542188 0.481250 0.542188 0.487500 0.539062 0.489583 0.540625 0.487500 0.542188 0.487500 0.545313 0.504167 0.545313 0.506250 0.546875 0.508333 0.518750 0.510417 0.517187 0.510417 0.501562 0.497917 0.495313 0.475000 0.495313 0.475000 0.498437 0.472917 0.500000
8 0.554167 0.770312 0.556250 0.787500 0.579167 0.796875 0.616667 0.840625 0.660417 0.862500 0.768750 0.854688 0.877083 0.832812 0.943750 0.795313 0.952083 0.778125 0.943750 0.770312 0.922917 0.770312 0.906250 0.778125 0.839583 0.760938 0.810417 0.762500 0.789583 0.745313 0.766667 0.743750 0.754167 0.735937 0.741667 0.740625 0.700000 0.739062