1 0.014583 0.014062 0.014583 0.690625 0.137500 0.690625 0.137500 0.800000 0.183333 0.818750 0.137500 0.851562 0.500000 0.831250 0.212500 0.853125 0.216667 0.912500 0.164583 0.907812 0.197917 0.864062 0.075000 0.871875 0.060417 0.940625 0.020833 0.912500 0.047917 0.864062 0.127083 0.846875 0.016667 0.850000 0.016667 0.987500 0.533333 0.984375 0.572917 0.776563 0.475000 0.687500 0.516667 0.664062 0.354167 0.646875 0.366667 0.095312 0.600000 0.012500
2 0.981250 0.012500 0.893750 0.010937 0.906250 0.060938 0.879167 0.078125 0.822917 0.067188 0.725000 0.726562 0.777083 0.731250 0.804167 0.879687 0.747917 0.885938 0.743750 0.929688 0.662500 0.937500 0.683333 0.965625 0.766667 0.985937 0.983333 0.984375
2 0.622917 0.946875 0.622917 0.954687 0.620833 0.956250 0.620833 0.965625 0.618750 0.967188 0.618750 0.975000 0.616667 0.976562 0.616667 0.984375 0.652083 0.984375 0.650000 0.979688 0.645833 0.976562 0.643750 0.971875 0.639583 0.968750 0.637500 0.964063 0.633333 0.960938 0.631250 0.956250 0.627083 0.953125 0.627083 0.951563
5 0.904167 0.031250 0.618750 0.015625 0.481250 0.076563 0.370833 0.089062 0.356250 0.646875 0.516667 0.662500 0.477083 0.687500 0.556250 0.776563 0.772917 0.756250 0.775000 0.731250 0.725000 0.739062 0.818750 0.062500 0.904167 0.060938
7 0.018750 0.103125 0.020833 0.426562 0.106250 0.421875 0.079167 0.117188
7 0.025000 0.440625 0.025000 0.615625 0.293750 0.595312 0.285417 0.439063 0.127083 0.435937
7 0.135417 0.615625 0.016667 0.625000 0.022917 0.687500 0.133333 0.678125
7 0.014583 0.692187 0.014583 0.850000 0.110417 0.834375 0.129167 0.846875 0.125000 0.857813 0.050000 0.864062 0.068750 0.882812 0.022917 0.903125 0.050000 0.939062 0.077083 0.923437 0.075000 0.870313 0.197917 0.862500 0.166667 0.907812 0.216667 0.910937 0.227083 0.901563 0.204167 0.873438 0.212500 0.851562 0.497917 0.831250 0.137500 0.853125 0.170833 0.842188 0.181250 0.818750 0.166667 0.800000 0.135417 0.800000 0.135417 0.690625
7 0.541667 0.937500 0.541667 0.987500 0.691667 0.985937 0.658333 0.946875 0.627083 0.950000 0.654167 0.984375 0.616667 0.985937 0.614583 0.976562 0.620833 0.951563 0.597917 0.954687 0.589583 0.948438 0.579167 0.946875 0.568750 0.935938
8 0.610417 0.171875 0.545833 0.171875 0.493750 0.178125 0.497917 0.250000 0.491667 0.318750 0.543750 0.323438 0.606250 0.317187 0.614583 0.229687
8 0.477083 0.357812 0.464583 0.404687 0.464583 0.459375 0.516667 0.459375 0.577083 0.468750 0.587500 0.378125 0.539583 0.365625
8 0.481250 0.493750 0.470833 0.609375 0.547917 0.618750 0.575000 0.496875
8 0.547917 0.806250 0.531250 0.776563 0.491667 0.754687 0.472917 0.770312 0.485417 0.778125 0.483333 0.795313 0.366667 0.787500 0.289583 0.787500 0.283333 0.796875 0.366667 0.803125 0.481250 0.803125 0.489583 0.806250 0.489583 0.812500 0.495833 0.812500 0.487500 0.826563 0.543750 0.823438
8 0.752083 0.764063 0.566667 0.778125 0.575000 0.790625 0.556250 0.815625 0.554167 0.904688 0.589583 0.946875 0.739583 0.925000 0.745833 0.884375 0.737500 0.881250 0.800000 0.882812 0.795833 0.792188 0.739583 0.787500