1 0.016667 0.014062 0.016667 0.053125 0.081250 0.057813 0.177083 0.103125 0.260417 0.106250 0.354167 0.146875 0.418750 0.201562 0.458333 0.193750 0.479167 0.156250 0.514583 0.145313 0.908333 0.239063 0.985417 0.179688 0.981250 0.142188 0.306250 0.014062
1 0.335417 0.370313 0.316667 0.364062 0.316667 0.354688 0.295833 0.373437 0.277083 0.404687 0.254167 0.414062 0.022917 0.398438 0.025000 0.435937 0.312500 0.464063 0.306250 0.428125
2 0.985417 0.187500 0.914583 0.242188 0.927083 0.243750 0.943750 0.248437 0.950000 0.248437 0.952083 0.250000 0.958333 0.250000 0.960417 0.251563 0.966667 0.251563 0.983333 0.256250 0.983333 0.193750 0.985417 0.192188
2 0.962500 0.398438 0.841667 0.385938 0.854167 0.390625 0.847917 0.443750 0.758333 0.487500 0.681250 0.468750 0.643750 0.492188 0.691667 0.492188 0.712500 0.479688 0.722917 0.484375 0.722917 0.498437 0.747917 0.495313 0.766667 0.589063 0.852083 0.595312 0.820833 0.475000
2 0.687500 0.512500 0.635417 0.515625 0.631250 0.559375 0.645833 0.612500 0.704167 0.592188
2 0.947917 0.650000 0.987500 0.860937 0.987500 0.639063
3 0.077083 0.165625 0.060417 0.209375 0.058333 0.314063 0.108333 0.314063 0.150000 0.298438 0.200000 0.335938 0.160417 0.357812 0.108333 0.364062 0.066667 0.354688 0.072917 0.393750 0.235417 0.410937 0.283333 0.387500 0.352083 0.243750 0.350000 0.231250 0.283333 0.214062 0.245833 0.229687 0.195833 0.221875 0.156250 0.203125 0.137500 0.179688
3 0.385417 0.784375 0.345833 0.776563 0.266667 0.817187 0.254167 0.895312 0.391667 0.807813 0.395833 0.807813
5 0.466667 0.504687 0.431250 0.537500 0.445833 0.676562 0.431250 0.690625 0.433333 0.985937 0.989583 0.985937 0.987500 0.868750 0.922917 0.632812 0.985417 0.629687 0.987500 0.598437 0.718750 0.596875 0.614583 0.632812 0.631250 0.506250
7 0.018750 0.470313 0.018750 0.796875 0.077083 0.735937 0.097917 0.734375 0.110417 0.754687 0.147917 0.754687 0.154167 0.715625 0.231250 0.662500 0.258333 0.684375 0.197917 0.723437 0.200000 0.746875 0.285417 0.739062 0.295833 0.681250 0.366667 0.650000 0.427083 0.671875 0.420833 0.532812 0.460417 0.500000 0.333333 0.496875 0.329167 0.504687 0.304167 0.479688
8 0.016667 0.057813 0.018750 0.131250 0.045833 0.153125 0.127083 0.153125 0.137500 0.142188 0.131250 0.160938 0.152083 0.198437 0.195833 0.220313 0.245833 0.228125 0.304167 0.201562 0.318750 0.204688 0.358333 0.173438 0.347917 0.156250 0.260417 0.117188 0.172917 0.110937 0.164583 0.117188 0.170833 0.104687 0.095833 0.076563
8 0.987500 0.262500 0.791667 0.235938 0.750000 0.300000 0.752083 0.364062 0.372917 0.248437 0.325000 0.348437 0.756250 0.482812 0.843750 0.443750 0.847917 0.393750 0.802083 0.376563 0.987500 0.387500
8 0.197917 0.335938 0.150000 0.300000 0.108333 0.315625 0.066667 0.314063 0.029167 0.320312 0.052083 0.350000 0.108333 0.362500 0.160417 0.356250
8 0.985417 0.393750 0.827083 0.475000 0.858333 0.596875 0.987500 0.595312
8 0.420833 0.678125 0.370833 0.659375 0.352083 0.654688 0.339583 0.671875 0.318750 0.684375 0.300000 0.684375 0.297917 0.725000 0.335417 0.729688 0.358333 0.723437 0.400000 0.720312
8 0.795833 0.664062 0.781250 0.656250 0.725000 0.667188 0.695833 0.659375 0.672917 0.670313 0.539583 0.687500 0.464583 0.756250 0.456250 0.781250 0.464583 0.812500 0.489583 0.829687 0.506250 0.818750 0.614583 0.817187 0.658333 0.806250 0.689583 0.828125 0.725000 0.820312 0.743750 0.804688 0.804167 0.812500 0.829167 0.807813 0.833333 0.756250 0.822917 0.714063
8 0.243750 0.664062 0.233333 0.664062 0.158333 0.721875 0.135417 0.971875 0.162500 0.968750 0.172917 0.782812 0.189583 0.726562 0.254167 0.676562
8 0.418750 0.809375 0.391667 0.809375 0.225000 0.915625 0.256250 0.965625 0.289583 0.979688 0.400000 0.900000 0.416667 0.881250