1 0.014583 0.323438 0.518750 0.350000 0.987500 0.235938 0.987500 0.014062 0.141667 0.014062 0.697917 0.084375 0.697917 0.101562 0.395833 0.292188 0.325000 0.306250 0.016667 0.284375
1 0.018750 0.329688 0.014583 0.987500 0.402083 0.970312 0.370833 0.929688 0.381250 0.881250 0.281250 0.893750 0.233333 0.864062 0.372917 0.840625 0.381250 0.801562 0.491667 0.812500 0.460417 0.732813 0.366667 0.779688 0.343750 0.750000 0.275000 0.750000 0.233333 0.648438 0.108333 0.631250 0.039583 0.664062 0.043750 0.576563 0.125000 0.512500 0.175000 0.417188 0.258333 0.337500
1 0.410417 0.350000 0.418750 0.357812 0.425000 0.371875 0.425000 0.381250 0.427083 0.385938 0.450000 0.387500 0.452083 0.389062 0.460417 0.385938 0.493750 0.384375 0.508333 0.379687 0.506250 0.378125 0.504167 0.356250 0.500000 0.354688 0.479167 0.354688 0.477083 0.353125 0.454167 0.353125 0.452083 0.351562
1 0.433333 0.418750 0.431250 0.425000 0.435417 0.439063 0.458333 0.443750 0.464583 0.464063 0.475000 0.465625 0.481250 0.470313 0.500000 0.496875 0.510417 0.496875 0.512500 0.429688 0.514583 0.428125 0.512500 0.417188 0.510417 0.415625 0.485417 0.415625 0.483333 0.417188
1 0.279167 0.501562 0.120833 0.617188 0.222917 0.629687 0.214583 0.618750 0.214583 0.582812 0.233333 0.584375 0.235417 0.565625 0.247917 0.543750 0.258333 0.535937 0.285417 0.535937
2 0.985417 0.243750 0.522917 0.353125 0.522917 0.390625 0.562500 0.410937 0.522917 0.423438 0.518750 0.498437 0.552083 0.496875 0.577083 0.450000 0.685417 0.448438 0.737500 0.525000 0.664583 0.576563 0.681250 0.631250 0.637500 0.673437 0.706250 0.676562 0.712500 0.700000 0.583333 0.709375 0.614583 0.732813 0.568750 0.739062 0.550000 0.775000 0.645833 0.793750 0.506250 0.828125 0.504167 0.860937 0.547917 0.864062 0.508333 0.907812 0.570833 0.917188 0.506250 0.929688 0.527083 0.962500 0.502083 0.987500 0.593750 0.989062 0.604167 0.900000 0.650000 0.846875 0.770833 0.876562 0.831250 0.854688 0.787500 0.892187 0.839583 0.984375 0.987500 0.985937
4 0.225000 0.589063 0.225000 0.617188 0.237500 0.620313 0.245833 0.625000 0.245833 0.635938 0.283333 0.642187 0.291667 0.640625 0.293750 0.642187 0.291667 0.643750 0.297917 0.642187 0.312500 0.646875 0.316667 0.610937 0.256250 0.600000 0.254167 0.603125 0.252083 0.598437 0.256250 0.595312 0.266667 0.595312
5 0.672917 0.623438 0.520833 0.629687 0.475000 0.729688 0.495833 0.807813 0.635417 0.792188 0.633333 0.784375 0.537500 0.785937 0.560417 0.735937 0.606250 0.729688 0.568750 0.725000 0.579167 0.706250 0.706250 0.695312 0.708333 0.687500 0.585417 0.684375 0.552083 0.637500 0.672917 0.629687
6 0.385417 0.809375 0.383333 0.839063 0.395833 0.835938 0.416667 0.906250 0.397917 0.937500 0.406250 0.964063 0.422917 0.935938 0.454167 0.951563 0.508333 0.923437 0.562500 0.918750 0.508333 0.918750 0.483333 0.884375 0.504167 0.915625 0.450000 0.943750 0.443750 0.935938 0.458333 0.925000 0.422917 0.925000 0.422917 0.889063 0.518750 0.881250 0.541667 0.860937 0.529167 0.859375 0.508333 0.875000 0.422917 0.881250 0.410417 0.831250 0.443750 0.825000 0.422917 0.820312 0.433333 0.810938 0.483333 0.823438 0.525000 0.814062 0.483333 0.818750 0.425000 0.806250 0.420833 0.821875 0.408333 0.823438 0.393750 0.806250
6 0.633333 0.868750 0.606250 0.920313 0.604167 0.987500 0.835417 0.989062 0.787500 0.923437 0.779167 0.892187 0.783333 0.885938 0.831250 0.867188 0.829167 0.862500 0.775000 0.882812 0.704167 0.862500 0.693750 0.854688 0.656250 0.854688
7 0.016667 0.281250 0.364583 0.298438 0.691667 0.093750 0.118750 0.014062 0.016667 0.014062
7 0.243750 0.864062 0.247917 0.881250 0.283333 0.879687 0.293750 0.873438 0.333333 0.868750 0.347917 0.857813 0.375000 0.873438 0.372917 0.876562 0.289583 0.879687 0.287500 0.889063 0.308333 0.889063 0.314583 0.882812 0.408333 0.871875 0.402083 0.848437 0.372917 0.848437 0.364583 0.856250 0.352083 0.859375 0.362500 0.850000 0.320833 0.846875 0.306250 0.850000 0.304167 0.859375 0.283333 0.857813 0.281250 0.862500
8 0.285417 0.332812 0.052083 0.581250 0.052083 0.656250 0.102083 0.628125 0.239583 0.642187 0.106250 0.621875 0.285417 0.487500 0.291667 0.545313 0.260417 0.545313 0.243750 0.589063 0.325000 0.614062 0.312500 0.651563 0.243750 0.640625 0.262500 0.721875 0.287500 0.673437 0.297917 0.745313 0.343750 0.739062 0.385417 0.770312 0.437500 0.712500 0.481250 0.706250 0.439583 0.692187 0.468750 0.629687 0.577083 0.614062 0.472917 0.620313 0.479167 0.604688 0.641667 0.618750 0.645833 0.579687 0.485417 0.598437 0.504167 0.535937 0.581250 0.534375 0.564583 0.506250 0.491667 0.500000 0.420833 0.415625 0.556250 0.403125 0.422917 0.392188 0.397917 0.345313
8 0.585417 0.456250 0.566667 0.484375 0.566667 0.500000 0.600000 0.560938 0.608333 0.565625 0.697917 0.567187 0.731250 0.525000 0.687500 0.459375 0.675000 0.456250
8 0.562500 0.640625 0.566667 0.645312 0.566667 0.648438 0.568750 0.650000 0.568750 0.653125 0.572917 0.659375 0.589583 0.671875 0.595833 0.671875 0.604167 0.675000 0.604167 0.673437 0.610417 0.668750 0.612500 0.664062 0.616667 0.660937 0.625000 0.648438 0.625000 0.645312 0.627083 0.643750 0.627083 0.642187 0.622917 0.642187 0.620833 0.640625