1 0.064583 0.010937 0.237500 0.273438 0.254167 0.257812 0.293750 0.150000 0.291667 0.112500 0.279167 0.098438 0.291667 0.085938 0.281250 0.057813 0.310417 0.040625 0.335417 0.012500
1 0.031250 0.259375 0.022917 0.309375 0.014583 0.310937 0.018750 0.364062 0.222917 0.392188 0.227083 0.381250 0.108333 0.365625 0.083333 0.365625 0.081250 0.325000
1 0.016667 0.470313 0.016667 0.595312 0.097917 0.596875 0.125000 0.523438 0.131250 0.523438 0.135417 0.531250 0.227083 0.534375 0.231250 0.518750 0.193750 0.479688
1 0.133333 0.537500 0.135417 0.617188 0.108333 0.603125 0.014583 0.603125 0.012500 0.896875 0.154167 0.890625 0.160417 0.990625 0.439583 0.989062 0.366667 0.721875 0.279167 0.725000 0.262500 0.707812 0.270833 0.635938 0.289583 0.623438 0.337500 0.631250 0.327083 0.582812 0.287500 0.582812 0.272917 0.545313
2 0.762500 0.206250 0.597917 0.431250 0.764583 0.475000 0.770833 0.493750 0.731250 0.501562 0.785417 0.670313 0.958333 0.692187 0.952083 0.732813 0.781250 0.740625 0.750000 0.893750 0.602083 0.954687 0.487500 0.875000 0.439583 0.720312 0.372917 0.721875 0.443750 0.989062 0.987500 0.990625 0.985417 0.346875
2 0.354167 0.592188 0.343750 0.609375 0.343750 0.618750 0.345833 0.620313 0.347917 0.635938 0.350000 0.637500 0.352083 0.635938 0.377083 0.635938 0.379167 0.634375 0.435417 0.632812 0.435417 0.625000 0.443750 0.606250 0.443750 0.601562 0.441667 0.600000 0.408333 0.600000 0.387500 0.595312 0.372917 0.595312 0.370833 0.593750
3 0.127083 0.531250 0.125000 0.543750 0.122917 0.545313 0.120833 0.557813 0.118750 0.559375 0.118750 0.564062 0.116667 0.565625 0.116667 0.570312 0.114583 0.571875 0.114583 0.578125 0.112500 0.579687 0.112500 0.584375 0.110417 0.585938 0.108333 0.598437 0.125000 0.598437 0.129167 0.600000 0.129167 0.593750 0.127083 0.592188
5 0.987500 0.014062 0.341667 0.012500 0.295833 0.060938 0.325000 0.093750 0.295833 0.103125 0.304167 0.154687 0.239583 0.279687 0.268750 0.296875 0.237500 0.304688 0.229167 0.404687 0.275000 0.378125 0.358333 0.481250 0.272917 0.518750 0.287500 0.573438 0.452083 0.592188 0.495833 0.476562 0.585417 0.432813 0.747917 0.201562 0.987500 0.340625
6 0.579167 0.439063 0.520833 0.471875 0.543750 0.492188 0.554167 0.460938 0.614583 0.467187 0.608333 0.523438 0.558333 0.525000 0.577083 0.556250 0.527083 0.625000 0.502083 0.621875 0.466667 0.548437 0.447917 0.640625 0.464583 0.657812 0.508333 0.640625 0.520833 0.656250 0.591667 0.657812 0.533333 0.687500 0.520833 0.721875 0.554167 0.726562 0.543750 0.740625 0.477083 0.706250 0.447917 0.714063 0.450000 0.778125 0.508333 0.887500 0.604167 0.943750 0.735417 0.890625 0.725000 0.854688 0.772917 0.726562 0.947917 0.721875 0.952083 0.701563 0.777083 0.681250 0.758333 0.632812 0.647917 0.678125 0.633333 0.659375 0.608333 0.667188 0.595833 0.635938 0.627083 0.600000 0.606250 0.528125 0.681250 0.471875 0.629167 0.440625
6 0.716667 0.476562 0.716667 0.479688 0.718750 0.481250 0.718750 0.484375 0.720833 0.485938 0.720833 0.489062 0.722917 0.490625 0.752083 0.490625 0.754167 0.492188 0.760417 0.492188 0.760417 0.487500 0.762500 0.485938 0.762500 0.481250 0.758333 0.478125 0.752083 0.478125 0.750000 0.476562
7 0.016667 0.448438 0.179167 0.464063 0.154167 0.439063 0.218750 0.407813 0.016667 0.382812
7 0.708333 0.464063 0.695833 0.464063 0.610417 0.529688 0.631250 0.601562 0.602083 0.635938 0.604167 0.653125 0.610417 0.660937 0.637500 0.650000 0.645833 0.670313 0.764583 0.625000
7 0.152083 0.895312 0.014583 0.900000 0.012500 0.940625 0.016667 0.990625 0.156250 0.990625
8 0.035417 0.329688 0.035417 0.354688 0.050000 0.354688 0.052083 0.356250 0.052083 0.350000 0.054167 0.348437 0.054167 0.342187 0.056250 0.340625 0.056250 0.332812 0.050000 0.332812 0.047917 0.331250 0.041667 0.331250 0.039583 0.329688
8 0.277083 0.382812 0.162500 0.439063 0.235417 0.501562 0.247917 0.526563 0.354167 0.485938 0.343750 0.460938
8 0.610417 0.471875 0.556250 0.467187 0.545833 0.517187 0.541667 0.514063 0.543750 0.503125 0.531250 0.484375 0.522917 0.482812 0.558333 0.542188 0.518750 0.609375 0.508333 0.612500 0.512500 0.620313 0.522917 0.620313 0.568750 0.559375 0.550000 0.518750 0.602083 0.525000
8 0.504167 0.475000 0.472917 0.531250 0.472917 0.537500 0.506250 0.600000 0.504167 0.604688 0.506250 0.603125 0.510417 0.607813 0.514583 0.607813 0.552083 0.546875 0.552083 0.540625 0.512500 0.476562
8 0.275000 0.640625 0.268750 0.696875 0.279167 0.718750 0.427083 0.715625 0.472917 0.700000 0.520833 0.729688 0.550000 0.734375 0.547917 0.726562 0.516667 0.726562 0.510417 0.720312 0.510417 0.700000 0.520833 0.695312 0.516667 0.682813 0.533333 0.673437 0.570833 0.667188 0.577083 0.659375 0.533333 0.670313 0.527083 0.662500 0.510417 0.662500 0.502083 0.654688 0.525000 0.650000 0.522917 0.643750 0.460417 0.665625 0.429167 0.639063 0.310417 0.640625 0.285417 0.628125
8 0.672917 0.725000 0.612500 0.728125 0.606250 0.729688 0.593750 0.740625 0.593750 0.784375 0.612500 0.800000 0.627083 0.804688 0.677083 0.803125 0.689583 0.795313 0.695833 0.775000 0.697917 0.750000 0.691667 0.735937
8 0.452083 0.750000 0.452083 0.756250 0.462500 0.765625 0.462500 0.770312 0.466667 0.767187 0.468750 0.767187 0.470833 0.765625 0.477083 0.765625 0.479167 0.767187 0.489583 0.770312 0.493750 0.773438 0.495833 0.771875 0.500000 0.771875 0.500000 0.768750 0.497917 0.767187 0.497917 0.762500 0.495833 0.762500 0.493750 0.760938 0.487500 0.760938 0.485417 0.759375 0.485417 0.750000 0.481250 0.746875 0.481250 0.743750 0.479167 0.742188 0.475000 0.742188 0.468750 0.746875 0.466667 0.746875 0.460417 0.750000