1 0.125000 0.014062 0.116667 0.082813 0.100000 0.068750 0.014583 0.057813 0.016667 0.285937 0.141667 0.301562 0.139583 0.539062 0.170833 0.546875 0.202083 0.506250 0.262500 0.514063 0.310417 0.568750 0.287500 0.165625 0.264583 0.159375 0.262500 0.179688 0.227083 0.175000 0.227083 0.153125 0.202083 0.153125 0.204167 0.067188 0.285417 0.087500 0.283333 0.068750 0.237500 0.060938 0.233333 0.028125
1 0.331250 0.960938 0.320833 0.932813 0.018750 0.971875 0.018750 0.985937 0.279167 0.984375 0.287500 0.968750 0.300000 0.960938
2 0.581250 0.032812 0.529167 0.154687 0.689583 0.193750 0.683333 0.226562 0.516667 0.200000 0.485417 0.296875 0.543750 0.312500 0.520833 0.332812 0.368750 0.326562 0.322917 0.165625 0.339583 0.467187 0.481250 0.482812 0.495833 0.501562 0.410417 0.504687 0.460417 0.550000 0.600000 0.557813 0.595833 0.581250 0.470833 0.584375 0.470833 0.623438 0.572917 0.646875 0.500000 0.656250 0.525000 0.709375 0.610417 0.700000 0.650000 0.723437 0.693750 0.696875 0.787500 0.735937 0.987500 0.559375 0.981250 0.185937 0.908333 0.196875 0.722917 0.160938 0.650000 0.092188 0.662500 0.015625
4 0.145833 0.657812 0.070833 0.676562 0.060417 0.682813 0.058333 0.690625 0.033333 0.693750 0.039583 0.729688 0.033333 0.737500 0.043750 0.739062 0.066667 0.732813 0.068750 0.743750 0.160417 0.717188
5 0.677083 0.015625 0.660417 0.050000 0.658333 0.076563 0.668750 0.092188 0.691667 0.100000 0.716667 0.143750 0.739583 0.154687 0.791667 0.165625 0.810417 0.159375 0.916667 0.184375 0.954167 0.170312 0.989583 0.170312 0.989583 0.014062
5 0.243750 0.015625 0.247917 0.051562 0.304167 0.062500 0.320833 0.076563 0.356250 0.081250 0.360417 0.084375 0.377083 0.048437 0.377083 0.029687 0.389583 0.015625
5 0.343750 0.478125 0.322917 0.556250 0.412500 0.654688 0.420833 0.645312 0.560417 0.646875 0.558333 0.639063 0.441667 0.634375 0.458333 0.571875 0.585417 0.571875 0.585417 0.564062 0.447917 0.554688 0.387500 0.498437 0.485417 0.493750 0.356250 0.485938
5 0.987500 0.568750 0.835417 0.684375 0.854167 0.748438 0.804167 0.781250 0.733333 0.803125 0.812500 0.985937 0.872917 0.987500 0.781250 0.826563 0.868750 0.768750 0.893750 0.829687 0.981250 0.939062 0.927083 0.990625 0.989583 0.989062
6 0.454167 0.025000 0.435417 0.021875 0.445833 0.057813 0.404167 0.112500 0.389583 0.107813 0.381250 0.051562 0.364583 0.110937 0.381250 0.110937 0.412500 0.121875 0.420833 0.118750 0.422917 0.106250 0.460417 0.075000 0.458333 0.028125
6 0.670833 0.203125 0.595833 0.178125 0.541667 0.173438 0.518750 0.159375 0.520833 0.128125 0.454167 0.165625 0.477083 0.182812 0.472917 0.225000 0.456250 0.239063 0.400000 0.232812 0.393750 0.225000 0.368750 0.278125 0.350000 0.257812 0.358333 0.292188 0.381250 0.325000 0.404167 0.326562 0.470833 0.307813 0.516667 0.321875 0.479167 0.303125 0.443750 0.307813 0.475000 0.268750 0.470833 0.296875 0.481250 0.287500 0.483333 0.246875 0.504167 0.189063 0.668750 0.210938
6 0.541667 0.714063 0.514583 0.735937 0.493750 0.776563 0.483333 0.831250 0.491667 0.909375 0.514583 0.907812 0.529167 0.887500 0.550000 0.896875 0.595833 0.978125 0.587500 0.987500 0.750000 0.987500 0.735417 0.895312 0.756250 0.871875 0.745833 0.854688 0.725000 0.857813 0.687500 0.779688 0.722917 0.764063 0.681250 0.753125 0.716667 0.731250 0.806250 0.771875 0.847917 0.742188 0.831250 0.728125 0.791667 0.746875 0.770833 0.745313 0.695833 0.714063 0.672917 0.717188 0.654167 0.742188 0.597917 0.710938
6 0.516667 0.921875 0.508333 0.921875 0.506250 0.923437 0.502083 0.923437 0.500000 0.925000 0.493750 0.925000 0.493750 0.928125 0.495833 0.929688 0.495833 0.932813 0.497917 0.934375 0.497917 0.937500 0.500000 0.939062 0.500000 0.942187 0.502083 0.943750 0.502083 0.946875 0.504167 0.945312 0.504167 0.943750 0.508333 0.940625 0.508333 0.939062 0.510417 0.937500 0.510417 0.935938 0.522917 0.926562
7 0.527083 0.015625 0.468750 0.015625 0.464583 0.076563 0.429167 0.107813 0.422917 0.126563 0.368750 0.114063 0.362500 0.118750 0.372917 0.128125 0.343750 0.132812 0.325000 0.104687 0.210417 0.076563 0.202083 0.098438 0.204167 0.142188 0.316667 0.160938 0.337500 0.154687 0.391667 0.190625 0.410417 0.171875 0.389583 0.154687 0.391667 0.146875 0.422917 0.145313 0.443750 0.157813 0.464583 0.150000 0.464583 0.140625 0.483333 0.142188 0.522917 0.114063
7 0.360417 0.181250 0.360417 0.200000 0.375000 0.210938 0.372917 0.212500 0.372917 0.223438 0.364583 0.228125 0.358333 0.226562 0.354167 0.221875 0.347917 0.221875 0.343750 0.225000 0.341667 0.235938 0.368750 0.268750 0.370833 0.257812 0.375000 0.251563 0.377083 0.240625 0.391667 0.204688 0.387500 0.195312
7 0.014583 0.295312 0.014583 0.609375 0.085417 0.609375 0.089583 0.601562 0.112500 0.598437 0.127083 0.545313 0.127083 0.307813
7 0.589583 0.976562 0.581250 0.948438 0.564583 0.923437 0.550000 0.921875 0.533333 0.932813 0.522917 0.932813 0.497917 0.954687 0.479167 0.956250 0.468750 0.962500 0.450000 0.960938 0.443750 0.965625 0.347917 0.979688 0.333333 0.979688 0.318750 0.971875 0.308333 0.971875 0.295833 0.978125 0.293750 0.987500 0.583333 0.987500
8 0.420833 0.012500 0.397917 0.014062 0.385417 0.025000 0.385417 0.035937 0.387500 0.037500 0.387500 0.046875 0.391667 0.059375 0.395833 0.092188 0.404167 0.096875 0.402083 0.100000 0.395833 0.098438 0.395833 0.103125 0.404167 0.104687 0.439583 0.054688 0.429167 0.028125 0.429167 0.021875 0.427083 0.017188 0.420833 0.015625
8 0.437500 0.176563 0.427083 0.181250 0.418750 0.181250 0.408333 0.189063 0.400000 0.200000 0.400000 0.210938 0.404167 0.218750 0.404167 0.225000 0.408333 0.228125 0.414583 0.228125 0.416667 0.229687 0.437500 0.229687 0.439583 0.231250 0.447917 0.231250 0.452083 0.232812 0.452083 0.231250 0.464583 0.221875 0.464583 0.209375 0.468750 0.203125 0.466667 0.201562 0.464583 0.184375 0.454167 0.176563
8 0.202083 0.520312 0.168750 0.554688 0.127083 0.553125 0.131250 0.609375 0.093750 0.612500 0.133333 0.618750 0.062500 0.642187 0.014583 0.692187 0.016667 0.868750 0.072917 0.798437 0.087500 0.800000 0.104167 0.903125 0.012500 0.909375 0.137500 0.918750 0.160417 0.945312 0.291667 0.926562 0.333333 0.904688 0.391667 0.801562 0.387500 0.746875 0.491667 0.712500 0.500000 0.692187 0.485417 0.653125 0.341667 0.664062 0.302083 0.603125 0.358333 0.601562 0.331250 0.575000 0.285417 0.573438 0.252083 0.521875
8 0.527083 0.729688 0.529167 0.762500 0.516667 0.768750 0.512500 0.779688 0.510417 0.835938 0.604167 0.932813 0.633333 0.806250
8 0.550000 0.907812 0.541667 0.896875 0.529167 0.890625 0.514583 0.914062 0.406250 0.929688 0.393750 0.917188 0.345833 0.915625 0.337500 0.921875 0.337500 0.953125 0.352083 0.975000 0.368750 0.960938 0.406250 0.950000 0.412500 0.934375 0.516667 0.915625 0.535417 0.926562 0.545833 0.921875