1 0.027083 0.017188 0.022917 0.159375 0.216667 0.148438 0.241667 0.293750 0.312500 0.225000 0.362500 0.234375 0.354167 0.406250 0.245833 0.392188 0.018750 0.426562 0.037500 0.531250 0.431250 0.526563 0.439583 0.429688 0.497917 0.404687 0.443750 0.364062 0.450000 0.307813 0.508333 0.229687 0.641667 0.234375 0.635417 0.137500 0.462500 0.057813 0.462500 0.018750
1 0.595833 0.582812 0.533333 0.585938 0.502083 0.570312 0.487500 0.540625 0.058333 0.542188 0.068750 0.557813 0.039583 0.565625 0.025000 0.639063 0.020833 0.989062 0.035417 0.989062 0.072917 0.715625 0.537500 0.693750 0.583333 0.650000 0.612500 0.665625 0.591667 0.689062 0.633333 0.692187
2 0.795833 0.015625 0.883333 0.035937 0.987500 0.048437 0.983333 0.014062
2 0.939583 0.350000 0.758333 0.339063 0.718750 0.409375 0.675000 0.414062 0.687500 0.479688 0.639583 0.554688 0.606250 0.565625 0.637500 0.682813 0.666667 0.659375 0.697917 0.668750 0.656250 0.750000 0.672917 0.817187 0.725000 0.801562 0.731250 0.743750 0.814583 0.679688 0.714583 0.601562 0.681250 0.545313
3 0.522917 0.237500 0.518750 0.253125 0.527083 0.262500 0.525000 0.271875 0.508333 0.281250 0.522917 0.293750 0.533333 0.323438 0.518750 0.393750 0.522917 0.407813 0.525000 0.395312 0.722917 0.393750 0.754167 0.329688 0.741667 0.309375 0.747917 0.290625 0.722917 0.251563 0.529167 0.245312
5 0.597917 0.015625 0.652083 0.025000 0.797917 0.121875 0.795833 0.148438 0.756250 0.168750 0.729167 0.170312 0.658333 0.137500 0.637500 0.212500 0.660417 0.229687 0.739583 0.251563 0.764583 0.329688 0.945833 0.342187 0.943750 0.293750 0.979167 0.278125 0.985417 0.192188 0.968750 0.168750 0.987500 0.126563 0.987500 0.050000 0.902083 0.050000 0.766667 0.015625
5 0.808333 0.689062 0.770833 0.714063 0.731250 0.781250 0.731250 0.807813 0.793750 0.962500 0.808333 0.975000 0.827083 0.979688 0.989583 0.957812 0.985417 0.823438 0.827083 0.689062
5 0.689583 0.814062 0.639583 0.865625 0.639583 0.889063 0.666667 0.985937 0.897917 0.989062 0.908333 0.981250 0.906250 0.975000 0.825000 0.984375 0.789583 0.968750 0.737500 0.860937 0.727083 0.820312 0.718750 0.809375
7 0.531250 0.704687 0.104167 0.729688 0.212500 0.726562 0.241667 0.743750 0.256250 0.887500 0.206250 0.896875 0.206250 0.912500 0.081250 0.920313 0.079167 0.937500 0.591667 0.892187 0.566667 0.859375 0.562500 0.814062 0.493750 0.748438
7 0.535417 0.704687 0.581250 0.773438 0.581250 0.743750 0.579167 0.742188 0.572917 0.725000 0.564583 0.712500 0.556250 0.706250 0.552083 0.704687
7 0.089583 0.737500 0.077083 0.914062 0.245833 0.885938 0.229167 0.748438 0.200000 0.739062
7 0.643750 0.987500 0.595833 0.900000 0.075000 0.945312 0.066667 0.957812 0.208333 0.954687 0.210417 0.985937
8 0.477083 0.032812 0.479167 0.045313 0.556250 0.085938 0.727083 0.162500 0.747917 0.164062 0.787500 0.146875 0.791667 0.134375 0.785417 0.109375 0.693750 0.062500 0.650000 0.032812 0.625000 0.023438 0.552083 0.018750
8 0.014583 0.167187 0.016667 0.421875 0.239583 0.390625 0.233333 0.259375 0.218750 0.221875 0.216667 0.171875
8 0.316667 0.243750 0.310417 0.262500 0.322917 0.312500 0.316667 0.307813 0.302083 0.264062 0.281250 0.260938 0.281250 0.326562 0.295833 0.385938 0.316667 0.389062 0.318750 0.354688 0.320833 0.390625 0.347917 0.392188 0.352083 0.309375 0.335417 0.243750
8 0.520833 0.259375 0.510417 0.259375 0.508333 0.260938 0.487500 0.260938 0.487500 0.271875 0.508333 0.271875 0.512500 0.275000 0.520833 0.275000
8 0.497917 0.289062 0.491667 0.295312 0.485417 0.321875 0.475000 0.328125 0.481250 0.332812 0.483333 0.351562 0.495833 0.354688 0.495833 0.357812 0.489583 0.360938 0.487500 0.379687 0.491667 0.384375 0.514583 0.387500 0.516667 0.368750 0.527083 0.326562 0.512500 0.289062
8 0.468750 0.337500 0.464583 0.340625 0.464583 0.342187 0.460417 0.345313 0.460417 0.348437 0.462500 0.350000 0.462500 0.351562 0.464583 0.353125 0.464583 0.357812 0.466667 0.359375 0.466667 0.360938 0.468750 0.362500 0.468750 0.364062 0.470833 0.365625 0.470833 0.367188 0.472917 0.368750 0.472917 0.370313 0.475000 0.371875 0.475000 0.373437 0.481250 0.368750 0.479167 0.367188 0.479167 0.360938 0.477083 0.359375 0.477083 0.345313 0.475000 0.343750 0.475000 0.342187
8 0.947917 0.360938 0.895833 0.389062 0.858333 0.435937 0.729167 0.512500 0.687500 0.551562 0.725000 0.600000 0.785417 0.640625 0.985417 0.818750 0.989583 0.457812
8 0.670833 0.404687 0.633333 0.409375 0.641667 0.479688 0.631250 0.496875 0.610417 0.482812 0.597917 0.482812 0.614583 0.504687 0.562500 0.503125 0.518750 0.484375 0.516667 0.425000 0.468750 0.417188 0.450000 0.432813 0.466667 0.456250 0.445833 0.467187 0.437500 0.485938 0.437500 0.515625 0.445833 0.525000 0.602083 0.539062 0.627083 0.535937 0.629167 0.543750 0.637500 0.542188 0.639583 0.518750 0.664583 0.489062 0.683333 0.479688 0.679167 0.468750 0.666667 0.468750 0.662500 0.417188
8 0.579167 0.662500 0.552083 0.692187 0.587500 0.743750 0.587500 0.792188 0.533333 0.704687 0.502083 0.748438 0.581250 0.815625 0.587500 0.842188 0.577083 0.854688 0.639583 0.965625 0.637500 0.865625 0.647917 0.851562 0.612500 0.807813 0.677083 0.710938 0.679167 0.670313 0.633333 0.703125 0.587500 0.696875