1 0.014583 0.010937 0.012500 0.150000 0.025000 0.151562 0.012500 0.162500 0.368750 0.201562 0.358333 0.190625 0.022917 0.153125 0.358333 0.187500 0.385417 0.151562 0.414583 0.146875 0.420833 0.176563 0.406250 0.190625 0.427083 0.192188 0.420833 0.073437 0.362500 0.062500 0.304167 0.014062
1 0.429167 0.068750 0.429167 0.179688 0.431250 0.192188 0.450000 0.193750 0.447917 0.189063 0.443750 0.073437
1 0.466667 0.564062 0.458333 0.557813 0.022917 0.565625 0.016667 0.567187 0.016667 0.579687 0.466667 0.570312
1 0.360417 0.989062 0.368750 0.968750 0.279167 0.829687 0.016667 0.853125 0.016667 0.857813 0.179167 0.840625 0.200000 0.925000 0.195833 0.943750 0.170833 0.946875 0.175000 0.987500
2 0.575000 0.015625 0.518750 0.017188 0.516667 0.039062 0.502083 0.045313 0.470833 0.037500 0.475000 0.050000 0.450000 0.073437 0.452083 0.189063 0.491667 0.164062 0.522917 0.173438 0.522917 0.192188 0.506250 0.201562 0.500000 0.235938 0.454167 0.264062 0.456250 0.304688 0.502083 0.298438 0.502083 0.264062 0.516667 0.242188 0.620833 0.156250 0.672917 0.162500
2 0.983333 0.345313 0.956250 0.357812 0.831250 0.368750 0.835417 0.389062 0.818750 0.398438 0.797917 0.398438 0.664583 0.445312 0.627083 0.442187 0.620833 0.459375 0.564583 0.482812 0.470833 0.503125 0.462500 0.559375 0.472917 0.571875 0.695833 0.551562 0.985417 0.560938
3 0.387500 0.601562 0.014583 0.612500 0.016667 0.846875 0.279167 0.823438 0.308333 0.778125 0.222917 0.771875 0.306250 0.703125 0.329167 0.696875 0.325000 0.645312 0.391667 0.626562
5 0.987500 0.010937 0.822917 0.012500 0.804167 0.218750 0.831250 0.268750 0.779167 0.304688 0.745833 0.295312 0.687500 0.360938 0.683333 0.329688 0.741667 0.290625 0.685417 0.181250 0.637500 0.165625 0.581250 0.193750 0.512500 0.265625 0.535417 0.432813 0.600000 0.434375 0.518750 0.425000 0.504167 0.303125 0.470833 0.303125 0.412500 0.364062 0.429167 0.490625 0.552083 0.479688 0.614583 0.453125 0.608333 0.434375 0.664583 0.437500 0.812500 0.392188 0.806250 0.370313 0.693750 0.360938 0.797917 0.365625 0.977083 0.335938
5 0.985417 0.571875 0.687500 0.557813 0.406250 0.584375 0.395833 0.628125 0.335417 0.643750 0.339583 0.692187 0.420833 0.682813 0.427083 0.714063 0.352083 0.782812 0.314583 0.781250 0.283333 0.823438 0.372917 0.960938 0.456250 0.825000 0.643750 0.767187 0.662500 0.914062 0.439583 0.985937 0.741667 0.987500 0.729167 0.739062 0.985417 0.737500
6 0.743750 0.745313 0.750000 0.987500 0.987500 0.987500 0.987500 0.785937 0.860417 0.756250 0.987500 0.760938 0.987500 0.748438
7 0.016667 0.165625 0.014583 0.362500 0.368750 0.373437 0.352083 0.335938 0.366667 0.309375 0.339583 0.307813 0.302083 0.235938 0.316667 0.215625 0.314583 0.196875
7 0.014583 0.365625 0.014583 0.564062 0.460417 0.556250 0.458333 0.501562 0.445833 0.490625 0.425000 0.495313 0.410417 0.482812 0.368750 0.379687
7 0.241667 0.781250 0.237500 0.778125 0.225000 0.778125 0.222917 0.779688 0.212500 0.779688 0.210417 0.781250 0.197917 0.781250 0.195833 0.782812 0.185417 0.782812 0.183333 0.784375 0.172917 0.784375 0.170833 0.785937 0.145833 0.787500 0.145833 0.807813 0.160417 0.807813 0.162500 0.806250 0.191667 0.804688 0.193750 0.803125 0.208333 0.803125 0.210417 0.801562 0.239583 0.801562 0.241667 0.803125
7 0.172917 0.846875 0.014583 0.864062 0.012500 0.943750 0.160417 0.928125 0.164583 0.937500 0.191667 0.935938
7 0.158333 0.932813 0.012500 0.948438 0.014583 0.989062 0.170833 0.990625
8 0.585417 0.012500 0.689583 0.173438 0.750000 0.290625 0.760417 0.298438 0.783333 0.300000 0.818750 0.268750 0.797917 0.246875 0.814583 0.014062
8 0.412500 0.151562 0.395833 0.156250 0.370833 0.187500 0.379167 0.200000 0.391667 0.196875 0.393750 0.260938 0.366667 0.268750 0.347917 0.215625 0.354167 0.207813 0.339583 0.195312 0.322917 0.200000 0.306250 0.232812 0.341667 0.301562 0.372917 0.306250 0.358333 0.337500 0.406250 0.451562 0.404167 0.364062 0.416667 0.346875 0.400000 0.296875 0.487500 0.231250 0.508333 0.178125 0.491667 0.175000 0.435417 0.218750 0.452083 0.242188 0.412500 0.229687 0.402083 0.193750 0.416667 0.173438
8 0.420833 0.690625 0.385417 0.687500 0.337500 0.698438 0.308333 0.709375 0.289583 0.721875 0.233333 0.771875 0.350000 0.775000 0.410417 0.721875
8 0.639583 0.771875 0.550000 0.792188 0.456250 0.831250 0.366667 0.985937 0.429167 0.985937 0.593750 0.935938 0.647917 0.914062 0.658333 0.892187 0.641667 0.846875