1 0.014583 0.015625 0.014583 0.096875 0.047917 0.090625 0.045833 0.079687 0.575000 0.142188 0.585417 0.117188 0.064583 0.040625 0.066667 0.014062
1 0.020833 0.250000 0.016667 0.348437 0.114583 0.354688 0.122917 0.335938 0.254167 0.342187 0.258333 0.364062 0.433333 0.371875 0.429167 0.326562 0.443750 0.292188 0.068750 0.267188 0.056250 0.250000
1 0.014583 0.579687 0.012500 0.901563 0.866667 0.850000 0.822917 0.768750 0.735417 0.773438 0.647917 0.798437 0.579167 0.787500 0.525000 0.728125 0.518750 0.667188 0.541667 0.587500
1 0.829167 0.765625 0.827083 0.768750 0.875000 0.850000 0.904167 0.850000 0.895833 0.839063 0.895833 0.835938 0.854167 0.765625
2 0.489583 0.015625 0.525000 0.082813 0.610417 0.096875 0.622917 0.168750 0.591667 0.182812 0.591667 0.218750 0.637500 0.223438 0.672917 0.248437 0.662500 0.262500 0.691667 0.306250 0.714583 0.309375 0.710417 0.329688 0.679167 0.328125 0.650000 0.384375 0.739583 0.400000 0.741667 0.417188 0.712500 0.418750 0.756250 0.481250 0.881250 0.509375 0.864583 0.532812 0.960417 0.646875 0.983333 0.646875 0.985417 0.010937
2 0.958333 0.675000 0.954167 0.693750 0.935417 0.704687 0.929167 0.726562 0.914583 0.728125 0.906250 0.734375 0.912500 0.746875 0.887500 0.753125 0.862500 0.767187 0.908333 0.848437 0.925000 0.846875 0.952083 0.856250 0.987500 0.851562 0.987500 0.678125
3 0.045833 0.228125 0.070833 0.259375 0.452083 0.289062 0.468750 0.260938 0.425000 0.253125 0.425000 0.146875 0.497917 0.150000 0.493750 0.215625 0.510417 0.154687 0.572917 0.154687 0.577083 0.218750 0.518750 0.212500 0.583333 0.221875 0.583333 0.162500 0.614583 0.157813 0.054167 0.084375
3 0.014583 0.354688 0.014583 0.371875 0.104167 0.378125 0.079167 0.475000 0.014583 0.475000 0.014583 0.575000 0.545833 0.579687 0.620833 0.479688 0.595833 0.418750 0.666667 0.421875 0.700000 0.479688 0.747917 0.485938 0.697917 0.412500 0.731250 0.404687 0.681250 0.392188
3 0.987500 0.857813 0.014583 0.904688 0.014583 0.990625 0.589583 0.987500 0.595833 0.950000 0.612500 0.959375 0.637500 0.934375 0.729167 0.959375 0.662500 0.931250 0.664583 0.912500 0.777083 0.901563 0.781250 0.918750 0.827083 0.925000 0.827083 0.940625 0.891667 0.971875 0.964583 0.987500 0.835417 0.910937 0.945833 0.895312 0.987500 0.956250
5 0.500000 0.212500 0.468750 0.262500 0.439583 0.328125 0.439583 0.373437 0.639583 0.387500 0.670833 0.323438 0.708333 0.321875 0.706250 0.312500 0.679167 0.309375 0.681250 0.301562 0.645833 0.256250 0.662500 0.251563 0.641667 0.248437 0.629167 0.229687
5 0.629167 0.478125 0.568750 0.548437 0.527083 0.650000 0.533333 0.726562 0.558333 0.765625 0.581250 0.782812 0.627083 0.793750 0.729167 0.768750 0.879167 0.753125 0.952083 0.668750 0.987500 0.667188 0.987500 0.654688 0.954167 0.651563 0.847917 0.526563 0.872917 0.514063 0.833333 0.512500 0.814583 0.493750
7 0.050000 0.098438 0.039583 0.098438 0.037500 0.100000 0.014583 0.101562 0.014583 0.106250 0.012500 0.107813 0.012500 0.153125 0.043750 0.153125 0.047917 0.154687 0.047917 0.103125 0.050000 0.101562
7 0.012500 0.176563 0.012500 0.217187 0.014583 0.218750 0.014583 0.221875 0.043750 0.221875 0.043750 0.203125 0.045833 0.201562 0.045833 0.181250 0.047917 0.179688 0.045833 0.178125 0.029167 0.178125 0.027083 0.176563
7 0.122917 0.356250 0.193750 0.359375 0.195833 0.360938 0.220833 0.360938 0.222917 0.362500 0.245833 0.362500 0.250000 0.364062 0.250000 0.350000 0.252083 0.348437 0.247917 0.346875 0.127083 0.342187
7 0.045833 0.701563 0.020833 0.823438 0.247917 0.812500 0.252083 0.700000
8 0.083333 0.100000 0.083333 0.114063 0.104167 0.123438 0.110417 0.129688 0.085417 0.132812 0.077083 0.143750 0.075000 0.179688 0.079167 0.206250 0.075000 0.220313 0.143750 0.229687 0.147917 0.106250
8 0.175000 0.118750 0.168750 0.134375 0.172917 0.143750 0.172917 0.156250 0.181250 0.173438 0.181250 0.204688 0.185417 0.212500 0.183333 0.232812 0.235417 0.239063 0.239583 0.125000
8 0.260417 0.135937 0.256250 0.175000 0.283333 0.178125 0.287500 0.181250 0.291667 0.225000 0.289583 0.228125 0.264583 0.225000 0.260417 0.240625 0.327083 0.246875 0.329167 0.154687 0.293750 0.148438 0.293750 0.137500
8 0.354167 0.140625 0.350000 0.146875 0.350000 0.162500 0.341667 0.168750 0.341667 0.210938 0.352083 0.231250 0.352083 0.246875 0.408333 0.251563 0.414583 0.146875
8 0.435417 0.142188 0.427083 0.146875 0.427083 0.253125 0.468750 0.259375 0.475000 0.243750 0.491667 0.218750 0.495833 0.150000 0.447917 0.142188
8 0.512500 0.154687 0.512500 0.160938 0.508333 0.164062 0.508333 0.173438 0.506250 0.175000 0.506250 0.209375 0.527083 0.210938 0.529167 0.212500 0.550000 0.214062 0.552083 0.215625 0.572917 0.217187 0.575000 0.218750 0.575000 0.210938 0.566667 0.200000 0.566667 0.193750 0.570833 0.187500 0.572917 0.156250 0.566667 0.154687
8 0.510417 0.315625 0.487500 0.315625 0.485417 0.314063 0.466667 0.314063 0.466667 0.332812 0.468750 0.334375 0.468750 0.339063 0.470833 0.340625 0.470833 0.343750 0.472917 0.345313 0.472917 0.350000 0.477083 0.356250 0.477083 0.360938 0.481250 0.367188 0.483333 0.367188 0.487500 0.360938 0.493750 0.356250 0.493750 0.353125 0.497917 0.348437 0.500000 0.340625 0.504167 0.335938 0.504167 0.332812 0.508333 0.328125 0.508333 0.325000 0.512500 0.318750
8 0.014583 0.373437 0.014583 0.473437 0.077083 0.475000 0.102083 0.378125
8 0.135417 0.387500 0.131250 0.395312 0.131250 0.410937 0.141667 0.423438 0.139583 0.448438 0.150000 0.453125 0.143750 0.478125 0.222917 0.482812 0.225000 0.393750
8 0.389583 0.389062 0.385417 0.428125 0.381250 0.434375 0.385417 0.487500 0.429167 0.487500 0.439583 0.490625 0.489583 0.493750 0.489583 0.487500 0.495833 0.482812 0.483333 0.445312 0.477083 0.442187 0.468750 0.396875
8 0.266667 0.393750 0.266667 0.410937 0.262500 0.414062 0.262500 0.451562 0.237500 0.457812 0.235417 0.481250 0.368750 0.489062 0.366667 0.462500 0.358333 0.448438 0.360417 0.426562 0.354167 0.425000 0.354167 0.410937 0.350000 0.401563
8 0.485417 0.412500 0.512500 0.493750 0.583333 0.495313 0.593750 0.489062 0.591667 0.481250 0.581250 0.468750 0.581250 0.462500 0.572917 0.451562 0.575000 0.440625 0.566667 0.434375 0.568750 0.423438 0.564583 0.415625
8 0.595833 0.420312 0.622917 0.478125 0.627083 0.473437 0.639583 0.473437 0.641667 0.475000 0.654167 0.475000 0.700000 0.481250 0.666667 0.423438 0.662500 0.421875
8 0.681250 0.617188 0.577083 0.623438 0.589583 0.670313 0.620833 0.740625 0.633333 0.740625 0.643750 0.732813 0.700000 0.667188
8 0.410417 0.893750 0.268750 0.903125 0.264583 0.921875 0.266667 0.985937 0.452083 0.987500 0.447917 0.976562 0.450000 0.964063 0.443750 0.953125 0.433333 0.951563 0.429167 0.925000 0.422917 0.923437
8 0.837500 0.910937 0.968750 0.989062 0.989583 0.989062 0.987500 0.957812 0.983333 0.950000 0.985417 0.932813 0.979167 0.925000 0.952083 0.910937 0.945833 0.896875 0.925000 0.895312 0.916667 0.898438 0.910417 0.895312 0.860417 0.898438
8 0.602083 0.917188 0.600000 0.901563 0.443750 0.907812 0.477083 0.962500 0.533333 0.932813 0.552083 0.928125 0.600000 0.929688
8 0.591667 0.960938 0.591667 0.989062 0.745833 0.987500 0.743750 0.964063 0.752083 0.987500 0.941667 0.989062 0.935417 0.979688 0.891667 0.973437 0.860417 0.951563 0.827083 0.942187 0.827083 0.926562 0.791667 0.926562 0.779167 0.918750 0.777083 0.903125 0.697917 0.903125 0.666667 0.912500 0.666667 0.934375 0.720833 0.957812 0.637500 0.935938 0.620833 0.957812 0.612500 0.960938 0.602083 0.946875
8 0.139583 0.926562 0.133333 0.940625 0.133333 0.946875 0.131250 0.948438 0.131250 0.981250 0.133333 0.979688 0.181250 0.978125 0.185417 0.973437 0.197917 0.973437 0.197917 0.925000 0.145833 0.925000