1 0.016667 0.307813 0.014583 0.743750 0.516667 0.726562 0.504167 0.625000 0.560417 0.620313 0.566667 0.531250 0.377083 0.515625 0.210417 0.529688 0.162500 0.553125 0.137500 0.531250 0.197917 0.495313 0.091667 0.537500 0.079167 0.521875 0.252083 0.423438 0.354167 0.462500 0.364583 0.487500 0.489583 0.475000 0.525000 0.432813 0.500000 0.348437
1 0.710417 0.907812 0.614583 0.873438 0.525000 0.778125 0.322917 0.796875 0.320833 0.745313 0.525000 0.750000 0.520833 0.734375 0.016667 0.750000 0.018750 0.773438 0.283333 0.764063 0.381250 0.953125 0.347917 0.985937 0.464583 0.985937 0.443750 0.942187 0.454167 0.892187 0.556250 0.893750 0.589583 0.918750
2 0.595833 0.015625 0.593750 0.184375 0.618750 0.171875 0.704167 0.178125 0.708333 0.195312 0.666667 0.235938 0.656250 0.460938 0.693750 0.470313 0.691667 0.489062 0.602083 0.532812 0.597917 0.601562 0.772917 0.606250 0.802083 0.646875 0.970833 0.657812 0.989583 0.634375 0.989583 0.014062
6 0.987500 0.646875 0.970833 0.662500 0.835417 0.660937 0.791667 0.653125 0.766667 0.614062 0.733333 0.614062 0.725000 0.626562 0.614583 0.626562 0.706250 0.656250 0.702083 0.701563 0.675000 0.717188 0.660417 0.715625 0.656250 0.779688 0.633333 0.807813 0.635417 0.864062 0.731250 0.909375 0.785417 0.864062 0.825000 0.865625 0.854167 0.846875 0.908333 0.856250 0.987500 0.795313
6 0.562500 0.750000 0.562500 0.754687 0.556250 0.762500 0.541667 0.759375 0.552083 0.782812 0.552083 0.787500 0.560417 0.804688 0.600000 0.839063 0.597917 0.835938 0.597917 0.809375 0.595833 0.807813 0.595833 0.767187
7 0.014583 0.014062 0.012500 0.179688 0.397917 0.218750 0.014583 0.185937 0.014583 0.303125 0.500000 0.340625 0.458333 0.232812 0.429167 0.223438 0.531250 0.179688 0.583333 0.181250 0.581250 0.092188 0.356250 0.053125 0.581250 0.087500 0.583333 0.015625
8 0.693750 0.181250 0.654167 0.196875 0.627083 0.181250 0.595833 0.198437 0.575000 0.181250 0.535417 0.182812 0.454167 0.226562 0.533333 0.431250 0.497917 0.478125 0.358333 0.495313 0.343750 0.470313 0.320833 0.468750 0.293750 0.498437 0.235417 0.467187 0.195833 0.465625 0.091667 0.528125 0.206250 0.485938 0.222917 0.489062 0.147917 0.529688 0.162500 0.545313 0.200000 0.518750 0.500000 0.507812 0.568750 0.523438 0.679167 0.487500 0.677083 0.470313 0.639583 0.467187 0.643750 0.234375 0.689583 0.204688
8 0.585417 0.621875 0.602083 0.621875 0.604167 0.623438 0.610417 0.623438 0.612500 0.621875 0.725000 0.620313 0.725000 0.617188 0.718750 0.617188 0.702083 0.612500 0.600000 0.612500 0.597917 0.614062 0.587500 0.614062
8 0.510417 0.628125 0.510417 0.657812 0.522917 0.670313 0.522917 0.725000 0.587500 0.757812 0.637500 0.762500 0.645833 0.710938 0.629167 0.706250 0.691667 0.698438 0.695833 0.656250 0.668750 0.651563 0.606250 0.653125 0.606250 0.696875 0.629167 0.703125 0.622917 0.706250 0.600000 0.700000 0.600000 0.650000 0.639583 0.642187 0.635417 0.634375 0.581250 0.625000
8 0.710417 0.715625 0.700000 0.721875 0.700000 0.729688 0.697917 0.731250 0.695833 0.746875 0.691667 0.756250 0.691667 0.767187 0.689583 0.768750 0.689583 0.803125 0.702083 0.812500 0.704167 0.810938 0.712500 0.810938 0.716667 0.771875 0.718750 0.770312 0.720833 0.745313 0.722917 0.743750 0.722917 0.731250 0.727083 0.726562 0.725000 0.721875
8 0.322917 0.779688 0.331250 0.793750 0.379167 0.790625 0.387500 0.785937 0.389583 0.776563 0.539583 0.770312 0.537500 0.765625 0.389583 0.773438 0.389583 0.765625 0.537500 0.760938 0.535417 0.757812 0.389583 0.764063 0.379167 0.750000 0.325000 0.751562
8 0.277083 0.770312 0.016667 0.782812 0.014583 0.989062 0.289583 0.985937 0.350000 0.975000 0.366667 0.950000
8 0.987500 0.892187 0.581250 0.926562 0.577083 0.912500 0.556250 0.898438 0.462500 0.901563 0.456250 0.943750 0.472917 0.985937 0.566667 0.987500 0.583333 0.959375 0.987500 0.925000