1 0.047917 0.170312 0.031250 0.235938 0.079167 0.334375 0.477083 0.354688 0.483333 0.323438 0.156250 0.309375 0.170833 0.168750
1 0.181250 0.184375 0.175000 0.303125 0.491667 0.317187 0.187500 0.298438 0.193750 0.201562 0.514583 0.218750 0.514583 0.192188
1 0.014583 0.225000 0.016667 0.306250 0.066667 0.384375 0.070833 0.335938
1 0.014583 0.315625 0.016667 0.362500 0.018750 0.364062 0.018750 0.389062 0.020833 0.392188 0.060417 0.392188 0.066667 0.393750
1 0.070833 0.392188 0.454167 0.403125 0.477083 0.362500 0.075000 0.340625
1 0.016667 0.395312 0.016667 0.740625 0.060417 0.398438
1 0.070833 0.396875 0.083333 0.414062 0.443750 0.423438 0.456250 0.409375
1 0.066667 0.401563 0.016667 0.773438 0.014583 0.984375 0.043750 0.985937 0.087500 0.529688 0.064583 0.501562 0.077083 0.429688
1 0.081250 0.421875 0.075000 0.500000 0.450000 0.503125 0.450000 0.428125
1 0.075000 0.503125 0.091667 0.525000 0.454167 0.528125 0.454167 0.507812
1 0.095833 0.532812 0.052083 0.985937 0.595833 0.985937 0.587500 0.890625 0.572917 0.945312 0.131250 0.971875 0.145833 0.840625 0.454167 0.829687 0.454167 0.803125 0.141667 0.804688 0.152083 0.690625 0.439583 0.687500 0.437500 0.651563 0.156250 0.654688 0.154167 0.546875 0.450000 0.534375
2 0.989583 0.337500 0.718750 0.531250 0.770833 0.876562 0.614583 0.885938 0.627083 0.987500 0.989583 0.990625
4 0.558333 0.120312 0.522917 0.187500 0.527083 0.235938 0.558333 0.245312 0.585417 0.259375 0.641667 0.270312 0.668750 0.271875 0.677083 0.264062 0.677083 0.251563 0.652083 0.250000 0.647917 0.246875 0.662500 0.176563 0.641667 0.162500 0.587500 0.142188 0.570833 0.129688 0.570833 0.118750
4 0.547917 0.589063 0.460417 0.593750 0.462500 0.631250 0.468750 0.642187 0.468750 0.664062 0.479167 0.679688 0.470833 0.685938 0.466667 0.693750 0.497917 0.681250 0.525000 0.682813 0.545833 0.679688
5 0.614583 0.015625 0.585417 0.115625 0.614583 0.135937 0.743750 0.175000 0.777083 0.329688 0.920833 0.343750 0.981250 0.289062 0.989583 0.015625 0.704167 0.015625 0.741667 0.131250 0.831250 0.175000 0.797917 0.192188 0.752083 0.160938 0.704167 0.153125 0.670833 0.015625
5 0.591667 0.128125 0.677083 0.181250 0.689583 0.256250 0.645833 0.278125 0.533333 0.248437 0.556250 0.278125 0.520833 0.262500 0.489583 0.353125 0.518750 0.329688 0.629167 0.362500 0.593750 0.500000 0.579167 0.420312 0.477083 0.373437 0.462500 0.554688 0.560417 0.556250 0.462500 0.568750 0.558333 0.596875 0.554167 0.681250 0.466667 0.703125 0.470833 0.875000 0.518750 0.896875 0.745833 0.853125 0.714583 0.685938 0.485417 0.695312 0.716667 0.681250 0.700000 0.525000 0.585417 0.528125 0.700000 0.514063 0.593750 0.500000 0.704167 0.504687 0.772917 0.450000 0.697917 0.440625 0.791667 0.439063 0.914583 0.364062 0.777083 0.340625 0.739583 0.179688
7 0.143750 0.065625 0.158333 0.073437 0.579167 0.114063 0.600000 0.017188 0.143750 0.017188
7 0.170833 0.550000 0.166667 0.648438 0.443750 0.643750 0.445833 0.553125
7 0.164583 0.698438 0.162500 0.801562 0.456250 0.795313 0.456250 0.698438
7 0.154167 0.846875 0.145833 0.970312 0.568750 0.942187 0.575000 0.889063 0.508333 0.903125 0.468750 0.889063 0.458333 0.842188
7 0.522917 0.959375 0.522917 0.964063 0.520833 0.965625 0.520833 0.970312 0.543750 0.970312 0.543750 0.957812 0.527083 0.957812 0.525000 0.959375
8 0.672917 0.015625 0.670833 0.023438 0.700000 0.143750 0.706250 0.153125 0.739583 0.154687 0.752083 0.159375 0.797917 0.190625 0.829167 0.175000 0.779167 0.153125 0.766667 0.153125 0.747917 0.140625 0.720833 0.095312 0.702083 0.015625
8 0.514583 0.334375 0.508333 0.346875 0.495833 0.359375 0.493750 0.367188 0.483333 0.371875 0.483333 0.376563 0.512500 0.389062 0.545833 0.410937 0.591667 0.418750 0.589583 0.409375 0.618750 0.378125 0.622917 0.370313 0.618750 0.362500 0.614583 0.359375 0.593750 0.356250 0.583333 0.348437 0.564583 0.342187 0.539583 0.343750
8 0.558333 0.454688 0.547917 0.454688 0.543750 0.457812 0.529167 0.459375 0.510417 0.468750 0.495833 0.467187 0.472917 0.468750 0.475000 0.523438 0.468750 0.534375 0.487500 0.535937 0.502083 0.540625 0.518750 0.534375 0.537500 0.534375 0.543750 0.531250 0.562500 0.532812 0.564583 0.525000 0.558333 0.500000
8 0.597917 0.790625 0.560417 0.762500 0.554167 0.770312 0.539583 0.779688 0.533333 0.792188 0.527083 0.798437 0.514583 0.803125 0.512500 0.810938 0.504167 0.817187 0.500000 0.832812 0.512500 0.832812 0.527083 0.837500 0.556250 0.820312 0.589583 0.812500