1 0.018750 0.178125 0.016667 0.257812 0.577083 0.285937 0.606250 0.381250 0.687500 0.040625 0.612500 0.375000 0.635417 0.382812 0.720833 0.015625 0.616667 0.014062 0.612500 0.034375 0.579167 0.014062 0.191667 0.010937 0.625000 0.051562 0.650000 0.082813 0.614583 0.234375
1 0.018750 0.445312 0.016667 0.535937 0.645833 0.539062 0.635417 0.521875 0.575000 0.501562 0.585417 0.532812 0.535417 0.537500 0.516667 0.453125
1 0.016667 0.615625 0.208333 0.618750 0.231250 0.610937 0.237500 0.681250 0.297917 0.682813 0.297917 0.654688 0.318750 0.643750 0.297917 0.631250 0.339583 0.596875 0.368750 0.596875 0.383333 0.554688 0.641667 0.559375 0.641667 0.550000 0.016667 0.551562
2 0.745833 0.017188 0.645833 0.371875 0.656250 0.384375 0.679167 0.364062 0.704167 0.423438 0.677083 0.467187 0.693750 0.496875 0.681250 0.570312 0.814583 0.759375 0.854167 0.760938 0.989583 0.956250 0.991667 0.014062
3 0.408333 0.565625 0.431250 0.678125 0.462500 0.679688 0.443750 0.685938 0.462500 0.775000 0.791667 0.760938 0.727083 0.678125 0.466667 0.679688 0.493750 0.676562 0.458333 0.564062
3 0.466667 0.565625 0.497917 0.675000 0.697917 0.671875 0.706250 0.662500 0.639583 0.567187
3 0.016667 0.625000 0.014583 0.750000 0.062500 0.746875 0.066667 0.739062 0.204167 0.743750 0.210417 0.625000
7 0.012500 0.010937 0.012500 0.165625 0.497917 0.207813 0.512500 0.062500 0.093750 0.010937
7 0.581250 0.014062 0.581250 0.028125 0.587500 0.028125 0.589583 0.029687 0.600000 0.029687 0.602083 0.031250 0.610417 0.031250 0.612500 0.032812 0.612500 0.023438 0.614583 0.021875 0.614583 0.012500 0.583333 0.012500
7 0.018750 0.271875 0.014583 0.401563 0.531250 0.418750 0.543750 0.301562
7 0.387500 0.623438 0.385417 0.635938 0.381250 0.643750 0.381250 0.654688 0.383333 0.656250 0.383333 0.662500 0.385417 0.664062 0.387500 0.704687 0.391667 0.693750 0.393750 0.692187 0.393750 0.687500 0.397917 0.681250 0.397917 0.676562 0.402083 0.670313 0.397917 0.662500 0.397917 0.656250 0.395833 0.654688 0.395833 0.650000 0.391667 0.642187 0.391667 0.635938 0.389583 0.634375
8 0.552083 0.387500 0.535417 0.443750 0.535417 0.453125 0.550000 0.493750 0.654167 0.498437 0.679167 0.431250 0.641667 0.385938 0.602083 0.384375
8 0.310417 0.629687 0.310417 0.632812 0.316667 0.632812 0.320833 0.635938 0.322917 0.640625 0.329167 0.640625 0.329167 0.639063 0.333333 0.635938 0.341667 0.635938 0.343750 0.637500 0.356250 0.637500 0.358333 0.639063 0.358333 0.642187 0.370833 0.642187 0.372917 0.640625 0.377083 0.640625 0.375000 0.637500 0.375000 0.621875 0.372917 0.620313 0.358333 0.620313 0.356250 0.618750 0.341667 0.618750 0.339583 0.617188 0.322917 0.617188 0.314583 0.623438
8 0.068750 0.743750 0.052083 0.831250 0.175000 0.825000 0.179167 0.743750
8 0.987500 0.971875 0.850000 0.779688 0.300000 0.800000 0.275000 0.815625 0.266667 0.989062 0.987500 0.987500
8 0.125000 0.860937 0.112500 0.989062 0.156250 0.990625 0.170833 0.860937