1 0.014583 0.126563 0.018750 0.568750 0.366667 0.592188 0.350000 0.576563 0.377083 0.545313 0.252083 0.542188 0.247917 0.518750 0.097917 0.512500 0.108333 0.220313 0.285417 0.234375 0.302083 0.214062 0.470833 0.231250 0.468750 0.196875 0.279167 0.173438 0.266667 0.220313 0.239583 0.164062 0.291667 0.146875
2 0.729167 0.071875 0.702083 0.101562 0.660417 0.115625 0.722917 0.129688 0.750000 0.154687 0.756250 0.231250 0.727083 0.281250 0.895833 0.298438 0.906250 0.310937 0.889583 0.364062 0.902083 0.382812 0.985417 0.407813 0.989583 0.056250 0.843750 0.089062
2 0.704167 0.850000 0.789583 0.971875 0.804167 0.975000 0.775000 0.921875 0.766667 0.890625 0.766667 0.864062 0.760417 0.853125 0.760417 0.845312
3 0.987500 0.046875 0.987500 0.010937 0.697917 0.014062 0.662500 0.025000 0.575000 0.015625 0.470833 0.015625 0.675000 0.045313 0.679167 0.056250 0.814583 0.076563 0.829167 0.070312 0.847917 0.078125
3 0.202083 0.884375 0.033333 0.889063 0.025000 0.929688 0.037500 0.982813 0.193750 0.989062
5 0.516667 0.104687 0.489583 0.135937 0.479167 0.195312 0.489583 0.282813 0.514583 0.320312 0.572917 0.325000 0.581250 0.307813 0.616667 0.317187 0.637500 0.285937 0.625000 0.320312 0.687500 0.353125 0.875000 0.368750 0.895833 0.314063 0.889583 0.303125 0.637500 0.285937 0.702083 0.284375 0.745833 0.229687 0.737500 0.154687 0.718750 0.140625
5 0.729167 0.534375 0.710417 0.565625 0.727083 0.601562 0.987500 0.806250 0.987500 0.565625 0.802083 0.550000
5 0.510417 0.598437 0.504167 0.606250 0.504167 0.629687 0.506250 0.631250 0.506250 0.645312 0.508333 0.646875 0.512500 0.682813 0.525000 0.692187 0.529167 0.690625 0.566667 0.690625 0.554167 0.675000 0.545833 0.668750 0.537500 0.667188 0.527083 0.656250 0.514583 0.631250 0.514583 0.621875 0.508333 0.617188 0.508333 0.600000
5 0.372917 0.632812 0.372917 0.635938 0.370833 0.637500 0.370833 0.640625 0.375000 0.640625 0.377083 0.642187 0.383333 0.642187 0.385417 0.643750 0.391667 0.643750 0.393750 0.645312 0.400000 0.645312 0.402083 0.646875 0.400000 0.645312 0.400000 0.635938 0.397917 0.634375 0.385417 0.634375 0.383333 0.632812
5 0.445833 0.646875 0.456250 0.659375 0.435417 0.753125 0.406250 0.734375 0.352083 0.726562 0.345833 0.756250 0.362500 0.879687 0.387500 0.896875 0.387500 0.951563 0.400000 0.954687 0.391667 0.900000 0.418750 0.857813 0.447917 0.848437 0.504167 0.778125 0.535417 0.829687 0.500000 0.928125 0.531250 0.985937 0.787500 0.987500 0.689583 0.848437 0.625000 0.800000 0.566667 0.698438 0.518750 0.696875 0.495833 0.643750
5 0.708333 0.689062 0.695833 0.690625 0.666667 0.754687 0.664583 0.770312 0.647917 0.792188 0.652083 0.807813 0.670833 0.834375 0.681250 0.834375 0.685417 0.842188 0.766667 0.835938 0.764583 0.795313 0.708333 0.701563
6 0.581250 0.309375 0.554167 0.450000 0.566667 0.443750 0.620833 0.490625 0.637500 0.400000 0.660417 0.382812 0.729167 0.417188 0.685417 0.526563 0.660417 0.670313 0.608333 0.635938 0.597917 0.659375 0.560417 0.670313 0.600000 0.732813 0.614583 0.714063 0.633333 0.723437 0.620833 0.764063 0.635417 0.792188 0.702083 0.678125 0.700000 0.620313 0.725000 0.614062 0.700000 0.585938 0.716667 0.526563 0.964583 0.557813 0.987500 0.504687 0.985417 0.423438 0.893750 0.392188 0.891667 0.378125 0.687500 0.357812
7 0.018750 0.014062 0.014583 0.118750 0.150000 0.131250 0.152083 0.125000 0.141667 0.123438 0.035417 0.014062
7 0.247917 0.171875 0.252083 0.200000 0.264583 0.212500 0.275000 0.215625 0.277083 0.193750 0.262500 0.173438 0.272917 0.164062 0.306250 0.167187 0.308333 0.176563 0.329167 0.176563 0.372917 0.184375 0.377083 0.181250 0.477083 0.189063 0.472917 0.184375 0.381250 0.176563 0.370833 0.168750 0.310417 0.157813 0.304167 0.160938 0.268750 0.157813
7 0.293750 0.220313 0.258333 0.534375 0.400000 0.540625 0.404167 0.525000 0.433333 0.517187 0.447917 0.532812 0.518750 0.537500 0.539583 0.492188 0.572917 0.329688 0.508333 0.323438 0.487500 0.296875 0.470833 0.237500
7 0.189583 0.231250 0.189583 0.239063 0.191667 0.240625 0.191667 0.250000 0.193750 0.251563 0.195833 0.251563 0.202083 0.254687 0.206250 0.254687 0.208333 0.256250 0.210417 0.256250 0.212500 0.257812 0.216667 0.257812 0.222917 0.260938 0.222917 0.235938 0.220833 0.234375 0.210417 0.234375 0.208333 0.232812 0.200000 0.232812 0.197917 0.231250
7 0.231250 0.239063 0.229167 0.240625 0.229167 0.264062 0.231250 0.264062 0.237500 0.267188 0.241667 0.267188 0.247917 0.270312 0.258333 0.271875 0.264583 0.275000 0.268750 0.275000 0.275000 0.278125 0.275000 0.270312 0.277083 0.268750 0.277083 0.262500 0.279167 0.260938 0.279167 0.251563 0.275000 0.251563 0.268750 0.248437 0.264583 0.248437 0.262500 0.246875 0.258333 0.246875 0.256250 0.245312 0.252083 0.245312 0.245833 0.242188 0.241667 0.242188 0.239583 0.240625 0.235417 0.240625 0.233333 0.239063
7 0.229167 0.270312 0.229167 0.282813 0.233333 0.282813 0.235417 0.284375 0.241667 0.284375 0.243750 0.285937 0.250000 0.285937 0.252083 0.287500 0.256250 0.287500 0.258333 0.289062 0.264583 0.289062 0.266667 0.290625 0.272917 0.290625 0.275000 0.292188 0.275000 0.282813 0.272917 0.281250 0.270833 0.281250 0.268750 0.279687 0.264583 0.279687 0.258333 0.276563 0.254167 0.276563 0.252083 0.275000 0.250000 0.275000 0.243750 0.271875 0.239583 0.271875 0.233333 0.268750 0.231250 0.268750
7 0.189583 0.303125 0.185417 0.335938 0.208333 0.339063 0.212500 0.321875 0.212500 0.346875 0.256250 0.354688 0.229167 0.354688 0.225000 0.395312 0.264583 0.396875 0.268750 0.326562 0.260417 0.325000 0.272917 0.325000 0.275000 0.300000 0.237500 0.295312 0.235417 0.318750 0.241667 0.318750 0.241667 0.321875 0.214583 0.318750 0.214583 0.314063 0.220833 0.315625 0.220833 0.307813
7 0.160417 0.354688 0.158333 0.356250 0.156250 0.396875 0.175000 0.398438 0.177083 0.400000 0.185417 0.400000 0.187500 0.401563 0.197917 0.401563 0.200000 0.403125 0.208333 0.403125 0.210417 0.404687 0.210417 0.398438 0.212500 0.396875 0.218750 0.396875 0.218750 0.382812 0.220833 0.381250 0.220833 0.367188 0.222917 0.365625 0.216667 0.359375 0.204167 0.359375 0.202083 0.357812 0.187500 0.357812 0.185417 0.356250
7 0.218750 0.400000 0.216667 0.401563 0.216667 0.425000 0.225000 0.425000 0.227083 0.426562 0.239583 0.426562 0.241667 0.428125 0.252083 0.428125 0.254167 0.429688 0.256250 0.425000 0.254167 0.425000 0.252083 0.423438 0.250000 0.423438 0.247917 0.421875 0.245833 0.421875 0.243750 0.420312 0.237500 0.418750 0.233333 0.415625 0.233333 0.400000
7 0.239583 0.401563 0.239583 0.414062 0.243750 0.414062 0.245833 0.415625 0.252083 0.415625 0.254167 0.417188 0.260417 0.417188 0.262500 0.418750 0.262500 0.412500 0.264583 0.410937 0.264583 0.404687 0.258333 0.404687 0.256250 0.403125 0.247917 0.403125 0.245833 0.401563
7 0.181250 0.407813 0.181250 0.410937 0.179167 0.412500 0.179167 0.459375 0.214583 0.459375 0.216667 0.460938 0.220833 0.460938 0.218750 0.457812 0.218750 0.431250 0.210417 0.426562 0.210417 0.409375 0.206250 0.407813
7 0.225000 0.431250 0.225000 0.443750 0.227083 0.445312 0.227083 0.460938 0.229167 0.462500 0.256250 0.462500 0.258333 0.464063 0.260417 0.464063 0.260417 0.450000 0.262500 0.448438 0.262500 0.432813 0.264583 0.431250 0.260417 0.431250 0.256250 0.434375 0.254167 0.432813 0.243750 0.432813 0.241667 0.431250
7 0.179167 0.467187 0.179167 0.470313 0.177083 0.471875 0.177083 0.504687 0.225000 0.506250 0.227083 0.507812 0.250000 0.507812 0.254167 0.509375 0.254167 0.498437 0.243750 0.498437 0.241667 0.496875 0.229167 0.496875 0.227083 0.495313 0.216667 0.495313 0.214583 0.493750 0.193750 0.492188 0.189583 0.487500 0.189583 0.467187
7 0.197917 0.467187 0.197917 0.489062 0.222917 0.490625 0.225000 0.492188 0.239583 0.492188 0.241667 0.493750 0.254167 0.493750 0.256250 0.495313 0.256250 0.482812 0.258333 0.481250 0.254167 0.479688 0.258333 0.478125 0.258333 0.468750 0.254167 0.467187 0.233333 0.467187 0.233333 0.475000 0.235417 0.476562 0.254167 0.476562 0.256250 0.478125 0.254167 0.479688 0.233333 0.479688 0.229167 0.476562 0.229167 0.465625 0.200000 0.465625
7 0.127083 0.582812 0.016667 0.576563 0.014583 0.662500
7 0.016667 0.682813 0.014583 0.754687 0.172917 0.754687 0.172917 0.742188 0.147917 0.742188
8 0.591667 0.360938 0.583333 0.367188 0.581250 0.379687 0.579167 0.381250 0.579167 0.389062 0.589583 0.403125 0.593750 0.406250 0.597917 0.414062 0.606250 0.414062 0.608333 0.406250 0.612500 0.401563 0.616667 0.406250 0.620833 0.418750 0.625000 0.412500 0.625000 0.409375 0.629167 0.404687 0.627083 0.403125 0.627083 0.398438 0.625000 0.396875 0.620833 0.379687 0.618750 0.381250 0.600000 0.360938
8 0.672917 0.389062 0.647917 0.406250 0.622917 0.509375 0.656250 0.532812 0.652083 0.546875 0.637500 0.539062 0.620833 0.626562 0.658333 0.657812 0.679167 0.546875 0.668750 0.540625 0.677083 0.539062 0.710417 0.420312 0.718750 0.414062
8 0.520833 0.550000 0.520833 0.570312 0.518750 0.571875 0.518750 0.590625 0.516667 0.592188 0.516667 0.612500 0.520833 0.617188 0.518750 0.618750 0.518750 0.628125 0.539583 0.659375 0.547917 0.660937 0.550000 0.656250 0.543750 0.651563 0.545833 0.573438 0.531250 0.567187 0.529167 0.559375 0.522917 0.550000
8 0.233333 0.565625 0.233333 0.578125 0.264583 0.578125 0.266667 0.579687 0.268750 0.579687 0.268750 0.565625
8 0.714583 0.625000 0.716667 0.698438 0.785417 0.815625 0.883333 0.915625 0.989583 0.989062 0.983333 0.810938 0.775000 0.646875 0.747917 0.643750
8 0.333333 0.634375 0.335417 0.690625 0.318750 0.712500 0.341667 0.714063 0.366667 0.725000 0.410417 0.729688 0.433333 0.746875 0.435417 0.685938 0.447917 0.659375 0.420833 0.657812 0.418750 0.660937 0.412500 0.660937 0.404167 0.653125 0.366667 0.645312
8 0.620833 0.721875 0.618750 0.721875 0.616667 0.723437 0.616667 0.725000 0.614583 0.726562 0.614583 0.728125 0.612500 0.729688 0.612500 0.731250 0.610417 0.732813 0.610417 0.735937 0.608333 0.737500 0.608333 0.739062 0.606250 0.740625 0.606250 0.742188 0.604167 0.743750 0.604167 0.753125 0.608333 0.753125 0.612500 0.756250 0.614583 0.754687 0.614583 0.753125 0.618750 0.750000 0.618750 0.748438 0.622917 0.745313 0.622917 0.737500 0.625000 0.735937 0.625000 0.725000
8 0.268750 0.748438 0.258333 0.748438 0.256250 0.750000 0.241667 0.750000 0.241667 0.759375 0.266667 0.759375 0.266667 0.754687 0.268750 0.753125
8 0.772917 0.807813 0.789583 0.914062 0.841667 0.985937 0.983333 0.989062 0.916667 0.950000 0.822917 0.871875
8 0.522917 0.985937 0.508333 0.937500 0.487500 0.940625 0.460417 0.954687 0.422917 0.962500 0.389583 0.973437 0.352083 0.978125 0.354167 0.987500