1 0.016667 0.473437 0.018750 0.850000 0.072917 0.853125 0.070833 0.864062 0.322917 0.845312 0.297917 0.804688 0.335417 0.790625 0.200000 0.796875 0.197917 0.778125 0.039583 0.782812 0.068750 0.523438 0.208333 0.521875 0.210417 0.504687 0.364583 0.509375 0.347917 0.482812 0.216667 0.476562 0.189583 0.489062 0.168750 0.482812 0.168750 0.467187
2 0.714583 0.654688 0.600000 0.657812 0.641667 0.701563 0.627083 0.806250 0.533333 0.810938 0.533333 0.848437 0.579167 0.854688 0.756250 0.843750 0.760417 0.826563 0.750000 0.773438 0.731250 0.742188 0.729167 0.720312 0.706250 0.689062
3 0.014583 0.010937 0.016667 0.256250 0.520833 0.296875 0.531250 0.289062 0.564583 0.303125 0.579167 0.279687 0.493750 0.245312 0.487500 0.209375 0.575000 0.015625
4 0.837500 0.504687 0.770833 0.565625 0.756250 0.545313 0.716667 0.679688 0.770833 0.795313 0.768750 0.837500 0.745833 0.871875 0.745833 0.934375 0.775000 0.987500 0.987500 0.987500 0.983333 0.703125 0.954167 0.703125 0.943750 0.689062 0.987500 0.678125 0.983333 0.640625 0.908333 0.631250 0.920833 0.617188 0.902083 0.614062 0.889583 0.590625 0.987500 0.575000 0.983333 0.537500 0.862500 0.551562 0.887500 0.515625
5 0.989583 0.014062 0.581250 0.015625 0.510417 0.178125 0.579167 0.028125 0.637500 0.050000 0.733333 0.406250 0.714583 0.432813 0.691667 0.423438 0.737500 0.606250 0.750000 0.539062 0.772917 0.551562 0.843750 0.495313 0.900000 0.503125 0.891667 0.532812 0.987500 0.526563
5 0.370833 0.401563 0.360417 0.426562 0.360417 0.481250 0.383333 0.518750 0.393750 0.526563 0.427083 0.526563 0.437500 0.512500 0.433333 0.506250 0.433333 0.467187 0.437500 0.457812 0.435417 0.421875 0.443750 0.409375 0.412500 0.406250 0.397917 0.401563
5 0.570833 0.506250 0.581250 0.603125 0.543750 0.628125 0.558333 0.646875 0.589583 0.650000 0.722917 0.650000 0.731250 0.626562 0.710417 0.521875 0.716667 0.518750 0.704167 0.498437 0.612500 0.496875
5 0.587500 0.656250 0.475000 0.662500 0.464583 0.670313 0.454167 0.709375 0.454167 0.754687 0.483333 0.803125 0.489583 0.803125 0.493750 0.809375 0.618750 0.798437 0.637500 0.703125
5 0.747917 0.856250 0.535417 0.859375 0.439583 0.873438 0.425000 0.887500 0.427083 0.989062 0.458333 0.987500 0.470833 0.954687 0.487500 0.940625 0.483333 0.871875 0.491667 0.868750 0.531250 0.882812 0.533333 0.967188 0.541667 0.985937 0.681250 0.987500 0.689583 0.960938 0.737500 0.939062 0.735417 0.881250
6 0.531250 0.293750 0.504167 0.328125 0.518750 0.325000 0.545833 0.495313 0.514583 0.523438 0.514583 0.581250 0.497917 0.590625 0.502083 0.643750 0.522917 0.631250 0.537500 0.632812 0.575000 0.603125 0.566667 0.503125 0.608333 0.489062 0.700000 0.493750 0.679167 0.407813 0.568750 0.326562 0.547917 0.331250
6 0.472917 0.382812 0.443750 0.423438 0.443750 0.453125 0.445833 0.448438 0.462500 0.435937 0.462500 0.425000 0.464583 0.423438 0.468750 0.423438 0.472917 0.420312
7 0.018750 0.373437 0.093750 0.440625 0.347917 0.456250 0.354167 0.420312 0.366667 0.400000 0.383333 0.395312 0.372917 0.390625 0.370833 0.360938 0.093750 0.345313
7 0.181250 0.460938 0.181250 0.476562 0.191667 0.482812 0.202083 0.482812 0.206250 0.467187 0.220833 0.468750 0.222917 0.471875 0.279167 0.476562 0.352083 0.473437 0.281250 0.471875 0.270833 0.467187 0.206250 0.465625 0.195833 0.459375
7 0.214583 0.510938 0.212500 0.570312 0.177083 0.573438 0.170833 0.592188 0.210417 0.596875 0.204167 0.789062 0.337500 0.782812 0.331250 0.773438 0.368750 0.746875 0.443750 0.753125 0.458333 0.668750 0.447917 0.665625 0.431250 0.601562 0.441667 0.573438 0.429167 0.565625 0.429167 0.532812 0.385417 0.531250 0.364583 0.514063
7 0.166667 0.532812 0.166667 0.554688 0.170833 0.554688 0.172917 0.556250 0.177083 0.556250 0.179167 0.557813 0.185417 0.557813 0.187500 0.559375 0.191667 0.559375 0.193750 0.560938 0.200000 0.560938 0.202083 0.562500 0.206250 0.562500 0.208333 0.564062 0.208333 0.537500 0.206250 0.535937 0.193750 0.535937 0.191667 0.534375 0.179167 0.534375 0.177083 0.532812
7 0.202083 0.598437 0.181250 0.598437 0.179167 0.620313 0.177083 0.604688 0.156250 0.604688 0.152083 0.607813 0.150000 0.634375 0.160417 0.634375 0.162500 0.625000 0.166667 0.621875 0.181250 0.623438 0.166667 0.626562 0.162500 0.662500 0.175000 0.664062 0.177083 0.659375 0.202083 0.659375 0.204167 0.621875 0.193750 0.620313 0.204167 0.618750 0.206250 0.600000
7 0.104167 0.654688 0.102083 0.656250 0.100000 0.696875 0.120833 0.698438 0.122917 0.700000 0.122917 0.695312 0.125000 0.693750 0.131250 0.693750 0.133333 0.692187 0.147917 0.690625 0.150000 0.684375 0.154167 0.678125 0.158333 0.675000 0.158333 0.670313 0.160417 0.668750 0.158333 0.667188 0.156250 0.659375 0.154167 0.657812 0.137500 0.657812 0.135417 0.656250 0.118750 0.656250 0.116667 0.654688
7 0.368750 0.881250 0.347917 0.870313 0.033333 0.892187 0.016667 0.907812 0.014583 0.987500 0.289583 0.987500 0.283333 0.892187
8 0.250000 0.014062 0.229167 0.254687 0.441667 0.278125 0.537500 0.043750 0.345833 0.015625
8 0.591667 0.031250 0.581250 0.037500 0.547917 0.135937 0.497917 0.221875 0.545833 0.262500 0.587500 0.275000 0.585417 0.331250 0.716667 0.425000 0.722917 0.404687 0.666667 0.204688 0.606250 0.187500 0.664583 0.198437 0.629167 0.056250
8 0.516667 0.329688 0.506250 0.332812 0.500000 0.337500 0.483333 0.364062 0.483333 0.429688 0.489583 0.434375 0.491667 0.439063 0.502083 0.439063 0.522917 0.409375 0.520833 0.406250
8 0.464583 0.571875 0.439583 0.592188 0.439583 0.601562 0.443750 0.610937 0.443750 0.618750 0.447917 0.628125 0.454167 0.660937 0.466667 0.664062 0.491667 0.648438 0.489583 0.645312 0.485417 0.581250 0.470833 0.579687
8 0.179167 0.828125 0.179167 0.842188 0.181250 0.840625 0.212500 0.840625 0.212500 0.826563 0.181250 0.826563
8 0.491667 0.875000 0.491667 0.942187 0.493750 0.943750 0.493750 0.948438 0.500000 0.948438 0.508333 0.942187 0.525000 0.943750 0.527083 0.945312 0.527083 0.940625 0.525000 0.939062 0.525000 0.884375 0.502083 0.875000
8 0.420833 0.890625 0.287500 0.895312 0.297917 0.934375 0.297917 0.989062 0.422917 0.987500 0.418750 0.937500