1 0.014583 0.014062 0.018750 0.275000 0.491667 0.292188 0.525000 0.154687 0.364583 0.140625 0.327083 0.114063 0.281250 0.114063 0.262500 0.059375 0.268750 0.015625
1 0.025000 0.387500 0.020833 0.520312 0.166667 0.564062 0.281250 0.559375 0.285417 0.470313 0.433333 0.467187 0.437500 0.387500
1 0.027083 0.632812 0.027083 0.781250 0.175000 0.817187 0.577083 0.778125 0.541667 0.712500 0.316667 0.726562 0.287500 0.579687 0.177083 0.582812
1 0.583333 0.807813 0.175000 0.832812 0.016667 0.903125 0.018750 0.987500 0.629167 0.985937
2 0.566667 0.018750 0.562500 0.050000 0.581250 0.056250 0.577083 0.153125 0.543750 0.156250 0.514583 0.248437 0.597917 0.242188 0.710417 0.254687 0.789583 0.359375 0.806250 0.446875 0.872917 0.493750 0.914583 0.550000 0.987500 0.570312 0.987500 0.014062
3 0.785417 0.445312 0.597917 0.450000 0.577083 0.468750 0.581250 0.492188 0.635417 0.590625 0.643750 0.650000 0.708333 0.562500 0.895833 0.554688 0.856250 0.501562
5 0.520833 0.256250 0.441667 0.390625 0.435417 0.446875 0.443750 0.467187 0.568750 0.460938 0.591667 0.442187 0.762500 0.434375 0.768750 0.418750 0.762500 0.379687 0.720833 0.284375 0.702083 0.268750 0.687500 0.268750 0.681250 0.260938 0.604167 0.253125
5 0.977083 0.585938 0.902083 0.560938 0.745833 0.564062 0.702083 0.581250 0.606250 0.720312 0.585417 0.771875 0.597917 0.882812 0.637500 0.987500 0.989583 0.989062
6 0.372917 0.015625 0.364583 0.139062 0.562500 0.148438 0.527083 0.137500 0.535417 0.021875
7 0.018750 0.375000 0.427083 0.378125 0.493750 0.296875 0.018750 0.281250
7 0.016667 0.617188 0.164583 0.575000 0.279167 0.571875 0.279167 0.565625 0.164583 0.568750 0.118750 0.560938 0.016667 0.531250
7 0.581250 0.793750 0.577083 0.784375 0.170833 0.820312 0.018750 0.785937 0.014583 0.884375 0.179167 0.825000
8 0.275000 0.014062 0.272917 0.065625 0.277083 0.104687 0.279167 0.103125 0.354167 0.101562 0.358333 0.039062 0.322917 0.015625
8 0.427083 0.060938 0.489583 0.084375 0.493750 0.082813 0.525000 0.082813 0.522917 0.079687 0.522917 0.057813 0.518750 0.057813 0.516667 0.056250 0.464583 0.056250 0.462500 0.057813
8 0.522917 0.131250 0.520833 0.126563 0.520833 0.093750 0.485417 0.093750 0.483333 0.095312 0.408333 0.098438 0.408333 0.100000 0.412500 0.100000 0.479167 0.125000 0.510417 0.128125
8 0.543750 0.468750 0.287500 0.478125 0.287500 0.539062 0.314583 0.701563 0.393750 0.701563 0.404167 0.710938 0.610417 0.695312 0.629167 0.664062 0.625000 0.609375