1 0.016667 0.493750 0.014583 0.618750 0.091667 0.635938 0.145833 0.625000 0.216667 0.589063 0.193750 0.612500 0.168750 0.612500 0.150000 0.634375 0.135417 0.634375 0.308333 0.629687 0.316667 0.603125 0.304167 0.532812 0.277083 0.504687 0.295833 0.471875 0.087500 0.471875 0.100000 0.481250 0.139583 0.476562 0.152083 0.490625 0.189583 0.489062 0.191667 0.510938 0.222917 0.514063 0.216667 0.542188 0.235417 0.556250 0.218750 0.590625 0.206250 0.571875 0.225000 0.559375 0.208333 0.545313 0.214583 0.521875 0.185417 0.518750 0.185417 0.496875 0.152083 0.498437 0.139583 0.481250 0.093750 0.487500 0.068750 0.471875 0.058333 0.484375 0.031250 0.482812
1 0.312500 0.640625 0.022917 0.651563 0.016667 0.876562 0.133333 0.867188 0.133333 0.817187 0.037500 0.809375 0.047917 0.684375 0.072917 0.659375 0.295833 0.654688 0.306250 0.753125 0.331250 0.764063 0.347917 0.821875 0.362500 0.812500 0.404167 0.818750 0.362500 0.782812 0.360417 0.734375
1 0.472917 0.965625 0.445833 0.875000 0.435417 0.870313 0.431250 0.879687 0.429167 0.871875 0.416667 0.871875 0.412500 0.882812 0.352083 0.885938 0.350000 0.932813 0.337500 0.962500 0.141667 0.978125 0.139583 0.971875 0.075000 0.976562 0.047917 0.954687 0.045833 0.925000 0.054167 0.918750 0.018750 0.920313 0.018750 0.987500 0.333333 0.987500
1 0.135417 0.892187 0.112500 0.892187 0.097917 0.879687 0.083333 0.879687 0.081250 0.881250 0.068750 0.881250 0.066667 0.882812 0.018750 0.885938 0.016667 0.887500 0.014583 0.910937 0.025000 0.910937 0.027083 0.909375 0.075000 0.904688 0.087500 0.901563 0.135417 0.896875
2 0.987500 0.015625 0.864583 0.285937 0.808333 0.296875 0.639583 0.204688 0.610417 0.321875 0.987500 0.675000
2 0.916667 0.620313 0.877083 0.685938 0.893750 0.685938 0.916667 0.703125 0.918750 0.720312 0.910417 0.721875 0.956250 0.790625 0.987500 0.790625 0.983333 0.684375
2 0.841667 0.779688 0.850000 0.781250 0.852083 0.782812 0.856250 0.782812 0.858333 0.784375 0.862500 0.784375 0.864583 0.785937 0.868750 0.785937 0.870833 0.787500 0.875000 0.787500 0.877083 0.789062 0.881250 0.789062 0.883333 0.790625 0.887500 0.790625 0.889583 0.792188 0.893750 0.792188 0.895833 0.793750 0.900000 0.793750 0.902083 0.795313 0.906250 0.795313 0.908333 0.796875 0.912500 0.796875 0.914583 0.798437 0.918750 0.798437 0.920833 0.800000 0.925000 0.800000 0.927083 0.801562 0.925000 0.800000 0.925000 0.790625 0.922917 0.789062 0.918750 0.789062 0.916667 0.787500 0.912500 0.787500 0.910417 0.785937 0.906250 0.785937 0.904167 0.784375 0.900000 0.784375 0.897917 0.782812 0.893750 0.782812 0.891667 0.781250 0.887500 0.781250 0.879167 0.778125 0.872917 0.778125 0.870833 0.776563 0.866667 0.776563 0.858333 0.773438 0.852083 0.773438
2 0.829167 0.795313 0.833333 0.798437 0.835417 0.798437 0.839583 0.801562 0.841667 0.801562 0.845833 0.804688 0.847917 0.804688 0.852083 0.807813 0.854167 0.807813 0.858333 0.810938 0.860417 0.809375 0.872917 0.809375 0.875000 0.807813 0.883333 0.807813 0.881250 0.807813 0.879167 0.806250 0.875000 0.806250 0.868750 0.803125 0.864583 0.803125 0.858333 0.800000 0.854167 0.800000 0.847917 0.796875 0.843750 0.796875 0.837500 0.793750 0.831250 0.793750
2 0.985417 0.831250 0.835417 0.845312 0.862500 0.890625 0.887500 0.895312 0.902083 0.923437 0.606250 0.968750 0.597917 0.987500 0.987500 0.987500
2 0.462500 0.893750 0.493750 0.987500 0.591667 0.987500 0.575000 0.987500 0.570833 0.984375 0.543750 0.912500 0.520833 0.904688 0.522917 0.887500
5 0.368750 0.323438 0.362500 0.407813 0.383333 0.396875 0.454167 0.440625 0.543750 0.553125 0.506250 0.578125 0.447917 0.778125 0.460417 0.709375 0.339583 0.673437 0.375000 0.731250 0.375000 0.782812 0.441667 0.781250 0.397917 0.790625 0.420833 0.821875 0.443750 0.804688 0.491667 0.812500 0.506250 0.793750 0.539583 0.796875 0.589583 0.706250 0.860417 0.681250 0.904167 0.610937 0.591667 0.320312
5 0.300000 0.514063 0.316667 0.539062 0.316667 0.554688 0.331250 0.604688 0.316667 0.614062 0.316667 0.632812 0.333333 0.648438 0.333333 0.664062 0.337500 0.670313 0.372917 0.623438 0.372917 0.575000 0.358333 0.568750 0.325000 0.525000 0.331250 0.518750 0.314583 0.514063
5 0.529167 0.867188 0.525000 0.867188 0.518750 0.862500 0.514583 0.862500 0.512500 0.860937 0.506250 0.860937 0.500000 0.856250 0.495833 0.856250 0.493750 0.860937 0.481250 0.870313 0.477083 0.871875 0.454167 0.871875 0.454167 0.873438 0.460417 0.881250 0.462500 0.879687 0.493750 0.879687 0.495833 0.878125 0.525000 0.878125 0.525000 0.875000 0.527083 0.873438 0.527083 0.870313
6 0.975000 0.014062 0.733333 0.020312 0.743750 0.064062 0.735417 0.100000 0.710417 0.129688 0.608333 0.159375 0.589583 0.153125 0.570833 0.117188 0.568750 0.079687 0.556250 0.073437 0.545833 0.148438 0.839583 0.292188
6 0.891667 0.695312 0.608333 0.725000 0.600000 0.709375 0.585417 0.712500 0.556250 0.781250 0.577083 0.781250 0.589583 0.798437 0.639583 0.801562 0.641667 0.900000 0.639583 0.910937 0.591667 0.909375 0.577083 0.935938 0.554167 0.907812 0.587500 0.979688 0.600000 0.957812 0.893750 0.918750 0.883333 0.900000 0.858333 0.898438 0.814583 0.840625 0.985417 0.818750 0.985417 0.800000 0.954167 0.796875 0.893750 0.718750 0.908333 0.709375
7 0.012500 0.014062 0.016667 0.278125 0.506250 0.301562 0.543750 0.164062 0.545833 0.064062 0.422917 0.046875 0.352083 0.015625
7 0.016667 0.467187 0.339583 0.454688 0.289583 0.503125 0.341667 0.514063 0.452083 0.495313 0.466667 0.471875 0.381250 0.417188 0.364583 0.415625 0.341667 0.451562 0.360417 0.325000 0.375000 0.314063 0.545833 0.320312 0.583333 0.309375 0.016667 0.282813
7 0.285417 0.662500 0.064583 0.670313 0.056250 0.687500 0.045833 0.804688 0.137500 0.803125 0.135417 0.782812 0.141667 0.776563 0.293750 0.759375
7 0.579167 0.792188 0.550000 0.785937 0.541667 0.804688 0.510417 0.801562 0.493750 0.825000 0.472917 0.810938 0.439583 0.810938 0.422917 0.835938 0.387500 0.818750 0.360417 0.818750 0.339583 0.843750 0.314583 0.762500 0.147917 0.784375 0.145833 0.870313 0.110417 0.875000 0.145833 0.881250 0.147917 0.968750 0.331250 0.951563 0.341667 0.857813 0.370833 0.878125 0.397917 0.878125 0.420833 0.853125 0.437500 0.865625 0.462500 0.865625 0.493750 0.842188 0.531250 0.856250 0.533333 0.807813 0.585417 0.804688
7 0.537500 0.809375 0.535417 0.900000 0.631250 0.901563 0.631250 0.807813
8 0.370833 0.012500 0.389583 0.018750 0.547917 0.046875 0.547917 0.039062 0.397917 0.014062
8 0.716667 0.017188 0.597917 0.015625 0.589583 0.050000 0.643750 0.057813 0.664583 0.050000 0.687500 0.050000 0.695833 0.056250 0.695833 0.081250 0.685417 0.096875 0.675000 0.100000 0.654167 0.096875 0.652083 0.084375 0.629167 0.076563 0.579167 0.070312 0.583333 0.121875 0.600000 0.150000 0.685417 0.129688 0.716667 0.101562 0.725000 0.071875
8 0.583333 0.031250 0.577083 0.031250 0.575000 0.032812 0.575000 0.034375 0.568750 0.039062 0.556250 0.039062 0.556250 0.045313 0.558333 0.045313 0.560417 0.046875 0.564583 0.046875 0.566667 0.048437 0.570833 0.048437 0.572917 0.050000 0.577083 0.050000 0.579167 0.051562 0.579167 0.050000 0.581250 0.048437 0.581250 0.046875 0.583333 0.045313 0.583333 0.043750 0.585417 0.042188 0.585417 0.034375 0.583333 0.032812
8 0.414583 0.034375 0.422917 0.039062 0.643750 0.071875 0.664583 0.081250 0.666667 0.095312 0.675000 0.095312 0.685417 0.087500 0.691667 0.071875 0.683333 0.053125 0.658333 0.060938 0.654167 0.068750 0.639583 0.062500
8 0.493750 0.493750 0.366667 0.515625 0.335417 0.525000 0.368750 0.567187 0.381250 0.575000 0.383333 0.617188 0.437500 0.534375 0.458333 0.550000 0.475000 0.551562 0.487500 0.557813 0.510417 0.562500 0.514583 0.557813 0.531250 0.557813 0.525000 0.540625 0.495833 0.523438
8 0.439583 0.543750 0.425000 0.559375 0.385417 0.625000 0.343750 0.665625 0.343750 0.670313 0.356250 0.679688 0.368750 0.679688 0.433333 0.700000 0.458333 0.703125 0.464583 0.701563 0.497917 0.578125 0.512500 0.567187 0.464583 0.557813