1 0.014583 0.056250 0.014583 0.085938 0.081250 0.096875 0.097917 0.075000 0.168750 0.085938 0.187500 0.118750 0.733333 0.217187 0.779167 0.206250 0.804167 0.226562 0.862500 0.234375 0.868750 0.225000
1 0.016667 0.093750 0.018750 0.876562 0.325000 0.860937 0.320833 0.796875 0.225000 0.773438 0.206250 0.745313 0.343750 0.393750 0.387500 0.392188 0.385417 0.296875 0.177083 0.275000 0.162500 0.376563 0.064583 0.376563 0.081250 0.109375
1 0.191667 0.128125 0.191667 0.192188 0.412500 0.223438 0.431250 0.195312 0.475000 0.193750 0.502083 0.237500 0.658333 0.262500 0.679167 0.234375 0.718750 0.220313
1 0.510417 0.315625 0.487500 0.348437 0.458333 0.412500 0.608333 0.457812 0.608333 0.451562 0.618750 0.445312 0.633333 0.446875 0.637500 0.454688 0.666667 0.415625 0.645833 0.376563 0.633333 0.328125
2 0.989583 0.084375 0.897917 0.192188 0.987500 0.296875
2 0.893750 0.204688 0.877083 0.237500 0.987500 0.373437 0.987500 0.306250
2 0.989583 0.437500 0.864583 0.535937 0.833333 0.529688 0.804167 0.478125 0.743750 0.471875 0.739583 0.503125 0.697917 0.487500 0.675000 0.523438 0.754167 0.714063 0.881250 0.726562 0.891667 0.750000 0.750000 0.745313 0.695833 0.790625 0.691667 0.876562 0.658333 0.884375 0.639583 0.831250 0.518750 0.917188 0.545833 0.962500 0.504167 0.946875 0.510417 0.987500 0.747917 0.989062 0.779167 0.781250 0.985417 0.892187
2 0.783333 0.789062 0.787500 0.806250 0.783333 0.832812 0.777083 0.834375 0.781250 0.859375 0.775000 0.870313 0.764583 0.987500 0.987500 0.990625 0.987500 0.904688 0.881250 0.850000
5 0.364583 0.392188 0.264583 0.601562 0.216667 0.754687 0.329167 0.790625 0.343750 0.948438 0.489583 0.926562 0.531250 0.956250 0.500000 0.918750 0.750000 0.735937 0.883333 0.743750 0.743750 0.718750 0.641667 0.487500 0.681250 0.446875 0.637500 0.476562 0.629167 0.453125 0.616667 0.468750 0.450000 0.418750 0.402083 0.443750 0.393750 0.398438
7 0.989583 0.073437 0.989583 0.010937 0.012500 0.014062 0.020833 0.046875 0.872917 0.217187
8 0.097917 0.081250 0.077083 0.370313 0.145833 0.379687 0.185417 0.267188 0.395833 0.292188 0.410417 0.437500 0.506250 0.304688 0.637500 0.321875 0.718750 0.492188 0.733333 0.464063 0.810417 0.470313 0.843750 0.525000 0.989583 0.429688 0.985417 0.387500 0.875000 0.240625 0.800000 0.231250 0.772917 0.207813 0.683333 0.239063 0.662500 0.271875 0.495833 0.243750 0.468750 0.201562 0.437500 0.201562 0.416667 0.229687 0.183333 0.200000 0.168750 0.089062
8 0.406250 0.742188 0.393750 0.750000 0.347917 0.764063 0.350000 0.801562 0.345833 0.823438 0.352083 0.843750 0.354167 0.890625 0.364583 0.923437 0.387500 0.912500 0.433333 0.912500 0.425000 0.879687 0.416667 0.792188