1 0.012500 0.150000 0.385417 0.210938 0.385417 0.176563 0.454167 0.098438 0.579167 0.121875 0.591667 0.015625 0.272917 0.014062 0.258333 0.140625 0.014583 0.095312 0.014583 0.126563 0.335417 0.181250 0.020833 0.132812
1 0.616667 0.015625 0.600000 0.015625 0.597917 0.018750 0.597917 0.039062 0.595833 0.040625 0.595833 0.060938 0.593750 0.062500 0.593750 0.082813 0.591667 0.084375 0.591667 0.104687 0.589583 0.106250 0.589583 0.125000 0.608333 0.128125 0.614583 0.017188
1 0.591667 0.150000 0.589583 0.150000 0.589583 0.185937 0.606250 0.173438 0.606250 0.156250 0.608333 0.154687 0.606250 0.153125 0.602083 0.153125 0.600000 0.151562 0.593750 0.151562
1 0.268750 0.728125 0.020833 0.735937 0.014583 0.739062 0.014583 0.754687 0.266667 0.742188
1 0.262500 0.754687 0.020833 0.762500 0.012500 0.906250 0.291667 0.882812 0.297917 0.823438 0.268750 0.825000 0.247917 0.818750 0.247917 0.795313 0.256250 0.789062
1 0.466667 0.984375 0.412500 0.925000 0.393750 0.943750 0.372917 0.951563 0.304167 0.943750 0.297917 0.901563 0.287500 0.892187 0.016667 0.915625 0.016667 0.989062
2 0.679167 0.015625 0.620833 0.056250 0.616667 0.125000 0.675000 0.137500 0.697917 0.168750 0.647917 0.168750 0.620833 0.189063 0.622917 0.287500 0.702083 0.296875 0.708333 0.375000 0.666667 0.396875 0.654167 0.573438 0.589583 0.568750 0.589583 0.581250 0.985417 0.643750 0.981250 0.607813 0.712500 0.590625 0.729167 0.279687 0.987500 0.178125 0.989583 0.014062
2 0.987500 0.185937 0.735417 0.289062 0.720833 0.584375 0.987500 0.598437
5 0.454167 0.106250 0.395833 0.182812 0.393750 0.214062 0.362500 0.217187 0.362500 0.300000 0.391667 0.307813 0.389583 0.335938 0.533333 0.346875 0.543750 0.339063 0.510417 0.335938 0.570833 0.303125 0.597917 0.306250 0.608333 0.321875 0.610417 0.306250 0.635417 0.309375 0.618750 0.320312 0.647917 0.310937 0.685417 0.314063 0.689583 0.298438 0.610417 0.290625 0.608333 0.187500 0.645833 0.156250 0.670833 0.156250 0.689583 0.167187 0.687500 0.154687 0.670833 0.143750
5 0.333333 0.581250 0.322917 0.671875 0.466667 0.676562 0.447917 0.834375 0.416667 0.817187 0.308333 0.818750 0.310417 0.934375 0.364583 0.940625 0.406250 0.901563 0.481250 0.989062 0.989583 0.989062 0.985417 0.656250 0.612500 0.589063
6 0.466667 0.385938 0.481250 0.392188 0.462500 0.551562 0.647917 0.560938 0.660417 0.398438 0.504167 0.382812
7 0.012500 0.014062 0.014583 0.087500 0.252083 0.132812 0.264583 0.010937
7 0.014583 0.154687 0.016667 0.442187 0.360417 0.465625 0.364583 0.426562 0.410417 0.410937 0.416667 0.389062 0.516667 0.375000 0.529167 0.354688 0.377083 0.340625 0.381250 0.310937 0.354167 0.304688 0.354167 0.214062 0.375000 0.210938
7 0.016667 0.731250 0.268750 0.723437 0.277083 0.665625 0.316667 0.668750 0.325000 0.571875 0.570833 0.579687 0.572917 0.565625 0.402083 0.557813 0.400000 0.529688 0.358333 0.504687 0.358333 0.468750 0.018750 0.448438
8 0.683333 0.329688 0.643750 0.328125 0.639583 0.323438 0.604167 0.323438 0.589583 0.326562 0.539583 0.346875 0.533333 0.357812 0.527083 0.360938 0.529167 0.367188 0.525000 0.381250 0.650000 0.393750 0.693750 0.371875
8 0.435417 0.392188 0.422917 0.400000 0.420833 0.412500 0.431250 0.414062 0.429167 0.418750 0.406250 0.418750 0.375000 0.429688 0.370833 0.509375 0.395833 0.518750 0.416667 0.512500 0.422917 0.514063 0.408333 0.520312 0.408333 0.553125 0.458333 0.553125 0.475000 0.393750
8 0.279167 0.668750 0.277083 0.684375 0.283333 0.695312 0.260417 0.815625 0.283333 0.817187 0.300000 0.810938 0.422917 0.812500 0.443750 0.825000 0.458333 0.742188 0.460417 0.682813 0.439583 0.687500 0.381250 0.685938