1 0.189583 0.010937 0.014583 0.010937 0.016667 0.990625 0.075000 0.990625 0.179167 0.620313 0.139583 0.240625 0.185417 0.525000 0.237500 0.528125
1 0.775000 0.015625 0.500000 0.017188 0.456250 0.407813 0.554167 0.414062 0.560417 0.390625 0.577083 0.379687 0.608333 0.387500 0.643750 0.265625 0.702083 0.192188 0.702083 0.167187 0.727083 0.160938
1 0.175000 0.578125 0.510417 0.573438 0.497917 0.568750 0.489583 0.482812 0.541667 0.479688 0.543750 0.451562 0.250000 0.440625 0.254167 0.501562 0.243750 0.531250 0.185417 0.532812
1 0.239583 0.626562 0.181250 0.625000 0.087500 0.987500 0.179167 0.990625
2 0.989583 0.010937 0.781250 0.015625 0.735417 0.162500 0.756250 0.167187 0.768750 0.176563 0.772917 0.196875 0.800000 0.207813 0.806250 0.245312 0.843750 0.250000 0.902083 0.232812 0.985417 0.218750
2 0.791667 0.295312 0.754167 0.321875 0.752083 0.345313 0.820833 0.350000 0.860417 0.339063 0.883333 0.356250 0.987500 0.487500 0.985417 0.248437 0.845833 0.276563 0.912500 0.279687 0.887500 0.306250
2 0.522917 0.793750 0.516667 0.800000 0.535417 0.984375 0.643750 0.989062 0.633333 0.931250 0.639583 0.929688 0.616667 0.925000 0.591667 0.807813
4 0.647917 0.692187 0.631250 0.706250 0.627083 0.721875 0.614583 0.729688 0.616667 0.743750 0.597917 0.768750 0.600000 0.796875 0.620833 0.825000 0.643750 0.842188 0.681250 0.854688 0.685417 0.839063 0.670833 0.826563 0.652083 0.793750 0.654167 0.756250 0.660417 0.732813
5 0.631250 0.345313 0.614583 0.392188 0.579167 0.381250 0.495833 0.775000 0.597917 0.806250 0.620833 0.921875 0.664583 0.923437 0.685417 0.878125 0.610417 0.850000 0.593750 0.782812 0.652083 0.665625 0.754167 0.985937 0.987500 0.990625 0.989583 0.501562 0.870833 0.360938
5 0.493750 0.728125 0.483333 0.728125 0.472917 0.717188 0.472917 0.709375 0.470833 0.709375 0.462500 0.728125 0.456250 0.728125 0.441667 0.732813 0.408333 0.739062 0.406250 0.740625 0.402083 0.760938 0.416667 0.760938 0.418750 0.759375 0.450000 0.757812 0.452083 0.756250 0.487500 0.756250 0.489583 0.751562 0.479167 0.751562 0.477083 0.748438 0.485417 0.734375 0.489583 0.731250 0.495833 0.731250
8 0.622917 0.342187 0.745833 0.350000 0.743750 0.323438 0.793750 0.285937 0.868750 0.301562 0.889583 0.298438 0.904167 0.284375 0.866667 0.287500 0.831250 0.278125 0.985417 0.242188 0.987500 0.225000 0.847917 0.256250 0.797917 0.251563 0.797917 0.215625 0.768750 0.201562 0.760417 0.179688 0.731250 0.167187 0.708333 0.170312 0.708333 0.193750 0.664583 0.239063
8 0.045833 0.487500 0.039583 0.593750 0.016667 0.576563 0.016667 0.721875 0.027083 0.704687 0.035417 0.750000 0.062500 0.804688 0.072917 0.789062 0.068750 0.723437 0.054167 0.650000 0.039583 0.643750 0.052083 0.643750 0.060417 0.628125 0.077083 0.623438 0.066667 0.618750 0.108333 0.576563 0.081250 0.579687 0.058333 0.596875 0.031250 0.603125 0.043750 0.595312
8 0.595833 0.571875 0.595833 0.581250 0.597917 0.582812 0.597917 0.589063 0.602083 0.596875 0.602083 0.604688 0.631250 0.645312 0.647917 0.654688 0.641667 0.642187 0.637500 0.614062 0.633333 0.607813 0.633333 0.598437 0.618750 0.585938 0.614583 0.579687 0.614583 0.573438