1 0.016667 0.014062 0.016667 0.784375 0.177083 0.664062 0.733333 0.659375 0.718750 0.554688 0.764583 0.537500 0.777083 0.381250 0.293750 0.348437 0.306250 0.014062 0.220833 0.010937 0.166667 0.660937 0.206250 0.010937
1 0.314583 0.321875 0.314583 0.345313 0.602083 0.360938 0.602083 0.334375 0.341667 0.320312
2 0.641667 0.017188 0.614583 0.357812 0.716667 0.365625 0.710417 0.320312 0.718750 0.296875 0.706250 0.259375 0.718750 0.206250 0.745833 0.201562 0.737500 0.171875 0.762500 0.112500 0.747917 0.098438 0.747917 0.017188
2 0.860417 0.150000 0.806250 0.182812 0.810417 0.190625 0.818750 0.192188 0.833333 0.206250 0.820833 0.218750 0.820833 0.223438 0.829167 0.235938 0.818750 0.259375 0.808333 0.260938 0.804167 0.267188 0.850000 0.251563
2 0.795833 0.276563 0.772917 0.285937 0.766667 0.290625 0.760417 0.300000 0.760417 0.307813 0.758333 0.309375 0.758333 0.318750 0.756250 0.320312 0.756250 0.328125 0.754167 0.329688 0.752083 0.345313 0.793750 0.329688 0.793750 0.281250 0.795833 0.279687
2 0.839583 0.390625 0.833333 0.464063 0.987500 0.451562 0.987500 0.409375 0.870833 0.410937 0.843750 0.390625
3 0.016667 0.789062 0.014583 0.987500 0.977083 0.987500 0.985417 0.792188 0.733333 0.667188 0.189583 0.668750
4 0.897917 0.278125 0.868750 0.281250 0.856250 0.290625 0.845833 0.306250 0.850000 0.339063 0.847917 0.353125 0.839583 0.367188 0.839583 0.378125 0.875000 0.403125 0.893750 0.400000 0.902083 0.392188 0.914583 0.387500 0.941667 0.387500 0.954167 0.376563 0.966667 0.375000 0.968750 0.370313 0.960417 0.328125 0.960417 0.309375 0.964583 0.301562 0.945833 0.290625 0.912500 0.289062
4 0.837500 0.531250 0.825000 0.531250 0.720833 0.554688 0.741667 0.664062 0.766667 0.689062 0.812500 0.696875 0.845833 0.681250 0.845833 0.670313 0.856250 0.656250 0.856250 0.600000 0.847917 0.537500
5 0.758333 0.015625 0.756250 0.101562 0.783333 0.101562 0.814583 0.084375 0.850000 0.082813 0.858333 0.014062
5 0.987500 0.014062 0.966667 0.014062 0.972917 0.034375 0.952083 0.078125 0.945833 0.132812 0.935417 0.140625 0.912500 0.210938 0.891667 0.231250 0.897917 0.267188 0.972917 0.296875 0.981250 0.375000 0.958333 0.389062 0.925000 0.392188 0.904167 0.403125 0.987500 0.396875
5 0.850000 0.089062 0.812500 0.090625 0.768750 0.118750 0.758333 0.182812 0.791667 0.179688 0.847917 0.143750 0.847917 0.093750
6 0.891667 0.137500 0.868750 0.134375 0.814583 0.170312 0.866667 0.142188 0.860417 0.257812 0.800000 0.275000 0.800000 0.328125 0.752083 0.353125 0.722917 0.351562 0.725000 0.375000 0.833333 0.376563 0.847917 0.290625 0.866667 0.271875 0.883333 0.270312 0.881250 0.232812 0.900000 0.207813 0.904167 0.187500 0.893750 0.171875
7 0.331250 0.015625 0.314583 0.315625 0.604167 0.332812 0.633333 0.020312
7 0.695833 0.439063 0.695833 0.451562 0.708333 0.451562 0.710417 0.453125 0.725000 0.453125 0.727083 0.454688 0.743750 0.454688 0.745833 0.456250 0.745833 0.442187 0.729167 0.442187 0.727083 0.440625 0.710417 0.440625 0.708333 0.439063
7 0.275000 0.710938 0.206250 0.729688 0.200000 0.740625 0.200000 0.745313 0.191667 0.764063 0.233333 0.759375 0.237500 0.762500 0.241667 0.770312
7 0.510417 0.864062 0.500000 0.864062 0.497917 0.865625 0.487500 0.865625 0.485417 0.867188 0.477083 0.867188 0.475000 0.868750 0.452083 0.870313 0.452083 0.875000 0.450000 0.876562 0.450000 0.915625 0.462500 0.915625 0.464583 0.914062 0.475000 0.914062 0.477083 0.912500 0.489583 0.912500 0.491667 0.910937 0.516667 0.909375 0.514583 0.907812 0.514583 0.893750 0.512500 0.892187
7 0.681250 0.910937 0.664583 0.868750 0.543750 0.889063 0.545833 0.903125 0.550000 0.910937
8 0.031250 0.073437 0.027083 0.076563 0.027083 0.110937 0.029167 0.112500 0.029167 0.118750 0.031250 0.120312 0.031250 0.125000 0.050000 0.125000 0.047917 0.123438 0.047917 0.117188 0.045833 0.115625 0.045833 0.107813 0.043750 0.106250 0.043750 0.100000 0.041667 0.098438 0.041667 0.079687 0.033333 0.073437
8 0.756250 0.203125 0.762500 0.207813 0.762500 0.203125 0.764583 0.201562 0.764583 0.198437 0.770833 0.193750 0.772917 0.193750 0.775000 0.192188 0.789583 0.192188 0.791667 0.193750 0.804167 0.193750 0.806250 0.195312 0.806250 0.187500 0.766667 0.187500 0.764583 0.189063 0.760417 0.189063 0.756250 0.193750
8 0.768750 0.207813 0.768750 0.212500 0.772917 0.217187 0.816667 0.217187 0.816667 0.215625 0.818750 0.214062 0.820833 0.214062 0.820833 0.210938 0.825000 0.206250 0.822917 0.204688 0.822917 0.203125 0.818750 0.200000 0.816667 0.200000 0.814583 0.198437 0.804167 0.198437 0.802083 0.196875 0.789583 0.196875 0.787500 0.195312 0.777083 0.195312 0.775000 0.196875 0.775000 0.198437 0.770833 0.203125 0.770833 0.206250
8 0.725000 0.218750 0.720833 0.242188 0.716667 0.251563 0.716667 0.260938 0.735417 0.298438 0.754167 0.298438 0.756250 0.278125 0.754167 0.276563 0.737500 0.276563 0.733333 0.273438 0.733333 0.257812 0.750000 0.245312 0.733333 0.218750
8 0.814583 0.221875 0.810417 0.221875 0.802083 0.228125 0.802083 0.234375 0.804167 0.235938 0.804167 0.242188 0.806250 0.243750 0.800000 0.248437 0.800000 0.250000 0.793750 0.254687 0.793750 0.256250 0.812500 0.256250 0.812500 0.253125 0.814583 0.251563 0.814583 0.248437 0.816667 0.246875 0.816667 0.243750 0.818750 0.242188 0.818750 0.239063 0.820833 0.237500 0.818750 0.235938 0.818750 0.232812 0.816667 0.231250 0.816667 0.226562 0.814583 0.225000
8 0.741667 0.259375 0.741667 0.268750 0.756250 0.268750 0.758333 0.270312 0.775000 0.270312 0.777083 0.271875 0.793750 0.271875 0.795833 0.273438 0.795833 0.267188 0.797917 0.265625 0.797917 0.259375 0.785417 0.259375 0.783333 0.257812 0.783333 0.256250 0.791667 0.250000 0.752083 0.250000 0.743750 0.256250 0.743750 0.257812
8 0.454167 0.432813 0.454167 0.445312 0.479167 0.445312 0.481250 0.446875 0.483333 0.446875 0.483333 0.431250 0.456250 0.431250
8 0.372917 0.739062 0.364583 0.803125 0.606250 0.804688 0.608333 0.800000 0.627083 0.803125 0.629167 0.784375 0.597917 0.745313 0.589583 0.771875 0.566667 0.743750
8 0.306250 0.829687 0.306250 0.835938 0.297917 0.846875 0.300000 0.890625 0.289583 0.901563 0.279167 0.904688 0.279167 0.917188 0.402083 0.917188 0.404167 0.829687