1 0.577083 0.015625 0.339583 0.015625 0.275000 0.400000 0.352083 0.409375 0.408333 0.157813 0.431250 0.128125 0.545833 0.106250
1 0.016667 0.587500 0.297917 0.603125 0.310417 0.598437 0.300000 0.543750 0.337500 0.545313 0.343750 0.523438 0.041667 0.501562 0.045833 0.535937 0.027083 0.564062 0.016667 0.565625
1 0.016667 0.595312 0.020833 0.690625 0.270833 0.696875 0.287500 0.609375
2 0.556250 0.107813 0.891667 0.050000 0.939583 0.045313 0.989583 0.050000 0.989583 0.010937 0.581250 0.012500
2 0.625000 0.679688 0.593750 0.765625 0.620833 0.767187 0.625000 0.787500 0.645833 0.801562 0.641667 0.823438 0.643750 0.837500 0.631250 0.839063 0.643750 0.853125 0.683333 0.759375
2 0.356250 0.742188 0.352083 0.765625 0.368750 0.775000 0.377083 0.884375 0.362500 0.907812 0.308333 0.914062 0.312500 0.959375 0.322917 0.967188 0.320833 0.987500 0.502083 0.987500 0.493750 0.931250 0.520833 0.904688 0.508333 0.857813 0.466667 0.850000 0.429167 0.756250 0.410417 0.773438 0.400000 0.768750 0.389583 0.745313
2 0.552083 0.871875 0.512500 0.928125 0.537500 0.925000 0.560417 0.926562 0.562500 0.985937 0.564583 0.989062 0.589583 0.989062 0.560417 0.876562
4 0.683333 0.307813 0.670833 0.335938 0.693750 0.353125 0.697917 0.385938 0.683333 0.392188 0.656250 0.359375 0.622917 0.426562 0.645833 0.482812 0.625000 0.484375 0.608333 0.407813 0.597917 0.414062 0.577083 0.396875 0.579167 0.460938 0.616667 0.495313 0.639583 0.489062 0.666667 0.507812 0.670833 0.482812 0.695833 0.467187 0.666667 0.531250 0.675000 0.581250 0.729167 0.629687 0.735417 0.614062 0.781250 0.690625 0.833333 0.731250 0.910417 0.653125 0.918750 0.595312 0.983333 0.456250 0.956250 0.445312 0.947917 0.417188 0.870833 0.387500 0.835417 0.395312 0.843750 0.382812 0.885417 0.389062 0.887500 0.365625 0.731250 0.303125 0.712500 0.315625
4 0.533333 0.439063 0.539583 0.453125 0.529167 0.460938 0.522917 0.512500 0.518750 0.498437 0.508333 0.498437 0.502083 0.526563 0.483333 0.537500 0.489583 0.568750 0.479167 0.585938 0.464583 0.590625 0.464583 0.628125 0.435417 0.670313 0.450000 0.679688 0.435417 0.723437 0.456250 0.742188 0.447917 0.742188 0.458333 0.757812 0.518750 0.718750 0.543750 0.689062 0.570833 0.684375 0.560417 0.660937 0.529167 0.645312 0.522917 0.603125 0.533333 0.615625 0.558333 0.614062 0.575000 0.634375 0.612500 0.637500 0.629167 0.592188 0.627083 0.504687 0.637500 0.498437 0.616667 0.500000 0.575000 0.470313 0.575000 0.442187
5 0.987500 0.054688 0.485417 0.125000 0.416667 0.157813 0.310417 0.717188 0.447917 0.754687 0.477083 0.850000 0.600000 0.723437 0.568750 0.687500 0.460417 0.765625 0.433333 0.732813 0.477083 0.537500 0.533333 0.456250 0.431250 0.345313 0.506250 0.337500 0.518750 0.232812 0.547917 0.214062 0.895833 0.362500 0.891667 0.396875 0.983333 0.448438
5 0.983333 0.471875 0.927083 0.596875 0.916667 0.651563 0.860417 0.723437 0.831250 0.739062 0.812500 0.734375 0.779167 0.693750 0.779167 0.717188 0.804167 0.740625 0.872917 0.776563 0.941667 0.778125 0.960417 0.739062 0.983333 0.723437
5 0.645833 0.503125 0.635417 0.507812 0.637500 0.582812 0.614583 0.642187 0.558333 0.634375 0.558333 0.657812 0.606250 0.720312 0.625000 0.664062 0.641667 0.662500 0.666667 0.687500 0.754167 0.689062 0.760417 0.676562 0.760417 0.660937 0.693750 0.614062 0.664583 0.568750 0.664583 0.514063
6 0.629167 0.668750 0.691667 0.757812 0.641667 0.884375 0.683333 0.948438 0.664583 0.987500 0.843750 0.989062 0.916667 0.860937 0.987500 0.857813 0.985417 0.781250 0.877083 0.784375 0.835417 0.768750 0.777083 0.729688 0.772917 0.695312 0.662500 0.692187 0.641667 0.668750
6 0.614583 0.876562 0.572917 0.882812 0.591667 0.985937 0.604167 0.989062 0.593750 0.975000 0.593750 0.970312 0.627083 0.893750 0.627083 0.887500
8 0.531250 0.223438 0.516667 0.262500 0.529167 0.307813 0.512500 0.340625 0.543750 0.371875 0.485417 0.335938 0.439583 0.346875 0.450000 0.375000 0.527083 0.432813 0.572917 0.429688 0.541667 0.375000 0.566667 0.387500 0.564583 0.304688 0.529167 0.307813 0.564583 0.300000 0.550000 0.285937 0.572917 0.287500 0.568750 0.378125 0.616667 0.407813 0.614583 0.451562 0.633333 0.484375 0.618750 0.428125 0.637500 0.364062 0.658333 0.353125 0.685417 0.387500 0.689583 0.356250 0.666667 0.332812 0.683333 0.301562 0.712500 0.312500 0.720833 0.298438
8 0.531250 0.793750 0.531250 0.809375 0.537500 0.814062 0.550000 0.814062 0.554167 0.810938 0.600000 0.810938 0.600000 0.795313 0.597917 0.793750 0.600000 0.792188 0.614583 0.792188 0.620833 0.787500 0.618750 0.784375 0.618750 0.770312 0.612500 0.768750 0.564583 0.768750 0.556250 0.771875 0.556250 0.785937 0.560417 0.789062 0.556250 0.790625 0.550000 0.787500 0.539583 0.787500
8 0.552083 0.818750 0.552083 0.834375 0.564583 0.840625 0.562500 0.843750 0.547917 0.845312 0.547917 0.862500 0.556250 0.871875 0.566667 0.875000 0.629167 0.871875 0.633333 0.868750 0.635417 0.848437 0.622917 0.840625 0.564583 0.840625 0.575000 0.837500 0.614583 0.837500 0.614583 0.821875 0.602083 0.815625 0.556250 0.815625
8 0.631250 0.892187 0.602083 0.962500 0.600000 0.975000 0.610417 0.989062 0.658333 0.989062 0.677083 0.946875 0.643750 0.896875 0.639583 0.893750
8 0.556250 0.928125 0.543750 0.928125 0.541667 0.929688 0.531250 0.929688 0.529167 0.931250 0.502083 0.932813 0.502083 0.957812 0.504167 0.959375 0.504167 0.985937 0.506250 0.989062 0.562500 0.989062 0.560417 0.985937