1 0.012500 0.014062 0.012500 0.173438 0.025000 0.229687 0.018750 0.234375 0.020833 0.310937 0.114583 0.320312 0.066667 0.218750 0.058333 0.175000 0.054167 0.081250 0.068750 0.018750
1 0.102083 0.167187 0.104167 0.203125 0.118750 0.246875 0.241667 0.256250 0.270833 0.229687 0.258333 0.226562 0.258333 0.175000
1 0.025000 0.332812 0.016667 0.756250 0.437500 0.748438 0.445833 0.693750 0.210417 0.695312 0.162500 0.707812 0.185417 0.428125 0.168750 0.425000 0.175000 0.346875 0.422917 0.348437
2 0.616667 0.012500 0.595833 0.110937 0.762500 0.128125 0.806250 0.157813 0.987500 0.237500 0.987500 0.010937
2 0.600000 0.051562 0.477083 0.040625 0.456250 0.168750 0.468750 0.168750 0.477083 0.175000 0.491667 0.153125 0.508333 0.145313 0.529167 0.145313 0.527083 0.120312 0.533333 0.109375 0.587500 0.109375
2 0.627083 0.476562 0.572917 0.475000 0.560417 0.484375 0.564583 0.504687 0.562500 0.584375 0.568750 0.584375 0.566667 0.560938 0.577083 0.559375 0.589583 0.537500 0.602083 0.528125 0.591667 0.514063 0.591667 0.493750 0.600000 0.484375 0.610417 0.484375 0.618750 0.489062 0.629167 0.478125
2 0.572917 0.859375 0.604167 0.982813 0.612500 0.935938 0.629167 0.923437 0.652083 0.914062 0.660417 0.879687 0.654167 0.882812 0.633333 0.878125 0.608333 0.878125 0.591667 0.875000
3 0.191667 0.425000 0.170833 0.696875 0.202083 0.684375 0.495833 0.682813 0.491667 0.667188 0.520833 0.654688 0.508333 0.609375 0.533333 0.607813 0.533333 0.600000 0.504167 0.596875 0.450000 0.531250 0.445833 0.504687 0.460417 0.504687 0.522917 0.571875 0.552083 0.584375 0.547917 0.482812 0.487500 0.443750 0.202083 0.432813
5 0.539583 0.112500 0.541667 0.150000 0.497917 0.156250 0.481250 0.184375 0.560417 0.323438 0.593750 0.335938 0.600000 0.398438 0.639583 0.453125 0.595833 0.404687 0.591667 0.360938 0.514583 0.325000 0.510417 0.284375 0.441667 0.281250 0.425000 0.407813 0.481250 0.421875 0.541667 0.473437 0.693750 0.453125 0.708333 0.520312 0.810417 0.582812 0.735417 0.504687 0.758333 0.398438 0.802083 0.395312 0.772917 0.450000 0.816667 0.432813 0.781250 0.467187 0.822917 0.553125 0.843750 0.554688 0.939583 0.353125 0.981250 0.326562 0.985417 0.242188 0.764583 0.134375
5 0.747917 0.742188 0.722917 0.759375 0.704167 0.804688 0.747917 0.829687 0.816667 0.892187 0.783333 0.895312 0.695833 0.837500 0.668750 0.917188 0.629167 0.946875 0.614583 0.987500 0.987500 0.989062 0.985417 0.918750 0.922917 0.914062 0.872917 0.810938 0.820833 0.753125 0.804167 0.754687 0.829167 0.781250 0.797917 0.782812 0.775000 0.773438
6 0.979167 0.346875 0.952083 0.364062 0.852083 0.551562 0.875000 0.560938 0.883333 0.573438 0.893750 0.573438 0.889583 0.567187 0.893750 0.517187 0.918750 0.503125 0.943750 0.506250 0.941667 0.487500 0.954167 0.457812 0.989583 0.434375
6 0.983333 0.701563 0.981250 0.701563 0.977083 0.704687 0.972917 0.704687 0.970833 0.706250 0.966667 0.706250 0.964583 0.707812 0.960417 0.707812 0.958333 0.709375 0.954167 0.709375 0.952083 0.710938 0.950000 0.709375 0.947917 0.709375 0.947917 0.710938 0.950000 0.712500 0.950000 0.715625 0.952083 0.717188 0.952083 0.720312 0.954167 0.721875 0.954167 0.725000 0.956250 0.726562 0.956250 0.729688 0.960417 0.734375 0.983333 0.734375
7 0.222917 0.014062 0.229167 0.128125 0.452083 0.140625 0.468750 0.032812 0.385417 0.015625
7 0.245833 0.270312 0.397917 0.275000 0.472917 0.229687 0.502083 0.226562 0.464583 0.173438 0.327083 0.162500 0.322917 0.195312
7 0.181250 0.356250 0.179167 0.359375 0.177083 0.417188 0.212500 0.417188 0.214583 0.418750 0.254167 0.418750 0.260417 0.420312 0.264583 0.362500 0.266667 0.360938 0.262500 0.359375
7 0.277083 0.359375 0.277083 0.421875 0.352083 0.423438 0.356250 0.425000 0.360417 0.364062 0.362500 0.362500 0.356250 0.360938
7 0.189583 0.840625 0.014583 0.843750 0.016667 0.987500 0.160417 0.989062
8 0.989583 0.443750 0.979167 0.451562 0.972917 0.451562 0.960417 0.460938 0.958333 0.470313 0.950000 0.487500 0.950000 0.506250 0.962500 0.523438 0.970833 0.529688 0.979167 0.532812 0.983333 0.528125 0.989583 0.528125
8 0.679167 0.462500 0.675000 0.462500 0.672917 0.464063 0.666667 0.464063 0.664583 0.465625 0.662500 0.465625 0.654167 0.471875 0.654167 0.473437 0.650000 0.476562 0.650000 0.478125 0.645833 0.481250 0.645833 0.482812 0.641667 0.485938 0.641667 0.487500 0.637500 0.492188 0.637500 0.495313 0.650000 0.507812 0.654167 0.515625 0.656250 0.514063 0.658333 0.514063 0.658333 0.506250 0.660417 0.504687 0.660417 0.493750 0.662500 0.492188 0.662500 0.482812 0.664583 0.481250 0.664583 0.475000 0.666667 0.473437 0.666667 0.471875
8 0.677083 0.471875 0.677083 0.479688 0.675000 0.481250 0.675000 0.489062 0.672917 0.490625 0.672917 0.506250 0.691667 0.520312 0.685417 0.512500 0.685417 0.496875 0.683333 0.495313 0.683333 0.482812 0.679167 0.478125 0.679167 0.475000 0.677083 0.473437
8 0.606250 0.489062 0.602083 0.506250 0.610417 0.514063 0.610417 0.520312 0.618750 0.521875 0.629167 0.529688 0.622917 0.539062 0.610417 0.548437 0.660417 0.543750 0.666667 0.548437 0.679167 0.571875 0.664583 0.535937 0.658333 0.531250 0.654167 0.523438 0.637500 0.510938 0.612500 0.506250 0.608333 0.503125
8 0.933333 0.512500 0.914583 0.512500 0.904167 0.523438 0.900000 0.529688 0.900000 0.532812 0.893750 0.540625 0.893750 0.554688 0.900000 0.565625 0.900000 0.573438 0.902083 0.575000 0.906250 0.575000 0.908333 0.576563 0.910417 0.567187 0.914583 0.564062 0.914583 0.560938 0.922917 0.554688 0.927083 0.553125 0.952083 0.551562 0.952083 0.548437 0.956250 0.542188 0.954167 0.540625 0.947917 0.523438
8 0.462500 0.523438 0.464583 0.535937 0.506250 0.584375 0.508333 0.585938 0.518750 0.585938 0.554167 0.595312 0.514583 0.581250 0.483333 0.537500
8 0.918750 0.567187 0.918750 0.571875 0.914583 0.579687 0.914583 0.595312 0.925000 0.604688 0.979167 0.604688 0.981250 0.606250 0.987500 0.606250 0.987500 0.557813 0.935417 0.557813 0.933333 0.559375 0.929167 0.559375
8 0.579167 0.567187 0.587500 0.579687 0.591667 0.581250 0.595833 0.581250 0.608333 0.589063 0.616667 0.592188 0.622917 0.596875 0.641667 0.596875 0.660417 0.582812 0.629167 0.582812 0.627083 0.584375 0.610417 0.571875 0.606250 0.571875 0.604167 0.570312 0.593750 0.570312 0.591667 0.568750 0.583333 0.568750
8 0.852083 0.584375 0.883333 0.620313 0.895833 0.653125 0.887500 0.665625 0.862500 0.682813 0.862500 0.701563 0.885417 0.701563 0.889583 0.698438 0.975000 0.700000 0.985417 0.685938 0.987500 0.614062 0.916667 0.609375 0.906250 0.601562 0.906250 0.582812
8 0.643750 0.607813 0.616667 0.617188 0.608333 0.610937 0.581250 0.603125 0.552083 0.604688 0.589583 0.632812 0.577083 0.640625 0.550000 0.635938 0.525000 0.620313 0.518750 0.620313 0.539583 0.656250 0.508333 0.675000 0.537500 0.689062 0.577083 0.684375 0.618750 0.667188 0.622917 0.662500 0.614583 0.660937 0.614583 0.645312 0.627083 0.639063 0.639583 0.642187 0.650000 0.657812 0.650000 0.626562 0.633333 0.628125 0.625000 0.621875
8 0.858333 0.623438 0.858333 0.629687 0.860417 0.631250 0.858333 0.632812 0.843750 0.632812 0.841667 0.634375 0.841667 0.640625 0.852083 0.648438 0.852083 0.656250 0.856250 0.664062 0.833333 0.670313 0.831250 0.675000 0.825000 0.678125 0.787500 0.689062 0.814583 0.687500 0.825000 0.679688 0.829167 0.679688 0.837500 0.668750 0.860417 0.665625 0.866667 0.650000 0.875000 0.637500
8 0.660417 0.654688 0.695833 0.654688 0.706250 0.662500 0.706250 0.673437 0.712500 0.681250 0.739583 0.684375 0.745833 0.682813 0.781250 0.656250 0.839583 0.643750 0.752083 0.642187 0.729167 0.646875 0.716667 0.645312 0.693750 0.626562 0.666667 0.626562 0.662500 0.629687
8 0.664583 0.660937 0.656250 0.662500 0.645833 0.675000 0.618750 0.679688 0.589583 0.706250 0.602083 0.698438 0.616667 0.701563 0.616667 0.715625 0.600000 0.739062 0.616667 0.728125 0.627083 0.735937 0.618750 0.770312 0.627083 0.773438 0.637500 0.798437 0.637500 0.792188 0.654167 0.773438 0.641667 0.757812 0.639583 0.729688 0.629167 0.710938 0.647917 0.698438 0.664583 0.698438 0.670833 0.707812
8 0.687500 0.714063 0.718750 0.720312 0.731250 0.726562 0.752083 0.721875 0.777083 0.757812 0.804167 0.771875 0.787500 0.746875 0.802083 0.742188 0.816667 0.742188 0.779167 0.729688 0.772917 0.725000 0.762500 0.693750 0.729167 0.693750 0.706250 0.703125 0.697917 0.712500
8 0.816667 0.703125 0.804167 0.714063 0.804167 0.717188 0.841667 0.773438 0.868750 0.801562 0.889583 0.760938 0.902083 0.709375 0.881250 0.707812 0.875000 0.717188 0.858333 0.715625 0.847917 0.720312 0.839583 0.714063 0.837500 0.704687
8 0.910417 0.707812 0.895833 0.762500 0.912500 0.753125 0.881250 0.800000 0.935417 0.909375 0.987500 0.912500 0.987500 0.814062 0.958333 0.773438 0.987500 0.801562 0.987500 0.743750 0.968750 0.743750 0.983333 0.767187 0.950000 0.735937 0.937500 0.742188 0.939583 0.750000 0.912500 0.751562 0.935417 0.721875 0.935417 0.709375
8 0.556250 0.710938 0.547917 0.710938 0.545833 0.712500 0.485417 0.712500 0.483333 0.714063 0.472917 0.714063 0.452083 0.729688 0.447917 0.731250 0.462500 0.739062 0.470833 0.739062 0.472917 0.740625 0.491667 0.740625 0.493750 0.742188 0.508333 0.742188 0.518750 0.734375 0.522917 0.734375 0.535417 0.725000 0.545833 0.720312 0.545833 0.718750
8 0.677083 0.775000 0.677083 0.800000 0.695833 0.825000 0.743750 0.862500 0.775000 0.881250 0.750000 0.845312 0.689583 0.806250 0.685417 0.775000
8 0.656250 0.809375 0.633333 0.831250 0.633333 0.860937 0.637500 0.867188 0.645833 0.875000 0.658333 0.870313 0.658333 0.868750 0.662500 0.865625 0.662500 0.856250 0.666667 0.853125 0.668750 0.853125 0.668750 0.840625 0.670833 0.839063 0.670833 0.835938 0.668750 0.834375 0.668750 0.829687 0.666667 0.828125 0.666667 0.818750 0.664583 0.815625
8 0.510417 0.859375 0.352083 0.870313 0.358333 0.987500 0.533333 0.985937
8 0.181250 0.898438 0.181250 0.920313 0.185417 0.920313 0.187500 0.918750 0.193750 0.918750 0.195833 0.917188 0.200000 0.917188 0.202083 0.915625 0.208333 0.915625 0.210417 0.914062 0.214583 0.914062 0.216667 0.912500 0.222917 0.912500 0.222917 0.900000 0.210417 0.900000 0.208333 0.898438 0.195833 0.898438 0.193750 0.896875 0.183333 0.896875