1 0.300000 0.414062 0.300000 0.420312 0.304167 0.429688 0.304167 0.437500 0.308333 0.446875 0.383333 0.446875 0.383333 0.443750 0.393750 0.425000 0.391667 0.426562 0.368750 0.426562 0.366667 0.425000 0.366667 0.415625 0.360417 0.414062
1 0.491667 0.792188 0.295833 0.795313 0.025000 0.815625 0.016667 0.985937 0.133333 0.987500 0.427083 0.946875 0.431250 0.918750 0.406250 0.871875 0.406250 0.839063 0.489583 0.807813
2 0.987500 0.051562 0.964583 0.053125 0.956250 0.062500 0.895833 0.060938 0.829167 0.087500 0.725000 0.109375 0.777083 0.120312 0.770833 0.184375 0.737500 0.182812 0.720833 0.315625 0.764583 0.262500 0.985417 0.292188
2 0.670833 0.673437 0.681250 0.698438 0.718750 0.714063 0.710417 0.732813 0.756250 0.790625 0.787500 0.792188 0.802083 0.810938 0.808333 0.840625 0.800000 0.871875 0.775000 0.879687 0.760417 0.951563 0.781250 0.985937 0.987500 0.985937 0.985417 0.848437 0.895833 0.859375 0.741667 0.709375 0.718750 0.703125 0.727083 0.693750 0.704167 0.678125
5 0.987500 0.010937 0.591667 0.012500 0.608333 0.103125 0.400000 0.143750 0.408333 0.309375 0.427083 0.325000 0.404167 0.337500 0.385417 0.607813 0.472917 0.623438 0.537500 0.685938 0.689583 0.651563 0.664583 0.615625 0.729167 0.173438 0.760417 0.171875 0.758333 0.125000 0.612500 0.107813 0.700000 0.109375 0.987500 0.039062
5 0.383333 0.103125 0.383333 0.112500 0.389583 0.117188 0.400000 0.120312 0.420833 0.131250 0.427083 0.129688 0.431250 0.126563 0.441667 0.126563 0.443750 0.125000 0.458333 0.125000 0.460417 0.123438 0.475000 0.123438 0.477083 0.121875 0.481250 0.121875 0.470833 0.121875 0.464583 0.118750 0.439583 0.118750 0.427083 0.114063 0.422917 0.114063 0.420833 0.112500 0.410417 0.110937 0.404167 0.107813 0.393750 0.106250 0.387500 0.103125
5 0.327083 0.139062 0.327083 0.154687 0.329167 0.156250 0.329167 0.157813 0.331250 0.157813 0.337500 0.160938 0.347917 0.162500 0.354167 0.165625 0.360417 0.165625 0.362500 0.167187 0.362500 0.176563 0.362500 0.171875 0.370833 0.165625 0.370833 0.159375 0.372917 0.157813 0.372917 0.150000 0.375000 0.148438 0.375000 0.146875 0.366667 0.146875 0.364583 0.145313 0.358333 0.145313 0.356250 0.143750 0.350000 0.143750 0.347917 0.142188 0.341667 0.142188 0.339583 0.140625 0.333333 0.140625 0.331250 0.139062
5 0.333333 0.543750 0.333333 0.545313 0.337500 0.548437 0.337500 0.550000 0.341667 0.553125 0.341667 0.554688 0.352083 0.562500 0.352083 0.564062 0.354167 0.564062 0.356250 0.565625 0.358333 0.565625 0.360417 0.564062 0.379167 0.564062 0.379167 0.546875 0.381250 0.545313 0.379167 0.543750 0.366667 0.543750 0.364583 0.542188 0.352083 0.542188 0.350000 0.540625 0.337500 0.540625
5 0.458333 0.685938 0.450000 0.682813 0.431250 0.682813 0.429167 0.681250 0.429167 0.671875 0.422917 0.673437 0.420833 0.671875 0.410417 0.671875 0.408333 0.673437 0.408333 0.687500 0.406250 0.689062 0.387500 0.689062 0.383333 0.690625 0.350000 0.712500 0.360417 0.715625 0.393750 0.706250 0.427083 0.700000 0.429167 0.692187 0.433333 0.687500
5 0.562500 0.696875 0.545833 0.714063 0.547917 0.731250 0.512500 0.742188 0.502083 0.817187 0.481250 0.817187 0.416667 0.846875 0.454167 0.984375 0.770833 0.987500 0.770833 0.975000 0.747917 0.956250 0.762500 0.889063 0.781250 0.865625 0.797917 0.865625 0.791667 0.806250 0.747917 0.789062 0.697917 0.731250 0.706250 0.715625 0.691667 0.706250 0.591667 0.706250 0.581250 0.696875
6 0.368750 0.171875 0.364583 0.181250 0.360417 0.317187 0.395833 0.348437 0.393750 0.340625 0.400000 0.337500 0.400000 0.331250 0.410417 0.325000 0.402083 0.310937 0.393750 0.265625 0.391667 0.168750
6 0.327083 0.206250 0.325000 0.226562 0.322917 0.228125 0.320833 0.239063 0.314583 0.251563 0.316667 0.293750 0.322917 0.300000 0.325000 0.300000 0.331250 0.293750 0.331250 0.229687 0.329167 0.228125
6 0.766667 0.268750 0.731250 0.315625 0.683333 0.581250 0.697917 0.657812 0.804167 0.604688 0.777083 0.607813 0.756250 0.585938 0.741667 0.514063 0.758333 0.457812 0.814583 0.445312 0.860417 0.514063 0.847917 0.582812 0.816667 0.603125 0.856250 0.620313 0.875000 0.603125 0.910417 0.643750 0.864583 0.692187 0.841667 0.675000 0.816667 0.698438 0.743750 0.700000 0.906250 0.845312 0.987500 0.845312 0.985417 0.582812 0.870833 0.562500 0.875000 0.446875 0.983333 0.445312 0.983333 0.298438
6 0.393750 0.620313 0.395833 0.640625 0.397917 0.642187 0.397917 0.651563 0.400000 0.653125 0.389583 0.660937 0.389583 0.667188 0.393750 0.676562 0.400000 0.676562 0.400000 0.673437 0.406250 0.668750 0.462500 0.664062 0.410417 0.662500 0.408333 0.660937 0.408333 0.628125
6 0.675000 0.685938 0.658333 0.670313 0.587500 0.671875 0.556250 0.690625 0.541667 0.693750 0.533333 0.690625 0.518750 0.675000 0.522917 0.684375 0.518750 0.687500 0.518750 0.693750 0.535417 0.704687 0.535417 0.728125 0.539583 0.709375 0.562500 0.692187 0.587500 0.692187 0.593750 0.700000 0.668750 0.700000
7 0.529167 0.465625 0.506250 0.476562 0.475000 0.485938 0.435417 0.492188 0.429167 0.501562 0.429167 0.525000 0.433333 0.534375 0.475000 0.546875 0.525000 0.568750 0.539583 0.517187 0.539583 0.482812
7 0.306250 0.556250 0.258333 0.573438 0.258333 0.604688 0.277083 0.604688 0.302083 0.618750 0.281250 0.615625 0.241667 0.628125 0.243750 0.664062 0.293750 0.673437 0.302083 0.670313 0.308333 0.648438 0.383333 0.654688 0.393750 0.648438 0.389583 0.625000 0.383333 0.621875 0.327083 0.634375 0.325000 0.640625 0.306250 0.643750 0.300000 0.620313 0.310417 0.593750 0.372917 0.590625 0.372917 0.573438 0.310417 0.575000
7 0.327083 0.815625 0.131250 0.831250 0.120833 0.948438 0.329167 0.923437
8 0.806250 0.443750 0.779167 0.445312 0.760417 0.457812 0.743750 0.514063 0.756250 0.582812 0.777083 0.606250 0.802083 0.606250 0.772917 0.614062 0.768750 0.629687 0.708333 0.648438 0.710417 0.659375 0.689583 0.662500 0.743750 0.687500 0.729167 0.698438 0.791667 0.703125 0.816667 0.696875 0.841667 0.673437 0.864583 0.690625 0.908333 0.643750 0.875000 0.604688 0.856250 0.621875 0.856250 0.609375 0.814583 0.603125 0.827083 0.601562 0.845833 0.582812 0.858333 0.514063 0.843750 0.478125
8 0.877083 0.446875 0.872917 0.562500 0.987500 0.582812 0.987500 0.446875
8 0.525000 0.704687 0.510417 0.692187 0.510417 0.689062 0.477083 0.689062 0.464583 0.696875 0.460417 0.703125 0.447917 0.703125 0.435417 0.698438 0.429167 0.709375 0.429167 0.717188 0.435417 0.726562 0.447917 0.731250 0.452083 0.721875 0.460417 0.721875 0.466667 0.726562 0.508333 0.728125 0.510417 0.726562 0.516667 0.726562 0.525000 0.721875 0.525000 0.717188 0.527083 0.715625 0.525000 0.714063
8 0.510417 0.734375 0.502083 0.734375 0.500000 0.735937 0.487500 0.735937 0.487500 0.739062 0.485417 0.740625 0.485417 0.745313 0.479167 0.750000 0.479167 0.764063 0.481250 0.765625 0.481250 0.779688 0.483333 0.781250 0.491667 0.781250 0.493750 0.782812 0.497917 0.782812 0.497917 0.781250 0.502083 0.778125 0.502083 0.770312 0.504167 0.768750 0.504167 0.759375 0.506250 0.757812 0.506250 0.750000 0.508333 0.748438 0.508333 0.739062 0.510417 0.737500