1 0.929167 0.987500 0.872917 0.896875 0.775000 0.881250 0.750000 0.796875 0.718750 0.798437 0.731250 0.773438 0.787500 0.751562 0.766667 0.678125 0.654167 0.684375 0.547917 0.612500 0.500000 0.637500 0.018750 0.634375 0.014583 0.987500 0.660417 0.987500 0.656250 0.945312 0.720833 0.945312 0.737500 0.987500
2 0.785417 0.015625 0.812500 0.123438 0.839583 0.123438 0.904167 0.321875 0.875000 0.354688 0.937500 0.587500 0.983333 0.587500 0.987500 0.014062
3 0.200000 0.014062 0.181250 0.081250 0.137500 0.065625 0.027083 0.265625 0.064583 0.335938 0.016667 0.432813 0.020833 0.628125 0.500000 0.635938 0.516667 0.387500 0.545833 0.607813 0.654167 0.682813 0.766667 0.676562 0.797917 0.590625 0.937500 0.589063 0.872917 0.354688 0.895833 0.321875 0.783333 0.014062
3 0.804167 0.600000 0.768750 0.707812 0.775000 0.717188 0.795833 0.685938 0.856250 0.673437 0.897917 0.709375 0.925000 0.812500 0.839583 0.796875 0.795833 0.751562 0.931250 0.975000 0.985417 0.982813 0.983333 0.595312
7 0.206250 0.362500 0.206250 0.371875 0.204167 0.373437 0.204167 0.384375 0.202083 0.385938 0.197917 0.417188 0.225000 0.418750 0.227083 0.420312 0.241667 0.420312 0.243750 0.421875 0.243750 0.415625 0.247917 0.407813 0.247917 0.401563 0.250000 0.400000 0.250000 0.393750 0.252083 0.392188 0.254167 0.379687 0.258333 0.371875 0.258333 0.365625 0.256250 0.364062
7 0.337500 0.370313 0.289583 0.371875 0.285417 0.375000 0.283333 0.426562 0.318750 0.426562 0.320833 0.428125 0.325000 0.428125 0.325000 0.421875 0.327083 0.420312 0.327083 0.412500 0.329167 0.410937 0.329167 0.404687 0.331250 0.403125 0.331250 0.395312 0.333333 0.393750 0.333333 0.387500 0.335417 0.385938
7 0.222917 0.485938 0.183333 0.487500 0.181250 0.489062 0.162500 0.489062 0.158333 0.490625 0.158333 0.495313 0.150000 0.514063 0.141667 0.542188 0.214583 0.537500 0.214583 0.528125 0.218750 0.517187
7 0.241667 0.498437 0.239583 0.500000 0.233333 0.573438 0.297917 0.578125 0.302083 0.531250 0.304167 0.529688 0.304167 0.515625 0.308333 0.498437
7 0.337500 0.500000 0.335417 0.501562 0.331250 0.556250 0.345833 0.556250 0.347917 0.557813 0.358333 0.550000 0.389583 0.550000 0.391667 0.551562 0.391667 0.509375 0.393750 0.504687 0.370833 0.504687 0.366667 0.500000
7 0.362500 0.554688 0.347917 0.565625 0.347917 0.575000 0.356250 0.579687 0.354167 0.581250 0.343750 0.581250 0.333333 0.598437 0.333333 0.601562 0.383333 0.604688 0.385417 0.606250 0.385417 0.585938 0.387500 0.584375 0.383333 0.582812 0.364583 0.582812 0.362500 0.581250 0.370833 0.578125 0.383333 0.578125 0.389583 0.575000 0.389583 0.570312 0.393750 0.564062 0.387500 0.554688
7 0.304167 0.675000 0.229167 0.856250 0.610417 0.860937 0.560417 0.682813
8 0.550000 0.118750 0.554167 0.276563 0.883333 0.300000 0.831250 0.148438
8 0.339583 0.126563 0.339583 0.135937 0.335417 0.139062 0.320833 0.139062 0.320833 0.143750 0.314583 0.145313 0.306250 0.151562 0.314583 0.151562 0.325000 0.165625 0.331250 0.165625 0.333333 0.167187 0.337500 0.176563 0.352083 0.176563 0.354167 0.178125 0.352083 0.179688 0.352083 0.200000 0.358333 0.200000 0.358333 0.192188 0.360417 0.190625 0.362500 0.175000 0.364583 0.173438 0.366667 0.157813 0.368750 0.156250 0.370833 0.140625 0.372917 0.139062 0.370833 0.137500 0.370833 0.128125 0.366667 0.126563
8 0.227083 0.171875 0.206250 0.181250 0.195833 0.181250 0.189583 0.179688 0.187500 0.176563 0.183333 0.176563 0.168750 0.185937 0.160417 0.187500 0.147917 0.196875 0.147917 0.207813 0.164583 0.217187 0.181250 0.220313 0.193750 0.225000 0.200000 0.229687 0.206250 0.229687 0.208333 0.231250 0.208333 0.226562 0.210417 0.225000 0.218750 0.195312 0.222917 0.189063
8 0.170833 0.382812 0.116667 0.393750 0.097917 0.457812 0.114583 0.459375 0.116667 0.460938 0.118750 0.459375 0.147917 0.457812
8 0.291667 0.440625 0.291667 0.448438 0.289583 0.450000 0.283333 0.450000 0.277083 0.457812 0.277083 0.467187 0.293750 0.467187 0.295833 0.468750 0.314583 0.468750 0.316667 0.470313 0.318750 0.470313 0.318750 0.460938 0.320833 0.459375 0.320833 0.446875 0.314583 0.442187 0.302083 0.442187 0.300000 0.440625
8 0.064583 0.528125 0.054167 0.546875 0.052083 0.554688 0.039583 0.575000 0.039583 0.579687 0.045833 0.589063 0.097917 0.589063 0.104167 0.590625 0.104167 0.584375 0.106250 0.582812 0.110417 0.560938 0.114583 0.553125 0.118750 0.531250 0.116667 0.529688
8 0.795833 0.687500 0.777083 0.704687 0.781250 0.734375 0.839583 0.795313 0.854167 0.800000 0.868750 0.800000 0.891667 0.809375 0.925000 0.810938 0.908333 0.735937 0.895833 0.709375 0.856250 0.675000 0.827083 0.676562
8 0.656250 0.946875 0.658333 0.965625 0.660417 0.967188 0.660417 0.976562 0.662500 0.978125 0.662500 0.987500 0.664583 0.989062 0.737500 0.989062 0.733333 0.982813 0.733333 0.978125 0.729167 0.971875 0.729167 0.967188 0.725000 0.960938 0.725000 0.956250 0.722917 0.954687 0.720833 0.946875