1 0.014583 0.015625 0.025000 0.045313 0.881250 0.143750 0.897917 0.120312
1 0.025000 0.312500 0.552083 0.348437 0.593750 0.300000 0.708333 0.293750 0.725000 0.251563 0.829167 0.228125 0.868750 0.146875 0.018750 0.050000
1 0.022917 0.417188 0.014583 0.990625 0.093750 0.990625 0.106250 0.937500 0.535417 0.931250 0.537500 0.910937 0.481250 0.890625 0.441667 0.903125 0.416667 0.856250 0.452083 0.593750 0.416667 0.532812 0.472917 0.484375 0.314583 0.476562 0.266667 0.493750 0.275000 0.432813 0.318750 0.454688 0.468750 0.464063 0.468750 0.442187
2 0.616667 0.565625 0.612500 0.620313 0.620833 0.621875 0.635417 0.632812 0.641667 0.650000 0.677083 0.654688 0.687500 0.667188 0.695833 0.665625 0.720833 0.648438 0.691667 0.553125
2 0.606250 0.850000 0.608333 0.890625 0.602083 0.906250 0.579167 0.914062 0.572917 0.989062 0.989583 0.989062 0.972917 0.929688 0.977083 0.890625 0.872917 0.948438 0.822917 0.939062 0.812500 0.929688 0.777083 0.843750 0.704167 0.835938 0.685417 0.809375 0.643750 0.812500 0.633333 0.834375
5 0.827083 0.235938 0.783333 0.243750 0.750000 0.260938 0.722917 0.296875 0.712500 0.320312 0.712500 0.350000 0.741667 0.398438
5 0.712500 0.304688 0.610417 0.307813 0.556250 0.359375 0.585417 0.365625 0.620833 0.389062 0.622917 0.400000 0.650000 0.410937 0.647917 0.453125 0.639583 0.479688 0.627083 0.470313 0.625000 0.481250 0.562500 0.484375 0.566667 0.498437 0.550000 0.509375 0.525000 0.503125 0.522917 0.551562 0.612500 0.554688 0.693750 0.542188 0.683333 0.515625 0.695833 0.475000 0.737500 0.407813 0.704167 0.343750
5 0.583333 0.429688 0.564583 0.420312 0.556250 0.414062 0.543750 0.392188 0.543750 0.389062 0.539583 0.382812 0.535417 0.382812 0.527083 0.389062 0.522917 0.395312 0.520833 0.409375 0.506250 0.417188 0.504167 0.423438 0.497917 0.428125 0.491667 0.429688 0.491667 0.439063 0.504167 0.443750 0.508333 0.442187 0.537500 0.442187 0.550000 0.432813
5 0.514583 0.557813 0.533333 0.589063 0.529167 0.601562 0.491667 0.626562 0.462500 0.598437 0.462500 0.739062 0.450000 0.814062 0.475000 0.793750 0.516667 0.818750 0.522917 0.851562 0.497917 0.868750 0.512500 0.898438 0.589583 0.904688 0.597917 0.845312 0.562500 0.793750 0.566667 0.756250 0.545833 0.723437 0.545833 0.662500 0.570833 0.626562 0.597917 0.628125 0.602083 0.559375
5 0.725000 0.654688 0.693750 0.676562 0.677083 0.695312 0.666667 0.725000 0.666667 0.760938 0.691667 0.804688 0.706250 0.818750 0.781250 0.837500
6 0.954167 0.123438 0.893750 0.131250 0.691667 0.510938 0.806250 0.896875 0.833333 0.935938 0.868750 0.939062 0.987500 0.871875 0.989583 0.156250
6 0.572917 0.632812 0.556250 0.657812 0.556250 0.721875 0.556250 0.703125 0.570833 0.698438 0.575000 0.685938 0.602083 0.684375 0.604167 0.740625 0.625000 0.756250 0.622917 0.818750 0.614583 0.825000 0.589583 0.809375 0.581250 0.810938 0.606250 0.837500 0.635417 0.804688 0.683333 0.801562 0.681250 0.796875 0.637500 0.796875 0.645833 0.754687 0.641667 0.685938 0.681250 0.684375 0.685417 0.679688 0.635417 0.678125 0.610417 0.634375
7 0.989583 0.117188 0.987500 0.010937 0.087500 0.014062
7 0.125000 0.176563 0.170833 0.285937 0.379167 0.303125 0.393750 0.193750
7 0.102083 0.329688 0.135417 0.376563 0.141667 0.370313 0.514583 0.395312 0.533333 0.375000 0.525000 0.356250
7 0.139583 0.382812 0.160417 0.403125 0.489583 0.426562 0.508333 0.401563 0.145833 0.378125
7 0.279167 0.445312 0.277083 0.485938 0.314583 0.467187 0.470833 0.473437 0.464583 0.470313 0.318750 0.465625 0.281250 0.443750
7 0.429167 0.535937 0.429167 0.545313 0.445833 0.551562 0.454167 0.556250 0.454167 0.551562 0.458333 0.545313 0.468750 0.545313 0.470833 0.548437 0.483333 0.542188 0.497917 0.542188 0.495833 0.539062 0.491667 0.539062 0.489583 0.537500 0.475000 0.537500 0.475000 0.542188 0.472917 0.543750 0.470833 0.542188 0.460417 0.542188 0.458333 0.540625 0.458333 0.529688 0.454167 0.529688 0.452083 0.531250 0.445833 0.531250 0.443750 0.532812 0.439583 0.532812 0.437500 0.534375 0.431250 0.534375
8 0.539583 0.364062 0.545833 0.371875 0.547917 0.385938 0.562500 0.407813 0.635417 0.468750 0.639583 0.457812 0.639583 0.426562 0.641667 0.425000 0.639583 0.418750 0.622917 0.406250 0.614583 0.406250 0.597917 0.389062 0.564583 0.367188
8 0.539583 0.446875 0.543750 0.464063 0.560417 0.476562 0.566667 0.476562 0.568750 0.475000 0.581250 0.475000 0.583333 0.473437 0.595833 0.473437 0.597917 0.471875 0.614583 0.471875 0.622917 0.475000 0.622917 0.464063 0.587500 0.437500 0.583333 0.435937 0.556250 0.435937 0.552083 0.437500
8 0.485417 0.445312 0.485417 0.448438 0.489583 0.454688 0.489583 0.459375 0.508333 0.498437 0.525000 0.498437 0.527083 0.500000 0.535417 0.500000 0.537500 0.501562 0.552083 0.500000 0.556250 0.495313 0.554167 0.493750 0.554167 0.485938 0.552083 0.484375 0.552083 0.481250 0.543750 0.476562 0.539583 0.470313 0.539583 0.467187 0.531250 0.453125 0.531250 0.445312 0.506250 0.446875 0.504167 0.448438 0.502083 0.446875
8 0.497917 0.546875 0.487500 0.546875 0.450000 0.567187 0.462500 0.587500 0.483333 0.607813 0.491667 0.618750 0.518750 0.598437 0.525000 0.598437 0.529167 0.595312 0.525000 0.584375 0.504167 0.553125
8 0.595833 0.700000 0.579167 0.700000 0.575000 0.703125 0.572917 0.703125 0.566667 0.707812 0.564583 0.707812 0.562500 0.709375 0.562500 0.725000 0.564583 0.726562 0.564583 0.742188 0.568750 0.742188 0.570833 0.740625 0.572917 0.740625 0.575000 0.739062 0.579167 0.739062 0.589583 0.734375 0.593750 0.734375 0.593750 0.703125 0.595833 0.701563
8 0.587500 0.748438 0.587500 0.751562 0.591667 0.757812 0.591667 0.765625 0.597917 0.773438 0.597917 0.779688 0.600000 0.781250 0.600000 0.789062 0.597917 0.790625 0.595833 0.807813 0.616667 0.817187 0.618750 0.815625 0.618750 0.756250 0.616667 0.754687
8 0.572917 0.753125 0.568750 0.756250 0.568750 0.765625 0.566667 0.767187 0.566667 0.785937 0.568750 0.787500 0.568750 0.801562 0.575000 0.807813 0.575000 0.809375 0.585417 0.801562 0.585417 0.800000 0.593750 0.789062 0.593750 0.779688 0.587500 0.771875 0.587500 0.765625 0.585417 0.764063 0.585417 0.760938 0.581250 0.757812 0.579167 0.757812 0.575000 0.753125
8 0.475000 0.801562 0.458333 0.817187 0.454167 0.817187 0.441667 0.823438 0.441667 0.835938 0.429167 0.848437 0.429167 0.859375 0.447917 0.893750 0.443750 0.896875 0.481250 0.875000 0.500000 0.856250 0.516667 0.845312 0.516667 0.839063 0.512500 0.831250 0.512500 0.820312 0.493750 0.809375 0.485417 0.815625