1 0.014583 0.175000 0.018750 0.234375 0.137500 0.245312 0.139583 0.218750 0.210417 0.256250 0.379167 0.270312 0.404167 0.246875 0.414583 0.246875 0.383333 0.226562 0.400000 0.212500
1 0.018750 0.240625 0.012500 0.892187 0.587500 0.850000 0.579167 0.759375 0.427083 0.765625 0.370833 0.731250 0.400000 0.682813 0.381250 0.364062 0.341667 0.357812 0.339583 0.339063 0.422917 0.321875 0.379167 0.282813 0.208333 0.270312 0.141667 0.295312 0.137500 0.248437
2 0.989583 0.014062 0.770833 0.023438 0.668750 0.170312 0.727083 0.229687 0.791667 0.239063 0.737500 0.248437 0.747917 0.382812 0.802083 0.389062 0.808333 0.407813 0.704167 0.410937 0.633333 0.471875 0.593750 0.462500 0.637500 0.735937 0.585417 0.750000 0.610417 0.987500 0.989583 0.987500
5 0.758333 0.017188 0.562500 0.015625 0.610417 0.037500 0.520833 0.145313 0.479167 0.121875 0.545833 0.015625 0.460417 0.015625 0.420833 0.168750 0.475000 0.140625 0.510417 0.189063 0.508333 0.212500 0.475000 0.232812 0.493750 0.296875 0.539583 0.312500 0.627083 0.185937 0.664583 0.162500
5 0.495833 0.304688 0.477083 0.354688 0.487500 0.390625 0.441667 0.439063 0.381250 0.398438 0.402083 0.675000 0.429167 0.646875 0.510417 0.675000 0.489583 0.753125 0.558333 0.748438 0.616667 0.728125 0.579167 0.442187 0.531250 0.434375 0.527083 0.328125
6 0.660417 0.176563 0.629167 0.185937 0.529167 0.362500 0.543750 0.439063 0.585417 0.442187 0.616667 0.464063 0.683333 0.407813 0.791667 0.404687 0.797917 0.396875 0.706250 0.389062 0.741667 0.387500 0.729167 0.242188 0.775000 0.245312 0.720833 0.231250 0.691667 0.184375
7 0.012500 0.010937 0.014583 0.165625 0.412500 0.204688 0.404167 0.182812 0.447917 0.015625
7 0.143750 0.226562 0.141667 0.289062 0.208333 0.265625 0.385417 0.281250 0.387500 0.276563 0.385417 0.271875 0.210417 0.262500
7 0.416667 0.342187 0.412500 0.335938 0.408333 0.335938 0.393750 0.342187 0.391667 0.340625 0.379167 0.340625 0.377083 0.339063 0.379167 0.329688 0.350000 0.340625 0.347917 0.342187 0.347917 0.346875 0.345833 0.348437 0.345833 0.354688 0.354167 0.356250 0.360417 0.359375 0.370833 0.360938 0.377083 0.364062 0.387500 0.356250 0.404167 0.356250 0.404167 0.354688
8 0.552083 0.012500 0.481250 0.121875 0.485417 0.126563 0.520833 0.143750 0.608333 0.037500 0.606250 0.034375
8 0.470833 0.143750 0.406250 0.182812 0.445833 0.243750 0.504167 0.210938 0.506250 0.195312
8 0.618750 0.282813 0.610417 0.290625 0.606250 0.298438 0.591667 0.310937 0.591667 0.329688 0.593750 0.331250 0.593750 0.350000 0.595833 0.353125 0.614583 0.353125 0.629167 0.342187 0.631250 0.342187 0.629167 0.340625 0.629167 0.332812 0.627083 0.331250 0.627083 0.321875 0.625000 0.320312 0.625000 0.312500 0.622917 0.310937 0.622917 0.301562 0.620833 0.300000
8 0.675000 0.285937 0.668750 0.287500 0.639583 0.325000 0.639583 0.332812 0.658333 0.390625 0.662500 0.390625 0.700000 0.356250 0.691667 0.332812 0.681250 0.289062
8 0.429167 0.331250 0.381250 0.381250 0.377083 0.389062 0.435417 0.429688 0.479167 0.387500 0.479167 0.384375 0.437500 0.332812
8 0.110417 0.460938 0.070833 0.470313 0.035417 0.493750 0.016667 0.520312 0.016667 0.554688 0.022917 0.568750 0.066667 0.603125 0.141667 0.615625 0.212500 0.590625 0.252083 0.532812 0.235417 0.490625 0.175000 0.470313
8 0.433333 0.648438 0.379167 0.729688 0.381250 0.732813 0.429167 0.754687 0.481250 0.671875 0.479167 0.667188