1 0.918750 0.014062 0.164583 0.017188 0.227083 0.367188 0.154167 0.015625 0.016667 0.010937 0.016667 0.989062 0.308333 0.987500 0.316667 0.775000 0.333333 0.918750 0.350000 0.870313 0.679167 0.842188 0.641667 0.767187 0.691667 0.278125 0.585417 0.310937 0.575000 0.237500 0.693750 0.246875 0.700000 0.106250 0.906250 0.106250 0.916667 0.040625 0.572917 0.050000 0.533333 0.129688 0.558333 0.048437 0.368750 0.078125 0.360417 0.025000
2 0.977083 0.556250 0.947917 0.665625 0.947917 0.675000 0.954167 0.685938 0.987500 0.681250 0.987500 0.570312
2 0.985417 0.826563 0.972917 0.873438 0.972917 0.881250 0.960417 0.921875 0.960417 0.929688 0.970833 0.943750 0.983333 0.943750 0.983333 0.931250 0.985417 0.929688
3 0.868750 0.985937 0.820833 0.939062 0.706250 0.926562 0.693750 0.853125 0.635417 0.854688 0.591667 0.867188 0.581250 0.879687 0.360417 0.890625 0.347917 0.875000 0.327083 0.987500
5 0.987500 0.104687 0.710417 0.121875 0.683333 0.748438 0.712500 0.928125 0.825000 0.934375 0.825000 0.796875 0.864583 0.776563 0.885417 0.640625 0.914583 0.632812 0.943750 0.662500 0.987500 0.423438 0.972917 0.410937 0.941667 0.484375 0.897917 0.426562 0.925000 0.367188 0.956250 0.390625 0.929167 0.354688 0.987500 0.414062 0.987500 0.159375 0.877083 0.160938 0.864583 0.289062 0.925000 0.351562 0.872917 0.315625 0.870833 0.160938 0.989583 0.153125
6 0.904167 0.645312 0.891667 0.651563 0.864583 0.798437 0.906250 0.795313 0.918750 0.806250 0.916667 0.818750 0.904167 0.823438 0.912500 0.848437 0.900000 0.870313 0.925000 0.964063 0.900000 0.973437 0.897917 0.985937 0.931250 0.985937 0.943750 0.971875 0.968750 0.978125 0.989583 0.968750 0.987500 0.932813 0.983333 0.959375 0.968750 0.953125 0.954167 0.928125 0.985417 0.796875 0.987500 0.689062 0.956250 0.690625
7 0.962500 0.040625 0.947917 0.014062 0.927083 0.021875 0.925000 0.035937 0.412500 0.045313 0.362500 0.025000 0.368750 0.076563 0.385417 0.059375 0.416667 0.051562 0.558333 0.046875 0.535417 0.106250 0.514583 0.117188 0.533333 0.128125 0.552083 0.071875 0.572917 0.048437 0.918750 0.039062 0.925000 0.067188 0.941667 0.078125
7 0.397917 0.282813 0.404167 0.340625 0.504167 0.343750 0.502083 0.340625 0.500000 0.279687 0.402083 0.281250
7 0.314583 0.314063 0.235417 0.317187 0.233333 0.318750 0.233333 0.328125 0.235417 0.329688 0.239583 0.365625 0.241667 0.367188 0.243750 0.365625 0.322917 0.362500 0.320833 0.360938
7 0.329167 0.323438 0.331250 0.346875 0.333333 0.348437 0.333333 0.359375 0.335417 0.360938 0.339583 0.360938 0.341667 0.359375 0.395833 0.359375 0.393750 0.357812 0.393750 0.346875 0.391667 0.345313 0.389583 0.325000 0.383333 0.325000 0.381250 0.323438
7 0.410417 0.351562 0.416667 0.429688 0.500000 0.428125 0.495833 0.350000
7 0.389583 0.375000 0.312500 0.378125 0.310417 0.379687 0.310417 0.393750 0.312500 0.395312 0.314583 0.428125 0.318750 0.429688 0.320833 0.428125 0.397917 0.426562 0.395833 0.425000 0.395833 0.412500 0.393750 0.410937
7 0.554167 0.389062 0.535417 0.389062 0.533333 0.390625 0.514583 0.390625 0.512500 0.392188 0.512500 0.426562 0.514583 0.428125 0.514583 0.431250 0.518750 0.429688 0.558333 0.429688 0.556250 0.426562 0.556250 0.407813 0.554167 0.406250
7 0.245833 0.392188 0.245833 0.398438 0.247917 0.400000 0.247917 0.407813 0.250000 0.409375 0.250000 0.417188 0.252083 0.418750 0.304167 0.418750 0.302083 0.417188 0.302083 0.409375 0.300000 0.407813 0.300000 0.398438 0.297917 0.396875 0.297917 0.390625 0.250000 0.390625 0.247917 0.392188
7 0.256250 0.425000 0.256250 0.431250 0.258333 0.432813 0.258333 0.442187 0.260417 0.443750 0.260417 0.451562 0.262500 0.453125 0.308333 0.453125 0.306250 0.451562 0.306250 0.442187 0.304167 0.440625 0.304167 0.432813 0.302083 0.431250 0.302083 0.423438 0.260417 0.423438 0.258333 0.425000
7 0.316667 0.432813 0.316667 0.445312 0.318750 0.446875 0.320833 0.465625 0.322917 0.467187 0.322917 0.475000 0.325000 0.476562 0.327083 0.475000 0.395833 0.473437 0.393750 0.471875 0.393750 0.462500 0.391667 0.460938 0.391667 0.453125 0.389583 0.451562 0.387500 0.432813
7 0.454167 0.432813 0.400000 0.439063 0.400000 0.460938 0.402083 0.462500 0.402083 0.484375 0.404167 0.487500 0.464583 0.487500 0.462500 0.485938 0.462500 0.476562 0.460417 0.475000 0.460417 0.465625 0.458333 0.464063 0.458333 0.453125 0.456250 0.451562
7 0.472917 0.440625 0.475000 0.485938 0.477083 0.489062 0.481250 0.487500 0.525000 0.487500 0.525000 0.440625
7 0.537500 0.443750 0.537500 0.479688 0.539583 0.481250 0.539583 0.484375 0.543750 0.482812 0.583333 0.482812 0.583333 0.479688 0.581250 0.478125 0.581250 0.442187 0.541667 0.442187
7 0.262500 0.457812 0.262500 0.464063 0.264583 0.465625 0.264583 0.473437 0.266667 0.475000 0.266667 0.482812 0.268750 0.484375 0.270833 0.484375 0.272917 0.482812 0.314583 0.482812 0.312500 0.481250 0.312500 0.468750 0.310417 0.467187 0.310417 0.456250 0.266667 0.456250 0.264583 0.457812
7 0.350000 0.481250 0.350000 0.501562 0.352083 0.503125 0.352083 0.504687 0.397917 0.504687 0.397917 0.503125 0.395833 0.501562 0.395833 0.482812 0.391667 0.482812 0.389583 0.481250
7 0.289583 0.489062 0.289583 0.495313 0.291667 0.496875 0.291667 0.504687 0.293750 0.506250 0.293750 0.514063 0.295833 0.515625 0.347917 0.515625 0.345833 0.514063 0.345833 0.506250 0.343750 0.504687 0.343750 0.498437 0.341667 0.496875 0.341667 0.490625 0.337500 0.490625 0.335417 0.489062
7 0.506250 0.493750 0.410417 0.496875 0.408333 0.498437 0.408333 0.512500 0.410417 0.514063 0.412500 0.546875 0.414583 0.548437 0.422917 0.546875 0.510417 0.546875 0.508333 0.543750
7 0.520833 0.498437 0.520833 0.520312 0.539583 0.520312 0.541667 0.521875 0.564583 0.521875 0.566667 0.523438 0.568750 0.523438 0.568750 0.500000 0.570833 0.498437
7 0.356250 0.510938 0.356250 0.529688 0.358333 0.531250 0.358333 0.532812 0.404167 0.532812 0.404167 0.531250 0.402083 0.529688 0.402083 0.509375 0.360417 0.509375 0.358333 0.510938
7 0.575000 0.509375 0.575000 0.535937 0.577083 0.534375 0.600000 0.534375 0.602083 0.532812 0.625000 0.532812 0.625000 0.509375
7 0.297917 0.521875 0.300000 0.540625 0.302083 0.542188 0.302083 0.553125 0.304167 0.554688 0.304167 0.564062 0.306250 0.565625 0.310417 0.564062 0.360417 0.564062 0.358333 0.562500 0.358333 0.556250 0.356250 0.554688 0.356250 0.546875 0.354167 0.545313 0.354167 0.537500 0.352083 0.535937 0.350000 0.521875
7 0.568750 0.526563 0.550000 0.526563 0.547917 0.528125 0.527083 0.528125 0.525000 0.529688 0.525000 0.550000 0.527083 0.550000 0.529167 0.548437 0.568750 0.548437
7 0.362500 0.539062 0.362500 0.559375 0.364583 0.560938 0.364583 0.562500 0.410417 0.562500 0.408333 0.560938 0.408333 0.550000 0.406250 0.548437 0.406250 0.539062
7 0.416667 0.556250 0.418750 0.585938 0.420833 0.587500 0.420833 0.603125 0.422917 0.604688 0.483333 0.604688 0.481250 0.603125 0.481250 0.587500 0.479167 0.585938 0.477083 0.556250
7 0.489583 0.560938 0.491667 0.584375 0.493750 0.585938 0.493750 0.596875 0.495833 0.598437 0.497917 0.596875 0.562500 0.595312 0.562500 0.592188 0.560417 0.590625 0.560417 0.559375 0.495833 0.559375 0.493750 0.560938
7 0.341667 0.570312 0.341667 0.587500 0.343750 0.589063 0.343750 0.607813 0.345833 0.610937 0.347917 0.609375 0.414583 0.607813 0.412500 0.606250 0.412500 0.595312 0.410417 0.593750 0.408333 0.571875 0.402083 0.571875 0.400000 0.570312
7 0.287500 0.575000 0.287500 0.582812 0.289583 0.584375 0.289583 0.595312 0.291667 0.596875 0.333333 0.596875 0.333333 0.595312 0.331250 0.593750 0.331250 0.573438 0.291667 0.573438 0.289583 0.575000
7 0.295833 0.603125 0.295833 0.621875 0.297917 0.623438 0.297917 0.625000 0.300000 0.625000 0.302083 0.623438 0.339583 0.623438 0.337500 0.621875 0.337500 0.617188 0.335417 0.615625 0.335417 0.609375 0.333333 0.607813 0.333333 0.603125
7 0.504167 0.604688 0.504167 0.642187 0.566667 0.642187 0.566667 0.604688
7 0.425000 0.607813 0.429167 0.646875 0.431250 0.648438 0.431250 0.660937 0.433333 0.662500 0.500000 0.662500 0.497917 0.659375 0.493750 0.607813
7 0.414583 0.614062 0.377083 0.615625 0.375000 0.617188 0.356250 0.617188 0.354167 0.618750 0.354167 0.645312 0.356250 0.648438 0.420833 0.648438 0.418750 0.646875 0.418750 0.635938 0.416667 0.634375
7 0.300000 0.629687 0.300000 0.635938 0.302083 0.637500 0.302083 0.642187 0.304167 0.643750 0.304167 0.648438 0.314583 0.648438 0.316667 0.646875 0.322917 0.646875 0.325000 0.645312 0.333333 0.645312 0.335417 0.643750 0.339583 0.643750 0.341667 0.642187 0.345833 0.642187 0.343750 0.640625 0.343750 0.629687 0.341667 0.629687 0.339583 0.628125 0.312500 0.628125 0.310417 0.629687
7 0.547917 0.646875 0.508333 0.648438 0.504167 0.671875 0.447917 0.671875 0.452083 0.709375 0.506250 0.710938 0.504167 0.676562 0.506250 0.675000 0.508333 0.678125 0.545833 0.678125 0.545833 0.650000
7 0.300000 0.656250 0.300000 0.664062 0.302083 0.665625 0.302083 0.676562 0.304167 0.678125 0.304167 0.687500 0.306250 0.689062 0.310417 0.689062 0.312500 0.687500 0.368750 0.687500 0.366667 0.685938 0.364583 0.654688 0.306250 0.654688 0.304167 0.656250
7 0.370833 0.653125 0.370833 0.662500 0.372917 0.664062 0.372917 0.676562 0.375000 0.678125 0.429167 0.678125 0.427083 0.676562 0.427083 0.671875 0.425000 0.670313 0.425000 0.665625 0.422917 0.664062 0.422917 0.659375 0.420833 0.657812 0.420833 0.654688 0.416667 0.654688 0.414583 0.653125
7 0.375000 0.684375 0.375000 0.695312 0.377083 0.696875 0.377083 0.710938 0.379167 0.712500 0.437500 0.712500 0.435417 0.710938 0.435417 0.696875 0.433333 0.695312 0.433333 0.684375
7 0.510417 0.684375 0.510417 0.714063 0.527083 0.714063 0.529167 0.712500 0.545833 0.712500 0.545833 0.684375
8 0.570833 0.293750 0.581250 0.307813 0.602083 0.310937 0.616667 0.301562 0.618750 0.292188 0.633333 0.276563 0.641667 0.276563 0.662500 0.270312 0.675000 0.270312 0.689583 0.276563 0.700000 0.276563 0.712500 0.264062 0.708333 0.256250 0.691667 0.246875 0.687500 0.246875 0.670833 0.259375 0.627083 0.248437 0.608333 0.237500 0.581250 0.235938 0.577083 0.237500 0.577083 0.253125 0.570833 0.259375
8 0.925000 0.368750 0.900000 0.426562 0.900000 0.434375 0.908333 0.454688 0.941667 0.482812 0.972917 0.404687
8 0.814583 0.440625 0.814583 0.453125 0.812500 0.454688 0.812500 0.465625 0.810417 0.467187 0.810417 0.478125 0.808333 0.479688 0.808333 0.492188 0.820833 0.506250 0.822917 0.510938 0.827083 0.514063 0.829167 0.518750 0.833333 0.518750 0.835417 0.503125 0.837500 0.501562 0.837500 0.495313 0.839583 0.493750 0.839583 0.485938 0.841667 0.484375 0.841667 0.478125 0.843750 0.476562 0.833333 0.462500 0.833333 0.459375 0.822917 0.443750
8 0.654167 0.767187 0.650000 0.770312 0.650000 0.771875 0.645833 0.776563 0.645833 0.796875 0.647917 0.798437 0.647917 0.800000 0.652083 0.803125 0.652083 0.804688 0.664583 0.804688 0.666667 0.803125 0.675000 0.803125 0.675000 0.800000 0.681250 0.792188 0.679167 0.790625 0.679167 0.785937 0.677083 0.784375 0.677083 0.778125 0.675000 0.776563 0.675000 0.770312 0.668750 0.767187
8 0.908333 0.798437 0.841667 0.803125 0.845833 0.854688 0.833333 0.856250 0.822917 0.895312 0.841667 0.948438 0.868750 0.910937 0.852083 0.957812 0.891667 0.960938 0.875000 0.967188 0.883333 0.985937 0.920833 0.962500 0.893750 0.865625 0.883333 0.865625 0.883333 0.910937 0.875000 0.865625 0.856250 0.864062 0.862500 0.900000 0.843750 0.856250 0.895833 0.859375 0.910417 0.846875 0.902083 0.821875 0.914583 0.809375