1 0.225000 0.014062 0.012500 0.010937 0.018750 0.746875 0.302083 0.664062 0.277083 0.217187 0.166667 0.023438 0.283333 0.212500 0.535417 0.214062 0.539583 0.182812 0.593750 0.184375 0.564583 0.134375 0.279167 0.134375
1 0.233333 0.014062 0.283333 0.129688 0.560417 0.128125 0.556250 0.103125 0.308333 0.101562 0.262500 0.014062
1 0.289583 0.218750 0.310417 0.662500 0.445833 0.656250 0.512500 0.634375 0.539583 0.642187 0.541667 0.625000 0.600000 0.604688 0.593750 0.564062 0.350000 0.567187 0.339583 0.309375 0.577083 0.303125 0.585417 0.284375 0.537500 0.289062 0.533333 0.220313
1 0.020833 0.756250 0.016667 0.989062 0.983333 0.985937 0.985417 0.723437 0.895833 0.701563 0.589583 0.701563 0.622917 0.762500 0.150000 0.773438 0.152083 0.751562 0.310417 0.670313
2 0.708333 0.045313 0.704167 0.076563 0.764583 0.089062 0.785417 0.159375 0.741667 0.243750 0.752083 0.257812 0.827083 0.254687 0.862500 0.282813 0.822917 0.382812 0.733333 0.371875 0.741667 0.515625 0.885417 0.518750 0.883333 0.540625 0.775000 0.553125 0.775000 0.579687 0.950000 0.593750 0.964583 0.690625 0.987500 0.696875 0.989583 0.462500 0.800000 0.462500 0.793750 0.400000 0.872917 0.357812 0.875000 0.204688 0.847917 0.065625 0.825000 0.042188
5 0.660417 0.012500 0.662500 0.034375 0.745833 0.039062 0.772917 0.032812 0.833333 0.032812 0.833333 0.010937
5 0.837500 0.014062 0.837500 0.051562 0.858333 0.060938 0.883333 0.207813 0.881250 0.360938 0.804167 0.404687 0.810417 0.456250 0.989583 0.454688 0.987500 0.014062
5 0.572917 0.075000 0.566667 0.082813 0.568750 0.132812 0.577083 0.157813 0.604167 0.189063 0.614583 0.239063 0.668750 0.232812 0.735417 0.235938 0.745833 0.207813 0.772917 0.165625 0.758333 0.101562 0.747917 0.089062 0.737500 0.084375 0.685417 0.084375 0.612500 0.075000
5 0.666667 0.267188 0.602083 0.268750 0.581250 0.318750 0.593750 0.459375 0.600000 0.465625 0.593750 0.468750 0.593750 0.539062 0.606250 0.550000 0.606250 0.565625 0.614583 0.567187 0.681250 0.531250 0.691667 0.534375 0.735417 0.521875 0.725000 0.414062 0.706250 0.418750 0.685417 0.375000 0.666667 0.378125 0.662500 0.360938 0.647917 0.354688 0.647917 0.310937 0.658333 0.303125
5 0.727083 0.535937 0.733333 0.543750 0.739583 0.601562 0.866667 0.589063 0.768750 0.592188 0.764583 0.587500 0.762500 0.546875 0.829167 0.539062 0.829167 0.534375 0.837500 0.531250 0.877083 0.531250 0.877083 0.526563 0.737500 0.528125
6 0.604167 0.217187 0.604167 0.262500 0.668750 0.262500 0.668750 0.250000 0.670833 0.248437 0.685417 0.248437 0.691667 0.242188 0.691667 0.240625 0.652083 0.240625 0.650000 0.242188 0.629167 0.242188 0.616667 0.246875 0.610417 0.246875 0.606250 0.235938
6 0.827083 0.262500 0.747917 0.264062 0.737500 0.250000 0.718750 0.242188 0.731250 0.295312 0.712500 0.343750 0.702083 0.343750 0.693750 0.368750 0.710417 0.412500 0.718750 0.409375 0.729167 0.362500 0.750000 0.362500 0.762500 0.354688 0.806250 0.378125 0.820833 0.375000 0.850000 0.281250
7 0.387500 0.164062 0.387500 0.179688 0.389583 0.181250 0.389583 0.190625 0.391667 0.192188 0.464583 0.192188 0.466667 0.193750 0.475000 0.193750 0.475000 0.162500 0.395833 0.162500 0.393750 0.164062
7 0.545833 0.190625 0.545833 0.217187 0.547917 0.215625 0.570833 0.215625 0.572917 0.214062 0.595833 0.214062 0.595833 0.195312 0.597917 0.193750 0.595833 0.193750 0.593750 0.192188 0.568750 0.192188 0.566667 0.190625
7 0.543750 0.221875 0.543750 0.235938 0.541667 0.237500 0.541667 0.251563 0.595833 0.251563 0.595833 0.218750 0.550000 0.218750
7 0.543750 0.259375 0.543750 0.281250 0.556250 0.281250 0.558333 0.279687 0.568750 0.279687 0.570833 0.278125 0.583333 0.278125 0.585417 0.276563 0.595833 0.276563 0.595833 0.256250 0.558333 0.256250 0.556250 0.257812 0.550000 0.257812 0.547917 0.259375
7 0.583333 0.310937 0.345833 0.314063 0.358333 0.560938 0.595833 0.554688 0.587500 0.548437 0.589583 0.467187 0.570833 0.320312
7 0.202083 0.346875 0.202083 0.378125 0.206250 0.381250 0.206250 0.382812 0.212500 0.387500 0.212500 0.389062 0.212500 0.356250 0.214583 0.354688 0.214583 0.353125 0.210417 0.350000 0.208333 0.350000
7 0.260417 0.523438 0.258333 0.525000 0.258333 0.528125 0.256250 0.529688 0.256250 0.543750 0.258333 0.545313 0.266667 0.545313 0.268750 0.543750 0.270833 0.543750 0.270833 0.542188 0.275000 0.539062 0.275000 0.528125 0.272917 0.526563 0.272917 0.525000 0.270833 0.523438
7 0.579167 0.698438 0.550000 0.681250 0.314583 0.684375 0.264583 0.706250 0.275000 0.710938 0.579167 0.701563
7 0.614583 0.751562 0.572917 0.706250 0.241667 0.714063 0.164583 0.757812 0.158333 0.768750
8 0.593750 0.114063 0.593750 0.120312 0.591667 0.121875 0.591667 0.128125 0.589583 0.129688 0.589583 0.137500 0.587500 0.139062 0.587500 0.145313 0.585417 0.146875 0.585417 0.153125 0.618750 0.153125 0.620833 0.154687 0.622917 0.154687 0.620833 0.153125 0.620833 0.146875 0.618750 0.145313 0.618750 0.139062 0.616667 0.137500 0.616667 0.131250 0.614583 0.129688 0.614583 0.126563 0.612500 0.125000 0.612500 0.121875 0.610417 0.120312 0.610417 0.118750 0.604167 0.115625
8 0.712500 0.240625 0.700000 0.243750 0.710417 0.310937 0.704167 0.310937 0.693750 0.251563 0.687500 0.251563 0.681250 0.256250 0.677083 0.267188 0.683333 0.328125 0.689583 0.332812 0.695833 0.331250 0.706250 0.312500 0.708333 0.317187 0.702083 0.334375 0.708333 0.337500 0.725000 0.298438 0.720833 0.293750 0.720833 0.257812
8 0.670833 0.300000 0.658333 0.310937 0.658333 0.353125 0.660417 0.353125 0.662500 0.351562 0.666667 0.351562 0.668750 0.350000 0.672917 0.350000 0.672917 0.345313 0.670833 0.343750
8 0.687500 0.337500 0.683333 0.337500 0.683333 0.356250 0.681250 0.357812 0.670833 0.357812 0.670833 0.367188 0.672917 0.368750 0.689583 0.368750 0.689583 0.360938 0.691667 0.359375 0.691667 0.353125 0.693750 0.351562 0.693750 0.342187
8 0.550000 0.634375 0.550000 0.646875 0.566667 0.650000 0.570833 0.667188 0.550000 0.671875 0.581250 0.693750 0.947917 0.692187 0.956250 0.685938 0.943750 0.600000 0.900000 0.596875 0.737500 0.609375 0.720833 0.542188 0.681250 0.539062 0.627083 0.565625 0.622917 0.604688
8 0.564583 0.664062 0.562500 0.662500 0.562500 0.654688 0.545833 0.654688 0.537500 0.651563 0.497917 0.653125 0.495833 0.654688 0.483333 0.656250 0.468750 0.660937 0.468750 0.667188 0.475000 0.671875 0.477083 0.670313 0.489583 0.670313 0.491667 0.668750 0.504167 0.668750 0.506250 0.667188 0.533333 0.665625 0.537500 0.662500 0.560417 0.662500
8 0.222917 0.878125 0.222917 0.898438 0.312500 0.898438 0.322917 0.900000 0.347917 0.867188 0.345833 0.850000 0.339583 0.848437 0.254167 0.846875