1 0.020833 0.065625 0.022917 0.648438 0.287500 0.460938 0.277083 0.368750 0.222917 0.376563 0.212500 0.359375 0.218750 0.345313 0.275000 0.350000 0.266667 0.210938
1 0.685417 0.210938 0.283333 0.218750 0.283333 0.350000 0.329167 0.337500 0.327083 0.379687 0.289583 0.368750 0.297917 0.457812 0.364583 0.460938 0.368750 0.490625 0.520833 0.468750 0.664583 0.473437 0.666667 0.437500 0.345833 0.435937 0.339583 0.310937 0.681250 0.312500
1 0.350000 0.473437 0.291667 0.475000 0.014583 0.668750 0.014583 0.826563
1 0.691667 0.500000 0.343750 0.506250 0.335417 0.512500 0.335417 0.554688 0.689583 0.553125
1 0.891667 0.653125 0.785417 0.576563 0.593750 0.578125 0.616667 0.653125 0.183333 0.659375
1 0.958333 0.653125 0.906250 0.657812 0.872917 0.968750 0.929167 0.968750
1 0.900000 0.656250 0.177083 0.665625 0.181250 0.700000 0.056250 0.840625 0.081250 0.987500 0.862500 0.970312
2 0.633333 0.143750 0.633333 0.160938 0.710417 0.162500 0.708333 0.325000 0.633333 0.328125 0.633333 0.414062 0.700000 0.418750 0.697917 0.468750 0.729167 0.485938 0.720833 0.567187 0.825000 0.560938 0.968750 0.646875 0.937500 0.989062 0.985417 0.985937 0.983333 0.140625
3 0.210417 0.014062 0.210417 0.057813 0.320833 0.167187 0.320833 0.142188 0.977083 0.131250 0.983333 0.020312
3 0.529167 0.331250 0.525000 0.348437 0.541667 0.360938 0.547917 0.371875 0.543750 0.395312 0.525000 0.396875 0.527083 0.420312 0.620833 0.420312 0.622917 0.332812
3 0.381250 0.592188 0.381250 0.595312 0.379167 0.596875 0.379167 0.600000 0.377083 0.601562 0.377083 0.604688 0.372917 0.610937 0.372917 0.615625 0.370833 0.617188 0.370833 0.620313 0.368750 0.621875 0.368750 0.625000 0.366667 0.626562 0.366667 0.629687 0.364583 0.631250 0.364583 0.634375 0.360417 0.640625 0.360417 0.645312 0.358333 0.646875 0.358333 0.650000 0.360417 0.648438 0.387500 0.648438 0.385417 0.645312 0.385417 0.628125 0.383333 0.626562 0.383333 0.609375 0.381250 0.607813
3 0.481250 0.593750 0.481250 0.595312 0.479167 0.596875 0.479167 0.646875 0.485417 0.646875 0.485417 0.600000 0.483333 0.598437
7 0.560417 0.218750 0.560417 0.267188 0.662500 0.267188 0.675000 0.268750 0.672917 0.264062 0.672917 0.221875 0.666667 0.220313
7 0.393750 0.231250 0.391667 0.237500 0.391667 0.295312 0.468750 0.295312 0.479167 0.296875 0.479167 0.229687 0.402083 0.229687
7 0.322917 0.345313 0.316667 0.353125 0.308333 0.357812 0.302083 0.357812 0.300000 0.359375 0.293750 0.359375 0.291667 0.357812 0.235417 0.357812 0.233333 0.356250 0.233333 0.351562 0.229167 0.348437 0.225000 0.348437 0.222917 0.350000 0.222917 0.364062 0.225000 0.368750 0.227083 0.368750 0.233333 0.359375 0.293750 0.359375 0.295833 0.360938 0.310417 0.362500 0.322917 0.370313
7 0.525000 0.754687 0.520833 0.770312 0.520833 0.893750 0.664583 0.890625 0.672917 0.754687
7 0.412500 0.756250 0.260417 0.764063 0.268750 0.898438 0.416667 0.893750
7 0.793750 0.779688 0.793750 0.792188 0.825000 0.792188 0.827083 0.793750 0.829167 0.793750 0.829167 0.789062 0.831250 0.787500 0.831250 0.784375 0.833333 0.782812 0.833333 0.778125 0.800000 0.778125 0.797917 0.779688
8 0.275000 0.623438 0.285417 0.626562 0.293750 0.621875 0.300000 0.623438 0.316667 0.623438 0.318750 0.625000 0.320833 0.623438 0.368750 0.620313 0.370833 0.607813 0.356250 0.609375 0.337500 0.617188 0.318750 0.621875 0.302083 0.617188 0.304167 0.610937 0.308333 0.607813 0.297917 0.603125 0.289583 0.606250 0.283333 0.610937
8 0.435417 0.632812 0.435417 0.634375 0.437500 0.635938 0.437500 0.637500 0.441667 0.640625 0.443750 0.640625 0.445833 0.642187 0.452083 0.642187 0.454167 0.643750 0.456250 0.643750 0.460417 0.646875 0.460417 0.648438 0.468750 0.648438 0.468750 0.646875 0.475000 0.642187 0.477083 0.642187 0.477083 0.631250 0.468750 0.625000 0.456250 0.625000 0.454167 0.626562 0.452083 0.626562 0.450000 0.628125 0.450000 0.629687 0.441667 0.635938
8 0.520833 0.640625 0.525000 0.645312 0.529167 0.645312 0.531250 0.643750 0.587500 0.643750 0.587500 0.642187 0.585417 0.640625 0.581250 0.640625 0.579167 0.639063 0.572917 0.639063 0.570833 0.637500 0.566667 0.637500 0.564583 0.635938 0.543750 0.635938 0.541667 0.637500 0.539583 0.637500 0.533333 0.640625 0.529167 0.640625 0.527083 0.642187
8 0.447917 0.784375 0.447917 0.809375 0.481250 0.809375 0.483333 0.810938 0.485417 0.810938 0.485417 0.785937 0.487500 0.784375