1 0.316667 0.887500 0.064583 0.900000 0.045833 0.985937 0.262500 0.987500 0.264583 0.951563 0.252083 0.950000 0.254167 0.896875 0.258333 0.893750 0.300000 0.896875 0.302083 0.892187 0.316667 0.892187
2 0.802083 0.406250 0.747917 0.435937 0.658333 0.442187 0.620833 0.795313 0.639583 0.959375 0.652083 0.818750 0.695833 0.832812 0.710417 0.815625 0.762500 0.832812 0.812500 0.823438 0.825000 0.868750 0.756250 0.868750 0.808333 0.943750 0.862500 0.964063 0.910417 0.945312 0.920833 0.912500 0.943750 0.929688 0.964583 0.862500 0.987500 0.856250 0.981250 0.631250 0.929167 0.657812 0.845833 0.651563 0.818750 0.567187 0.847917 0.498437 0.800000 0.435937
3 0.014583 0.198437 0.016667 0.796875 0.447917 0.775000 0.452083 0.850000 0.612500 0.848437 0.650000 0.439063 0.612500 0.412500 0.558333 0.410937 0.556250 0.318750 0.479167 0.289062 0.516667 0.206250 0.464583 0.206250 0.460417 0.276563 0.400000 0.270312 0.404167 0.223438 0.422917 0.220313
5 0.718750 0.021875 0.697917 0.062500 0.737500 0.115625 0.635417 0.134375 0.622917 0.171875 0.720833 0.281250 0.637500 0.206250 0.618750 0.154687 0.568750 0.143750 0.489583 0.289062 0.564583 0.312500 0.566667 0.406250 0.745833 0.429688 0.781250 0.404687 0.725000 0.396875 0.704167 0.343750 0.729167 0.387500 0.812500 0.404687 0.808333 0.431250 0.864583 0.489062 0.831250 0.571875 0.854167 0.640625 0.935417 0.646875 0.987500 0.626562 0.987500 0.079687
6 0.656250 0.831250 0.645833 0.962500 0.662500 0.964063 0.664583 0.885938 0.695833 0.914062 0.693750 0.965625 0.722917 0.967188 0.729167 0.989062 0.816667 0.985937 0.827083 0.973437 0.916667 0.967188 0.918750 0.960938 0.862500 0.971875 0.808333 0.965625 0.743750 0.862500 0.764583 0.853125 0.816667 0.860937 0.810417 0.832812 0.762500 0.839063 0.727083 0.831250 0.725000 0.837500 0.710417 0.825000 0.704167 0.835938 0.664583 0.837500
7 0.920833 0.010937 0.012500 0.014062 0.014583 0.129688 0.085417 0.167187 0.531250 0.182812 0.564583 0.137500 0.618750 0.148438 0.675000 0.114063 0.722917 0.117188 0.687500 0.064062 0.716667 0.014062 0.872917 0.039062
7 0.433333 0.206250 0.433333 0.218750 0.458333 0.218750 0.460417 0.220313 0.462500 0.220313 0.460417 0.218750 0.460417 0.207813 0.458333 0.207813 0.456250 0.206250
7 0.408333 0.221875 0.406250 0.223438 0.406250 0.237500 0.404167 0.239063 0.402083 0.270312 0.437500 0.271875 0.439583 0.273438 0.458333 0.273438 0.460417 0.275000 0.460417 0.270312 0.458333 0.268750 0.458333 0.225000 0.454167 0.223438
7 0.183333 0.784375 0.183333 0.793750 0.185417 0.795313 0.185417 0.806250 0.187500 0.807813 0.195833 0.807813 0.197917 0.809375 0.208333 0.809375 0.210417 0.810938 0.220833 0.810938 0.222917 0.812500 0.233333 0.812500 0.235417 0.814062 0.233333 0.812500 0.233333 0.798437 0.231250 0.796875 0.231250 0.784375
7 0.397917 0.789062 0.395833 0.790625 0.395833 0.812500 0.400000 0.810938 0.414583 0.810938 0.416667 0.812500 0.404167 0.815625 0.402083 0.853125 0.441667 0.854688 0.445833 0.856250 0.445833 0.818750 0.443750 0.817187 0.445833 0.815625 0.445833 0.789062
7 0.354167 0.793750 0.352083 0.795313 0.352083 0.817187 0.372917 0.817187 0.375000 0.818750 0.377083 0.818750 0.377083 0.793750
7 0.264583 0.900000 0.264583 0.945312 0.297917 0.946875 0.300000 0.948438 0.318750 0.948438 0.320833 0.950000 0.320833 0.909375 0.322917 0.906250 0.320833 0.904688 0.308333 0.904688 0.306250 0.903125 0.291667 0.903125 0.289583 0.901563
7 0.270833 0.956250 0.270833 0.989062 0.272917 0.989062 0.275000 0.987500 0.320833 0.987500 0.320833 0.956250
8 0.260417 0.231250 0.260417 0.232812 0.262500 0.234375 0.262500 0.237500 0.264583 0.239063 0.262500 0.240625 0.262500 0.246875 0.256250 0.251563 0.250000 0.253125 0.252083 0.254687 0.254167 0.254687 0.262500 0.260938 0.264583 0.265625 0.268750 0.265625 0.268750 0.259375 0.272917 0.256250 0.287500 0.256250 0.291667 0.259375 0.291667 0.246875 0.287500 0.243750 0.287500 0.242188 0.283333 0.239063 0.281250 0.239063 0.279167 0.237500 0.275000 0.237500
8 0.185417 0.237500 0.179167 0.240625 0.175000 0.240625 0.164583 0.248437 0.164583 0.250000 0.158333 0.254687 0.154167 0.260938 0.154167 0.265625 0.170833 0.278125 0.177083 0.278125 0.185417 0.281250 0.195833 0.281250 0.197917 0.282813 0.206250 0.276563 0.208333 0.276563 0.206250 0.273438 0.206250 0.245312 0.200000 0.239063 0.195833 0.237500
8 0.375000 0.237500 0.372917 0.239063 0.372917 0.246875 0.370833 0.248437 0.364583 0.245312 0.354167 0.243750 0.341667 0.239063 0.337500 0.239063 0.333333 0.243750 0.327083 0.243750 0.327083 0.254687 0.322917 0.256250 0.322917 0.262500 0.327083 0.264062 0.327083 0.281250 0.329167 0.284375 0.333333 0.284375 0.335417 0.285937 0.337500 0.284375 0.343750 0.284375 0.360417 0.279687 0.368750 0.279687 0.377083 0.284375 0.377083 0.281250 0.375000 0.279687
8 0.070833 0.245312 0.062500 0.257812 0.062500 0.271875 0.070833 0.279687 0.070833 0.281250 0.079167 0.281250 0.081250 0.282813 0.083333 0.281250 0.093750 0.281250 0.114583 0.268750 0.118750 0.271875 0.118750 0.273438 0.122917 0.273438 0.122917 0.253125 0.118750 0.253125 0.118750 0.257812 0.114583 0.259375 0.097917 0.246875 0.095833 0.243750 0.072917 0.243750
8 0.220833 0.437500 0.225000 0.679688 0.395833 0.678125 0.397917 0.632812 0.452083 0.628125 0.456250 0.490625 0.402083 0.485938 0.400000 0.440625
8 0.666667 0.893750 0.668750 0.960938 0.670833 0.962500 0.670833 0.965625 0.685417 0.965625 0.689583 0.967188 0.689583 0.917188
8 0.645833 0.970312 0.645833 0.985937 0.714583 0.985937 0.716667 0.987500 0.722917 0.987500 0.725000 0.984375 0.725000 0.976562 0.720833 0.971875 0.710417 0.971875 0.708333 0.970312