1 0.422917 0.012500 0.437500 0.154687 0.543750 0.175000 0.500000 0.015625
1 0.260417 0.015625 0.250000 0.126563 0.427083 0.154687 0.420833 0.120312 0.293750 0.098438 0.297917 0.039062 0.410417 0.056250 0.406250 0.015625
1 0.014583 0.098438 0.012500 0.118750 0.556250 0.198437 0.556250 0.179688
1 0.014583 0.154687 0.016667 0.389062 0.477083 0.426562 0.475000 0.401563 0.254167 0.382812 0.247917 0.359375 0.193750 0.348437 0.241667 0.343750 0.260417 0.325000 0.254167 0.289062 0.270833 0.264062 0.218750 0.259375 0.229167 0.228125 0.368750 0.223438 0.495833 0.242188 0.500000 0.223438
1 0.014583 0.698438 0.016667 0.831250 0.275000 0.826563 0.020833 0.839063 0.060417 0.860937 0.064583 0.873438 0.327083 0.864062 0.343750 0.795313 0.291667 0.785937 0.264583 0.762500 0.272917 0.696875
1 0.325000 0.878125 0.064583 0.887500 0.029167 0.912500 0.020833 0.914062 0.018750 0.929688 0.039583 0.935938 0.112500 0.923437 0.166667 0.923437 0.212500 0.914062 0.297917 0.907812 0.310417 0.887500
2 0.512500 0.017188 0.564583 0.209375 0.518750 0.223438 0.545833 0.262500 0.516667 0.268750 0.500000 0.385938 0.525000 0.400000 0.487500 0.412500 0.481250 0.490625 0.606250 0.475000 0.543750 0.510938 0.737500 0.534375 0.891667 0.510938 0.895833 0.534375 0.847917 0.560938 0.758333 0.567187 0.814583 0.701563 0.987500 0.684375 0.987500 0.195312 0.614583 0.145313 0.620833 0.017188
2 0.431250 0.431250 0.431250 0.440625 0.429167 0.442187 0.429167 0.451562 0.427083 0.453125 0.425000 0.473437 0.435417 0.473437 0.443750 0.479688 0.443750 0.481250 0.458333 0.490625 0.460417 0.489062 0.464583 0.489062 0.470833 0.482812 0.472917 0.434375 0.475000 0.432813 0.470833 0.432813 0.468750 0.431250
2 0.987500 0.715625 0.808333 0.743750 0.739583 0.828125 0.829167 0.825000 0.833333 0.851562 0.810417 0.854688 0.800000 0.840625 0.779167 0.839063 0.720833 0.860937 0.647917 0.859375 0.695833 0.860937 0.706250 0.882812 0.620833 0.890625 0.681250 0.985937 0.989583 0.989062
3 0.631250 0.015625 0.620833 0.037500 0.616667 0.140625 0.647917 0.132812 0.987500 0.187500 0.991667 0.014062
3 0.285417 0.232812 0.266667 0.378125 0.485417 0.396875 0.510417 0.406250 0.514583 0.398438 0.493750 0.395312 0.487500 0.381250 0.491667 0.331250 0.508333 0.270312 0.516667 0.260938 0.535417 0.259375 0.537500 0.253125 0.518750 0.256250 0.510417 0.248437 0.504167 0.251563 0.366667 0.231250
5 0.229167 0.517187 0.227083 0.635938 0.277083 0.673437 0.268750 0.751562 0.297917 0.779688 0.381250 0.787500 0.581250 0.760938 0.581250 0.850000 0.720833 0.854688 0.787500 0.834375 0.818750 0.848437 0.816667 0.826563 0.725000 0.832812 0.802083 0.739062 0.983333 0.707812 0.975000 0.687500 0.808333 0.710938 0.750000 0.562500 0.856250 0.551562 0.887500 0.517187 0.739583 0.542188 0.291667 0.478125 0.275000 0.509375
5 0.345833 0.796875 0.337500 0.889063 0.316667 0.893750 0.310417 0.906250 0.331250 0.945312 0.327083 0.984375 0.670833 0.985937 0.660417 0.959375 0.616667 0.914062 0.608333 0.892187 0.545833 0.896875 0.500000 0.848437 0.504167 0.834375 0.462500 0.784375
6 0.562500 0.765625 0.564583 0.787500 0.556250 0.801562 0.552083 0.854688 0.535417 0.868750 0.550000 0.893750 0.566667 0.887500 0.693750 0.879687 0.693750 0.870313 0.587500 0.865625 0.587500 0.854688 0.577083 0.854688 0.558333 0.839063 0.560417 0.814062 0.570833 0.807813 0.585417 0.779688 0.581250 0.771875
7 0.302083 0.043750 0.302083 0.093750 0.422917 0.117188 0.414583 0.060938
7 0.075000 0.250000 0.068750 0.309375 0.183333 0.321875 0.187500 0.262500 0.185417 0.260938 0.085417 0.248437
7 0.104167 0.407813 0.100000 0.475000 0.212500 0.481250 0.220833 0.414062 0.125000 0.406250
7 0.060417 0.504687 0.054167 0.596875 0.222917 0.601562 0.222917 0.515625 0.245833 0.510938 0.087500 0.503125
7 0.027083 0.675000 0.266667 0.673437 0.250000 0.651563 0.229167 0.642187 0.220833 0.631250 0.052083 0.628125
7 0.016667 0.898438 0.025000 0.906250 0.064583 0.882812 0.329167 0.871875 0.329167 0.868750 0.060417 0.878125 0.056250 0.870313 0.020833 0.845312 0.016667 0.848437
7 0.316667 0.921875 0.310417 0.915625 0.129167 0.926562 0.037500 0.940625 0.012500 0.939062 0.014583 0.987500 0.322917 0.985937
8 0.556250 0.767187 0.522917 0.768750 0.520833 0.771875 0.491667 0.778125 0.489583 0.800000 0.502083 0.823438 0.510417 0.787500 0.514583 0.782812 0.516667 0.784375 0.506250 0.842188 0.525000 0.870313 0.537500 0.860937 0.539583 0.851562 0.543750 0.851562 0.547917 0.804688 0.558333 0.781250