1 0.856250 0.012500 0.427083 0.017188 0.347917 0.251563 0.016667 0.206250 0.016667 0.328125 0.297917 0.334375 0.318750 0.285937 0.441667 0.290625 0.472917 0.242188 0.585417 0.259375 0.718750 0.117188 0.608333 0.260938
1 0.016667 0.332812 0.025000 0.593750 0.191667 0.598437 0.187500 0.704687 0.016667 0.707812 0.016667 0.987500 0.495833 0.984375 0.456250 0.965625 0.468750 0.907812 0.389583 0.878125 0.337500 0.804688 0.158333 0.787500 0.129167 0.826563 0.050000 0.798437 0.052083 0.751562 0.150000 0.714063 0.156250 0.757812 0.254167 0.756250 0.235417 0.685938 0.206250 0.684375 0.210417 0.618750 0.277083 0.617188 0.241667 0.607813 0.281250 0.537500 0.168750 0.531250 0.158333 0.568750 0.077083 0.535937 0.079167 0.500000 0.172917 0.467187 0.175000 0.501562 0.277083 0.512500 0.310417 0.403125 0.295833 0.340625
1 0.531250 0.835938 0.495833 0.818750 0.481250 0.817187 0.370833 0.835938 0.370833 0.843750 0.379167 0.845312 0.385417 0.850000 0.404167 0.878125 0.418750 0.878125 0.418750 0.865625 0.422917 0.860937
1 0.610417 0.868750 0.591667 0.854688 0.564583 0.853125 0.547917 0.839063 0.541667 0.839063 0.427083 0.868750 0.427083 0.878125 0.468750 0.892187 0.481250 0.901563
2 0.987500 0.014062 0.854167 0.017188 0.614583 0.260938 0.616667 0.278125 0.595833 0.282813 0.572917 0.326562 0.608333 0.335938 0.727083 0.229687 0.768750 0.229687 0.777083 0.315625 0.985417 0.335938
2 0.985417 0.875000 0.818750 0.882812 0.814583 0.937500 0.775000 0.935938 0.618750 0.881250 0.556250 0.898438 0.570833 0.914062 0.568750 0.981250 0.531250 0.987500 0.987500 0.985937
3 0.316667 0.493750 0.318750 0.535937 0.297917 0.553125 0.297917 0.575000 0.310417 0.578125 0.308333 0.690625 0.293750 0.746875 0.300000 0.796875 0.335417 0.798437 0.383333 0.776563 0.372917 0.771875 0.372917 0.707812 0.312500 0.704687 0.312500 0.692187 0.320833 0.689062 0.314583 0.610937 0.381250 0.614062 0.377083 0.514063 0.402083 0.501562
5 0.606250 0.265625 0.475000 0.248437 0.447917 0.298438 0.329167 0.295312 0.331250 0.353125 0.368750 0.356250 0.329167 0.357812 0.312500 0.340625 0.314583 0.395312 0.416667 0.400000 0.393750 0.434375 0.464583 0.460938 0.495833 0.431250 0.497917 0.406250 0.431250 0.392188 0.418750 0.400000 0.414583 0.360938 0.454167 0.362500 0.485417 0.328125 0.447917 0.384375 0.497917 0.401563 0.564583 0.376563 0.606250 0.340625 0.495833 0.318750 0.560417 0.323438 0.564583 0.314063 0.506250 0.296875 0.504167 0.268750 0.608333 0.273438
5 0.670833 0.398438 0.662500 0.421875 0.672917 0.425000 0.683333 0.495313 0.689583 0.671875 0.800000 0.675000 0.845833 0.770312 0.872917 0.789062 0.985417 0.768750 0.989583 0.448438
5 0.310417 0.423438 0.310417 0.482812 0.404167 0.489062 0.379167 0.485938 0.362500 0.481250 0.391667 0.423438
5 0.375000 0.478125 0.385417 0.479688 0.406250 0.485938 0.412500 0.485938 0.427083 0.490625 0.429167 0.487500 0.460417 0.464063 0.460417 0.462500 0.452083 0.459375 0.447917 0.459375 0.433333 0.453125 0.429167 0.453125 0.414583 0.446875 0.410417 0.446875 0.395833 0.440625 0.391667 0.440625 0.391667 0.443750 0.387500 0.448438 0.387500 0.451562 0.385417 0.453125 0.383333 0.460938 0.379167 0.465625
5 0.325000 0.617188 0.329167 0.692187 0.320833 0.693750 0.320833 0.700000 0.375000 0.700000 0.375000 0.695312 0.339583 0.693750 0.339583 0.678125 0.345833 0.673437 0.377083 0.673437 0.375000 0.670313 0.341667 0.670313 0.341667 0.657812 0.375000 0.657812 0.341667 0.654688 0.339583 0.648438 0.343750 0.645312 0.379167 0.643750 0.341667 0.643750 0.339583 0.626562 0.345833 0.621875 0.370833 0.621875 0.377083 0.617188
5 0.339583 0.796875 0.339583 0.800000 0.360417 0.828125 0.370833 0.825000 0.379167 0.825000 0.389583 0.821875 0.397917 0.821875 0.408333 0.818750 0.416667 0.818750 0.427083 0.815625 0.470833 0.809375 0.412500 0.787500 0.402083 0.787500 0.400000 0.789062
6 0.737500 0.239063 0.562500 0.382812 0.641667 0.398438 0.660417 0.456250 0.635417 0.546875 0.679167 0.548437 0.677083 0.595312 0.631250 0.593750 0.668750 0.643750 0.639583 0.698438 0.664583 0.784375 0.637500 0.873438 0.802083 0.929688 0.800000 0.873438 0.987500 0.867188 0.985417 0.823438 0.800000 0.826563 0.785417 0.684375 0.681250 0.671875 0.650000 0.406250 0.675000 0.392188 0.770833 0.404687 0.772917 0.365625 0.987500 0.385938 0.987500 0.345313 0.768750 0.323438 0.760417 0.239063
6 0.493750 0.445312 0.387500 0.520312 0.385417 0.607813 0.402083 0.603125 0.422917 0.603125 0.422917 0.571875 0.441667 0.542188 0.454167 0.532812 0.475000 0.531250 0.497917 0.534375 0.502083 0.507812 0.493750 0.496875
6 0.533333 0.540625 0.533333 0.553125 0.564583 0.595312 0.564583 0.614062 0.572917 0.610937 0.587500 0.610937 0.597917 0.618750 0.602083 0.617188 0.612500 0.606250 0.612500 0.593750 0.622917 0.592188 0.602083 0.592188 0.593750 0.587500 0.587500 0.587500 0.581250 0.582812 0.562500 0.582812 0.558333 0.579687 0.556250 0.548437 0.585417 0.546875 0.575000 0.545313 0.566667 0.537500 0.560417 0.540625
6 0.387500 0.648438 0.383333 0.653125 0.379167 0.770312 0.433333 0.789062 0.416667 0.760938 0.416667 0.734375 0.420833 0.709375 0.425000 0.701563 0.431250 0.698438 0.431250 0.687500 0.435417 0.682813 0.420833 0.650000
6 0.522917 0.668750 0.508333 0.676562 0.504167 0.696875 0.502083 0.768750 0.512500 0.785937 0.506250 0.792188 0.506250 0.815625 0.552083 0.834375 0.543750 0.821875 0.541667 0.801562 0.527083 0.790625 0.535417 0.767187 0.525000 0.753125 0.525000 0.740625 0.537500 0.718750 0.527083 0.709375 0.531250 0.670313
7 0.012500 0.015625 0.014583 0.193750 0.312500 0.237500 0.385417 0.015625
7 0.089583 0.501562 0.089583 0.531250 0.112500 0.537500 0.158333 0.560938 0.168750 0.523438 0.181250 0.531250 0.212500 0.528125 0.216667 0.534375 0.285417 0.526563 0.300000 0.542188 0.316667 0.535937 0.310417 0.507812 0.285417 0.520312 0.227083 0.510938 0.204167 0.515625 0.168750 0.509375 0.166667 0.478125 0.143750 0.493750
7 0.258333 0.579687 0.258333 0.593750 0.256250 0.595312 0.256250 0.607813 0.272917 0.607813 0.275000 0.606250 0.289583 0.606250 0.291667 0.604688 0.306250 0.604688 0.306250 0.579687 0.302083 0.579687 0.300000 0.578125 0.260417 0.578125
7 0.018750 0.600000 0.022917 0.623438 0.050000 0.634375 0.083333 0.639063 0.087500 0.648438 0.018750 0.668750 0.016667 0.701563 0.177083 0.700000 0.183333 0.601562
7 0.220833 0.625000 0.218750 0.626562 0.214583 0.679688 0.216667 0.678125 0.283333 0.676562 0.283333 0.653125 0.272917 0.648438 0.275000 0.643750 0.281250 0.643750 0.281250 0.625000
7 0.245833 0.685938 0.245833 0.693750 0.243750 0.695312 0.243750 0.704687 0.241667 0.706250 0.241667 0.714063 0.264583 0.714063 0.266667 0.715625 0.291667 0.715625 0.293750 0.717188 0.295833 0.717188 0.295833 0.703125 0.297917 0.701563 0.297917 0.690625 0.293750 0.687500 0.289583 0.687500 0.287500 0.685938
7 0.252083 0.717188 0.250000 0.718750 0.250000 0.737500 0.258333 0.737500 0.260417 0.739062 0.270833 0.739062 0.272917 0.740625 0.272917 0.735937 0.275000 0.734375 0.275000 0.728125 0.272917 0.726562 0.272917 0.723437 0.270833 0.721875 0.270833 0.720312 0.268750 0.718750 0.260417 0.718750 0.258333 0.717188
7 0.058333 0.756250 0.058333 0.790625 0.089583 0.798437 0.133333 0.823438 0.147917 0.784375 0.264583 0.773438 0.293750 0.792188 0.287500 0.750000 0.262500 0.768750 0.195833 0.754687 0.183333 0.765625 0.147917 0.764063 0.143750 0.757812 0.143750 0.723437 0.108333 0.748438
8 0.556250 0.389062 0.510417 0.398438 0.497917 0.431250 0.510417 0.500000 0.510417 0.537500 0.518750 0.543750 0.533333 0.534375 0.558333 0.531250 0.520833 0.500000 0.537500 0.407813 0.554167 0.401563 0.570833 0.401563
8 0.547917 0.409375 0.527083 0.496875 0.597917 0.551562 0.585417 0.556250 0.566667 0.551562 0.566667 0.573438 0.585417 0.573438 0.602083 0.585938 0.670833 0.585938 0.670833 0.553125 0.620833 0.548437 0.627083 0.546875 0.652083 0.460938 0.631250 0.401563 0.610417 0.395312 0.577083 0.407813
8 0.454167 0.535937 0.429167 0.567187 0.439583 0.673437 0.497917 0.673437 0.543750 0.659375 0.537500 0.759375 0.552083 0.821875 0.583333 0.839063 0.593750 0.807813 0.600000 0.856250 0.631250 0.867188 0.645833 0.862500 0.633333 0.821875 0.656250 0.818750 0.645833 0.759375 0.608333 0.665625 0.585417 0.682813 0.600000 0.639063 0.635417 0.689062 0.658333 0.642187 0.622917 0.595312 0.597917 0.637500 0.585417 0.617188 0.570833 0.618750 0.595833 0.637500 0.568750 0.704687 0.547917 0.706250 0.543750 0.659375 0.566667 0.628125 0.558333 0.596875 0.525000 0.551562
8 0.420833 0.607813 0.420833 0.610937 0.418750 0.612500 0.416667 0.610937 0.416667 0.609375 0.412500 0.609375 0.410417 0.610937 0.406250 0.610937 0.404167 0.612500 0.402083 0.612500 0.391667 0.620313 0.391667 0.639063 0.412500 0.639063 0.414583 0.637500 0.416667 0.637500 0.416667 0.632812 0.418750 0.631250 0.420833 0.632812 0.420833 0.634375 0.422917 0.632812 0.425000 0.632812 0.422917 0.631250 0.422917 0.618750 0.420833 0.617188
8 0.304167 0.612500 0.291667 0.612500 0.289583 0.615625 0.289583 0.645312 0.287500 0.646875 0.285417 0.645312 0.275000 0.645312 0.275000 0.648438 0.287500 0.653125 0.285417 0.656250 0.285417 0.682813 0.289583 0.682813 0.297917 0.689062 0.300000 0.687500 0.304167 0.687500
8 0.516667 0.895312 0.472917 0.935938 0.472917 0.965625 0.475000 0.968750 0.491667 0.973437 0.556250 0.975000 0.560417 0.976562 0.558333 0.968750 0.558333 0.907812