1 0.014583 0.050000 0.014583 0.081250 0.064583 0.057813 0.070833 0.132812 0.077083 0.134375 0.089583 0.120312 0.135417 0.128125 0.143750 0.114063 0.229167 0.146875 0.262500 0.137500 0.239583 0.134375 0.237500 0.117188 0.216667 0.110937 0.202083 0.068750 0.202083 0.015625 0.110417 0.014062 0.110417 0.057813
1 0.014583 0.178125 0.016667 0.560938 0.356250 0.550000 0.347917 0.525000 0.381250 0.464063 0.452083 0.437500 0.531250 0.442187 0.500000 0.407813 0.529167 0.343750 0.483333 0.328125 0.508333 0.225000 0.270833 0.212500 0.270833 0.195312 0.229167 0.167187 0.139583 0.170312 0.083333 0.156250 0.075000 0.220313
1 0.016667 0.564062 0.014583 0.984375 0.985417 0.985937 0.979167 0.743750 0.891667 0.709375 0.641667 0.703125 0.635417 0.743750 0.587500 0.765625 0.543750 0.754687 0.489583 0.685938 0.454167 0.681250 0.362500 0.612500 0.356250 0.557813
2 0.989583 0.020312 0.935417 0.018750 0.935417 0.039062 0.964583 0.059375 0.958333 0.081250 0.879167 0.068750 0.858333 0.098438 0.677083 0.078125 0.683333 0.168750 0.627083 0.184375 0.666667 0.190625 0.637500 0.218750 0.629167 0.317187 0.585417 0.318750 0.585417 0.337500 0.595833 0.329688 0.610417 0.348437 0.650000 0.360938 0.631250 0.435937 0.708333 0.434375 0.764583 0.414062 0.783333 0.459375 0.904167 0.465625 0.968750 0.442187 0.989583 0.448438
5 0.443750 0.025000 0.704167 0.035937 0.739583 0.031250 0.956250 0.076563 0.958333 0.060938 0.927083 0.040625 0.927083 0.015625 0.989583 0.015625 0.452083 0.012500
5 0.987500 0.460938 0.910417 0.476562 0.735417 0.464063 0.777083 0.442187 0.756250 0.426562 0.431250 0.453125 0.383333 0.476562 0.364583 0.543750 0.370833 0.598437 0.414583 0.637500 0.458333 0.651563 0.466667 0.675000 0.504167 0.673437 0.518750 0.720312 0.545833 0.745313 0.608333 0.757812 0.633333 0.682813 0.866667 0.690625 0.950000 0.706250 0.987500 0.601562
6 0.293750 0.017188 0.287500 0.068750 0.297917 0.073437 0.293750 0.131250 0.281250 0.132812 0.291667 0.175000 0.281250 0.192188 0.275000 0.185937 0.275000 0.203125 0.514583 0.220313 0.512500 0.210938 0.447917 0.200000 0.466667 0.189063 0.647917 0.210938 0.658333 0.196875 0.464583 0.168750 0.464583 0.070312 0.445833 0.067188 0.443750 0.032812 0.429167 0.028125 0.427083 0.012500
7 0.012500 0.014062 0.012500 0.043750 0.056250 0.046875 0.058333 0.048437 0.070833 0.048437 0.072917 0.050000 0.087500 0.050000 0.089583 0.051562 0.104167 0.051562 0.106250 0.053125 0.104167 0.048437 0.104167 0.010937 0.062500 0.010937 0.060417 0.012500 0.016667 0.012500
7 0.210417 0.015625 0.208333 0.020312 0.208333 0.065625 0.235417 0.068750 0.237500 0.070312 0.252083 0.059375 0.262500 0.059375 0.283333 0.064062 0.285417 0.048437 0.287500 0.046875 0.289583 0.031250 0.291667 0.029687 0.291667 0.021875 0.275000 0.021875 0.272917 0.020312
7 0.014583 0.089062 0.014583 0.167187 0.068750 0.203125 0.070833 0.148438 0.085417 0.140625 0.091667 0.142188 0.091667 0.153125 0.127083 0.151562 0.141667 0.162500 0.241667 0.159375 0.281250 0.190625 0.289583 0.175000 0.283333 0.137500 0.231250 0.150000 0.145833 0.118750 0.137500 0.132812 0.089583 0.123438 0.083333 0.135937 0.068750 0.135937 0.056250 0.062500
7 0.214583 0.070312 0.214583 0.081250 0.216667 0.082813 0.216667 0.095312 0.218750 0.096875 0.218750 0.109375 0.220833 0.110937 0.225000 0.110937 0.227083 0.112500 0.231250 0.112500 0.233333 0.114063 0.239583 0.114063 0.241667 0.115625 0.241667 0.112500 0.239583 0.110937 0.239583 0.075000 0.237500 0.073437 0.231250 0.073437 0.229167 0.071875 0.220833 0.071875 0.218750 0.070312
8 0.504167 0.046875 0.477083 0.073437 0.491667 0.159375 0.545833 0.168750 0.572917 0.137500 0.577083 0.057813
8 0.254167 0.060938 0.241667 0.075000 0.243750 0.131250 0.245833 0.134375 0.247917 0.132812 0.291667 0.131250 0.291667 0.125000 0.293750 0.123438 0.293750 0.117188 0.297917 0.107813 0.295833 0.103125 0.295833 0.073437 0.289583 0.070312
8 0.664583 0.071875 0.629167 0.068750 0.587500 0.087500 0.583333 0.178125 0.614583 0.182812 0.675000 0.167187
8 0.520833 0.210938 0.512500 0.289062 0.541667 0.314063 0.556250 0.318750 0.577083 0.312500 0.622917 0.312500 0.629167 0.223438 0.554167 0.204688
8 0.533333 0.360938 0.531250 0.392188 0.512500 0.400000 0.516667 0.420312 0.547917 0.434375 0.629167 0.437500 0.643750 0.364062 0.610417 0.354688 0.595833 0.339063