1 0.575000 0.015625 0.447917 0.015625 0.375000 0.429688 0.341667 0.445312 0.325000 0.421875 0.183333 0.420312 0.179167 0.435937 0.070833 0.459375 0.047917 0.492188 0.054167 0.584375 0.318750 0.585938 0.445833 0.567187 0.358333 0.557813 0.343750 0.495313 0.481250 0.489062 0.491667 0.448438 0.464583 0.437500 0.493750 0.315625 0.583333 0.326562 0.591667 0.300000 0.504167 0.285937 0.541667 0.132812 0.643750 0.150000 0.629167 0.114063 0.550000 0.095312
1 0.018750 0.595312 0.014583 0.881250 0.237500 0.865625 0.243750 0.985937 0.339583 0.987500 0.339583 0.957812 0.279167 0.951563 0.266667 0.840625 0.352083 0.850000 0.327083 0.835938 0.347917 0.760938 0.210417 0.770312 0.193750 0.817187 0.147917 0.790625 0.085417 0.781250 0.085417 0.731250 0.175000 0.696875 0.195833 0.673437 0.214583 0.729688 0.347917 0.737500 0.360417 0.709375 0.331250 0.600000
2 0.804167 0.256250 0.802083 0.260938 0.906250 0.315625 0.912500 0.298438 0.918750 0.289062 0.918750 0.284375
2 0.735417 0.437500 0.733333 0.450000 0.783333 0.484375 0.785417 0.476562 0.789583 0.471875 0.789583 0.468750 0.795833 0.459375 0.795833 0.456250 0.797917 0.454688 0.802083 0.443750 0.785417 0.445312 0.783333 0.446875 0.770833 0.446875 0.768750 0.448438 0.762500 0.448438 0.754167 0.451562 0.750000 0.448438 0.747917 0.448438 0.743750 0.442187 0.737500 0.437500
2 0.891667 0.731250 0.885417 0.731250 0.883333 0.732813 0.877083 0.732813 0.875000 0.734375 0.866667 0.734375 0.864583 0.735937 0.858333 0.735937 0.856250 0.737500 0.847917 0.737500 0.845833 0.739062 0.839583 0.739062 0.837500 0.740625 0.829167 0.740625 0.827083 0.742188 0.820833 0.742188 0.814583 0.750000 0.831250 0.750000 0.833333 0.748438 0.847917 0.748438 0.850000 0.746875 0.864583 0.746875 0.866667 0.745313 0.881250 0.745313 0.883333 0.740625 0.887500 0.737500 0.887500 0.735937
2 0.981250 0.792188 0.775000 0.810938 0.781250 0.842188 0.808333 0.843750 0.900000 0.971875 0.891667 0.987500 0.987500 0.989062
3 0.439583 0.014062 0.412500 0.012500 0.343750 0.407813 0.347917 0.435937 0.362500 0.426562
3 0.391667 0.668750 0.381250 0.715625 0.397917 0.717188 0.400000 0.756250 0.387500 0.778125 0.418750 0.782812 0.414583 0.809375 0.437500 0.835938 0.452083 0.918750 0.439583 0.928125 0.441667 0.964063 0.506250 0.989062 0.656250 0.987500 0.579167 0.803125 0.491667 0.817187 0.452083 0.701563 0.547917 0.685938 0.541667 0.676562 0.402083 0.678125
5 0.589583 0.015625 0.566667 0.092188 0.643750 0.107813 0.645833 0.098438 0.639583 0.092188 0.604167 0.084375 0.610417 0.051562 0.618750 0.050000 0.641667 0.056250 0.641667 0.042188 0.616667 0.035937 0.618750 0.021875 0.629167 0.020312 0.641667 0.023438 0.641667 0.015625
5 0.989583 0.037500 0.952083 0.140625 0.902083 0.239063 0.889583 0.240625 0.881250 0.264062 0.897917 0.268750 0.987500 0.275000 0.987500 0.250000 0.954167 0.243750 0.952083 0.239063 0.987500 0.181250
5 0.550000 0.140625 0.516667 0.281250 0.602083 0.296875 0.604167 0.284375 0.545833 0.275000 0.550000 0.254687 0.560417 0.246875 0.616667 0.257812 0.618750 0.246875 0.556250 0.232812 0.570833 0.225000 0.625000 0.234375 0.629167 0.225000 0.560417 0.209375 0.568750 0.198437 0.633333 0.209375 0.633333 0.200000 0.570833 0.189063 0.579167 0.160938 0.645833 0.171875 0.650000 0.157813
5 0.502083 0.325000 0.485417 0.425000 0.479167 0.426562 0.477083 0.439063 0.547917 0.445312 0.552083 0.429688 0.506250 0.423438 0.504167 0.418750 0.510417 0.409375 0.560417 0.414062 0.560417 0.407813 0.514583 0.401563 0.512500 0.395312 0.522917 0.387500 0.568750 0.396875 0.566667 0.389062 0.520833 0.382812 0.522917 0.371875 0.572917 0.378125 0.572917 0.368750 0.522917 0.360938 0.522917 0.340625 0.585417 0.345313 0.587500 0.332812
5 0.985417 0.400000 0.829167 0.403125 0.800000 0.482812 0.735417 0.582812 0.720833 0.590625 0.731250 0.607813 0.987500 0.578125 0.989583 0.551562 0.972917 0.550000 0.985417 0.531250 0.970833 0.534375 0.985417 0.431250 0.975000 0.431250 0.943750 0.481250 0.945833 0.465625 0.858333 0.470313 0.883333 0.429688 0.989583 0.428125
5 0.543750 0.450000 0.504167 0.445312 0.495833 0.496875 0.510417 0.545313 0.502083 0.531250 0.468750 0.531250 0.460417 0.504687 0.485417 0.503125 0.489583 0.496875 0.468750 0.495313 0.356250 0.503125 0.368750 0.550000 0.506250 0.542188 0.512500 0.548437
5 0.470833 0.507812 0.470833 0.517187 0.472917 0.518750 0.472917 0.526563 0.487500 0.526563 0.489583 0.525000 0.500000 0.525000 0.497917 0.523438 0.497917 0.521875 0.495833 0.520312 0.495833 0.517187 0.493750 0.515625 0.493750 0.514063 0.491667 0.512500 0.491667 0.509375 0.489583 0.507812 0.489583 0.506250 0.481250 0.506250 0.479167 0.507812
5 0.504167 0.546875 0.460417 0.550000 0.445833 0.571875 0.333333 0.585938 0.345833 0.593750 0.354167 0.642187 0.362500 0.635938 0.479167 0.623438 0.500000 0.581250 0.479167 0.642187 0.356250 0.657812 0.372917 0.718750 0.389583 0.665625 0.406250 0.671875 0.537500 0.670313 0.500000 0.601562 0.497917 0.575000 0.510417 0.559375
5 0.983333 0.589063 0.952083 0.585938 0.862500 0.600000 0.854167 0.612500 0.841667 0.607813 0.683333 0.623438 0.683333 0.646875 0.614583 0.754687 0.620833 0.770312 0.902083 0.718750 0.987500 0.720312 0.987500 0.698438 0.931250 0.700000 0.983333 0.637500
5 0.550000 0.693750 0.458333 0.706250 0.493750 0.792188 0.493750 0.809375 0.595833 0.793750 0.589583 0.779688 0.516667 0.787500 0.514583 0.771875 0.577083 0.757812 0.510417 0.765625 0.508333 0.754687 0.570833 0.739062 0.502083 0.748438 0.500000 0.735937 0.564583 0.725000 0.497917 0.734375 0.489583 0.714063 0.554167 0.704687
6 0.922917 0.093750 0.850000 0.121875 0.839583 0.095312 0.735417 0.190625 0.668750 0.185937 0.654167 0.160938 0.508333 0.581250 0.631250 0.867188 0.679167 0.803125 0.987500 0.787500 0.987500 0.748438 0.625000 0.776563 0.606250 0.760938 0.670833 0.620313 0.725000 0.615625 0.710417 0.590625 0.779167 0.496875 0.710417 0.406250 0.670833 0.462500 0.577083 0.428125 0.641667 0.239063 0.731250 0.223438 0.872917 0.267188 0.947917 0.126563
6 0.931250 0.281250 0.916667 0.314063 0.941667 0.325000 0.945833 0.331250 0.912500 0.392188 0.985417 0.392188 0.987500 0.285937
7 0.014583 0.014062 0.018750 0.245312 0.058333 0.271875 0.075000 0.309375 0.045833 0.350000 0.047917 0.376563 0.104167 0.398438 0.339583 0.410937 0.406250 0.012500
7 0.093750 0.737500 0.093750 0.775000 0.143750 0.782812 0.195833 0.809375 0.202083 0.753125 0.210417 0.754687 0.218750 0.765625 0.231250 0.756250 0.264583 0.759375 0.270833 0.765625 0.341667 0.748438 0.354167 0.748438 0.360417 0.756250 0.360417 0.739062 0.339583 0.746875 0.275000 0.731250 0.262500 0.732813 0.254167 0.740625 0.231250 0.740625 0.216667 0.734375 0.212500 0.746875 0.204167 0.750000 0.202083 0.703125 0.195833 0.690625 0.172917 0.707812 0.100000 0.731250
7 0.397917 0.785937 0.389583 0.785937 0.387500 0.787500 0.381250 0.787500 0.379167 0.789062 0.370833 0.789062 0.368750 0.790625 0.362500 0.790625 0.360417 0.792188 0.343750 0.793750 0.343750 0.796875 0.341667 0.798437 0.341667 0.826563 0.358333 0.828125 0.360417 0.829687 0.377083 0.831250 0.379167 0.832812 0.383333 0.814062 0.387500 0.810938 0.406250 0.807813 0.402083 0.801562 0.402083 0.796875 0.400000 0.795313
7 0.289583 0.851562 0.297917 0.939062 0.347917 0.950000 0.356250 0.985937 0.389583 0.984375 0.395833 0.960938 0.435417 0.973437 0.433333 0.929688 0.420833 0.929688 0.395833 0.910937 0.370833 0.865625
7 0.225000 0.878125 0.014583 0.892187 0.014583 0.987500 0.229167 0.989062
8 0.785417 0.012500 0.700000 0.015625 0.672917 0.057813 0.660417 0.107813 0.664583 0.139062 0.675000 0.154687 0.708333 0.156250 0.710417 0.168750 0.764583 0.167187 0.793750 0.151562 0.818750 0.117188 0.822917 0.092188 0.820833 0.051562 0.806250 0.023438
8 0.647917 0.242188 0.647917 0.265625 0.654167 0.273438 0.672917 0.275000 0.675000 0.276563 0.683333 0.276563 0.695833 0.279687 0.706250 0.279687 0.718750 0.282813 0.720833 0.281250 0.731250 0.281250 0.731250 0.278125 0.739583 0.270312 0.737500 0.245312 0.727083 0.245312 0.725000 0.243750 0.704167 0.242188 0.691667 0.239063 0.681250 0.239063 0.668750 0.235938 0.654167 0.235938
8 0.756250 0.248437 0.712500 0.364062 0.718750 0.370313 0.727083 0.351562 0.718750 0.428125 0.752083 0.446875 0.808333 0.437500 0.825000 0.396875 0.893750 0.396875 0.925000 0.332812 0.922917 0.326562 0.816667 0.271875
8 0.020833 0.268750 0.014583 0.554688 0.041667 0.553125 0.039583 0.576563 0.047917 0.550000 0.022917 0.501562 0.022917 0.490625 0.043750 0.467187 0.037500 0.453125 0.164583 0.420312 0.041667 0.390625 0.031250 0.382812 0.020833 0.348437 0.058333 0.310937 0.047917 0.300000 0.047917 0.284375
8 0.633333 0.287500 0.631250 0.296875 0.629167 0.298438 0.629167 0.312500 0.635417 0.318750 0.647917 0.318750 0.650000 0.320312 0.662500 0.320312 0.664583 0.321875 0.677083 0.321875 0.679167 0.323438 0.693750 0.323438 0.695833 0.325000 0.708333 0.325000 0.710417 0.326562 0.718750 0.321875 0.725000 0.307813 0.722917 0.306250 0.722917 0.293750 0.714583 0.289062 0.693750 0.289062 0.691667 0.287500 0.670833 0.287500 0.668750 0.285937 0.635417 0.285937
8 0.612500 0.335938 0.612500 0.350000 0.616667 0.354688 0.629167 0.354688 0.631250 0.356250 0.643750 0.356250 0.645833 0.357812 0.658333 0.357812 0.660417 0.359375 0.675000 0.359375 0.677083 0.360938 0.689583 0.360938 0.691667 0.362500 0.700000 0.357812 0.708333 0.356250 0.708333 0.340625 0.706250 0.337500 0.693750 0.329688 0.672917 0.329688 0.670833 0.328125 0.627083 0.326562
8 0.602083 0.370313 0.602083 0.381250 0.600000 0.382812 0.600000 0.387500 0.606250 0.392188 0.606250 0.393750 0.631250 0.395312 0.633333 0.396875 0.643750 0.396875 0.645833 0.398438 0.656250 0.398438 0.658333 0.400000 0.670833 0.400000 0.672917 0.401563 0.675000 0.400000 0.681250 0.400000 0.687500 0.389062 0.691667 0.385938 0.691667 0.376563 0.685417 0.370313 0.668750 0.370313 0.666667 0.368750 0.650000 0.368750 0.647917 0.367188 0.631250 0.367188 0.629167 0.365625 0.612500 0.365625
8 0.583333 0.417188 0.583333 0.423438 0.589583 0.435937 0.637500 0.437500 0.639583 0.439063 0.664583 0.439063 0.666667 0.440625 0.672917 0.437500 0.672917 0.417188 0.662500 0.410937 0.637500 0.409375 0.635417 0.407813 0.625000 0.407813 0.622917 0.406250 0.612500 0.406250 0.610417 0.404687 0.597917 0.404687 0.587500 0.410937
8 0.393750 0.810938 0.387500 0.812500 0.375000 0.843750 0.375000 0.851562 0.404167 0.909375 0.422917 0.925000 0.450000 0.918750 0.418750 0.810938
8 0.616667 0.851562 0.629167 0.898438 0.729167 0.884375 0.760417 0.846875 0.733333 0.896875 0.800000 0.984375 0.885417 0.984375 0.897917 0.975000 0.810417 0.846875 0.760417 0.846875 0.777083 0.840625 0.766667 0.810938 0.685417 0.815625 0.637500 0.878125
8 0.633333 0.903125 0.668750 0.987500 0.785417 0.984375 0.722917 0.892187
8 0.387500 0.985937 0.493750 0.987500 0.497917 0.989062 0.489583 0.987500 0.483333 0.984375 0.472917 0.982813 0.437500 0.971875 0.435417 0.975000 0.402083 0.964063 0.395833 0.975000 0.391667 0.978125 0.391667 0.984375