1 0.014583 0.395312 0.014583 0.854688 0.095833 0.848437 0.102083 0.826563 0.437500 0.818750 0.610417 0.643750 0.452083 0.648438 0.429167 0.607813 0.362500 0.598437 0.345833 0.556250 0.418750 0.550000 0.427083 0.500000 0.356250 0.500000 0.327083 0.525000 0.260417 0.535937 0.147917 0.532812 0.147917 0.400000
1 0.404167 0.856250 0.118750 0.873438 0.102083 0.990625 0.156250 0.989062 0.156250 0.967188 0.200000 0.964063 0.197917 0.989062 0.414583 0.989062 0.391667 0.973437 0.391667 0.964063 0.414583 0.945312
2 0.987500 0.440625 0.960417 0.435937 0.795833 0.584375 0.768750 0.640625 0.625000 0.643750 0.410417 0.854688 0.416667 0.942187 0.508333 0.879687 0.731250 0.904688 0.785417 0.859375 0.900000 0.875000 0.947917 0.912500 0.981250 0.900000
3 0.570833 0.237500 0.541667 0.300000 0.556250 0.293750 0.579167 0.310937 0.589583 0.395312 0.531250 0.492188 0.493750 0.506250 0.458333 0.490625 0.435417 0.553125 0.447917 0.540625 0.460417 0.553125 0.447917 0.635938 0.768750 0.637500 0.770833 0.607813 0.737500 0.623438 0.945833 0.442187 0.985417 0.426562 0.985417 0.359375 0.935417 0.281250
5 0.397917 0.970312 0.427083 0.989062 0.518750 0.987500 0.727083 0.909375 0.660417 0.909375 0.508333 0.885938 0.447917 0.928125 0.447917 0.939062 0.458333 0.948438 0.450000 0.950000 0.437500 0.932813 0.400000 0.960938
6 0.987500 0.910937 0.950000 0.920313 0.889583 0.882812 0.856250 0.881250 0.839583 0.868750 0.806250 0.864062 0.787500 0.867188 0.722917 0.920313 0.522917 0.987500 0.989583 0.990625
7 0.014583 0.010937 0.016667 0.379687 0.156250 0.392188 0.154167 0.525000 0.262500 0.531250 0.329167 0.465625 0.462500 0.467187 0.495833 0.500000 0.504167 0.476562 0.302083 0.451562 0.277083 0.382812 0.154167 0.379687 0.281250 0.378125 0.285417 0.400000 0.358333 0.410937 0.404167 0.381250 0.493750 0.392188 0.508333 0.354688 0.389583 0.343750 0.397917 0.307813 0.533333 0.304688 0.566667 0.231250 0.947917 0.289062 0.987500 0.251563 0.987500 0.010937
7 0.502083 0.432813 0.500000 0.432813 0.497917 0.434375 0.497917 0.435937 0.483333 0.446875 0.483333 0.448438 0.479167 0.451562 0.479167 0.453125 0.477083 0.454688 0.477083 0.456250 0.472917 0.460938 0.495833 0.460938 0.497917 0.462500 0.506250 0.462500 0.508333 0.464063 0.506250 0.462500 0.506250 0.453125 0.504167 0.451562 0.504167 0.434375
7 0.197917 0.964063 0.187500 0.964063 0.185417 0.965625 0.172917 0.965625 0.170833 0.967188 0.158333 0.967188 0.158333 0.989062 0.191667 0.989062 0.193750 0.990625 0.195833 0.990625 0.195833 0.965625
8 0.408333 0.306250 0.404167 0.314063 0.468750 0.317187 0.531250 0.326562 0.539583 0.317187 0.506250 0.384375 0.539583 0.342187 0.550000 0.376563 0.552083 0.410937 0.522917 0.445312 0.508333 0.435937 0.527083 0.476562 0.516667 0.485938 0.525000 0.489062 0.579167 0.400000 0.570833 0.317187 0.556250 0.303125 0.531250 0.312500 0.497917 0.314063
8 0.395833 0.340625 0.400000 0.342187 0.431250 0.342187 0.435417 0.345313 0.437500 0.343750 0.456250 0.343750 0.458333 0.345313 0.470833 0.345313 0.472917 0.346875 0.485417 0.346875 0.487500 0.348437 0.500000 0.348437 0.502083 0.350000 0.504167 0.348437 0.516667 0.348437 0.518750 0.350000 0.525000 0.337500 0.518750 0.340625 0.512500 0.340625 0.510417 0.339063 0.479167 0.339063 0.477083 0.337500 0.447917 0.337500 0.441667 0.332812 0.410417 0.334375 0.404167 0.329688 0.402083 0.331250 0.402083 0.335938
8 0.364583 0.400000 0.364583 0.407813 0.387500 0.409375 0.395833 0.414062 0.393750 0.425000 0.418750 0.423438 0.420833 0.418750 0.427083 0.417188 0.493750 0.429688 0.500000 0.423438 0.502083 0.415625 0.497917 0.398438 0.429167 0.393750 0.422917 0.387500 0.406250 0.387500 0.402083 0.395312 0.377083 0.401563