1 0.018750 0.026563 0.043750 0.190625 0.089583 0.187500 0.210417 0.151562 0.220833 0.085938 0.206250 0.075000 0.162500 0.057813 0.133333 0.037500
1 0.062500 0.225000 0.085417 0.276563 0.143750 0.281250 0.141667 0.246875 0.231250 0.254687 0.235417 0.245312 0.393750 0.265625 0.260417 0.176563 0.235417 0.165625 0.206250 0.171875
1 0.016667 0.240625 0.020833 0.351562 0.327083 0.368750 0.027083 0.365625 0.020833 0.985937 0.625000 0.978125 0.652083 0.909375 0.041667 0.939062 0.085417 0.543750 0.554167 0.554688 0.443750 0.506250 0.447917 0.443750 0.541667 0.435937 0.537500 0.407813 0.364583 0.414062 0.362500 0.515625 0.187500 0.514063 0.200000 0.403125 0.362500 0.409375 0.393750 0.342187 0.054167 0.318750
2 0.989583 0.090625 0.987500 0.010937 0.654167 0.015625 0.900000 0.075000
2 0.989583 0.165625 0.983333 0.165625 0.979167 0.168750 0.977083 0.167187 0.966667 0.167187 0.964583 0.168750 0.958333 0.168750 0.956250 0.170312 0.952083 0.170312 0.950000 0.171875 0.950000 0.185937 0.947917 0.187500 0.945833 0.187500 0.950000 0.187500 0.952083 0.189063 0.956250 0.189063 0.958333 0.190625 0.962500 0.190625 0.964583 0.192188 0.968750 0.192188 0.975000 0.195312 0.979167 0.195312 0.981250 0.196875 0.985417 0.196875 0.987500 0.198437 0.987500 0.168750 0.989583 0.167187
2 0.879167 0.798437 0.733333 0.903125 0.741667 0.915625 0.914583 0.868750
2 0.985417 0.950000 0.937500 0.954687 0.797917 0.976562 0.795833 0.985937 0.985417 0.987500
3 0.100000 0.548437 0.031250 0.864062 0.050000 0.931250 0.670833 0.900000 0.616667 0.704687 0.512500 0.714063 0.485417 0.673437 0.493750 0.592188 0.583333 0.582812 0.577083 0.557813
5 0.547917 0.043750 0.512500 0.034375 0.510417 0.020312 0.489583 0.012500 0.468750 0.017188 0.406250 0.015625 0.391667 0.034375 0.389583 0.054688 0.400000 0.062500 0.468750 0.064062 0.483333 0.060938 0.495833 0.042188
5 0.595833 0.014062 0.602083 0.053125 0.697917 0.100000 0.729167 0.135937 0.672917 0.129688 0.658333 0.150000 0.668750 0.193750 0.737500 0.262500 0.883333 0.300000 0.864583 0.323438 0.983333 0.501562 0.983333 0.201562 0.937500 0.189063 0.952083 0.167187 0.977083 0.162500 0.985417 0.092188
5 0.506250 0.048437 0.502083 0.053125 0.502083 0.070312 0.479167 0.087500 0.472917 0.096875 0.477083 0.112500 0.475000 0.143750 0.479167 0.167187 0.552083 0.178125 0.577083 0.065625
5 0.527083 0.321875 0.512500 0.346875 0.500000 0.340625 0.477083 0.337500 0.414583 0.337500 0.395833 0.362500 0.395833 0.375000 0.406250 0.401563 0.543750 0.406250 0.547917 0.403125
5 0.481250 0.443750 0.475000 0.448438 0.477083 0.454688 0.464583 0.473437 0.464583 0.500000 0.466667 0.506250 0.487500 0.523438 0.489583 0.535937 0.583333 0.534375 0.558333 0.443750
5 0.589583 0.584375 0.504167 0.587500 0.495833 0.592188 0.491667 0.618750 0.487500 0.620313 0.487500 0.673437 0.502083 0.685938 0.504167 0.704687 0.512500 0.712500 0.620833 0.703125
5 0.987500 0.739062 0.895833 0.793750 0.941667 0.870313 0.758333 0.912500 0.727083 0.934375 0.652083 0.960938 0.643750 0.984375 0.735417 0.985937 0.985417 0.946875
6 0.589583 0.051562 0.527083 0.300000 0.679167 0.925000 0.979167 0.734375 0.987500 0.545313 0.841667 0.320312 0.737500 0.264062 0.664583 0.190625 0.658333 0.143750 0.675000 0.126563 0.704167 0.131250 0.697917 0.107813
7 0.114583 0.026563 0.170833 0.048437 0.322917 0.132812 0.327083 0.142188 0.335417 0.142188 0.347917 0.154687 0.475000 0.164062 0.468750 0.121875 0.333333 0.046875
7 0.256250 0.106250 0.256250 0.118750 0.235417 0.128125 0.227083 0.153125 0.447917 0.298438 0.491667 0.296875 0.493750 0.307813 0.522917 0.307813 0.545833 0.179688 0.325000 0.156250 0.314583 0.139062
7 0.195833 0.200000 0.195833 0.217187 0.206250 0.217187 0.208333 0.218750 0.218750 0.218750 0.220833 0.220313 0.233333 0.220313 0.235417 0.221875 0.247917 0.221875 0.250000 0.223438 0.250000 0.220313 0.252083 0.218750 0.254167 0.210938 0.258333 0.206250 0.258333 0.203125 0.256250 0.201562 0.237500 0.201562 0.235417 0.200000 0.216667 0.200000 0.214583 0.198437 0.197917 0.198437
7 0.145833 0.251563 0.150000 0.284375 0.325000 0.296875 0.310417 0.281250 0.275000 0.260938
7 0.202083 0.403125 0.187500 0.512500 0.362500 0.514063 0.362500 0.410937
8 0.616667 0.320312 0.610417 0.323438 0.606250 0.331250 0.606250 0.350000 0.604167 0.351562 0.597917 0.348437 0.593750 0.348437 0.591667 0.367188 0.587500 0.375000 0.587500 0.389062 0.593750 0.393750 0.600000 0.393750 0.602083 0.395312 0.614583 0.385938 0.614583 0.382812 0.622917 0.370313 0.622917 0.365625 0.620833 0.364062 0.635417 0.354688 0.635417 0.350000 0.637500 0.348437 0.635417 0.346875 0.635417 0.337500 0.631250 0.331250
8 0.639583 0.370313 0.635417 0.370313 0.625000 0.375000 0.618750 0.387500 0.616667 0.401563 0.622917 0.414062 0.620833 0.415625 0.610417 0.414062 0.606250 0.421875 0.604167 0.450000 0.608333 0.456250 0.633333 0.448438 0.637500 0.423438 0.635417 0.417188 0.627083 0.417188 0.625000 0.415625 0.652083 0.406250 0.654167 0.379687
8 0.595833 0.398438 0.593750 0.398438 0.593750 0.400000 0.591667 0.401563 0.591667 0.406250 0.589583 0.407813 0.589583 0.414062 0.587500 0.415625 0.587500 0.439063 0.589583 0.439063 0.591667 0.437500 0.595833 0.437500 0.595833 0.421875 0.597917 0.420312 0.597917 0.417188 0.608333 0.409375 0.610417 0.409375 0.610417 0.407813 0.612500 0.406250 0.612500 0.403125 0.608333 0.403125 0.606250 0.401563 0.602083 0.401563