1 0.989583 0.160938 0.072917 0.150000 0.014583 0.109375 0.016667 0.225000 0.072917 0.250000 0.141667 0.987500 0.241667 0.989062 0.229167 0.609375 0.677083 0.598437 0.637500 0.550000 0.916667 0.593750 0.916667 0.539062 0.660417 0.543750 0.622917 0.503125 0.633333 0.403125 0.568750 0.400000 0.631250 0.376563 0.562500 0.365625 0.633333 0.365625 0.637500 0.262500 0.679167 0.228125 0.981250 0.231250
1 0.016667 0.232812 0.014583 0.989062 0.131250 0.989062 0.066667 0.250000
1 0.660417 0.603125 0.404167 0.610937 0.512500 0.609375 0.506250 0.685938 0.379167 0.678125 0.383333 0.612500 0.312500 0.615625 0.325000 0.909375 0.304167 0.615625 0.237500 0.614062 0.252083 0.989062 0.347917 0.987500 0.360417 0.937500 0.354167 0.987500 0.379167 0.987500 0.368750 0.904688 0.393750 0.956250 0.591667 0.951563 0.602083 0.843750 0.660417 0.840625 0.660417 0.770312 0.591667 0.760938 0.597917 0.665625 0.660417 0.670313
1 0.635417 0.676562 0.635417 0.692187 0.652083 0.692187 0.654167 0.693750 0.660417 0.693750 0.660417 0.679688 0.656250 0.679688 0.654167 0.678125 0.645833 0.678125 0.643750 0.676562
1 0.627083 0.732813 0.627083 0.751562 0.633333 0.751562 0.635417 0.753125 0.645833 0.753125 0.647917 0.754687 0.656250 0.754687 0.658333 0.756250 0.660417 0.756250 0.660417 0.732813
2 0.987500 0.529688 0.960417 0.529688 0.956250 0.545313 0.952083 0.543750 0.920833 0.543750 0.918750 0.548437 0.918750 0.593750 0.916667 0.595312 0.904167 0.595312 0.925000 0.606250 0.956250 0.600000 0.985417 0.596875 0.985417 0.535937
2 0.866667 0.617188 0.866667 0.637500 0.868750 0.637500 0.870833 0.639063 0.875000 0.639063 0.877083 0.640625 0.881250 0.640625 0.883333 0.642187 0.887500 0.642187 0.889583 0.643750 0.893750 0.643750 0.895833 0.645312 0.900000 0.645312 0.902083 0.646875 0.902083 0.642187 0.904167 0.640625 0.904167 0.634375 0.906250 0.632812 0.906250 0.626562 0.902083 0.626562 0.900000 0.625000 0.895833 0.625000 0.893750 0.623438 0.889583 0.623438 0.887500 0.621875 0.883333 0.621875 0.881250 0.620313 0.877083 0.620313 0.875000 0.618750 0.870833 0.618750 0.868750 0.617188
2 0.675000 0.742188 0.675000 0.753125 0.677083 0.754687 0.689583 0.756250 0.706250 0.760938 0.712500 0.760938 0.714583 0.762500 0.720833 0.762500 0.722917 0.764063 0.729167 0.764063 0.737500 0.767187 0.777083 0.771875 0.777083 0.756250 0.779167 0.754687 0.777083 0.753125 0.739583 0.743750 0.733333 0.743750 0.718750 0.739062 0.704167 0.739062 0.702083 0.740625
2 0.664583 0.775000 0.660417 0.835938 0.697917 0.835938 0.718750 0.865625 0.775000 0.867188 0.777083 0.787500
3 0.652083 0.245312 0.639583 0.262500 0.639583 0.348437 0.643750 0.337500 0.656250 0.351562 0.658333 0.415625 0.647917 0.423438 0.641667 0.417188 0.650000 0.450000 0.641667 0.468750 0.660417 0.542188 0.952083 0.537500 0.954167 0.525000 0.981250 0.525000 0.987500 0.232812 0.679167 0.229687
5 0.637500 0.551562 0.660417 0.564062 0.691667 0.631250 0.987500 0.687500 0.987500 0.642187 0.962500 0.634375 0.987500 0.637500 0.987500 0.604688 0.925000 0.609375 0.812500 0.575000 0.747917 0.564062 0.727083 0.568750 0.668750 0.551562
5 0.600000 0.665625 0.593750 0.760938 0.781250 0.785937 0.779167 0.773438 0.627083 0.753125 0.625000 0.732813 0.712500 0.732813 0.783333 0.750000 0.783333 0.712500 0.716667 0.698438 0.635417 0.693750 0.633333 0.676562 0.789583 0.695312 0.789583 0.687500
5 0.606250 0.840625 0.600000 0.909375 0.591667 0.910937 0.597917 0.987500 0.768750 0.985937 0.775000 0.873438 0.710417 0.873438 0.685417 0.842188
6 0.818750 0.657812 0.793750 0.692187 0.777083 0.987500 0.987500 0.987500 0.985417 0.745313 0.945833 0.690625 0.927083 0.678125
7 0.989583 0.010937 0.012500 0.014062 0.012500 0.093750 0.077083 0.143750 0.989583 0.153125
7 0.550000 0.198437 0.125000 0.203125 0.206250 0.248437 0.527083 0.246875
7 0.470833 0.360938 0.285417 0.364062 0.289583 0.484375 0.479167 0.481250
7 0.512500 0.610937 0.379167 0.614062 0.379167 0.676562 0.468750 0.676562 0.468750 0.656250 0.472917 0.653125 0.504167 0.653125 0.514583 0.657812
7 0.379167 0.706250 0.381250 0.789062 0.520833 0.784375 0.516667 0.706250
8 0.564583 0.365625 0.566667 0.378125 0.589583 0.379687 0.600000 0.371875 0.633333 0.376563 0.633333 0.390625 0.629167 0.393750 0.595833 0.395312 0.589583 0.390625 0.570833 0.390625 0.570833 0.400000 0.585417 0.400000 0.591667 0.396875 0.622917 0.398438 0.635417 0.403125 0.637500 0.410937 0.647917 0.421875 0.656250 0.415625 0.658333 0.389062 0.654167 0.351562 0.643750 0.339063 0.633333 0.367188 0.597917 0.370313 0.587500 0.365625
8 0.635417 0.465625 0.633333 0.467187 0.622917 0.468750 0.622917 0.484375 0.625000 0.485938 0.625000 0.503125 0.627083 0.504687 0.627083 0.506250 0.647917 0.521875 0.647917 0.484375 0.645833 0.482812 0.645833 0.479688 0.643750 0.478125 0.643750 0.475000 0.641667 0.473437 0.639583 0.465625
8 0.470833 0.656250 0.470833 0.681250 0.485417 0.681250 0.487500 0.682813 0.504167 0.682813 0.506250 0.684375 0.516667 0.676562 0.518750 0.676562 0.518750 0.664062 0.520833 0.662500 0.516667 0.659375 0.514583 0.659375 0.504167 0.654688 0.472917 0.654688