1 0.068750 0.010937 0.070833 0.043750 0.014583 0.045313 0.016667 0.831250 0.254167 0.806250 0.268750 0.987500 0.822917 0.982813 0.791667 0.459375 0.539583 0.473437 0.510417 0.404687 0.414583 0.395312 0.502083 0.384375 0.420833 0.356250 0.481250 0.337500 0.389583 0.334375 0.387500 0.262500 0.497917 0.282813 0.487500 0.159375 0.537500 0.160938 0.572917 0.054688 0.931250 0.118750 0.989583 0.084375 0.989583 0.014062
1 0.766667 0.131250 0.766667 0.134375 0.783333 0.146875 0.785417 0.157813 0.795833 0.164062 0.793750 0.181250 0.802083 0.190625 0.808333 0.192188 0.904167 0.134375 0.835417 0.120312 0.797917 0.117188 0.775000 0.117188
1 0.783333 0.285937 0.783333 0.287500 0.779167 0.292188 0.779167 0.332812 0.781250 0.334375 0.781250 0.337500 0.785417 0.337500 0.785417 0.325000 0.783333 0.323438
1 0.487500 0.309375 0.485417 0.309375 0.485417 0.310937 0.487500 0.312500 0.485417 0.314063 0.416667 0.314063 0.416667 0.315625 0.437500 0.315625 0.439583 0.317187 0.460417 0.317187 0.462500 0.318750 0.485417 0.318750 0.485417 0.317187 0.487500 0.315625
1 0.785417 0.357812 0.754167 0.354688 0.733333 0.365625 0.735417 0.390625 0.693750 0.429688 0.702083 0.445312 0.791667 0.437500
2 0.987500 0.096875 0.985417 0.096875 0.979167 0.101562 0.977083 0.101562 0.972917 0.104687 0.970833 0.104687 0.964583 0.109375 0.962500 0.109375 0.956250 0.114063 0.954167 0.114063 0.947917 0.118750 0.945833 0.118750 0.943750 0.120312 0.964583 0.120312 0.966667 0.118750 0.987500 0.118750
2 0.816667 0.190625 0.816667 0.193750 0.895833 0.212500 0.983333 0.226562 0.987500 0.229687 0.987500 0.245312 0.987500 0.142188 0.912500 0.137500
2 0.987500 0.250000 0.856250 0.254687 0.791667 0.284375 0.793750 0.337500 0.831250 0.339063 0.827083 0.364062 0.793750 0.359375 0.800000 0.435937 0.904167 0.448438 0.887500 0.470313 0.860417 0.450000 0.800000 0.457812 0.831250 0.982813 0.989583 0.984375
6 0.572917 0.056250 0.539583 0.162500 0.597917 0.146875 0.600000 0.181250 0.535417 0.190625 0.587500 0.206250 0.616667 0.179688 0.635417 0.214062 0.612500 0.256250 0.587500 0.226562 0.547917 0.226562 0.572917 0.251563 0.504167 0.265625 0.497917 0.284375 0.562500 0.295312 0.560417 0.318750 0.489583 0.310937 0.533333 0.312500 0.537500 0.343750 0.483333 0.337500 0.547917 0.345313 0.550000 0.370313 0.495833 0.365625 0.545833 0.389062 0.512500 0.404687 0.539583 0.471875 0.833333 0.448438 0.887500 0.468750 0.902083 0.448438 0.702083 0.446875 0.691667 0.429688 0.754167 0.353125 0.827083 0.362500 0.829167 0.339063 0.777083 0.332812 0.791667 0.271875 0.987500 0.248437 0.985417 0.229687 0.802083 0.192188 0.764583 0.131250 0.797917 0.115625 0.989583 0.142188 0.987500 0.120312 0.810417 0.085938 0.606250 0.081250
7 0.012500 0.010937 0.012500 0.021875 0.014583 0.023438 0.014583 0.035937 0.016667 0.037500 0.062500 0.037500 0.064583 0.039062 0.068750 0.039062 0.068750 0.037500 0.066667 0.035937 0.066667 0.010937
7 0.250000 0.812500 0.016667 0.835938 0.016667 0.989062 0.258333 0.987500
8 0.597917 0.148438 0.577083 0.165625 0.554167 0.168750 0.527083 0.159375 0.489583 0.159375 0.489583 0.190625 0.518750 0.193750 0.518750 0.225000 0.481250 0.229687 0.481250 0.245312 0.489583 0.245312 0.504167 0.259375 0.547917 0.259375 0.570833 0.251563 0.560417 0.239063 0.529167 0.229687 0.547917 0.225000 0.587500 0.225000 0.591667 0.242188 0.612500 0.254687 0.633333 0.214062 0.616667 0.181250 0.602083 0.182812 0.587500 0.207813 0.533333 0.190625 0.554167 0.187500 0.583333 0.196875 0.597917 0.181250
8 0.387500 0.264062 0.379167 0.317187 0.389583 0.332812 0.516667 0.335938 0.537500 0.342187 0.543750 0.334375 0.533333 0.314063 0.512500 0.323438 0.414583 0.314063 0.485417 0.312500 0.487500 0.307813 0.531250 0.309375 0.560417 0.317187 0.558333 0.293750 0.504167 0.285937 0.481250 0.287500 0.470833 0.265625
8 0.552083 0.370313 0.550000 0.368750 0.545833 0.345313 0.422917 0.346875 0.422917 0.356250 0.433333 0.359375 0.441667 0.359375 0.462500 0.364062 0.518750 0.364062
8 0.416667 0.395312 0.418750 0.393750 0.447917 0.393750 0.460417 0.396875 0.495833 0.400000 0.497917 0.401563 0.531250 0.404687 0.533333 0.406250 0.543750 0.392188 0.543750 0.389062 0.533333 0.381250 0.520833 0.387500 0.518750 0.385938 0.500000 0.385938 0.497917 0.384375 0.481250 0.384375 0.479167 0.382812 0.422917 0.379687