1 0.035417 0.014062 0.083333 0.259375 0.112500 0.300000 0.116667 0.253125 0.075000 0.014062
1 0.639583 0.082813 0.179167 0.057813 0.175000 0.014062 0.097917 0.014062 0.139583 0.295312 0.166667 0.292188 0.147917 0.332812 0.181250 0.507812 0.197917 0.473437 0.318750 0.479688 0.297917 0.467187 0.377083 0.429688 0.195833 0.423438 0.168750 0.178125 0.483333 0.196875 0.504167 0.185937 0.520833 0.206250 0.472917 0.101562 0.604167 0.117188 0.625000 0.139062
1 0.012500 0.148438 0.016667 0.989062 0.102083 0.989062 0.141667 0.845312 0.545833 0.831250 0.491667 0.825000 0.468750 0.765625 0.412500 0.784375 0.404167 0.695312 0.108333 0.700000 0.160417 0.515625 0.127083 0.378125 0.145833 0.518750 0.079167 0.682813 0.127083 0.532812 0.102083 0.534375 0.056250 0.332812 0.014583 0.332812 0.052083 0.315625
1 0.187500 0.512500 0.177083 0.512500 0.122917 0.695312 0.147917 0.696875
1 0.118750 0.946875 0.633333 0.925000 0.643750 0.900000 0.154167 0.931250 0.143750 0.926562 0.137500 0.881250
2 0.587500 0.015625 0.577083 0.076563 0.645833 0.079687 0.637500 0.137500 0.706250 0.115625 0.718750 0.129688 0.662500 0.160938 0.775000 0.140625 0.685417 0.181250 0.691667 0.209375 0.822917 0.173438 0.716667 0.226562 0.727083 0.262500 0.847917 0.221875 0.852083 0.245312 0.760417 0.278125 0.783333 0.309375 0.920833 0.267188 0.922917 0.295312 0.954167 0.298438 0.812500 0.345313 0.850000 0.417188 0.985417 0.375000 0.991667 0.010937
2 0.987500 0.400000 0.854167 0.445312 0.889583 0.501562 0.864583 0.551562 0.945833 0.546875 0.950000 0.575000 0.818750 0.582812 0.818750 0.592188 0.841667 0.595312 0.818750 0.645312 0.831250 0.679688 0.981250 0.712500
2 0.831250 0.706250 0.831250 0.720312 0.789583 0.796875 0.943750 0.839063 0.950000 0.859375 0.987500 0.812500 0.987500 0.750000
2 0.779167 0.818750 0.758333 0.848437 0.802083 0.945312 0.752083 0.848437 0.714583 0.850000 0.710417 0.856250 0.754167 0.985937 0.850000 0.982813 0.943750 0.867188
2 0.704167 0.857813 0.691667 0.876562 0.672917 0.868750 0.622917 0.943750 0.610417 0.981250 0.602083 0.982813 0.750000 0.987500
3 0.200000 0.478125 0.150000 0.698438 0.472917 0.690625 0.454167 0.546875 0.408333 0.545313 0.408333 0.534375 0.431250 0.528125 0.412500 0.529688 0.410417 0.517187 0.447917 0.515625 0.452083 0.543750 0.445833 0.485938
3 0.625000 0.931250 0.616667 0.926562 0.425000 0.940625 0.425000 0.985937 0.608333 0.981250
3 0.268750 0.945312 0.252083 0.945312 0.250000 0.946875 0.233333 0.946875 0.231250 0.948438 0.214583 0.948438 0.212500 0.950000 0.195833 0.950000 0.175000 0.953125 0.156250 0.953125 0.156250 0.956250 0.172917 0.989062 0.183333 0.987500 0.277083 0.987500 0.275000 0.985937
5 0.479167 0.107813 0.487500 0.145313 0.510417 0.162500 0.504167 0.112500 0.570833 0.129688 0.508333 0.121875 0.522917 0.184375 0.658333 0.215625 0.658333 0.237500 0.706250 0.239063 0.718750 0.214062 0.822917 0.182812 0.818750 0.173438 0.681250 0.220313 0.679167 0.178125 0.772917 0.148438 0.772917 0.140625 0.677083 0.179688 0.650000 0.148438 0.714583 0.128125 0.710417 0.120312 0.631250 0.145313 0.610417 0.126563 0.491667 0.098438
5 0.525000 0.207813 0.541667 0.285937 0.564583 0.270312 0.552083 0.295312 0.602083 0.389062 0.710417 0.415625 0.695833 0.459375 0.750000 0.556250 0.941667 0.570312 0.941667 0.553125 0.797917 0.551562 0.829167 0.439063 0.981250 0.390625 0.850000 0.418750 0.800000 0.339063 0.950000 0.306250 0.947917 0.293750 0.785417 0.332812 0.916667 0.295312 0.912500 0.275000 0.775000 0.314063 0.750000 0.278125 0.845833 0.245312 0.845833 0.225000 0.720833 0.270312 0.716667 0.229687 0.708333 0.243750
5 0.460417 0.212500 0.460417 0.218750 0.458333 0.220313 0.458333 0.303125 0.477083 0.307813 0.479167 0.285937 0.481250 0.284375 0.481250 0.275000 0.485417 0.262500 0.485417 0.251563 0.487500 0.250000 0.487500 0.240625 0.491667 0.228125 0.491667 0.215625
5 0.447917 0.484375 0.447917 0.487500 0.450000 0.489062 0.450000 0.493750 0.452083 0.495313 0.452083 0.500000 0.454167 0.501562 0.454167 0.504687 0.456250 0.506250 0.489583 0.506250 0.491667 0.507812 0.495833 0.507812 0.493750 0.506250 0.493750 0.501562 0.491667 0.500000 0.491667 0.495313 0.489583 0.493750 0.489583 0.489062 0.487500 0.487500 0.487500 0.484375
5 0.497917 0.512500 0.450000 0.518750 0.450000 0.526563 0.454167 0.535937 0.454167 0.543750 0.460417 0.562500 0.464583 0.587500 0.479167 0.587500 0.493750 0.584375 0.518750 0.582812 0.514583 0.575000 0.514583 0.568750 0.512500 0.567187 0.512500 0.560938 0.508333 0.553125 0.508333 0.546875 0.504167 0.539062
5 0.979167 0.721875 0.825000 0.685938 0.808333 0.654688 0.822917 0.603125 0.804167 0.596875 0.810417 0.579687 0.727083 0.578125 0.672917 0.596875 0.685417 0.673437 0.587500 0.723437 0.545833 0.839063 0.554167 0.865625 0.689583 0.870313 0.710417 0.848437 0.754167 0.843750 0.775000 0.810938 0.941667 0.860937 0.941667 0.842188 0.785417 0.795313 0.827083 0.701563 0.979167 0.735937
5 0.520833 0.590625 0.470833 0.596875 0.475000 0.684375 0.477083 0.685938 0.489583 0.684375 0.497917 0.679688 0.514583 0.679688 0.522917 0.676562 0.537500 0.675000
5 0.537500 0.707812 0.487500 0.712500 0.489583 0.768750 0.497917 0.823438 0.543750 0.821875 0.556250 0.795313
6 0.497917 0.192188 0.477083 0.404687 0.485417 0.434375 0.529167 0.426562 0.529167 0.450000 0.487500 0.450000 0.489583 0.459375 0.522917 0.459375 0.531250 0.446875 0.547917 0.467187 0.533333 0.487500 0.493750 0.484375 0.560417 0.792188 0.581250 0.725000 0.639583 0.693750 0.675000 0.571875 0.743750 0.564062 0.704167 0.496875 0.643750 0.492188 0.627083 0.450000 0.681250 0.454688 0.616667 0.439063 0.608333 0.409375 0.652083 0.406250 0.604167 0.398438
6 0.862500 0.478125 0.835417 0.478125 0.831250 0.485938 0.831250 0.496875 0.806250 0.551562 0.858333 0.546875 0.860417 0.540625 0.883333 0.506250 0.881250 0.498437
7 0.225000 0.043750 0.575000 0.062500 0.587500 0.012500 0.218750 0.010937
7 0.177083 0.182812 0.202083 0.417188 0.460417 0.425000 0.468750 0.314063 0.450000 0.304688 0.456250 0.207813 0.487500 0.209375 0.487500 0.200000
7 0.445833 0.515625 0.431250 0.515625 0.429167 0.517187 0.412500 0.517187 0.412500 0.528125 0.422917 0.528125 0.425000 0.526563 0.431250 0.526563 0.433333 0.528125 0.431250 0.529688 0.420833 0.531250 0.414583 0.534375 0.410417 0.534375 0.410417 0.545313 0.452083 0.545313 0.450000 0.543750 0.450000 0.540625 0.447917 0.539062 0.447917 0.535937 0.443750 0.529688 0.443750 0.526563 0.445833 0.525000
7 0.364583 0.707812 0.204167 0.710938 0.187500 0.800000 0.362500 0.789062
7 0.660417 0.865625 0.556250 0.878125 0.543750 0.843750 0.137500 0.853125 0.154167 0.929688 0.650000 0.893750
8 0.127083 0.225000 0.127083 0.234375 0.125000 0.235938 0.125000 0.243750 0.122917 0.245312 0.122917 0.253125 0.120833 0.254687 0.120833 0.262500 0.118750 0.264062 0.118750 0.273438 0.116667 0.275000 0.116667 0.282813 0.114583 0.284375 0.114583 0.292188 0.125000 0.300000
8 0.083333 0.268750 0.079167 0.285937 0.091667 0.304688 0.079167 0.306250 0.081250 0.320312 0.018750 0.315625 0.016667 0.332812 0.025000 0.326562 0.077083 0.329688 0.087500 0.343750 0.108333 0.348437 0.095833 0.401563 0.114583 0.418750 0.131250 0.362500 0.145833 0.417188 0.160417 0.401563 0.137500 0.346875 0.137500 0.323438 0.160417 0.315625 0.158333 0.295312 0.116667 0.310937
8 0.527083 0.450000 0.522917 0.423438 0.512500 0.435937 0.435417 0.440625 0.410417 0.426562 0.404167 0.426562 0.364583 0.439063 0.408333 0.453125 0.454167 0.445312 0.518750 0.445312
8 0.308333 0.464063 0.347917 0.481250 0.383333 0.473437 0.527083 0.476562 0.531250 0.462500 0.387500 0.465625 0.347917 0.450000
8 0.354167 0.542188 0.343750 0.534375 0.329167 0.534375 0.325000 0.537500 0.322917 0.537500 0.316667 0.542188 0.300000 0.542188 0.300000 0.548437 0.302083 0.548437 0.304167 0.546875 0.345833 0.546875 0.347917 0.545313 0.350000 0.545313 0.352083 0.543750 0.354167 0.543750
8 0.381250 0.560938 0.358333 0.576563 0.345833 0.571875 0.329167 0.568750 0.327083 0.589063 0.316667 0.610937 0.316667 0.615625 0.331250 0.615625 0.354167 0.604688 0.385417 0.601562 0.383333 0.598437
8 0.275000 0.576563 0.256250 0.576563 0.250000 0.581250 0.247917 0.581250 0.237500 0.589063 0.235417 0.593750 0.231250 0.596875 0.231250 0.598437 0.229167 0.600000 0.229167 0.603125 0.231250 0.604688 0.235417 0.612500 0.241667 0.612500 0.243750 0.610937 0.247917 0.610937 0.250000 0.609375 0.256250 0.609375 0.260417 0.606250 0.275000 0.601562 0.275000 0.600000 0.281250 0.595312 0.281250 0.584375
8 0.354167 0.640625 0.350000 0.640625 0.347917 0.642187 0.337500 0.643750 0.335417 0.645312 0.333333 0.645312 0.331250 0.646875 0.327083 0.646875 0.325000 0.648438 0.325000 0.660937 0.322917 0.662500 0.322917 0.675000 0.320833 0.676562 0.320833 0.687500 0.325000 0.687500 0.327083 0.685938 0.331250 0.685938 0.333333 0.684375 0.337500 0.684375 0.339583 0.682813 0.345833 0.682813 0.347917 0.681250 0.352083 0.681250 0.352083 0.643750 0.354167 0.642187
8 0.210417 0.650000 0.210417 0.657812 0.212500 0.659375 0.212500 0.660937 0.214583 0.660937 0.216667 0.659375 0.252083 0.659375 0.252083 0.651563 0.247917 0.651563 0.245833 0.650000
8 0.537500 0.679688 0.493750 0.682813 0.472917 0.706250 0.435417 0.707812 0.414583 0.693750 0.416667 0.778125 0.443750 0.756250 0.489583 0.771875 0.485417 0.712500 0.537500 0.704687
8 0.412500 0.939062 0.277083 0.946875 0.275000 0.956250 0.281250 0.985937 0.283333 0.987500 0.422917 0.985937