1 0.414583 0.595312 0.350000 0.589063 0.016667 0.601562 0.016667 0.673437 0.214583 0.667188 0.018750 0.676562 0.014583 0.775000 0.045833 0.770312 0.068750 0.698438 0.087500 0.704687 0.100000 0.693750 0.179167 0.692187 0.187500 0.670313 0.285417 0.668750 0.287500 0.685938 0.375000 0.673437 0.387500 0.612500 0.414583 0.606250
1 0.406250 0.623438 0.406250 0.635938 0.404167 0.637500 0.404167 0.648438 0.406250 0.650000 0.416667 0.650000 0.418750 0.651563 0.420833 0.650000 0.422917 0.650000 0.425000 0.648438 0.429167 0.648438 0.427083 0.646875 0.427083 0.642187 0.425000 0.640625 0.425000 0.635938 0.422917 0.634375 0.422917 0.629687 0.420833 0.628125 0.420833 0.623438
2 0.989583 0.010937 0.775000 0.014062 0.941667 0.031250 0.952083 0.053125 0.887500 0.045313 0.850000 0.198437 0.895833 0.229687 0.785417 0.235938 0.868750 0.245312 0.877083 0.268750 0.812500 0.268750 0.787500 0.381250 0.833333 0.407813 0.747917 0.414062 0.829167 0.445312 0.768750 0.464063 0.758333 0.551562 0.785417 0.573438 0.735417 0.576563 0.779167 0.595312 0.729167 0.606250 0.718750 0.675000 0.758333 0.700000 0.654167 0.703125 0.654167 0.721875 0.716667 0.726562 0.712500 0.748438 0.612500 0.750000 0.708333 0.951563 0.695833 0.985937 0.989583 0.987500
2 0.795833 0.040625 0.791667 0.056250 0.772917 0.057813 0.764583 0.064062 0.743750 0.153125 0.743750 0.175000 0.747917 0.178125 0.804167 0.181250 0.808333 0.192188 0.822917 0.198437 0.862500 0.042188 0.847917 0.042188 0.835417 0.046875
2 0.739583 0.264062 0.739583 0.273438 0.735417 0.278125 0.712500 0.279687 0.702083 0.351562 0.754167 0.348437 0.762500 0.362500 0.750000 0.365625 0.772917 0.378125 0.795833 0.264062
2 0.750000 0.439063 0.743750 0.431250 0.722917 0.412500 0.693750 0.414062 0.691667 0.415625 0.679167 0.415625 0.677083 0.417188 0.664583 0.417188 0.662500 0.418750 0.647917 0.418750 0.647917 0.420312 0.670833 0.437500 0.743750 0.437500 0.745833 0.439063
2 0.675000 0.468750 0.679167 0.475000 0.675000 0.481250 0.675000 0.492188 0.668750 0.495313 0.668750 0.500000 0.672917 0.498437 0.722917 0.498437 0.727083 0.506250 0.720833 0.514063 0.716667 0.515625 0.733333 0.532812 0.737500 0.534375 0.750000 0.460938 0.745833 0.459375 0.700000 0.459375 0.693750 0.468750
2 0.666667 0.600000 0.666667 0.606250 0.658333 0.610937 0.647917 0.610937 0.647917 0.615625 0.695833 0.615625 0.697917 0.617188 0.697917 0.621875 0.693750 0.626562 0.693750 0.629687 0.687500 0.631250 0.687500 0.634375 0.702083 0.656250 0.704167 0.645312 0.706250 0.643750 0.706250 0.632812 0.708333 0.631250 0.710417 0.603125 0.708333 0.601562
2 0.625000 0.700000 0.622917 0.701563 0.622917 0.703125 0.625000 0.704687 0.625000 0.707812 0.627083 0.709375 0.627083 0.712500 0.629167 0.714063 0.629167 0.717188 0.631250 0.718750 0.631250 0.721875 0.637500 0.721875 0.637500 0.715625 0.639583 0.714063 0.639583 0.707812 0.641667 0.706250 0.641667 0.700000
3 0.014583 0.339063 0.016667 0.459375 0.231250 0.456250 0.235417 0.432813 0.220833 0.337500 0.020833 0.334375
3 0.695833 0.951563 0.608333 0.751562 0.375000 0.762500 0.347917 0.731250 0.354167 0.682813 0.072917 0.704687 0.037500 0.821875 0.047917 0.837500 0.014583 0.882812 0.014583 0.989062 0.689583 0.989062
5 0.418750 0.015625 0.416667 0.201562 0.885417 0.220313 0.831250 0.206250 0.877083 0.042188 0.822917 0.206250 0.797917 0.185937 0.762500 0.193750 0.800000 0.203125 0.756250 0.201562 0.735417 0.176563 0.762500 0.054688 0.791667 0.035937 0.941667 0.032812 0.589583 0.012500 0.650000 0.025000 0.631250 0.084375 0.422917 0.060938 0.422917 0.142188 0.622917 0.140625 0.652083 0.196875 0.427083 0.193750
5 0.866667 0.253125 0.631250 0.218750 0.560417 0.225000 0.568750 0.240625 0.572917 0.226562 0.614583 0.228125 0.597917 0.246875 0.408333 0.253125 0.397917 0.370313 0.589583 0.350000 0.637500 0.392188 0.575000 0.396875 0.545833 0.357812 0.564583 0.398438 0.416667 0.406250 0.400000 0.373437 0.406250 0.410937 0.825000 0.404687 0.781250 0.384375 0.810417 0.265625 0.775000 0.381250 0.752083 0.356250 0.695833 0.357812 0.772917 0.393750 0.681250 0.392188 0.706250 0.273438 0.729167 0.257812
5 0.816667 0.451562 0.781250 0.448438 0.735417 0.409375 0.768750 0.445312 0.670833 0.442187 0.650000 0.409375 0.595833 0.407813 0.577083 0.450000 0.406250 0.465625 0.391667 0.507812 0.408333 0.468750 0.579167 0.456250 0.575000 0.498437 0.389583 0.510938 0.391667 0.559375 0.560417 0.529688 0.606250 0.556250 0.408333 0.585938 0.391667 0.562500 0.397917 0.590625 0.593750 0.565625 0.783333 0.570312 0.745833 0.553125 0.760417 0.460938 0.735417 0.543750 0.718750 0.503125 0.668750 0.503125 0.737500 0.556250 0.650000 0.557813 0.670833 0.456250
5 0.566667 0.540625 0.566667 0.545313 0.564583 0.546875 0.564583 0.551562 0.562500 0.553125 0.562500 0.559375 0.568750 0.559375 0.570833 0.557813 0.575000 0.557813 0.577083 0.556250 0.589583 0.556250 0.591667 0.554688 0.600000 0.554688 0.595833 0.551562 0.595833 0.550000 0.593750 0.548437 0.593750 0.546875 0.591667 0.545313 0.591667 0.543750 0.589583 0.542188 0.581250 0.542188 0.579167 0.540625 0.577083 0.540625 0.575000 0.539062 0.568750 0.539062
5 0.770833 0.589063 0.739583 0.589063 0.725000 0.573438 0.731250 0.589063 0.564583 0.573438 0.552083 0.592188 0.402083 0.614062 0.381250 0.692187 0.547917 0.660937 0.597917 0.684375 0.410417 0.714063 0.385417 0.695312 0.391667 0.720312 0.364583 0.707812 0.377083 0.679688 0.360417 0.679688 0.360417 0.737500 0.377083 0.757812 0.456250 0.748438 0.379167 0.753125 0.372917 0.739062 0.437500 0.721875 0.393750 0.718750 0.525000 0.701563 0.541667 0.721875 0.520833 0.728125 0.585417 0.726562 0.550000 0.696875 0.691667 0.692187 0.625000 0.684375 0.637500 0.598437
5 0.639583 0.626562 0.639583 0.629687 0.666667 0.629687 0.672917 0.632812 0.702083 0.682813 0.695833 0.692187 0.743750 0.693750 0.743750 0.689062 0.716667 0.687500 0.706250 0.675000 0.720833 0.600000 0.716667 0.601562 0.700000 0.668750 0.677083 0.632812 0.679167 0.629687 0.687500 0.629687 0.689583 0.621875 0.650000 0.621875
6 0.450000 0.017188 0.447917 0.062500 0.464583 0.065625 0.470833 0.071875 0.545833 0.076563 0.547917 0.037500 0.552083 0.015625 0.452083 0.015625
6 0.445833 0.145313 0.443750 0.150000 0.443750 0.187500 0.527083 0.189063 0.533333 0.190625 0.535417 0.168750 0.539583 0.156250 0.539583 0.143750 0.527083 0.143750 0.525000 0.142188 0.512500 0.142188 0.510417 0.140625 0.497917 0.140625 0.481250 0.137500 0.466667 0.137500
6 0.441667 0.207813 0.443750 0.209375 0.443750 0.217187 0.445833 0.218750 0.441667 0.225000 0.441667 0.245312 0.447917 0.245312 0.450000 0.243750 0.531250 0.243750 0.531250 0.209375 0.522917 0.209375 0.520833 0.207813
6 0.527083 0.260938 0.514583 0.260938 0.512500 0.262500 0.500000 0.262500 0.497917 0.264062 0.450000 0.264062 0.443750 0.265625 0.441667 0.268750 0.439583 0.306250 0.445833 0.304688 0.506250 0.304688 0.508333 0.303125 0.522917 0.303125 0.525000 0.262500
6 0.520833 0.359375 0.500000 0.360938 0.487500 0.364062 0.477083 0.364062 0.464583 0.367188 0.454167 0.367188 0.437500 0.371875 0.435417 0.376563 0.435417 0.403125 0.437500 0.401563 0.466667 0.401563 0.468750 0.400000 0.518750 0.398438 0.518750 0.362500
6 0.514583 0.412500 0.481250 0.414062 0.479167 0.415625 0.435417 0.415625 0.433333 0.417188 0.431250 0.460938 0.456250 0.459375 0.458333 0.457812 0.468750 0.457812 0.470833 0.456250 0.481250 0.456250 0.483333 0.454688 0.493750 0.454688 0.495833 0.453125 0.510417 0.453125 0.510417 0.434375 0.512500 0.432813 0.512500 0.414062
6 0.512500 0.467187 0.475000 0.468750 0.472917 0.470313 0.454167 0.470313 0.452083 0.471875 0.433333 0.471875 0.429167 0.476562 0.429167 0.506250 0.447917 0.506250 0.450000 0.504687 0.468750 0.504687 0.470833 0.503125 0.508333 0.501562 0.508333 0.485938 0.510417 0.484375 0.510417 0.468750
6 0.504167 0.543750 0.497917 0.543750 0.495833 0.545313 0.489583 0.545313 0.487500 0.546875 0.456250 0.551562 0.447917 0.554688 0.425000 0.557813 0.422917 0.559375 0.420833 0.578125 0.429167 0.578125 0.431250 0.576563 0.439583 0.576563 0.441667 0.575000 0.452083 0.575000 0.454167 0.573438 0.462500 0.573438 0.464583 0.571875 0.472917 0.571875 0.475000 0.570312 0.487500 0.570312 0.489583 0.571875 0.491667 0.570312 0.510417 0.570312 0.508333 0.568750 0.508333 0.560938 0.506250 0.559375
6 0.504167 0.584375 0.500000 0.584375 0.497917 0.585938 0.489583 0.585938 0.487500 0.587500 0.481250 0.587500 0.479167 0.589063 0.468750 0.589063 0.466667 0.590625 0.447917 0.590625 0.445833 0.592188 0.420833 0.593750 0.420833 0.606250 0.439583 0.606250 0.441667 0.604688 0.475000 0.603125 0.477083 0.601562 0.483333 0.601562 0.485417 0.600000 0.500000 0.598437
6 0.497917 0.612500 0.489583 0.614062 0.487500 0.615625 0.466667 0.617188 0.464583 0.618750 0.427083 0.620313 0.427083 0.626562 0.429167 0.628125 0.429167 0.634375 0.431250 0.635938 0.431250 0.640625 0.433333 0.642187 0.433333 0.648438 0.439583 0.648438 0.441667 0.646875 0.445833 0.646875 0.454167 0.643750 0.460417 0.643750 0.462500 0.642187 0.468750 0.642187 0.470833 0.640625 0.495833 0.640625
6 0.491667 0.676562 0.487500 0.676562 0.485417 0.678125 0.481250 0.678125 0.479167 0.679688 0.475000 0.679688 0.472917 0.681250 0.468750 0.681250 0.466667 0.682813 0.462500 0.682813 0.460417 0.684375 0.456250 0.684375 0.450000 0.687500 0.445833 0.687500 0.443750 0.689062 0.439583 0.689062 0.439583 0.693750 0.441667 0.695312 0.441667 0.700000 0.443750 0.701563 0.443750 0.704687 0.456250 0.704687 0.458333 0.703125 0.468750 0.703125 0.470833 0.701563 0.479167 0.701563 0.481250 0.700000 0.491667 0.700000
6 0.450000 0.718750 0.470833 0.756250 0.708333 0.740625 0.702083 0.729688 0.485417 0.735937 0.487500 0.712500
7 0.014583 0.014062 0.020833 0.326562 0.225000 0.332812 0.250000 0.429688 0.250000 0.378125 0.312500 0.376563 0.264583 0.345313 0.266667 0.329688 0.287500 0.334375 0.270833 0.220313 0.281250 0.201562 0.364583 0.206250 0.370833 0.170312 0.293750 0.167187 0.293750 0.154687 0.312500 0.154687 0.322917 0.101562 0.302083 0.098438 0.285417 0.053125 0.347917 0.045313 0.381250 0.015625
7 0.279167 0.225000 0.281250 0.278125 0.283333 0.281250 0.297917 0.282813 0.283333 0.284375 0.285417 0.321875 0.341667 0.331250 0.347917 0.287500 0.350000 0.229687
7 0.304167 0.334375 0.304167 0.353125 0.310417 0.353125 0.312500 0.354688 0.318750 0.354688 0.320833 0.356250 0.329167 0.356250 0.331250 0.357812 0.337500 0.357812 0.339583 0.359375 0.347917 0.359375 0.350000 0.360938 0.350000 0.339063 0.347917 0.337500 0.333333 0.337500 0.331250 0.335938 0.316667 0.335938 0.314583 0.334375
7 0.254167 0.385938 0.258333 0.437500 0.260417 0.440625 0.279167 0.440625 0.283333 0.442187 0.283333 0.415625 0.289583 0.412500 0.327083 0.412500 0.325000 0.410937 0.322917 0.385938
7 0.016667 0.482812 0.018750 0.600000 0.387500 0.584375 0.381250 0.532812 0.352083 0.531250 0.341667 0.484375
7 0.281250 0.673437 0.187500 0.675000 0.183333 0.676562 0.183333 0.690625 0.185417 0.689062 0.216667 0.689062 0.218750 0.687500 0.281250 0.685938