1 0.014583 0.014062 0.014583 0.132812 0.070833 0.137500 0.052083 0.014062
1 0.020833 0.345313 0.331250 0.348437 0.350000 0.328125 0.527083 0.310937 0.527083 0.239063 0.550000 0.210938 0.677083 0.218750 0.681250 0.207813 0.014583 0.170312
1 0.016667 0.350000 0.016667 0.412500 0.068750 0.412500 0.087500 0.353125 0.277083 0.359375 0.283333 0.412500 0.356250 0.410937 0.368750 0.400000 0.458333 0.387500 0.352083 0.393750 0.337500 0.385938 0.331250 0.351562
2 0.750000 0.015625 0.691667 0.181250 0.683333 0.262500 0.725000 0.265625 0.731250 0.281250 0.785417 0.306250 0.777083 0.343750 0.789583 0.357812 0.768750 0.404687 0.985417 0.681250 0.989583 0.010937
2 0.741667 0.012500 0.608333 0.014062 0.593750 0.017188 0.583333 0.040625 0.556250 0.037500 0.466667 0.046875 0.468750 0.071875 0.500000 0.101562 0.502083 0.114063 0.487500 0.123438 0.489583 0.129688 0.508333 0.131250 0.537500 0.154687 0.543750 0.167187 0.672917 0.173438 0.685417 0.181250
3 0.775000 0.407813 0.020833 0.418750 0.018750 0.984375 0.745833 0.929688 0.787500 0.910937 0.872917 0.809375 0.985417 0.785937 0.983333 0.721875
5 0.552083 0.215625 0.535417 0.235938 0.529167 0.292188 0.535417 0.314063 0.558333 0.312500 0.566667 0.301562 0.562500 0.314063 0.570833 0.315625 0.593750 0.368750 0.581250 0.390625 0.602083 0.407813 0.722917 0.406250 0.756250 0.398438 0.775000 0.343750 0.645833 0.339063 0.631250 0.309375 0.660417 0.282813 0.572917 0.279687 0.672917 0.276563 0.720833 0.284375 0.722917 0.270312 0.672917 0.265625 0.687500 0.223438
5 0.477083 0.315625 0.466667 0.314063 0.356250 0.331250 0.341667 0.346875 0.345833 0.381250 0.352083 0.382812 0.356250 0.387500 0.366667 0.387500 0.481250 0.371875 0.468750 0.340625 0.468750 0.332812 0.475000 0.325000
5 0.987500 0.798437 0.872917 0.810938 0.795833 0.926562 0.768750 0.925000 0.435417 0.985937 0.989583 0.989062
7 0.075000 0.415625 0.277083 0.418750 0.277083 0.365625 0.093750 0.357812
8 0.231250 0.189063 0.231250 0.209375 0.237500 0.209375 0.239583 0.210938 0.247917 0.210938 0.250000 0.212500 0.258333 0.212500 0.260417 0.214062 0.268750 0.214062 0.270833 0.215625 0.270833 0.209375 0.272917 0.207813 0.272917 0.200000 0.275000 0.198437 0.275000 0.192188 0.272917 0.190625 0.252083 0.190625 0.250000 0.189063
8 0.637500 0.310937 0.639583 0.318750 0.658333 0.303125 0.660417 0.304688 0.650000 0.337500 0.664583 0.342187 0.768750 0.343750 0.779167 0.315625 0.777083 0.307813 0.752083 0.289062 0.664583 0.278125 0.664583 0.289062 0.656250 0.296875 0.650000 0.296875
8 0.481250 0.317187 0.477083 0.331250 0.477083 0.343750 0.489583 0.382812 0.581250 0.385938 0.587500 0.367188 0.568750 0.317187