1 0.016667 0.110937 0.041667 0.698438 0.068750 0.695312 0.058333 0.557813 0.335417 0.539062 0.325000 0.521875 0.387500 0.501562 0.041667 0.506250 0.029167 0.309375 0.281250 0.304688 0.350000 0.289062 0.329167 0.265625 0.047917 0.260938 0.022917 0.223438
1 0.635417 0.767187 0.502083 0.660937 0.470833 0.673437 0.445833 0.664062 0.020833 0.714063 0.018750 0.832812
1 0.750000 0.923437 0.818750 0.984375 0.931250 0.985937 0.820833 0.907812
1 0.810417 0.982813 0.747917 0.931250 0.320833 0.987500
2 0.893750 0.346875 0.883333 0.354688 0.927083 0.371875 0.962500 0.417188 0.756250 0.431250 0.752083 0.517187 0.916667 0.534375 0.914583 0.560938 0.695833 0.554688 0.516667 0.603125 0.518750 0.645312 0.989583 0.954687 0.985417 0.351562
2 0.600000 0.526563 0.595833 0.528125 0.589583 0.528125 0.587500 0.529688 0.570833 0.531250 0.568750 0.532812 0.560417 0.532812 0.558333 0.534375 0.552083 0.534375 0.550000 0.535937 0.541667 0.535937 0.539583 0.537500 0.533333 0.537500 0.531250 0.539062 0.514583 0.540625 0.512500 0.542188 0.512500 0.553125 0.520833 0.551562 0.531250 0.546875 0.535417 0.546875 0.541667 0.543750 0.545833 0.543750 0.566667 0.535937 0.570833 0.535937 0.577083 0.532812 0.581250 0.532812 0.591667 0.528125
2 0.508333 0.651563 0.506250 0.660937 0.645833 0.765625 0.660417 0.790625 0.641667 0.914062 0.810417 0.893750 0.935417 0.982813 0.987500 0.970312
3 0.027083 0.101562 0.033333 0.234375 0.047917 0.259375 0.368750 0.259375 0.397917 0.209375 0.287500 0.189063 0.283333 0.151562 0.289583 0.129688 0.304167 0.115625
3 0.502083 0.542188 0.379167 0.570312 0.360417 0.545313 0.341667 0.540625 0.075000 0.564062 0.077083 0.690625 0.504167 0.659375 0.502083 0.606250 0.402083 0.631250 0.377083 0.601562 0.387500 0.587500 0.502083 0.554688
3 0.645833 0.821875 0.422917 0.846875 0.427083 0.942187 0.439583 0.943750 0.635417 0.917188
3 0.416667 0.850000 0.360417 0.853125 0.366667 0.950000 0.368750 0.951563 0.420833 0.945312
5 0.318750 0.015625 0.318750 0.031250 0.383333 0.046875 0.389583 0.050000 0.414583 0.056250 0.414583 0.050000 0.412500 0.048437 0.335417 0.026563 0.333333 0.023438 0.341667 0.012500 0.322917 0.012500
5 0.372917 0.014062 0.375000 0.014062 0.377083 0.015625 0.379167 0.015625 0.381250 0.017188 0.383333 0.017188 0.385417 0.018750 0.389583 0.018750 0.391667 0.020312 0.393750 0.020312 0.395833 0.021875 0.397917 0.021875 0.400000 0.023438 0.404167 0.023438 0.406250 0.025000 0.408333 0.025000 0.410417 0.026563 0.412500 0.026563 0.414583 0.028125 0.414583 0.020312 0.410417 0.017188 0.408333 0.017188 0.406250 0.015625 0.404167 0.015625 0.402083 0.014062 0.400000 0.014062 0.397917 0.012500 0.385417 0.012500 0.383333 0.014062
5 0.312500 0.043750 0.308333 0.109375 0.418750 0.145313 0.437500 0.107813 0.433333 0.328125 0.693750 0.340625 0.710417 0.375000 0.583333 0.401563 0.562500 0.498437 0.360417 0.542188 0.558333 0.492188 0.554167 0.448438 0.329167 0.528125 0.383333 0.564062 0.622917 0.509375 0.627083 0.451562 0.639583 0.523438 0.383333 0.595312 0.406250 0.623438 0.754167 0.535937 0.908333 0.551562 0.752083 0.520312 0.750000 0.440625 0.952083 0.417188 0.812500 0.400000 0.887500 0.339063 0.985417 0.345313 0.893750 0.301562 0.875000 0.184375 0.981250 0.165625 0.464583 0.070312 0.968750 0.156250 0.814583 0.125000 0.985417 0.087500 0.860417 0.075000 0.856250 0.014062 0.420833 0.012500 0.418750 0.073437
5 0.302083 0.121875 0.291667 0.162500 0.291667 0.190625 0.400000 0.206250 0.422917 0.156250
5 0.377083 0.298438 0.293750 0.304688 0.304167 0.368750 0.358333 0.364062 0.358333 0.346875 0.362500 0.343750 0.364583 0.364062 0.368750 0.364062 0.370833 0.326562 0.377083 0.321875 0.375000 0.309375
5 0.302083 0.392188 0.304167 0.403125 0.310417 0.414062 0.310417 0.429688 0.312500 0.431250 0.312500 0.435937 0.310417 0.437500 0.310417 0.464063 0.318750 0.464063 0.329167 0.459375 0.354167 0.457812 0.350000 0.446875 0.350000 0.429688 0.352083 0.425000 0.360417 0.417188 0.358333 0.415625 0.358333 0.395312 0.354167 0.393750
6 0.435417 0.134375 0.377083 0.254687 0.387500 0.293750 0.408333 0.270312 0.381250 0.312500 0.410417 0.339063 0.410417 0.360938 0.370833 0.393750 0.364583 0.343750 0.360417 0.387500 0.356250 0.368750 0.335417 0.368750 0.333333 0.389062 0.360417 0.392188 0.372917 0.420312 0.475000 0.362500 0.393750 0.423438 0.379167 0.475000 0.341667 0.468750 0.350000 0.500000 0.443750 0.495313 0.400000 0.473437 0.506250 0.465625 0.575000 0.435937 0.579167 0.368750 0.612500 0.343750 0.522917 0.339063 0.510417 0.359375 0.504167 0.334375 0.431250 0.332812
7 0.014583 0.014062 0.020833 0.040625 0.304167 0.051562 0.306250 0.043750 0.316667 0.042188 0.375000 0.056250 0.372917 0.050000 0.318750 0.032812 0.310417 0.026563 0.312500 0.010937
7 0.279167 0.309375 0.035417 0.317187 0.054167 0.506250 0.293750 0.500000
7 0.654167 0.784375 0.643750 0.770312 0.631250 0.770312 0.643750 0.771875 0.650000 0.787500 0.014583 0.853125 0.012500 0.890625 0.652083 0.817187
7 0.818750 0.906250 0.802083 0.896875 0.154167 0.985937 0.260417 0.989062 0.710417 0.931250
8 0.379167 0.323438 0.375000 0.323438 0.372917 0.326562 0.372917 0.353125 0.370833 0.354688 0.370833 0.382812 0.372917 0.382812 0.377083 0.379687 0.379167 0.375000 0.385417 0.370313 0.385417 0.368750 0.402083 0.356250 0.402083 0.351562 0.406250 0.345313 0.406250 0.339063 0.402083 0.337500 0.397917 0.337500 0.395833 0.335938 0.391667 0.335938
8 0.293750 0.467187 0.293750 0.471875 0.295833 0.473437 0.295833 0.479688 0.297917 0.481250 0.297917 0.485938 0.300000 0.487500 0.300000 0.493750 0.310417 0.493750 0.312500 0.492188 0.322917 0.492188 0.325000 0.490625 0.333333 0.490625 0.335417 0.489062 0.343750 0.489062 0.343750 0.473437 0.341667 0.471875 0.339583 0.471875 0.333333 0.468750 0.327083 0.468750 0.325000 0.467187