1 0.016667 0.312500 0.020833 0.390625 0.381250 0.403125 0.377083 0.329688
1 0.018750 0.585938 0.014583 0.635938 0.287500 0.625000 0.297917 0.832812 0.370833 0.826563 0.370833 0.781250 0.318750 0.773438 0.322917 0.689062 0.310417 0.648438 0.312500 0.629687 0.352083 0.620313 0.356250 0.578125
1 0.502083 0.723437 0.527083 0.832812 0.581250 0.835938 0.579167 0.806250 0.620833 0.784375 0.591667 0.714063 0.564583 0.712500
1 0.431250 0.737500 0.443750 0.835938 0.445833 0.837500 0.447917 0.835938 0.487500 0.834375 0.483333 0.826563 0.458333 0.732813
1 0.656250 0.889063 0.643750 0.857813 0.529167 0.868750 0.520833 0.882812 0.520833 0.885938 0.529167 0.884375 0.620833 0.884375 0.622917 0.885938 0.637500 0.885938
1 0.489583 0.873438 0.481250 0.873438 0.479167 0.875000 0.470833 0.875000 0.468750 0.876562 0.462500 0.876562 0.460417 0.878125 0.452083 0.878125 0.450000 0.879687 0.450000 0.882812 0.447917 0.884375 0.447917 0.887500 0.445833 0.889063 0.445833 0.890625 0.460417 0.890625 0.462500 0.889063 0.477083 0.889063 0.479167 0.887500 0.493750 0.887500 0.491667 0.885938 0.491667 0.879687 0.489583 0.878125
1 0.677083 0.939062 0.664583 0.907812 0.389583 0.925000 0.381250 0.896875 0.314583 0.900000 0.308333 0.934375 0.014583 0.956250 0.014583 0.987500 0.216667 0.989062
2 0.950000 0.171875 0.868750 0.221875 0.914583 0.278125 0.897917 0.320312 0.962500 0.332812 0.977083 0.362500 0.831250 0.368750 0.916667 0.404687 0.912500 0.425000 0.789583 0.445312 0.818750 0.487500 0.958333 0.509375 0.827083 0.554688 0.795833 0.620313 0.893750 0.640625 0.893750 0.687500 0.712500 0.660937 0.722917 0.714063 0.606250 0.714063 0.625000 0.778125 0.722917 0.839063 0.658333 0.859375 0.685417 0.937500 0.754167 0.937500 0.793750 0.985937 0.835417 0.987500 0.768750 0.837500 0.841667 0.984375 0.987500 0.987500 0.975000 0.176563
2 0.816667 0.237500 0.816667 0.242188 0.814583 0.243750 0.808333 0.267188 0.804167 0.273438 0.789583 0.321875 0.791667 0.320312 0.822917 0.315625 0.835417 0.306250 0.837500 0.281250 0.839583 0.279687 0.839583 0.264062 0.818750 0.248437 0.816667 0.245312
2 0.591667 0.385938 0.593750 0.384375 0.618750 0.384375 0.620833 0.382812 0.641667 0.382812 0.637500 0.379687 0.635417 0.379687 0.627083 0.373437 0.625000 0.373437 0.618750 0.368750 0.610417 0.368750 0.608333 0.370313 0.604167 0.370313 0.600000 0.373437 0.600000 0.375000 0.597917 0.376563 0.597917 0.378125 0.593750 0.381250 0.593750 0.382812 0.591667 0.384375
2 0.666667 0.407813 0.658333 0.401563 0.658333 0.400000 0.650000 0.393750 0.643750 0.393750 0.641667 0.395312 0.635417 0.395312 0.633333 0.396875 0.625000 0.396875 0.622917 0.398438 0.616667 0.398438 0.614583 0.400000 0.608333 0.400000 0.606250 0.401563 0.591667 0.403125 0.591667 0.415625 0.593750 0.414062 0.631250 0.414062 0.633333 0.412500 0.668750 0.412500
2 0.654167 0.437500 0.622917 0.439063 0.620833 0.440625 0.604167 0.440625 0.602083 0.442187 0.585417 0.442187 0.585417 0.456250 0.604167 0.485938 0.610417 0.485938 0.620833 0.489062 0.629167 0.489062 0.631250 0.490625 0.631250 0.487500 0.633333 0.485938 0.645833 0.454688 0.650000 0.450000
2 0.575000 0.501562 0.575000 0.510938 0.591667 0.510938 0.593750 0.512500 0.612500 0.512500 0.614583 0.514063 0.614583 0.512500 0.612500 0.510938 0.612500 0.509375 0.610417 0.507812 0.610417 0.506250 0.606250 0.503125 0.589583 0.503125 0.587500 0.501562
3 0.016667 0.400000 0.014583 0.579687 0.350000 0.570312 0.385417 0.560938 0.385417 0.553125 0.320833 0.564062 0.306250 0.510938 0.362500 0.503125 0.362500 0.468750 0.410417 0.465625 0.414583 0.407813
3 0.779167 0.984375 0.752083 0.945312 0.245833 0.989062
5 0.341667 0.017188 0.335417 0.110937 0.433333 0.126563 0.433333 0.173438 0.327083 0.153125 0.316667 0.290625 0.418750 0.293750 0.391667 0.382812 0.670833 0.353125 0.964583 0.353125 0.770833 0.325000 0.837500 0.142188 0.983333 0.131250 0.847917 0.110937 0.770833 0.073437 0.743750 0.098438 0.470833 0.056250 0.983333 0.079687 0.883333 0.043750 0.889583 0.018750 0.481250 0.012500 0.454167 0.042188 0.454167 0.012500
5 0.895833 0.407813 0.710417 0.393750 0.622917 0.517187 0.397917 0.550000 0.389583 0.721875 0.383333 0.629687 0.314583 0.635938 0.331250 0.745313 0.497917 0.721875 0.418750 0.718750 0.708333 0.687500 0.712500 0.659375 0.895833 0.667188 0.897917 0.654688 0.772917 0.625000 0.814583 0.537500 0.950000 0.512500 0.797917 0.503125 0.758333 0.437500 0.900000 0.428125
5 0.585417 0.437500 0.602083 0.437500 0.604167 0.435937 0.620833 0.435937 0.622917 0.434375 0.639583 0.434375 0.641667 0.432813 0.658333 0.432813 0.658333 0.429688 0.660417 0.428125 0.662500 0.420312 0.595833 0.420312 0.593750 0.421875 0.587500 0.421875 0.587500 0.429688 0.585417 0.431250
5 0.577083 0.484375 0.577083 0.496875 0.616667 0.496875 0.618750 0.498437 0.622917 0.498437 0.627083 0.495313 0.627083 0.493750 0.622917 0.493750 0.620833 0.492188 0.614583 0.492188 0.612500 0.490625 0.606250 0.490625 0.604167 0.489062 0.600000 0.489062 0.597917 0.487500 0.591667 0.487500 0.589583 0.485938 0.585417 0.485938 0.583333 0.484375
5 0.310417 0.512500 0.312500 0.523438 0.322917 0.546875 0.320833 0.548437 0.320833 0.557813 0.414583 0.539062 0.412500 0.537500 0.410417 0.521875 0.402083 0.526563 0.375000 0.525000 0.360417 0.528125 0.358333 0.526563 0.358333 0.506250
6 0.579167 0.064062 0.579167 0.068750 0.597917 0.070312 0.600000 0.071875 0.608333 0.071875 0.610417 0.073437 0.620833 0.073437 0.622917 0.075000 0.631250 0.075000 0.633333 0.076563 0.643750 0.076563 0.645833 0.078125 0.654167 0.078125 0.656250 0.079687 0.666667 0.079687 0.668750 0.081250 0.677083 0.081250 0.679167 0.082813 0.679167 0.079687 0.685417 0.068750 0.685417 0.065625 0.677083 0.065625 0.675000 0.064062
6 0.491667 0.098438 0.500000 0.157813 0.491667 0.201562 0.525000 0.181250 0.552083 0.182812 0.554167 0.171875 0.556250 0.179688 0.600000 0.175000 0.627083 0.189063 0.639583 0.189063 0.647917 0.198437 0.666667 0.123438 0.570833 0.104687 0.556250 0.173438 0.564583 0.104687 0.508333 0.092188
6 0.550000 0.212500 0.547917 0.225000 0.533333 0.267188 0.535417 0.273438 0.556250 0.275000 0.627083 0.264062 0.629167 0.250000 0.635417 0.234375 0.635417 0.226562 0.602083 0.214062 0.589583 0.214062 0.581250 0.210938 0.552083 0.210938
6 0.541667 0.214062 0.535417 0.218750 0.533333 0.218750 0.518750 0.228125 0.518750 0.234375 0.514583 0.239063 0.514583 0.259375 0.529167 0.270312 0.529167 0.264062 0.531250 0.262500 0.531250 0.254687 0.533333 0.253125 0.533333 0.246875 0.535417 0.245312 0.535417 0.239063 0.537500 0.237500 0.537500 0.231250 0.539583 0.229687 0.539583 0.221875 0.541667 0.220313
6 0.477083 0.273438 0.477083 0.296875 0.472917 0.301562 0.470833 0.309375 0.466667 0.314063 0.466667 0.317187 0.460417 0.328125 0.466667 0.328125 0.468750 0.326562 0.483333 0.326562 0.491667 0.329688 0.497917 0.329688 0.500000 0.331250 0.510417 0.332812 0.510417 0.328125 0.512500 0.326562 0.512500 0.321875 0.514583 0.320312 0.514583 0.315625 0.518750 0.307813 0.518750 0.301562 0.500000 0.300000 0.495833 0.296875 0.493750 0.292188 0.485417 0.285937 0.485417 0.282813
6 0.695833 0.290625 0.693750 0.290625 0.685417 0.296875 0.683333 0.296875 0.672917 0.304688 0.670833 0.304688 0.662500 0.310937 0.660417 0.310937 0.654167 0.315625 0.675000 0.315625 0.677083 0.317187 0.683333 0.317187 0.683333 0.315625 0.691667 0.309375 0.693750 0.309375 0.693750 0.292188
6 0.616667 0.295312 0.572917 0.307813 0.554167 0.307813 0.550000 0.309375 0.547917 0.307813 0.522917 0.306250 0.516667 0.332812 0.527083 0.335938 0.531250 0.339063 0.547917 0.339063 0.570833 0.343750 0.600000 0.343750 0.600000 0.339063 0.604167 0.332812 0.604167 0.328125 0.608333 0.321875
6 0.622917 0.367188 0.643750 0.375000 0.670833 0.395312 0.679167 0.407813 0.697917 0.382812 0.706250 0.382812 0.693750 0.362500 0.683333 0.354688 0.670833 0.354688 0.652083 0.362500 0.639583 0.362500
6 0.591667 0.370313 0.529167 0.381250 0.518750 0.435937 0.495833 0.446875 0.491667 0.454688 0.491667 0.467187 0.497917 0.471875 0.495833 0.503125 0.500000 0.523438 0.470833 0.534375 0.531250 0.525000
6 0.420833 0.385938 0.416667 0.410937 0.416667 0.443750 0.422917 0.465625 0.433333 0.429688 0.435417 0.437500 0.429167 0.471875 0.483333 0.465625 0.487500 0.443750 0.456250 0.443750 0.450000 0.448438 0.439583 0.442187 0.443750 0.432813 0.443750 0.415625 0.437500 0.412500 0.439583 0.407813 0.431250 0.387500
6 0.506250 0.559375 0.497917 0.559375 0.495833 0.560938 0.483333 0.560938 0.481250 0.562500 0.470833 0.562500 0.470833 0.564062 0.475000 0.568750 0.475000 0.584375 0.477083 0.585938 0.477083 0.600000 0.477083 0.598437 0.479167 0.596875 0.483333 0.589063 0.487500 0.585938 0.487500 0.584375 0.489583 0.582812 0.493750 0.575000 0.497917 0.571875 0.497917 0.570312
6 0.393750 0.565625 0.375000 0.568750 0.375000 0.604688 0.377083 0.606250 0.377083 0.621875 0.387500 0.626562 0.387500 0.609375 0.389583 0.607813 0.389583 0.587500 0.391667 0.585938 0.391667 0.567187
6 0.393750 0.740625 0.400000 0.768750 0.391667 0.759375 0.377083 0.781250 0.377083 0.820312 0.387500 0.800000 0.412500 0.856250 0.393750 0.887500 0.397917 0.917188 0.677083 0.903125 0.558333 0.889063 0.437500 0.896875 0.445833 0.873438 0.495833 0.867188 0.500000 0.885938 0.514583 0.885938 0.525000 0.864062 0.716667 0.840625 0.529167 0.839063 0.495833 0.729688 0.464583 0.729688 0.493750 0.839063 0.441667 0.843750 0.422917 0.737500
7 0.016667 0.014062 0.018750 0.284375 0.397917 0.312500 0.408333 0.296875 0.304167 0.296875 0.314583 0.151562 0.429167 0.160938 0.425000 0.129688 0.327083 0.109375 0.337500 0.015625
8 0.364583 0.475000 0.366667 0.487500 0.364583 0.515625 0.379167 0.515625 0.400000 0.521875 0.414583 0.518750 0.425000 0.525000 0.439583 0.528125 0.456250 0.523438 0.470833 0.525000 0.483333 0.520312 0.491667 0.498437 0.491667 0.473437 0.366667 0.473437
8 0.327083 0.759375 0.327083 0.765625 0.329167 0.765625 0.335417 0.768750 0.343750 0.768750 0.347917 0.771875 0.347917 0.773438 0.364583 0.773438 0.366667 0.775000 0.385417 0.775000 0.387500 0.776563 0.389583 0.776563 0.389583 0.759375 0.391667 0.757812 0.387500 0.754687 0.381250 0.754687 0.370833 0.750000 0.364583 0.750000 0.343750 0.759375
8 0.587500 0.803125 0.583333 0.807813 0.583333 0.828125 0.585417 0.829687 0.595833 0.829687 0.637500 0.845312 0.641667 0.843750 0.658333 0.843750 0.666667 0.839063 0.675000 0.821875 0.675000 0.807813 0.666667 0.795313 0.652083 0.785937 0.622917 0.785937 0.602083 0.793750
8 0.402083 0.828125 0.400000 0.829687 0.385417 0.829687 0.383333 0.831250 0.368750 0.831250 0.368750 0.832812 0.364583 0.837500 0.364583 0.846875 0.370833 0.851562 0.370833 0.853125 0.377083 0.857813 0.377083 0.859375 0.381250 0.859375 0.383333 0.860937 0.387500 0.860937 0.389583 0.862500 0.400000 0.862500 0.402083 0.864062 0.402083 0.862500 0.410417 0.856250 0.408333 0.854688 0.408333 0.850000 0.406250 0.848437 0.406250 0.843750 0.404167 0.842188 0.404167 0.835938 0.402083 0.834375
8 0.402083 0.867188 0.397917 0.865625 0.377083 0.865625 0.364583 0.856250 0.358333 0.846875 0.358333 0.835938 0.312500 0.840625 0.293750 0.846875 0.293750 0.892187 0.295833 0.890625 0.391667 0.887500 0.402083 0.881250