1 0.016667 0.342187 0.016667 0.776563 0.056250 0.714063
1 0.377083 0.448438 0.035417 0.451562 0.064583 0.723437 0.356250 0.701563 0.347917 0.653125 0.364583 0.648438 0.370833 0.629687 0.364583 0.600000 0.372917 0.560938 0.360417 0.529688 0.360417 0.468750
2 0.945833 0.010937 0.939583 0.146875 0.987500 0.150000 0.987500 0.014062
2 0.862500 0.014062 0.900000 0.040625 0.887500 0.051562 0.845833 0.031250 0.841667 0.154687 0.912500 0.153125 0.920833 0.014062
2 0.987500 0.167187 0.843750 0.173438 0.839583 0.185937 0.887500 0.198437 0.893750 0.209375 0.881250 0.220313 0.733333 0.185937 0.725000 0.193750 0.710417 0.190625 0.708333 0.223438 0.793750 0.221875 0.797917 0.228125 0.985417 0.223438
2 0.666667 0.171875 0.666667 0.175000 0.664583 0.176563 0.664583 0.218750 0.666667 0.220313 0.672917 0.221875 0.677083 0.225000 0.685417 0.225000 0.687500 0.226562 0.687500 0.210938 0.689583 0.209375 0.689583 0.193750 0.691667 0.192188 0.691667 0.179688 0.685417 0.176563 0.681250 0.176563 0.679167 0.175000 0.675000 0.175000 0.672917 0.173438
2 0.927083 0.243750 0.918750 0.415625 0.987500 0.418750 0.989583 0.245312
2 0.820833 0.246875 0.881250 0.264062 0.881250 0.276563 0.868750 0.281250 0.831250 0.271875 0.827083 0.414062 0.872917 0.410937 0.881250 0.420312 0.893750 0.420312 0.904167 0.246875
2 0.629167 0.432813 0.633333 0.465625 0.866667 0.481250 0.864583 0.503125 0.731250 0.504687 0.725000 0.520312 0.929167 0.517187 0.950000 0.559375 0.720833 0.564062 0.718750 0.593750 0.852083 0.645312 0.616667 0.660937 0.635417 0.709375 0.745833 0.815625 0.758333 0.879687 0.610417 0.895312 0.610417 0.950000 0.958333 0.896875 0.983333 0.915625 0.985417 0.437500
3 0.987500 0.931250 0.962500 0.904688 0.412500 0.985937 0.989583 0.989062
5 0.987500 0.164062 0.929167 0.153125 0.939583 0.010937 0.920833 0.157813 0.839583 0.160938 0.839583 0.025000 0.885417 0.035937 0.833333 0.017188 0.827083 0.156250 0.804167 0.159375 0.822917 0.014062 0.718750 0.012500 0.697917 0.028125 0.697917 0.012500 0.608333 0.012500 0.604167 0.135937 0.629167 0.157813 0.693750 0.171875 0.700000 0.184375 0.745833 0.181250 0.879167 0.214062 0.879167 0.198437 0.829167 0.190625 0.829167 0.167187
5 0.608333 0.235938 0.604167 0.418750 0.618750 0.428125 0.987500 0.434375 0.985417 0.425000 0.904167 0.420312 0.912500 0.237500 0.985417 0.237500 0.985417 0.228125 0.702083 0.237500 0.629167 0.221875
5 0.866667 0.492188 0.860417 0.482812 0.741667 0.487500 0.731250 0.482812 0.766667 0.478125 0.766667 0.467187 0.627083 0.473437 0.625000 0.526563 0.716667 0.521875 0.716667 0.504687 0.720833 0.501562 0.862500 0.496875
5 0.350000 0.659375 0.360417 0.700000 0.404167 0.701563 0.652083 0.643750 0.843750 0.643750 0.789583 0.628125 0.712500 0.626562 0.712500 0.610937 0.764583 0.620313 0.772917 0.609375 0.714583 0.601562 0.706250 0.560938 0.587500 0.559375 0.589583 0.600000 0.545833 0.614062 0.531250 0.542188 0.537500 0.612500 0.527083 0.545313 0.422917 0.550000 0.420833 0.621875 0.502083 0.623438
6 0.579167 0.015625 0.589583 0.051562 0.543750 0.143750 0.510417 0.142188 0.470833 0.093750 0.508333 0.185937 0.504167 0.237500 0.468750 0.250000 0.477083 0.500000 0.575000 0.560938 0.941667 0.556250 0.931250 0.523438 0.618750 0.526563 0.622917 0.431250 0.597917 0.420312 0.602083 0.242188 0.635417 0.217187 0.633333 0.162500 0.602083 0.135937 0.604167 0.017188
6 0.414583 0.451562 0.414583 0.479688 0.429167 0.485938 0.433333 0.532812 0.431250 0.535937 0.420833 0.539062 0.418750 0.546875 0.483333 0.539062 0.493750 0.531250 0.514583 0.529688 0.475000 0.507812 0.468750 0.500000 0.464583 0.450000
6 0.427083 0.639063 0.429167 0.637500 0.433333 0.637500 0.439583 0.634375 0.443750 0.634375 0.445833 0.632812 0.450000 0.632812 0.452083 0.631250 0.456250 0.631250 0.458333 0.629687 0.462500 0.629687 0.468750 0.626562 0.472917 0.626562 0.475000 0.625000 0.479167 0.625000 0.433333 0.625000 0.427083 0.628125
6 0.620833 0.689062 0.595833 0.685938 0.581250 0.665625 0.533333 0.682813 0.443750 0.696875 0.620833 0.692187
7 0.020833 0.010937 0.037500 0.168750 0.333333 0.181250 0.314583 0.157813 0.287500 0.079687 0.270833 0.079687 0.235417 0.109375 0.206250 0.078125 0.206250 0.070312 0.235417 0.056250 0.241667 0.042188 0.222917 0.045313 0.189583 0.039062 0.172917 0.029687 0.150000 0.028125 0.127083 0.010937
7 0.462500 0.078125 0.420833 0.078125 0.410417 0.087500 0.400000 0.081250 0.389583 0.081250 0.387500 0.104687 0.377083 0.100000 0.356250 0.107813 0.343750 0.104687 0.337500 0.109375 0.341667 0.132812 0.337500 0.150000 0.345833 0.171875 0.345833 0.181250 0.337500 0.182812 0.408333 0.185937 0.402083 0.170312 0.412500 0.154687 0.458333 0.132812 0.458333 0.118750 0.464583 0.109375
7 0.037500 0.178125 0.050000 0.357812 0.462500 0.365625 0.460417 0.251563 0.437500 0.256250 0.412500 0.298438 0.400000 0.284375 0.381250 0.285937 0.397917 0.190625
7 0.279167 0.532812 0.152083 0.540625 0.150000 0.562500 0.156250 0.614062 0.281250 0.609375
7 0.377083 0.573438 0.375000 0.575000 0.375000 0.592188 0.372917 0.593750 0.372917 0.610937 0.387500 0.610937 0.389583 0.612500 0.406250 0.612500 0.408333 0.614062 0.408333 0.579687 0.410417 0.578125 0.410417 0.576563 0.408333 0.575000 0.391667 0.575000 0.389583 0.573438
7 0.727083 0.821875 0.606250 0.693750 0.058333 0.725000 0.014583 0.885938
7 0.735417 0.848437 0.018750 0.939062 0.020833 0.956250 0.741667 0.878125
8 0.145833 0.014062 0.183333 0.017188 0.220833 0.035937 0.247917 0.025000 0.266667 0.037500 0.256250 0.065625 0.214583 0.081250 0.229167 0.100000 0.260417 0.068750 0.306250 0.079687 0.322917 0.103125 0.322917 0.156250 0.335417 0.171875 0.335417 0.101562 0.379167 0.090625 0.381250 0.075000 0.400000 0.070312 0.412500 0.079687 0.422917 0.070312 0.462500 0.070312 0.479167 0.042188 0.475000 0.093750 0.527083 0.140625 0.545833 0.134375 0.554167 0.084375 0.587500 0.050000 0.570833 0.015625 0.491667 0.015625 0.487500 0.029687 0.487500 0.018750
8 0.481250 0.131250 0.468750 0.131250 0.412500 0.164062 0.408333 0.215625 0.395833 0.256250 0.383333 0.278125 0.397917 0.278125 0.406250 0.267188 0.410417 0.289062 0.425000 0.276563 0.427083 0.262500 0.435417 0.250000 0.460417 0.250000 0.497917 0.242188 0.497917 0.192188 0.504167 0.162500 0.497917 0.142188
8 0.385417 0.453125 0.379167 0.478125 0.383333 0.510938 0.408333 0.510938 0.408333 0.489062 0.410417 0.487500 0.412500 0.489062 0.412500 0.515625 0.414583 0.517187 0.412500 0.528125 0.422917 0.534375 0.422917 0.492188 0.425000 0.487500 0.416667 0.482812 0.412500 0.485938 0.410417 0.484375 0.410417 0.462500 0.412500 0.460938