1 0.043750 0.389062 0.016667 0.592188 0.250000 0.587500 0.272917 0.573438 0.285417 0.584375 0.400000 0.585938 0.400000 0.562500 0.285417 0.567187 0.285417 0.493750 0.335417 0.487500 0.335417 0.410937 0.383333 0.401563 0.283333 0.400000 0.268750 0.417188 0.241667 0.392188
2 0.445833 0.015625 0.452083 0.117188 0.541667 0.134375 0.570833 0.181250 0.550000 0.232812 0.752083 0.284375 0.635417 0.323438 0.783333 0.357812 0.641667 0.390625 0.641667 0.439063 0.820833 0.434375 0.831250 0.454688 0.685417 0.473437 0.733333 0.484375 0.697917 0.525000 0.858333 0.521875 0.856250 0.550000 0.693750 0.562500 0.677083 0.600000 0.900000 0.573438 0.816667 0.604688 0.877083 0.745313 0.977083 0.732813 0.977083 0.756250 0.800000 0.781250 0.852083 0.796875 0.814583 0.825000 0.983333 0.804688 0.987500 0.014062 0.827083 0.014062 0.804167 0.043750 0.781250 0.015625 0.620833 0.040625
3 0.087500 0.014062 0.083333 0.017188 0.083333 0.037500 0.072917 0.079687 0.070833 0.121875 0.231250 0.134375 0.225000 0.082813 0.225000 0.028125 0.214583 0.018750 0.216667 0.015625 0.175000 0.010937
3 0.295833 0.014062 0.300000 0.098438 0.310417 0.112500 0.314583 0.100000 0.325000 0.098438 0.329167 0.109375 0.445833 0.120312 0.425000 0.056250 0.431250 0.012500
3 0.054167 0.193750 0.045833 0.256250 0.045833 0.334375 0.141667 0.334375 0.225000 0.343750 0.229167 0.203125 0.087500 0.187500
5 0.285417 0.279687 0.322917 0.287500 0.316667 0.254687 0.316667 0.237500 0.320833 0.234375 0.425000 0.250000 0.435417 0.229687 0.441667 0.226562 0.366667 0.210938 0.289583 0.203125
5 0.327083 0.240625 0.337500 0.312500 0.537500 0.350000 0.531250 0.395312 0.545833 0.428125 0.602083 0.439063 0.631250 0.376563 0.668750 0.379687 0.675000 0.362500 0.770833 0.354688 0.631250 0.348437 0.618750 0.301562 0.743750 0.295312 0.739583 0.289062 0.568750 0.287500
5 0.622917 0.306250 0.622917 0.315625 0.643750 0.315625 0.645833 0.317187 0.670833 0.317187 0.672917 0.318750 0.675000 0.318750 0.672917 0.317187 0.672917 0.309375 0.670833 0.307813 0.652083 0.307813 0.650000 0.306250
5 0.502083 0.350000 0.502083 0.357812 0.504167 0.359375 0.504167 0.368750 0.506250 0.370313 0.506250 0.378125 0.508333 0.379687 0.508333 0.389062 0.510417 0.390625 0.512500 0.390625 0.520833 0.396875 0.520833 0.395312 0.522917 0.393750 0.522917 0.376563 0.525000 0.375000 0.525000 0.371875 0.527083 0.370313 0.527083 0.357812 0.525000 0.357812 0.518750 0.353125 0.514583 0.353125 0.512500 0.351562 0.506250 0.351562 0.504167 0.350000
5 0.291667 0.501562 0.297917 0.564062 0.402083 0.556250 0.393750 0.542188 0.350000 0.539062 0.350000 0.503125 0.354167 0.531250 0.543750 0.543750 0.558333 0.592188 0.587500 0.603125 0.645833 0.604688 0.691667 0.553125 0.850000 0.542188 0.847917 0.532812 0.687500 0.534375 0.681250 0.501562 0.727083 0.492188 0.679167 0.489062 0.675000 0.457812 0.816667 0.443750 0.597917 0.443750 0.347917 0.415625 0.350000 0.495313
5 0.893750 0.582812 0.616667 0.614062 0.541667 0.603125 0.529167 0.626562 0.575000 0.781250 0.658333 0.785937 0.668750 0.798437 0.716667 0.792188 0.841667 0.806250 0.839583 0.796875 0.793750 0.795313 0.787500 0.775000 0.970833 0.746875 0.962500 0.740625 0.870833 0.753125 0.806250 0.596875
5 0.979167 0.817187 0.872917 0.825000 0.743750 0.850000 0.589583 0.854688 0.614583 0.984375 0.960417 0.989062 0.906250 0.834375
6 0.441667 0.256250 0.472917 0.267188 0.472917 0.264062 0.689583 0.278125 0.702083 0.270312 0.695833 0.257812 0.443750 0.239063
6 0.412500 0.332812 0.410417 0.357812 0.425000 0.353125 0.433333 0.345313 0.441667 0.354688 0.439583 0.379687 0.429167 0.381250 0.422917 0.378125 0.402083 0.378125 0.395833 0.410937 0.429167 0.410937 0.512500 0.425000 0.489583 0.345313
6 0.410417 0.540625 0.420833 0.637500 0.433333 0.632812 0.450000 0.653125 0.481250 0.640625 0.514583 0.642187 0.531250 0.700000 0.508333 0.773438 0.472917 0.787500 0.472917 0.873438 0.450000 0.895312 0.460417 0.985937 0.606250 0.985937 0.581250 0.857813 0.593750 0.850000 0.577083 0.785937 0.552083 0.759375 0.522917 0.628125 0.547917 0.595312 0.537500 0.550000
7 0.110417 0.437500 0.108333 0.442187 0.108333 0.489062 0.212500 0.490625 0.218750 0.492188 0.220833 0.484375 0.218750 0.482812 0.216667 0.440625 0.210417 0.439063
7 0.106250 0.493750 0.102083 0.550000 0.218750 0.548437 0.220833 0.496875 0.141667 0.493750 0.139583 0.492188 0.108333 0.492188
7 0.104167 0.695312 0.093750 0.798437 0.420833 0.776563 0.427083 0.731250 0.364583 0.735937 0.333333 0.757812 0.316667 0.753125 0.316667 0.773438 0.291667 0.781250 0.270833 0.745313 0.250000 0.732813 0.206250 0.779688 0.189583 0.753125 0.235417 0.723437 0.218750 0.710938 0.141667 0.710938 0.147917 0.700000 0.168750 0.693750
7 0.443750 0.898438 0.422917 0.898438 0.397917 0.945312 0.383333 0.956250 0.381250 0.928125 0.375000 0.921875 0.358333 0.928125 0.366667 0.865625 0.087500 0.887500 0.087500 0.990625 0.454167 0.987500
8 0.262500 0.259375 0.260417 0.260938 0.256250 0.260938 0.256250 0.295312 0.258333 0.295312 0.260417 0.296875 0.262500 0.296875 0.272917 0.301562 0.272917 0.282813 0.275000 0.281250 0.275000 0.262500 0.277083 0.260938 0.275000 0.259375
8 0.250000 0.300000 0.250000 0.326562 0.258333 0.326562 0.260417 0.325000 0.275000 0.325000 0.275000 0.306250 0.272917 0.304688 0.268750 0.304688 0.266667 0.303125 0.262500 0.303125 0.260417 0.301562 0.254167 0.301562 0.252083 0.300000
8 0.141667 0.707812 0.220833 0.709375 0.247917 0.718750 0.191667 0.753125 0.206250 0.778125 0.252083 0.729688 0.272917 0.745313 0.287500 0.779688 0.314583 0.773438 0.314583 0.751562 0.335417 0.735937 0.431250 0.729688 0.435417 0.745313 0.485417 0.778125 0.520833 0.728125 0.522917 0.703125 0.497917 0.643750 0.472917 0.650000 0.456250 0.667188 0.422917 0.659375 0.331250 0.603125 0.308333 0.620313 0.312500 0.600000 0.285417 0.601562 0.275000 0.576563 0.260417 0.581250 0.260417 0.603125 0.295833 0.639063 0.260417 0.665625 0.258333 0.678125 0.214583 0.679688
8 0.456250 0.768750 0.410417 0.782812 0.383333 0.834375 0.372917 0.885938 0.360417 0.912500 0.362500 0.929688 0.383333 0.912500 0.383333 0.954687 0.408333 0.918750 0.412500 0.892187 0.427083 0.885938 0.452083 0.889063 0.468750 0.873438 0.468750 0.829687 0.456250 0.814062 0.464583 0.776563