1 0.012500 0.010937 0.012500 0.135937 0.212500 0.156250 0.208333 0.243750 0.014583 0.225000 0.014583 0.704687 0.547917 0.689062 0.545833 0.662500 0.318750 0.667188 0.320833 0.581250 0.245833 0.570312 0.241667 0.510938 0.377083 0.507812 0.279167 0.467187 0.279167 0.412500 0.218750 0.406250 0.212500 0.332812 0.314583 0.332812 0.295833 0.185937 0.427083 0.175000 0.472917 0.123438 0.691667 0.145313 0.739583 0.175000 0.843750 0.104687
1 0.322917 0.856250 0.318750 0.846875 0.014583 0.871875 0.014583 0.923437 0.277083 0.901563 0.281250 0.864062
2 0.987500 0.010937 0.827083 0.015625 0.916667 0.048437 0.916667 0.096875 0.822917 0.167187 0.825000 0.231250 0.889583 0.182812 0.929167 0.195312 0.831250 0.270312 0.906250 0.354688 0.800000 0.298438 0.800000 0.373437 0.556250 0.384375 0.560417 0.512500 0.608333 0.514063 0.647917 0.434375 0.681250 0.435937 0.654167 0.504687 0.725000 0.509375 0.660417 0.528125 0.687500 0.614062 0.591667 0.535937 0.604167 0.659375 0.397917 0.725000 0.410417 0.817187 0.729167 0.809375 0.635417 0.846875 0.654167 0.865625 0.795833 0.831250 0.816667 0.853125 0.668750 0.895312 0.675000 0.926562 0.885417 0.887500 0.902083 0.915625 0.760417 0.954687 0.787500 0.985937 0.989583 0.978125
3 0.391667 0.735937 0.285417 0.743750 0.291667 0.757812 0.291667 0.845312 0.318750 0.845312 0.310417 0.825000 0.312500 0.818750 0.402083 0.821875 0.402083 0.750000
3 0.104167 0.748438 0.100000 0.862500 0.158333 0.859375 0.170833 0.748438
3 0.231250 0.920313 0.062500 0.939062 0.045833 0.989062 0.225000 0.982813
5 0.441667 0.157813 0.433333 0.190625 0.493750 0.217187 0.495833 0.303125 0.506250 0.221875 0.547917 0.218750 0.593750 0.346875 0.647917 0.345313 0.681250 0.271875 0.783333 0.275000 0.758333 0.362500 0.800000 0.370313 0.779167 0.353125 0.800000 0.289062 0.850000 0.342187 0.902083 0.346875 0.858333 0.321875 0.827083 0.271875 0.920833 0.200000 0.887500 0.189063 0.818750 0.239063 0.814583 0.167187 0.843750 0.164062 0.845833 0.148438 0.806250 0.150000 0.795833 0.254687 0.697917 0.251563 0.689583 0.167187 0.650000 0.143750 0.477083 0.132812
5 0.270833 0.435937 0.287500 0.465625 0.452083 0.507812 0.443750 0.545313 0.491667 0.609375 0.543750 0.621875 0.539583 0.564062 0.560417 0.531250 0.618750 0.534375 0.616667 0.582812 0.629167 0.582812 0.629167 0.551562 0.658333 0.604688 0.683333 0.609375 0.685417 0.592188 0.662500 0.587500 0.652083 0.525000 0.687500 0.515625 0.714583 0.526563 0.716667 0.510938 0.647917 0.506250 0.650000 0.453125 0.668750 0.453125 0.675000 0.437500 0.645833 0.439063 0.633333 0.509375 0.620833 0.500000 0.625000 0.471875 0.604167 0.487500 0.614583 0.515625 0.560417 0.515625 0.497917 0.440625 0.450000 0.445312 0.362500 0.420312 0.295833 0.420312
5 0.897917 0.915625 0.879167 0.895312 0.672917 0.935938 0.668750 0.890625 0.806250 0.854688 0.789583 0.835938 0.654167 0.871875 0.631250 0.843750 0.735417 0.812500 0.512500 0.829687 0.314583 0.821875 0.333333 0.862500 0.381250 0.867188 0.285417 0.867188 0.279167 0.962500 0.350000 0.964063 0.347917 0.926562 0.437500 0.925000 0.441667 0.871875 0.558333 0.895312 0.562500 0.926562 0.356250 0.935938 0.366667 0.987500 0.781250 0.985937 0.754167 0.953125
6 0.700000 0.225000 0.700000 0.234375 0.702083 0.235938 0.702083 0.248437 0.704167 0.250000 0.750000 0.250000 0.752083 0.251563 0.756250 0.251563 0.756250 0.250000 0.754167 0.248437 0.754167 0.229687 0.752083 0.228125 0.735417 0.228125 0.733333 0.226562 0.716667 0.226562 0.714583 0.225000
6 0.400000 0.384375 0.418750 0.403125 0.418750 0.432813 0.466667 0.437500 0.468750 0.393750 0.493750 0.378125 0.754167 0.371875 0.756250 0.273438 0.725000 0.282813 0.720833 0.293750 0.687500 0.282813 0.681250 0.342187 0.602083 0.351562 0.575000 0.339063 0.558333 0.314063 0.537500 0.234375 0.520833 0.229687 0.518750 0.237500 0.520833 0.301562 0.489583 0.301562 0.481250 0.229687 0.481250 0.364062 0.445833 0.381250 0.441667 0.401563 0.416667 0.393750 0.418750 0.353125
6 0.397917 0.501562 0.400000 0.621875 0.393750 0.670313 0.402083 0.673437 0.404167 0.653125 0.602083 0.659375 0.587500 0.575000 0.545833 0.570312 0.550000 0.623438 0.531250 0.626562 0.491667 0.610937 0.443750 0.571875 0.433333 0.546875 0.443750 0.526563 0.443750 0.506250
7 0.012500 0.139062 0.014583 0.218750 0.206250 0.239063 0.202083 0.154687
7 0.400000 0.389062 0.393750 0.393750 0.393750 0.403125 0.391667 0.404687 0.391667 0.425000 0.393750 0.426562 0.395833 0.426562 0.397917 0.428125 0.404167 0.429688 0.408333 0.432813 0.410417 0.432813 0.412500 0.434375 0.412500 0.421875 0.414583 0.420312 0.414583 0.403125 0.410417 0.400000 0.410417 0.398438 0.404167 0.393750 0.404167 0.392188
7 0.062500 0.431250 0.066667 0.573438 0.200000 0.570312 0.197917 0.434375
8 0.431250 0.195312 0.427083 0.254687 0.422917 0.193750 0.327083 0.193750 0.314583 0.206250 0.312500 0.279687 0.337500 0.264062 0.352083 0.270312 0.335417 0.270312 0.310417 0.289062 0.320833 0.342187 0.222917 0.335938 0.227083 0.404687 0.316667 0.417188 0.322917 0.396875 0.335417 0.398438 0.337500 0.376563 0.322917 0.375000 0.320833 0.357812 0.377083 0.375000 0.412500 0.329688 0.437500 0.331250 0.425000 0.371875 0.447917 0.378125 0.472917 0.364062 0.472917 0.210938
8 0.281250 0.528125 0.279167 0.532812 0.279167 0.573438 0.289583 0.571875 0.389583 0.571875 0.387500 0.567187 0.387500 0.528125
8 0.327083 0.578125 0.327083 0.653125 0.329167 0.662500 0.381250 0.662500 0.387500 0.664062 0.385417 0.654688 0.385417 0.579687 0.379167 0.578125
8 0.202083 0.667188 0.202083 0.687500 0.233333 0.687500 0.235417 0.689062 0.237500 0.689062 0.237500 0.665625 0.220833 0.665625 0.218750 0.667188