1 0.012500 0.014062 0.014583 0.042188 0.075000 0.068750 0.118750 0.073437 0.185417 0.095312 0.210417 0.085938 0.262500 0.093750 0.247917 0.053125 0.252083 0.017188
1 0.016667 0.154687 0.014583 0.214062 0.112500 0.218750 0.104167 0.201562 0.133333 0.234375 0.020833 0.242188 0.018750 0.368750 0.281250 0.543750 0.318750 0.503125 0.287500 0.456250 0.383333 0.450000 0.254167 0.437500 0.208333 0.417188 0.197917 0.389062 0.304167 0.339063 0.400000 0.339063 0.308333 0.318750 0.258333 0.278125 0.156250 0.275000 0.139583 0.243750 0.164583 0.273438 0.260417 0.259375 0.241667 0.184375 0.085417 0.179688 0.289583 0.159375 0.285417 0.145313
1 0.016667 0.379687 0.014583 0.989062 0.362500 0.984375 0.368750 0.612500 0.310417 0.609375 0.283333 0.557813
1 0.508333 0.443750 0.502083 0.437500 0.502083 0.429688 0.497917 0.429688 0.481250 0.435937 0.454167 0.439063 0.447917 0.442187 0.435417 0.442187 0.433333 0.443750 0.425000 0.443750 0.422917 0.445312 0.414583 0.445312 0.404167 0.448438 0.387500 0.450000 0.400000 0.450000 0.402083 0.448438 0.437500 0.448438 0.439583 0.446875 0.475000 0.446875 0.477083 0.445312 0.508333 0.445312
2 0.983333 0.564062 0.920833 0.564062 0.931250 0.584375 0.808333 0.589063 0.670833 0.628125 0.672917 0.681250 0.739583 0.675000 0.781250 0.689062 0.779167 0.704687 0.718750 0.723437 0.822917 0.723437 0.787500 0.754687 0.808333 0.781250 0.868750 0.796875 0.879167 0.815625 0.822917 0.834375 0.922917 0.837500 0.910417 0.871875 0.818750 0.878125 0.818750 0.893750 0.920833 0.915625 0.916667 0.935938 0.802083 0.943750 0.870833 0.954687 0.800000 0.971875 0.816667 0.981250 0.985417 0.982813
3 0.529167 0.498437 0.325000 0.504687 0.337500 0.590625 0.372917 0.606250 0.364583 0.985937 0.514583 0.987500 0.508333 0.873438 0.468750 0.868750 0.464583 0.692187 0.495833 0.689062 0.493750 0.603125 0.443750 0.600000 0.583333 0.590625 0.589583 0.607813 0.558333 0.601562 0.564583 0.679688 0.662500 0.692187 0.654167 0.604688 0.752083 0.601562 0.758333 0.589063 0.616667 0.579687 0.604167 0.529688
3 0.550000 0.704687 0.552083 0.784375 0.554167 0.785937 0.558333 0.782812 0.558333 0.778125 0.566667 0.771875 0.564583 0.770312 0.564583 0.759375 0.562500 0.757812 0.562500 0.746875 0.566667 0.745313 0.566667 0.731250 0.562500 0.725000 0.562500 0.707812
3 0.575000 0.712500 0.581250 0.717188 0.581250 0.718750 0.583333 0.718750 0.593750 0.726562 0.593750 0.728125 0.595833 0.729688 0.595833 0.731250 0.618750 0.731250 0.618750 0.718750 0.620833 0.717188 0.618750 0.715625 0.604167 0.715625 0.602083 0.714063 0.587500 0.714063 0.585417 0.712500
3 0.570833 0.737500 0.570833 0.770312 0.577083 0.770312 0.579167 0.771875 0.589583 0.771875 0.591667 0.773438 0.591667 0.771875 0.589583 0.770312 0.589583 0.745313 0.577083 0.745313 0.572917 0.742188 0.572917 0.737500
3 0.595833 0.879687 0.577083 0.881250 0.577083 0.939062 0.579167 0.940625 0.579167 0.945312 0.591667 0.937500 0.595833 0.937500 0.600000 0.940625 0.597917 0.937500
5 0.983333 0.439063 0.887500 0.446875 0.866667 0.446875 0.864583 0.443750 0.829167 0.443750 0.827083 0.445312 0.829167 0.471875 0.879167 0.468750 0.872917 0.459375 0.877083 0.454688 0.983333 0.450000
5 0.762500 0.587500 0.797917 0.582812 0.927083 0.578125 0.925000 0.571875 0.837500 0.573438 0.837500 0.570312 0.862500 0.562500 0.897917 0.560938 0.893750 0.554688 0.987500 0.554688 0.987500 0.545313 0.889583 0.539062 0.879167 0.496875 0.812500 0.496875 0.760417 0.537500
5 0.554167 0.685938 0.560417 0.700000 0.575000 0.706250 0.664583 0.715625 0.668750 0.707812 0.670833 0.732813 0.708333 0.737500 0.708333 0.709375 0.770833 0.696875 0.727083 0.703125 0.727083 0.700000 0.750000 0.695312 0.741667 0.693750 0.714583 0.700000 0.675000 0.703125 0.566667 0.682813
5 0.568750 0.720312 0.583333 0.739062 0.675000 0.745313 0.668750 0.748438 0.668750 0.762500 0.679167 0.773438 0.689583 0.773438 0.687500 0.748438 0.697917 0.748438 0.693750 0.765625 0.700000 0.807813 0.712500 0.820312 0.733333 0.823438 0.733333 0.810938 0.739583 0.807813 0.800000 0.806250 0.747917 0.804688 0.743750 0.750000 0.816667 0.735937 0.814583 0.729688 0.800000 0.732813 0.791667 0.728125 0.754167 0.740625 0.727083 0.742188 0.593750 0.732813
5 0.568750 0.775000 0.564583 0.776563 0.564583 0.781250 0.562500 0.782812 0.562500 0.804688 0.564583 0.806250 0.566667 0.842188 0.575000 0.848437 0.589583 0.848437 0.591667 0.845312 0.591667 0.812500 0.593750 0.810938 0.591667 0.775000
5 0.906250 0.854688 0.797917 0.853125 0.785417 0.818750 0.858333 0.810938 0.737500 0.814062 0.737500 0.848437 0.716667 0.856250 0.666667 0.859375 0.625000 0.851562 0.597917 0.882812 0.606250 0.948438 0.585417 0.945312 0.579167 0.965625 0.762500 0.926562 0.908333 0.925000 0.812500 0.914062 0.806250 0.867188
5 0.700000 0.946875 0.700000 0.960938 0.714583 0.981250 0.785417 0.981250 0.785417 0.964063 0.866667 0.957812 0.864583 0.951563 0.770833 0.957812 0.766667 0.954687 0.758333 0.932813
6 0.889583 0.014062 0.845833 0.010937 0.866667 0.104687 0.793750 0.107813 0.829167 0.014062 0.785417 0.015625 0.768750 0.067188 0.756250 0.015625 0.635417 0.015625 0.618750 0.107813 0.654167 0.126563 0.620833 0.223438 0.625000 0.246875 0.652083 0.250000 0.629167 0.259375 0.633333 0.334375 0.652083 0.357812 0.985417 0.348437 0.987500 0.325000 0.825000 0.328125 0.922917 0.214062 0.989583 0.214062 0.985417 0.176563 0.935417 0.178125 0.920833 0.142188 0.989583 0.135937 0.991667 0.103125 0.916667 0.100000
6 0.606250 0.743750 0.602083 0.751562 0.602083 0.814062 0.614583 0.814062 0.614583 0.826563 0.620833 0.835938 0.633333 0.842188 0.633333 0.846875 0.675000 0.854688 0.716667 0.854688 0.735417 0.846875 0.729167 0.823438 0.714583 0.823438 0.689583 0.806250 0.683333 0.812500 0.672917 0.814062 0.662500 0.809375 0.656250 0.757812 0.635417 0.743750
6 0.687500 0.946875 0.670833 0.948438 0.668750 0.950000 0.662500 0.950000 0.660417 0.951563 0.654167 0.951563 0.643750 0.954687 0.635417 0.954687 0.633333 0.956250 0.618750 0.957812 0.618750 0.964063 0.620833 0.965625 0.622917 0.976562 0.627083 0.981250 0.627083 0.985937 0.631250 0.985937 0.633333 0.987500 0.689583 0.987500 0.689583 0.984375 0.687500 0.982813
7 0.295833 0.460938 0.331250 0.500000 0.535417 0.492188 0.535417 0.487500 0.518750 0.479688 0.450000 0.478125 0.441667 0.481250 0.383333 0.484375 0.379167 0.481250 0.387500 0.476562 0.383333 0.459375
7 0.035417 0.554688 0.035417 0.556250 0.033333 0.557813 0.033333 0.571875 0.052083 0.585938 0.052083 0.582812 0.054167 0.581250 0.054167 0.579687 0.056250 0.578125 0.056250 0.575000 0.060417 0.570312 0.058333 0.568750 0.058333 0.565625 0.056250 0.564062 0.056250 0.560938 0.054167 0.559375 0.054167 0.556250 0.052083 0.554688 0.052083 0.553125 0.043750 0.553125 0.041667 0.554688
7 0.189583 0.595312 0.183333 0.600000 0.183333 0.606250 0.185417 0.607813 0.185417 0.614062 0.187500 0.615625 0.191667 0.615625 0.193750 0.617188 0.200000 0.617188 0.202083 0.618750 0.208333 0.618750 0.210417 0.620313 0.208333 0.618750 0.208333 0.606250 0.193750 0.595312
7 0.487500 0.607813 0.387500 0.614062 0.389583 0.689062 0.485417 0.685938
7 0.389583 0.696875 0.387500 0.732813 0.391667 0.732813 0.393750 0.731250 0.460417 0.731250 0.460417 0.695312 0.391667 0.695312
7 0.533333 0.704687 0.516667 0.704687 0.514583 0.706250 0.497917 0.706250 0.495833 0.707812 0.477083 0.707812 0.477083 0.746875 0.479167 0.748438 0.479167 0.751562 0.483333 0.750000 0.537500 0.750000 0.535417 0.746875
7 0.387500 0.740625 0.387500 0.779688 0.404167 0.779688 0.406250 0.778125 0.422917 0.778125 0.425000 0.776563 0.458333 0.775000 0.458333 0.742188 0.460417 0.739062 0.393750 0.739062 0.391667 0.740625
7 0.487500 0.767187 0.485417 0.768750 0.485417 0.796875 0.497917 0.796875 0.500000 0.795313 0.512500 0.795313 0.514583 0.793750 0.514583 0.787500 0.516667 0.785937 0.522917 0.785937 0.522917 0.767187
7 0.458333 0.782812 0.445833 0.782812 0.443750 0.784375 0.433333 0.784375 0.431250 0.785937 0.418750 0.785937 0.416667 0.787500 0.389583 0.789062 0.389583 0.825000 0.391667 0.823438 0.460417 0.821875 0.460417 0.818750 0.458333 0.817187
7 0.477083 0.814062 0.477083 0.850000 0.479167 0.851562 0.479167 0.854688 0.481250 0.853125 0.537500 0.851562 0.537500 0.812500 0.483333 0.812500 0.481250 0.814062
7 0.456250 0.828125 0.393750 0.829687 0.391667 0.831250 0.391667 0.875000 0.393750 0.873438 0.414583 0.873438 0.416667 0.871875 0.458333 0.870313 0.458333 0.867188 0.456250 0.865625
7 0.310417 0.868750 0.304167 0.876562 0.304167 0.884375 0.302083 0.885938 0.302083 0.892187 0.300000 0.893750 0.300000 0.901563 0.297917 0.903125 0.297917 0.909375 0.295833 0.910937 0.295833 0.917188 0.306250 0.917188 0.308333 0.915625 0.318750 0.915625 0.318750 0.912500 0.320833 0.910937 0.320833 0.909375 0.325000 0.904688 0.325000 0.901563 0.329167 0.896875 0.327083 0.895312 0.327083 0.893750 0.325000 0.892187 0.325000 0.890625 0.322917 0.889063 0.322917 0.887500 0.320833 0.885938 0.320833 0.884375 0.318750 0.882812 0.318750 0.881250 0.316667 0.879687
7 0.179167 0.882812 0.179167 0.884375 0.181250 0.885938 0.181250 0.887500 0.183333 0.889063 0.183333 0.890625 0.185417 0.892187 0.185417 0.893750 0.187500 0.895312 0.187500 0.896875 0.195833 0.896875 0.197917 0.898438 0.206250 0.898438 0.208333 0.900000 0.208333 0.887500 0.204167 0.884375 0.202083 0.884375 0.197917 0.881250 0.195833 0.881250 0.191667 0.878125 0.187500 0.878125 0.183333 0.881250 0.181250 0.881250
7 0.504167 0.884375 0.391667 0.887500 0.395833 0.931250 0.422917 0.931250 0.397917 0.934375 0.393750 0.978125 0.512500 0.975000 0.508333 0.926562 0.504167 0.921875
7 0.520833 0.892187 0.520833 0.907812 0.522917 0.909375 0.552083 0.909375 0.552083 0.895312 0.545833 0.890625 0.533333 0.890625 0.531250 0.892187
7 0.108333 0.934375 0.095833 0.934375 0.093750 0.935938 0.093750 0.943750 0.091667 0.945312 0.091667 0.954687 0.089583 0.956250 0.089583 0.962500 0.093750 0.962500 0.095833 0.960938 0.102083 0.960938 0.104167 0.959375 0.108333 0.959375 0.108333 0.948438 0.110417 0.946875 0.108333 0.945312
8 0.258333 0.014062 0.252083 0.050000 0.306250 0.165625 0.260417 0.173438 0.247917 0.229687 0.287500 0.287500 0.345833 0.321875 0.389583 0.323438 0.470833 0.395312 0.429167 0.370313 0.391667 0.370313 0.431250 0.367188 0.404167 0.346875 0.308333 0.343750 0.302083 0.370313 0.285417 0.356250 0.214583 0.378125 0.212500 0.412500 0.287500 0.435937 0.447917 0.440625 0.489583 0.426562 0.489583 0.404687 0.468750 0.396875 0.633333 0.190625 0.633333 0.118750 0.581250 0.098438 0.493750 0.015625
8 0.827083 0.267188 0.804167 0.267188 0.804167 0.279687 0.806250 0.281250 0.806250 0.295312 0.808333 0.293750 0.808333 0.292188 0.810417 0.290625 0.810417 0.289062 0.812500 0.287500 0.812500 0.285937 0.816667 0.282813 0.816667 0.281250 0.818750 0.279687 0.818750 0.278125 0.820833 0.276563 0.820833 0.275000 0.822917 0.273438 0.822917 0.271875 0.827083 0.268750
8 0.985417 0.265625 0.883333 0.270312 0.829167 0.326562 0.987500 0.320312
8 0.760417 0.271875 0.754167 0.281250 0.754167 0.284375 0.745833 0.295312 0.745833 0.298438 0.737500 0.309375 0.737500 0.312500 0.729167 0.323438 0.729167 0.326562 0.775000 0.326562 0.772917 0.325000 0.772917 0.318750 0.770833 0.317187 0.770833 0.310937 0.768750 0.309375 0.768750 0.303125 0.766667 0.301562 0.766667 0.295312 0.764583 0.293750 0.764583 0.285937 0.762500 0.284375
8 0.566667 0.282813 0.564583 0.332812 0.533333 0.334375 0.514583 0.365625 0.568750 0.362500 0.568750 0.340625 0.575000 0.362500 0.514583 0.370313 0.514583 0.396875 0.552083 0.403125 0.543750 0.501562 0.610417 0.526563 0.620833 0.575000 0.758333 0.573438 0.754167 0.559375 0.716667 0.560938 0.812500 0.493750 0.889583 0.500000 0.987500 0.484375 0.987500 0.470313 0.956250 0.460938 0.975000 0.456250 0.831250 0.475000 0.820833 0.446875 0.983333 0.435937 0.983333 0.353125 0.652083 0.362500 0.627083 0.337500 0.622917 0.282813
8 0.510417 0.420312 0.510417 0.423438 0.514583 0.426562 0.514583 0.428125 0.520833 0.435937 0.518750 0.437500 0.518750 0.443750 0.520833 0.445312 0.522917 0.443750 0.547917 0.443750 0.547917 0.440625 0.545833 0.440625 0.543750 0.439063 0.543750 0.431250 0.545833 0.429688 0.545833 0.420312 0.550000 0.417188 0.550000 0.415625 0.545833 0.415625 0.541667 0.412500 0.529167 0.412500 0.527083 0.414062 0.525000 0.414062
8 0.389583 0.459375 0.391667 0.470313 0.395833 0.473437 0.391667 0.481250 0.412500 0.479688 0.416667 0.476562 0.433333 0.476562 0.435417 0.478125 0.452083 0.473437 0.472917 0.473437 0.475000 0.475000 0.481250 0.473437 0.531250 0.473437 0.525000 0.460938 0.464583 0.460938 0.452083 0.462500 0.433333 0.468750 0.412500 0.468750 0.404167 0.459375
8 0.297917 0.539062 0.289583 0.550000 0.289583 0.565625 0.295833 0.575000 0.306250 0.578125 0.310417 0.581250 0.308333 0.600000 0.312500 0.604688 0.331250 0.604688 0.337500 0.606250 0.345833 0.612500 0.352083 0.609375 0.356250 0.609375 0.356250 0.604688 0.333333 0.589063 0.318750 0.542188 0.316667 0.540625
8 0.516667 0.787500 0.516667 0.796875 0.518750 0.798437 0.545833 0.798437 0.552083 0.793750 0.550000 0.792188 0.550000 0.790625 0.547917 0.789062 0.547917 0.787500
8 0.600000 0.818750 0.597917 0.818750 0.597917 0.823438 0.595833 0.825000 0.595833 0.829687 0.593750 0.831250 0.593750 0.845312 0.591667 0.846875 0.591667 0.859375 0.589583 0.860937 0.589583 0.873438 0.597917 0.878125 0.597917 0.873438 0.600000 0.871875 0.600000 0.867188 0.604167 0.860937 0.604167 0.856250 0.608333 0.853125 0.612500 0.853125 0.618750 0.850000 0.622917 0.850000 0.627083 0.848437 0.625000 0.845312 0.614583 0.839063 0.614583 0.835938 0.612500 0.834375 0.612500 0.831250 0.610417 0.828125
8 0.562500 0.935938 0.547917 0.935938 0.545833 0.937500 0.541667 0.937500 0.539583 0.939062 0.539583 0.940625 0.535417 0.943750 0.533333 0.948438 0.529167 0.951563 0.529167 0.954687 0.531250 0.956250 0.531250 0.957812 0.533333 0.959375 0.535417 0.964063 0.541667 0.968750 0.543750 0.967188 0.547917 0.967188 0.550000 0.965625 0.556250 0.965625 0.558333 0.964063 0.566667 0.964063 0.566667 0.957812 0.568750 0.956250 0.568750 0.950000 0.570833 0.948438 0.568750 0.946875 0.568750 0.945312 0.566667 0.943750 0.566667 0.940625