1 0.172917 0.012500 0.022917 0.010937 0.020833 0.571875 0.029167 0.507812
1 0.183333 0.026563 0.183333 0.032812 0.181250 0.034375 0.181250 0.040625 0.179167 0.042188 0.179167 0.048437 0.177083 0.050000 0.177083 0.056250 0.175000 0.057813 0.172917 0.071875 0.216667 0.071875 0.218750 0.073437 0.222917 0.073437 0.225000 0.029687 0.227083 0.028125 0.222917 0.028125 0.220833 0.026563
1 0.635417 0.148438 0.618750 0.123438 0.604167 0.123438 0.602083 0.125000 0.585417 0.125000 0.583333 0.126563 0.566667 0.126563 0.566667 0.129688 0.568750 0.131250 0.568750 0.134375 0.570833 0.135937 0.570833 0.139062 0.572917 0.140625 0.572917 0.143750 0.575000 0.145313 0.577083 0.153125 0.591667 0.153125 0.593750 0.151562 0.606250 0.151562 0.608333 0.150000
1 0.091667 0.321875 0.400000 0.318750 0.408333 0.301562 0.314583 0.298438 0.312500 0.228125 0.416667 0.223438 0.422917 0.209375 0.129167 0.206250
1 0.756250 0.398438 0.750000 0.390625 0.750000 0.387500 0.737500 0.365625 0.731250 0.365625 0.706250 0.371875 0.700000 0.371875 0.697917 0.373437 0.675000 0.376563 0.666667 0.379687 0.652083 0.381250 0.652083 0.390625 0.654167 0.392188 0.654167 0.400000 0.656250 0.401563 0.704167 0.401563 0.706250 0.403125 0.708333 0.401563 0.720833 0.401563 0.722917 0.400000 0.745833 0.400000 0.747917 0.398438
1 0.691667 0.435937 0.695833 0.442187 0.695833 0.445312 0.700000 0.450000 0.700000 0.453125 0.704167 0.457812 0.754167 0.457812 0.754167 0.453125 0.752083 0.451562 0.752083 0.439063 0.758333 0.434375 0.697917 0.434375 0.695833 0.435937
1 0.904167 0.575000 0.020833 0.596875 0.016667 0.945312 0.983333 0.882812 0.989583 0.740625
2 0.604167 0.015625 0.637500 0.073437 0.625000 0.114063 0.666667 0.154687 0.964583 0.156250 0.847917 0.168750 0.862500 0.210938 0.831250 0.301562 0.937500 0.309375 0.943750 0.325000 0.831250 0.323438 0.875000 0.340625 0.743750 0.362500 0.766667 0.396875 0.881250 0.406250 0.783333 0.446875 0.872917 0.478125 0.839583 0.498437 0.852083 0.546875 0.914583 0.576563 0.987500 0.723437 0.989583 0.014062
3 0.462500 0.012500 0.475000 0.037500 0.475000 0.075000 0.629167 0.076563 0.622917 0.065625 0.593750 0.065625 0.593750 0.042188 0.620833 0.037500 0.620833 0.034375 0.591667 0.034375 0.579167 0.015625
3 0.666667 0.167187 0.625000 0.167187 0.614583 0.162500 0.504167 0.165625 0.500000 0.176563 0.502083 0.210938 0.512500 0.240625 0.506250 0.262500 0.518750 0.273438 0.512500 0.292188 0.520833 0.295312 0.525000 0.289062 0.620833 0.290625 0.612500 0.245312 0.614583 0.217187 0.647917 0.214062 0.639583 0.212500 0.629167 0.171875 0.666667 0.173438
4 0.727083 0.151562 0.677083 0.153125 0.672917 0.156250 0.672917 0.256250 0.702083 0.250000 0.756250 0.232812
5 0.962500 0.156250 0.729167 0.151562 0.766667 0.234375 0.666667 0.267188 0.664583 0.215625 0.616667 0.226562 0.625000 0.295312 0.668750 0.281250 0.670833 0.303125 0.652083 0.326562 0.566667 0.351562 0.554167 0.373437 0.572917 0.395312 0.804167 0.335938 0.872917 0.337500 0.829167 0.321875 0.935417 0.329688 0.939583 0.312500 0.822917 0.304688 0.835417 0.290625 0.837500 0.214062 0.860417 0.210938 0.841667 0.203125 0.841667 0.173438
6 0.864583 0.412500 0.689583 0.423438 0.656250 0.418750 0.652083 0.407813 0.785417 0.412500 0.825000 0.398438 0.752083 0.410937 0.629167 0.401563 0.618750 0.435937 0.643750 0.446875 0.647917 0.481250 0.618750 0.484375 0.629167 0.501562 0.745833 0.482812 0.854167 0.485938 0.772917 0.478125 0.652083 0.490625 0.656250 0.473437 0.700000 0.467187 0.822917 0.471875 0.781250 0.460938 0.772917 0.443750 0.768750 0.464063 0.656250 0.468750 0.652083 0.425000 0.781250 0.426562 0.764583 0.439063
7 0.235417 0.029687 0.233333 0.068750 0.416667 0.065625 0.410417 0.029687
7 0.131250 0.198437 0.425000 0.207813 0.460417 0.200000 0.500000 0.164062 0.641667 0.165625 0.654167 0.153125 0.497917 0.164062 0.366667 0.157813 0.554167 0.154687 0.541667 0.120312 0.600000 0.109375 0.622917 0.092188 0.618750 0.082813 0.172917 0.078125
7 0.054167 0.132812 0.054167 0.143750 0.052083 0.145313 0.052083 0.154687 0.083333 0.154687 0.083333 0.135937 0.081250 0.134375 0.068750 0.134375 0.066667 0.132812
7 0.179167 0.215625 0.179167 0.253125 0.293750 0.254687 0.302083 0.256250 0.302083 0.221875 0.304167 0.218750
7 0.443750 0.228125 0.322917 0.231250 0.318750 0.296875 0.447917 0.298438
7 0.287500 0.262500 0.187500 0.265625 0.183333 0.267188 0.177083 0.312500 0.187500 0.310937 0.289583 0.310937 0.287500 0.304688
7 0.595833 0.310937 0.443750 0.320312 0.441667 0.326562 0.445833 0.334375 0.435417 0.346875 0.439583 0.368750 0.539583 0.371875 0.539583 0.367188 0.543750 0.364062 0.558333 0.359375 0.558333 0.331250
7 0.362500 0.317187 0.360417 0.318750 0.368750 0.318750 0.375000 0.323438 0.377083 0.326562 0.377083 0.329688 0.379167 0.331250 0.379167 0.343750 0.381250 0.345313 0.381250 0.351562 0.383333 0.353125 0.383333 0.359375 0.385417 0.360938 0.385417 0.365625 0.387500 0.364062 0.385417 0.362500 0.385417 0.353125 0.383333 0.351562 0.383333 0.332812 0.389583 0.328125 0.391667 0.328125 0.402083 0.321875 0.387500 0.321875 0.385417 0.320312 0.370833 0.320312 0.366667 0.317187
7 0.358333 0.321875 0.087500 0.331250 0.031250 0.507812 0.075000 0.584375 0.279167 0.584375 0.287500 0.543750 0.331250 0.540625 0.322917 0.526563 0.345833 0.509375 0.181250 0.504687 0.206250 0.473437 0.193750 0.426562 0.229167 0.385938 0.202083 0.428125 0.216667 0.457812 0.191667 0.504687 0.350000 0.504687 0.358333 0.482812 0.275000 0.485938 0.302083 0.448438 0.370833 0.428125 0.360417 0.385938 0.222917 0.381250 0.366667 0.375000
7 0.470833 0.398438 0.475000 0.404687 0.489583 0.404687 0.510417 0.395312 0.541667 0.398438 0.545833 0.401563 0.543750 0.418750 0.537500 0.431250 0.527083 0.439063 0.537500 0.442187 0.570833 0.423438 0.608333 0.423438 0.608333 0.412500 0.620833 0.400000 0.639583 0.395312 0.639583 0.389062 0.604167 0.389062 0.579167 0.398438 0.566667 0.396875 0.545833 0.379687 0.537500 0.384375 0.487500 0.384375 0.477083 0.389062
7 0.852083 0.573438 0.827083 0.496875 0.510417 0.512500 0.466667 0.559375 0.435417 0.573438 0.404167 0.578125 0.393750 0.557813 0.383333 0.556250 0.362500 0.571875 0.339583 0.573438 0.322917 0.584375 0.845833 0.582812
7 0.985417 0.882812 0.014583 0.957812 0.022917 0.987500 0.989583 0.985937
8 0.414583 0.015625 0.412500 0.017188 0.412500 0.028125 0.414583 0.031250 0.420833 0.034375 0.427083 0.034375 0.429167 0.032812 0.433333 0.034375 0.429167 0.037500 0.422917 0.046875 0.422917 0.053125 0.431250 0.065625 0.450000 0.064062 0.452083 0.062500 0.462500 0.062500 0.466667 0.050000 0.441667 0.035937 0.443750 0.034375 0.447917 0.034375 0.450000 0.035937 0.456250 0.032812 0.456250 0.020312 0.450000 0.015625
8 0.664583 0.290625 0.618750 0.303125 0.564583 0.329688 0.564583 0.334375 0.570833 0.348437 0.575000 0.342187 0.583333 0.335938 0.608333 0.328125 0.618750 0.326562 0.645833 0.317187 0.650000 0.317187 0.658333 0.312500 0.658333 0.309375 0.662500 0.304688
8 0.402083 0.325000 0.393750 0.364062 0.406250 0.406250 0.370833 0.379687 0.391667 0.421875 0.387500 0.439063 0.295833 0.456250 0.283333 0.481250 0.333333 0.468750 0.379167 0.475000 0.335417 0.534375 0.360417 0.553125 0.400000 0.537500 0.414583 0.570312 0.429167 0.571875 0.514583 0.485938 0.604167 0.493750 0.616667 0.481250 0.645833 0.481250 0.637500 0.442187 0.583333 0.432813 0.522917 0.448438 0.510417 0.435937 0.512500 0.487500 0.497917 0.431250 0.537500 0.406250 0.512500 0.400000 0.508333 0.409375 0.477083 0.415625 0.447917 0.404687
8 0.402083 0.643750 0.402083 0.657812 0.400000 0.659375 0.400000 0.671875 0.443750 0.671875 0.445833 0.673437 0.450000 0.673437 0.447917 0.671875 0.447917 0.662500 0.445833 0.660937 0.445833 0.651563 0.443750 0.650000 0.443750 0.642187 0.404167 0.642187
8 0.341667 0.645312 0.341667 0.673437 0.379167 0.673437 0.381250 0.675000 0.385417 0.675000 0.383333 0.673437 0.383333 0.657812 0.381250 0.656250 0.381250 0.643750 0.345833 0.643750 0.343750 0.645312
8 0.143750 0.659375 0.110417 0.678125 0.095833 0.698438 0.102083 0.723437 0.108333 0.735937 0.172917 0.743750 0.222917 0.720312 0.220833 0.676562 0.185417 0.665625
8 0.302083 0.678125 0.243750 0.682813 0.241667 0.685938 0.241667 0.703125 0.239583 0.704687 0.239583 0.721875 0.237500 0.723437 0.237500 0.740625 0.243750 0.739062 0.300000 0.739062 0.300000 0.684375 0.302083 0.682813
8 0.343750 0.712500 0.341667 0.715625 0.341667 0.748438 0.381250 0.748438 0.383333 0.750000 0.387500 0.750000 0.387500 0.715625 0.383333 0.714063 0.362500 0.714063 0.360417 0.712500
8 0.400000 0.729688 0.400000 0.745313 0.450000 0.745313 0.450000 0.743750 0.447917 0.742188 0.447917 0.728125 0.402083 0.728125