1 0.414583 0.015625 0.437500 0.268750 0.306250 0.279687 0.370833 0.698438 0.481250 0.712500 0.491667 0.845312 0.489583 0.785937 0.560417 0.778125 0.597917 0.731250 0.595833 0.590625 0.539583 0.592188 0.541667 0.679688 0.400000 0.689062 0.387500 0.592188 0.491667 0.582812 0.491667 0.554688 0.404167 0.556250 0.395833 0.479688 0.529167 0.475000 0.531250 0.545313 0.595833 0.545313 0.595833 0.337500 0.552083 0.328125 0.552083 0.251563 0.593750 0.250000 0.593750 0.115625 0.502083 0.098438 0.533333 0.073437 0.593750 0.073437 0.487500 0.071875 0.485417 0.015625
3 0.014583 0.014062 0.016667 0.403125 0.170833 0.957812 0.479167 0.939062 0.470833 0.712500 0.366667 0.703125 0.297917 0.276563 0.433333 0.265625 0.408333 0.015625
3 0.989583 0.014062 0.664583 0.015625 0.654167 0.659375 0.933333 0.643750 0.652083 0.664062 0.647917 0.987500 0.897917 0.948438 0.989583 0.521875
3 0.616667 0.015625 0.602083 0.250000 0.631250 0.257812 0.631250 0.325000 0.608333 0.315625 0.604167 0.545313 0.625000 0.546875 0.627083 0.589063 0.604167 0.590625 0.604167 0.793750 0.629167 0.793750 0.627083 0.810938 0.604167 0.812500 0.622917 0.979688 0.643750 0.987500 0.654167 0.015625
7 0.539583 0.285937 0.358333 0.289062 0.375000 0.454688 0.552083 0.448438
7 0.529167 0.476562 0.397917 0.479688 0.406250 0.556250 0.491667 0.553125 0.493750 0.546875 0.529167 0.545313
7 0.537500 0.592188 0.495833 0.593750 0.491667 0.584375 0.389583 0.592188 0.397917 0.685938 0.418750 0.687500 0.541667 0.678125
8 0.487500 0.012500 0.487500 0.070312 0.606250 0.073437 0.533333 0.075000 0.504167 0.098438 0.522917 0.110937 0.608333 0.115625 0.614583 0.015625
8 0.577083 0.162500 0.577083 0.164062 0.593750 0.179688 0.593750 0.225000 0.606250 0.226562 0.608333 0.228125 0.608333 0.223438 0.610417 0.221875 0.612500 0.212500 0.616667 0.206250 0.614583 0.203125 0.614583 0.175000 0.597917 0.162500 0.593750 0.160938
8 0.514583 0.162500 0.514583 0.181250 0.547917 0.181250 0.550000 0.182812 0.554167 0.182812 0.554167 0.164062 0.550000 0.164062 0.547917 0.162500
8 0.554167 0.251563 0.554167 0.328125 0.604167 0.329688 0.604167 0.317187 0.608333 0.314063 0.629167 0.325000 0.629167 0.257812 0.612500 0.259375 0.608333 0.253125 0.602083 0.251563
8 0.493750 0.548437 0.495833 0.592188 0.625000 0.589063 0.622917 0.546875
8 0.627083 0.793750 0.581250 0.795313 0.568750 0.800000 0.541667 0.800000 0.541667 0.806250 0.566667 0.806250 0.575000 0.809375 0.579167 0.812500 0.583333 0.812500 0.585417 0.810938 0.625000 0.810938 0.625000 0.795313
8 0.502083 0.843750 0.495833 0.870313 0.522917 0.917188 0.552083 0.920313 0.591667 0.917188 0.591667 0.910937 0.597917 0.907812 0.600000 0.901563 0.614583 0.901563 0.614583 0.879687 0.608333 0.878125 0.610417 0.853125 0.583333 0.853125 0.579167 0.832812 0.570833 0.829687 0.539583 0.829687