1 0.014583 0.014062 0.027083 0.850000 0.066667 0.739062 0.106250 0.704687 0.139583 0.709375 0.179167 0.684375 0.233333 0.728125 0.260417 0.721875 0.243750 0.321875 0.114583 0.053125 0.068750 0.017188
1 0.122917 0.054688 0.185417 0.187500 0.487500 0.178125 0.489583 0.153125 0.450000 0.156250 0.447917 0.150000 0.491667 0.150000 0.477083 0.087500 0.510417 0.056250
1 0.368750 0.309375 0.262500 0.312500 0.252083 0.318750 0.266667 0.725000 0.325000 0.721875 0.297917 0.340625 0.379167 0.340625
1 0.475000 0.429688 0.320833 0.428125 0.333333 0.720312 0.345833 0.720312 0.343750 0.693750 0.500000 0.685938 0.341667 0.679688 0.341667 0.593750 0.481250 0.579687 0.464583 0.567187 0.452083 0.579687 0.385417 0.584375 0.358333 0.557813 0.385417 0.526563 0.477083 0.525000 0.497917 0.507812 0.475000 0.465625
2 0.977083 0.082813 0.954167 0.096875 0.925000 0.134375 0.981250 0.142188 0.985417 0.145313 0.987500 0.164062 0.916667 0.162500 0.895833 0.167187 0.897917 0.179688 0.987500 0.179688 0.989583 0.087500
2 0.985417 0.207813 0.910417 0.214062 0.914583 0.287500 0.935417 0.290625 0.941667 0.295312 0.939583 0.304688 0.922917 0.309375 0.939583 0.370313 0.987500 0.367188
2 0.987500 0.409375 0.931250 0.414062 0.931250 0.435937 0.966667 0.456250 0.968750 0.476562 0.833333 0.468750 0.887500 0.489062 0.883333 0.503125 0.722917 0.498437 0.583333 0.526563 0.593750 0.648438 0.712500 0.643750 0.720833 0.660937 0.745833 0.668750 0.943750 0.653125 0.989583 0.684375
3 0.527083 0.071875 0.535417 0.071875 0.537500 0.073437 0.543750 0.073437 0.545833 0.075000 0.554167 0.075000 0.556250 0.076563 0.562500 0.076563 0.564583 0.078125 0.570833 0.078125 0.572917 0.079687 0.581250 0.079687 0.583333 0.081250 0.589583 0.081250 0.591667 0.082813 0.591667 0.075000 0.589583 0.075000 0.587500 0.073437 0.541667 0.073437 0.539583 0.071875
3 0.516667 0.156250 0.516667 0.171875 0.512500 0.178125 0.510417 0.189063 0.531250 0.190625 0.533333 0.192188 0.545833 0.192188 0.547917 0.193750 0.558333 0.193750 0.560417 0.195312 0.560417 0.190625 0.562500 0.189063 0.562500 0.184375 0.564583 0.182812 0.564583 0.178125 0.566667 0.176563 0.566667 0.171875 0.568750 0.170312 0.568750 0.165625 0.570833 0.164062 0.572917 0.153125 0.522917 0.153125
3 0.489583 0.521875 0.493750 0.534375 0.493750 0.554688 0.489583 0.564062 0.485417 0.567187 0.487500 0.571875 0.564583 0.571875 0.572917 0.573438 0.577083 0.565625 0.556250 0.567187 0.554167 0.565625 0.556250 0.545313 0.558333 0.543750 0.554167 0.529688 0.527083 0.529688 0.522917 0.517187 0.504167 0.517187 0.493750 0.518750
3 0.989583 0.690625 0.947917 0.660937 0.668750 0.679688 0.627083 0.670313 0.585417 0.685938 0.579167 0.712500 0.397917 0.723437 0.395833 0.740625 0.366667 0.745313 0.352083 0.726562 0.233333 0.734375 0.210417 0.714063 0.133333 0.717188 0.077083 0.807813 0.079167 0.893750 0.987500 0.839063
5 0.985417 0.014062 0.631250 0.017188 0.779167 0.060938 0.791667 0.081250 0.741667 0.171875 0.833333 0.182812 0.745833 0.260938 0.754167 0.321875 0.700000 0.325000 0.662500 0.396875 0.560417 0.462500 0.560417 0.509375 0.539583 0.485938 0.533333 0.526563 0.718750 0.489062 0.877083 0.498437 0.785417 0.470313 0.702083 0.481250 0.839583 0.456250 0.966667 0.468750 0.925000 0.448438 0.922917 0.410937 0.985417 0.401563 0.987500 0.375000 0.929167 0.373437 0.914583 0.306250 0.935417 0.298438 0.906250 0.285937 0.900000 0.210938 0.987500 0.203125 0.987500 0.185937 0.889583 0.173438 0.985417 0.162500 0.981250 0.143750 0.914583 0.137500 0.989583 0.081250
5 0.495833 0.017188 0.495833 0.037500 0.512500 0.057813 0.525000 0.064062 0.545833 0.068750 0.600000 0.068750 0.612500 0.015625 0.497917 0.015625
5 0.483333 0.084375 0.485417 0.118750 0.487500 0.126563 0.497917 0.139062 0.506250 0.143750 0.518750 0.145313 0.579167 0.145313 0.589583 0.085938 0.520833 0.073437 0.502083 0.073437
5 0.479167 0.190625 0.479167 0.193750 0.477083 0.195312 0.477083 0.204688 0.479167 0.206250 0.479167 0.210938 0.483333 0.218750 0.485417 0.231250 0.493750 0.232812 0.500000 0.235938 0.510417 0.237500 0.516667 0.240625 0.525000 0.240625 0.533333 0.228125 0.539583 0.223438 0.543750 0.223438 0.552083 0.220313 0.552083 0.200000 0.554167 0.198437 0.552083 0.196875 0.539583 0.196875 0.537500 0.195312 0.522917 0.195312 0.520833 0.193750
5 0.491667 0.396875 0.485417 0.406250 0.485417 0.429688 0.487500 0.431250 0.485417 0.460938 0.500000 0.470313 0.518750 0.470313 0.533333 0.464063 0.543750 0.462500 0.547917 0.459375 0.545833 0.456250 0.543750 0.398438 0.539583 0.396875
5 0.535417 0.481250 0.533333 0.481250 0.531250 0.482812 0.525000 0.482812 0.522917 0.484375 0.518750 0.484375 0.516667 0.485938 0.516667 0.487500 0.514583 0.489062 0.514583 0.492188 0.512500 0.493750 0.512500 0.495313 0.510417 0.496875 0.510417 0.498437 0.506250 0.503125 0.506250 0.512500 0.508333 0.514063 0.510417 0.512500 0.522917 0.512500 0.522917 0.510938 0.525000 0.509375 0.525000 0.504687 0.527083 0.503125 0.527083 0.500000 0.529167 0.498437 0.529167 0.492188 0.533333 0.487500 0.533333 0.484375 0.535417 0.482812
5 0.593750 0.668750 0.602083 0.673437 0.604167 0.671875 0.618750 0.671875 0.629167 0.667188 0.633333 0.667188 0.635417 0.662500 0.654167 0.662500 0.656250 0.660937 0.710417 0.657812 0.710417 0.653125 0.685417 0.654688 0.683333 0.656250 0.672917 0.656250 0.670833 0.657812 0.658333 0.657812 0.656250 0.659375 0.645833 0.659375 0.643750 0.660937 0.631250 0.660937 0.629167 0.659375 0.629167 0.653125 0.620833 0.653125 0.610417 0.656250 0.593750 0.657812
6 0.618750 0.020312 0.554167 0.231250 0.564583 0.271875 0.595833 0.290625 0.597917 0.301562 0.550000 0.365625 0.552083 0.462500 0.583333 0.428125 0.643750 0.398438 0.733333 0.282813 0.743750 0.178125 0.733333 0.170312 0.741667 0.156250 0.718750 0.048437
7 0.083333 0.014062 0.118750 0.048437 0.502083 0.050000 0.491667 0.039062 0.493750 0.015625
7 0.179167 0.059375 0.206250 0.106250 0.202083 0.112500 0.314583 0.110937 0.306250 0.062500
7 0.445833 0.079687 0.339583 0.082813 0.337500 0.115625 0.341667 0.157813 0.439583 0.156250
7 0.214583 0.125000 0.231250 0.171875 0.235417 0.178125 0.237500 0.176563 0.318750 0.171875 0.316667 0.170312 0.308333 0.125000
7 0.133333 0.179688 0.131250 0.181250 0.131250 0.182812 0.127083 0.185937 0.127083 0.187500 0.122917 0.190625 0.122917 0.192188 0.120833 0.193750 0.120833 0.195312 0.116667 0.198437 0.116667 0.200000 0.122917 0.204688 0.125000 0.204688 0.129167 0.207813 0.131250 0.207813 0.137500 0.212500 0.137500 0.210938 0.147917 0.203125 0.145833 0.201562 0.145833 0.200000 0.143750 0.198437 0.143750 0.196875 0.139583 0.192188 0.139583 0.189063 0.137500 0.187500 0.137500 0.185937 0.135417 0.184375 0.135417 0.182812 0.133333 0.181250
7 0.485417 0.184375 0.185417 0.193750 0.239583 0.310937 0.370833 0.307813 0.397917 0.293750 0.391667 0.285937 0.322917 0.282813 0.393750 0.281250 0.400000 0.257812 0.412500 0.281250 0.525000 0.281250 0.510417 0.243750 0.487500 0.234375 0.304167 0.237500 0.300000 0.257812 0.316667 0.282813 0.293750 0.257812 0.295833 0.235938 0.479167 0.229687 0.470833 0.195312
7 0.491667 0.385938 0.331250 0.389062 0.327083 0.390625 0.343750 0.412500 0.475000 0.409375 0.491667 0.390625
7 0.091667 0.401563 0.091667 0.404687 0.093750 0.406250 0.093750 0.409375 0.095833 0.410937 0.095833 0.415625 0.097917 0.417188 0.097917 0.420312 0.116667 0.420312 0.116667 0.410937 0.114583 0.409375 0.112500 0.409375 0.110417 0.407813 0.108333 0.407813 0.106250 0.406250 0.104167 0.406250 0.102083 0.404687 0.100000 0.404687 0.097917 0.403125 0.093750 0.403125
7 0.339583 0.460938 0.339583 0.489062 0.341667 0.490625 0.341667 0.493750 0.343750 0.493750 0.345833 0.492188 0.387500 0.492188 0.387500 0.490625 0.385417 0.489062 0.385417 0.460938
7 0.410417 0.459375 0.410417 0.460938 0.408333 0.462500 0.408333 0.492188 0.443750 0.492188 0.445833 0.493750 0.450000 0.493750 0.450000 0.492188 0.447917 0.490625 0.447917 0.464063 0.445833 0.462500 0.435417 0.462500 0.433333 0.460938 0.420833 0.460938 0.418750 0.459375
7 0.168750 0.462500 0.164583 0.465625 0.164583 0.482812 0.185417 0.482812 0.185417 0.464063 0.187500 0.462500
7 0.368750 0.548437 0.368750 0.556250 0.385417 0.567187 0.387500 0.570312 0.387500 0.576563 0.391667 0.576563 0.393750 0.575000 0.450000 0.575000 0.450000 0.570312 0.452083 0.568750 0.447917 0.564062 0.445833 0.553125 0.433333 0.545313 0.429167 0.539062 0.431250 0.529688 0.402083 0.529688 0.400000 0.531250 0.387500 0.532812 0.381250 0.535937 0.379167 0.545313
7 0.593750 0.576563 0.343750 0.598437 0.347917 0.676562 0.368750 0.678125 0.589583 0.660937
7 0.118750 0.678125 0.108333 0.678125 0.106250 0.679688 0.095833 0.679688 0.095833 0.685938 0.097917 0.687500 0.097917 0.695312 0.100000 0.696875 0.100000 0.703125 0.108333 0.703125 0.110417 0.701563 0.114583 0.701563 0.116667 0.700000 0.122917 0.700000 0.122917 0.690625 0.125000 0.689062 0.122917 0.687500 0.122917 0.685938 0.120833 0.684375 0.120833 0.681250 0.118750 0.679688
7 0.239583 0.684375 0.235417 0.684375 0.233333 0.685938 0.229167 0.685938 0.227083 0.687500 0.225000 0.687500 0.222917 0.689062 0.218750 0.689062 0.218750 0.701563 0.220833 0.703125 0.235417 0.703125 0.237500 0.704687 0.237500 0.685938
7 0.352083 0.696875 0.352083 0.709375 0.354167 0.710938 0.354167 0.726562 0.356250 0.728125 0.356250 0.743750 0.366667 0.743750 0.368750 0.742188 0.375000 0.742188 0.377083 0.740625 0.395833 0.739062 0.395833 0.720312 0.397917 0.718750 0.397917 0.700000 0.400000 0.698438 0.395833 0.698438 0.393750 0.696875
7 0.952083 0.932813 0.783333 0.854688 0.085417 0.912500 0.014583 0.970312 0.014583 0.985937
8 0.545833 0.226562 0.525000 0.242188 0.537500 0.279687 0.510417 0.325000 0.510417 0.306250 0.466667 0.312500 0.464583 0.295312 0.414583 0.285937 0.400000 0.259375 0.395833 0.287500 0.418750 0.310937 0.389583 0.314063 0.406250 0.326562 0.389583 0.346875 0.404167 0.350000 0.414583 0.365625 0.458333 0.354688 0.468750 0.328125 0.508333 0.337500 0.512500 0.326562 0.533333 0.362500 0.550000 0.360938 0.589583 0.292188 0.562500 0.275000
8 0.595833 0.676562 0.531250 0.678125 0.529167 0.679688 0.529167 0.696875 0.527083 0.698438 0.527083 0.701563 0.512500 0.707812 0.512500 0.710938 0.529167 0.710938 0.531250 0.709375 0.543750 0.709375 0.545833 0.707812 0.575000 0.706250 0.577083 0.685938 0.583333 0.681250
8 0.775000 0.987500 0.743750 0.959375 0.733333 0.959375 0.731250 0.960938 0.720833 0.960938 0.708333 0.964063 0.660417 0.968750 0.672917 0.987500