1 0.025000 0.014062 0.091667 0.223438 0.158333 0.226562 0.147917 0.189063 0.520833 0.200000 0.547917 0.089062 0.410417 0.060938 0.412500 0.015625
1 0.012500 0.100000 0.014583 0.746875 0.047917 0.514063 0.431250 0.500000 0.425000 0.485938 0.087500 0.492188 0.091667 0.393750 0.100000 0.487500 0.110417 0.420312 0.275000 0.425000 0.275000 0.382812 0.287500 0.423438 0.412500 0.404687 0.437500 0.421875 0.452083 0.382812 0.368750 0.379687 0.364583 0.260938 0.068750 0.259375
1 0.456250 0.382812 0.464583 0.420312 0.595833 0.418750 0.579167 0.381250
1 0.595833 0.575000 0.308333 0.573438 0.437500 0.565625 0.437500 0.542188 0.093750 0.556250 0.041667 0.989062 0.106250 0.989062 0.135417 0.581250 0.114583 0.959375 0.133333 0.989062 0.145833 0.609375 0.600000 0.589063
2 0.556250 0.087500 0.522917 0.232812 0.581250 0.234375 0.581250 0.201562 0.608333 0.128125 0.608333 0.103125
2 0.618750 0.575000 0.656250 0.814062 0.670833 0.803125 0.687500 0.821875 0.685417 0.839063 0.662500 0.846875 0.712500 0.985937 0.989583 0.989062 0.987500 0.698438 0.689583 0.762500 0.670833 0.757812 0.656250 0.718750 0.718750 0.595312 0.666667 0.570312
3 0.454167 0.382812 0.454167 0.385938 0.443750 0.406250 0.443750 0.410937 0.439583 0.417188 0.439583 0.425000 0.441667 0.426562 0.441667 0.429688 0.450000 0.437500 0.452083 0.446875 0.456250 0.453125 0.454167 0.454688 0.450000 0.454688 0.450000 0.456250 0.452083 0.457812 0.470833 0.457812 0.468750 0.456250 0.468750 0.448438 0.466667 0.446875 0.466667 0.439063 0.464583 0.437500 0.464583 0.429688 0.462500 0.428125 0.462500 0.420312 0.460417 0.418750 0.460417 0.409375 0.458333 0.407813 0.458333 0.400000 0.456250 0.398438
3 0.272917 0.384375 0.277083 0.432813 0.279167 0.434375 0.279167 0.450000 0.281250 0.451562 0.281250 0.467187 0.283333 0.468750 0.283333 0.485938 0.289583 0.487500 0.287500 0.484375 0.283333 0.387500
5 0.414583 0.060938 0.612500 0.095312 0.647917 0.015625 0.418750 0.012500
5 0.985417 0.242188 0.902083 0.353125 0.900000 0.376563 0.945833 0.414062 0.987500 0.417188
5 0.600000 0.434375 0.568750 0.435937 0.439583 0.467187 0.435417 0.479688 0.452083 0.579687 0.639583 0.565625
5 0.989583 0.435937 0.829167 0.482812 0.779167 0.525000 0.720833 0.606250 0.660417 0.718750 0.660417 0.737500 0.677083 0.754687 0.691667 0.757812 0.987500 0.693750
6 0.985417 0.014062 0.735417 0.017188 0.706250 0.114063 0.800000 0.271875 0.741667 0.382812 0.704167 0.379687 0.666667 0.321875 0.647917 0.204688 0.612500 0.135937 0.587500 0.375000 0.650000 0.550000 0.725000 0.592188 0.829167 0.476562 0.970833 0.421875 0.935417 0.418750 0.891667 0.368750 0.985417 0.229687
7 0.158333 0.306250 0.156250 0.373437 0.335417 0.370313 0.327083 0.304688
7 0.606250 0.581250 0.154167 0.610937 0.137500 0.987500 0.689583 0.976562 0.660417 0.840625 0.412500 0.870313 0.412500 0.820312 0.445833 0.826563 0.504167 0.806250 0.516667 0.817187 0.654167 0.814062
8 0.725000 0.017188 0.658333 0.017188 0.618750 0.107813 0.618750 0.142188 0.656250 0.206250 0.652083 0.237500 0.675000 0.290625 0.712500 0.214062 0.743750 0.214062 0.754167 0.193750 0.714583 0.118750 0.704167 0.118750 0.685417 0.153125
8 0.756250 0.214062 0.750000 0.217187 0.718750 0.217187 0.672917 0.317187 0.672917 0.323438 0.689583 0.350000 0.712500 0.378125 0.737500 0.376563 0.791667 0.271875
8 0.377083 0.256250 0.358333 0.303125 0.360417 0.345313 0.372917 0.381250 0.575000 0.373437 0.577083 0.346875 0.485417 0.339063 0.468750 0.306250 0.470833 0.301562 0.577083 0.301562 0.566667 0.271875
8 0.414583 0.406250 0.389583 0.417188 0.345833 0.423438 0.387500 0.425000 0.400000 0.429688 0.400000 0.435937 0.352083 0.435937 0.358333 0.442187 0.385417 0.446875 0.360417 0.470313 0.393750 0.485938 0.418750 0.476562 0.433333 0.476562 0.441667 0.457812 0.454167 0.453125 0.445833 0.434375
8 0.156250 0.437500 0.160417 0.478125 0.162500 0.479688 0.164583 0.478125 0.262500 0.473437 0.270833 0.462500 0.270833 0.445312 0.272917 0.443750 0.262500 0.435937 0.166667 0.435937
8 0.685417 0.821875 0.670833 0.804688 0.656250 0.815625 0.516667 0.818750 0.510417 0.807813 0.452083 0.818750 0.445833 0.828125 0.418750 0.828125 0.412500 0.821875 0.414583 0.870313 0.427083 0.873438 0.420833 0.857813 0.439583 0.857813 0.464583 0.870313 0.477083 0.870313 0.520833 0.856250 0.525000 0.846875 0.643750 0.839063 0.675000 0.840625 0.683333 0.839063