1 0.022917 0.014062 0.016667 0.203125 0.314583 0.232812 0.327083 0.089062 0.318750 0.015625
1 0.018750 0.209375 0.020833 0.239063 0.306250 0.264062 0.306250 0.240625
1 0.420833 0.553125 0.395833 0.525000 0.018750 0.528125 0.025000 0.571875 0.016667 0.585938 0.302083 0.585938 0.287500 0.578125 0.108333 0.573438 0.297917 0.575000 0.293750 0.554688
1 0.306250 0.571875 0.306250 0.581250 0.310417 0.579687 0.447917 0.576563 0.431250 0.560938 0.420833 0.560938 0.418750 0.559375 0.308333 0.559375 0.308333 0.570312
1 0.018750 0.590625 0.018750 0.701563 0.222917 0.689062 0.225000 0.681250 0.237500 0.681250 0.237500 0.675000 0.218750 0.675000 0.216667 0.670313 0.237500 0.668750 0.243750 0.595312
1 0.310417 0.725000 0.016667 0.739062 0.020833 0.943750 0.341667 0.912500 0.354167 0.792188 0.329167 0.756250 0.016667 0.770312 0.325000 0.750000
1 0.610417 0.770312 0.487500 0.787500 0.389583 0.829687 0.360417 0.821875 0.347917 0.915625 0.014583 0.950000 0.014583 0.989062 0.037500 0.987500 0.045833 0.948438 0.162500 0.940625 0.160417 0.987500 0.472917 0.985937 0.437500 0.909375 0.418750 0.907812 0.589583 0.889063
2 0.989583 0.520312 0.989583 0.525000 0.987500 0.526563 0.987500 0.531250 0.985417 0.532812 0.985417 0.537500 0.983333 0.539062 0.983333 0.543750 0.981250 0.545313 0.981250 0.550000 0.972917 0.570312 0.972917 0.576563 0.970833 0.578125 0.970833 0.582812 0.962500 0.603125 0.962500 0.607813 0.985417 0.609375 0.987500 0.610937 0.987500 0.528125 0.989583 0.526563
2 0.983333 0.690625 0.902083 0.670313 0.827083 0.690625 0.862500 0.709375 0.862500 0.720312 0.820833 0.743750 0.670833 0.743750 0.616667 0.771875 0.595833 0.892187 0.445833 0.907812 0.479167 0.984375 0.987500 0.989062
3 0.018750 0.248437 0.016667 0.515625 0.022917 0.521875 0.143750 0.520312 0.152083 0.262500
3 0.264583 0.270312 0.266667 0.343750 0.250000 0.376563 0.260417 0.428125 0.250000 0.482812 0.260417 0.517187 0.266667 0.496875 0.268750 0.520312 0.400000 0.517187 0.408333 0.445312 0.295833 0.432813 0.297917 0.351562 0.281250 0.353125 0.266667 0.496875 0.285417 0.273438
3 0.287500 0.587500 0.281250 0.592188 0.268750 0.664062 0.272917 0.665625 0.291667 0.690625 0.283333 0.696875 0.287500 0.701563 0.285417 0.714063 0.272917 0.717188 0.275000 0.721875 0.304167 0.717188 0.327083 0.717188 0.325000 0.692187 0.293750 0.590625
3 0.300000 0.596875 0.333333 0.685938 0.345833 0.675000 0.441667 0.648438 0.475000 0.620313 0.462500 0.595312
5 0.320833 0.014062 0.331250 0.078125 0.452083 0.084375 0.456250 0.059375 0.456250 0.015625
5 0.641667 0.015625 0.639583 0.204688 0.850000 0.245312 0.981250 0.254687 0.985417 0.015625
5 0.329167 0.093750 0.316667 0.264062 0.433333 0.275000 0.450000 0.103125
5 0.314583 0.275000 0.302083 0.351562 0.297917 0.428125 0.337500 0.437500 0.414583 0.442187 0.431250 0.284375
5 0.979167 0.321875 0.635417 0.310937 0.552083 0.584375 0.552083 0.679688 0.522917 0.648438 0.458333 0.656250 0.504167 0.631250 0.489583 0.615625 0.441667 0.650000 0.339583 0.679688 0.329167 0.712500 0.379167 0.825000 0.668750 0.739062 0.816667 0.739062 0.858333 0.707812 0.747917 0.690625 0.900000 0.665625 0.985417 0.682813 0.987500 0.615625 0.954167 0.610937 0.987500 0.487500
6 0.633333 0.012500 0.460417 0.021875 0.408333 0.523438 0.547917 0.673437 0.547917 0.589063 0.597917 0.360938 0.620833 0.353125 0.639583 0.303125 0.802083 0.303125 0.810417 0.268750 0.800000 0.246875 0.629167 0.204688
7 0.160417 0.940625 0.045833 0.950000 0.043750 0.951563 0.039583 0.989062 0.050000 0.987500 0.158333 0.987500 0.158333 0.945312
8 0.170833 0.292188 0.172917 0.298438 0.175000 0.296875 0.197917 0.296875 0.202083 0.300000 0.200000 0.304688 0.189583 0.306250 0.189583 0.310937 0.204167 0.312500 0.189583 0.317187 0.197917 0.321875 0.214583 0.317187 0.216667 0.312500 0.227083 0.304688 0.254167 0.304688 0.264583 0.309375 0.264583 0.300000 0.216667 0.296875 0.206250 0.285937 0.197917 0.284375 0.189583 0.278125 0.181250 0.278125 0.181250 0.285937 0.193750 0.287500 0.197917 0.290625 0.197917 0.295312 0.195833 0.296875 0.183333 0.292188
8 0.210417 0.343750 0.210417 0.348437 0.214583 0.348437 0.216667 0.350000 0.222917 0.350000 0.225000 0.351562 0.231250 0.351562 0.233333 0.353125 0.239583 0.353125 0.241667 0.354688 0.247917 0.354688 0.250000 0.356250 0.256250 0.356250 0.258333 0.357812 0.256250 0.356250 0.256250 0.348437 0.254167 0.346875 0.239583 0.346875 0.237500 0.345313 0.222917 0.345313 0.220833 0.343750
8 0.275000 0.678125 0.272917 0.676562 0.272917 0.671875 0.270833 0.670313 0.270833 0.665625 0.268750 0.665625 0.262500 0.668750 0.245833 0.668750 0.243750 0.670313 0.227083 0.670313 0.225000 0.671875 0.222917 0.670313 0.218750 0.670313 0.218750 0.673437 0.237500 0.673437 0.239583 0.675000 0.258333 0.675000 0.260417 0.676562 0.272917 0.676562
8 0.225000 0.682813 0.225000 0.689062 0.266667 0.689062 0.268750 0.690625 0.281250 0.690625 0.281250 0.689062 0.272917 0.682813 0.268750 0.682813 0.262500 0.685938 0.260417 0.684375 0.243750 0.684375 0.241667 0.682813
8 0.283333 0.710938 0.281250 0.709375 0.281250 0.704687 0.279167 0.703125 0.279167 0.698438 0.277083 0.698438 0.272917 0.701563 0.262500 0.701563 0.260417 0.703125 0.247917 0.703125 0.245833 0.704687 0.235417 0.704687 0.233333 0.706250 0.227083 0.703125 0.227083 0.709375 0.231250 0.712500 0.237500 0.707812 0.272917 0.707812 0.275000 0.709375 0.277083 0.709375 0.281250 0.712500