1 0.022917 0.014062 0.075000 0.110937 0.220833 0.135937 0.225000 0.126563 0.364583 0.140625 0.400000 0.032812 0.337500 0.023438 0.329167 0.015625
1 0.506250 0.015625 0.418750 0.020312 0.377083 0.143750 0.425000 0.143750
1 0.020833 0.065625 0.016667 0.268750 0.031250 0.271875 0.047917 0.123438
1 0.083333 0.118750 0.060417 0.293750 0.216667 0.306250 0.208333 0.271875 0.187500 0.271875 0.185417 0.218750 0.212500 0.226562 0.210417 0.195312 0.139583 0.178125 0.143750 0.146875 0.212500 0.157813 0.214583 0.140625
1 0.054167 0.301562 0.052083 0.321875 0.343750 0.340625 0.335417 0.334375 0.335417 0.321875
1 0.031250 0.785937 0.187500 0.776563 0.164583 0.770312 0.158333 0.709375 0.189583 0.700000 0.150000 0.703125 0.156250 0.642187 0.308333 0.631250 0.327083 0.621875 0.081250 0.609375 0.337500 0.614062 0.337500 0.593750 0.039583 0.585938
1 0.031250 0.789062 0.016667 0.829687 0.016667 0.987500 0.379167 0.987500 0.320833 0.789062
1 0.339583 0.792188 0.335417 0.798437 0.385417 0.984375 0.466667 0.987500 0.385417 0.834375 0.385417 0.809375 0.375000 0.792188
3 0.231250 0.132812 0.220833 0.293750 0.354167 0.301562 0.422917 0.154687
3 0.206250 0.642187 0.197917 0.725000 0.206250 0.756250 0.195833 0.760938 0.195833 0.776563 0.379167 0.775000 0.312500 0.639063
5 0.766667 0.060938 0.668750 0.012500 0.512500 0.015625 0.483333 0.082813 0.493750 0.106250 0.535417 0.129688 0.489583 0.112500 0.479167 0.081250 0.433333 0.156250 0.450000 0.189063 0.429167 0.170312 0.404167 0.221875 0.510417 0.260938 0.533333 0.232812 0.452083 0.193750 0.550000 0.231250 0.608333 0.178125 0.577083 0.153125 0.614583 0.171875
5 0.681250 0.012500 0.762500 0.050000 0.810417 0.014062 0.800000 0.014062 0.797917 0.012500
5 0.400000 0.228125 0.375000 0.268750 0.454167 0.307813 0.502083 0.265625
5 0.377083 0.279687 0.364583 0.301562 0.412500 0.334375 0.408333 0.335938 0.358333 0.314063 0.339583 0.328125 0.358333 0.350000 0.397917 0.350000 0.447917 0.310937
5 0.354167 0.600000 0.322917 0.640625 0.333333 0.660937 0.347917 0.657812 0.335417 0.667188 0.352083 0.692187 0.360417 0.692187 0.347917 0.698438 0.366667 0.742188 0.391667 0.721875 0.429167 0.710938 0.454167 0.693750 0.420833 0.665625 0.383333 0.682813 0.375000 0.682813 0.416667 0.659375 0.397917 0.634375
5 0.464583 0.700000 0.368750 0.748438 0.397917 0.806250 0.420833 0.784375 0.395833 0.825000 0.429167 0.885938 0.458333 0.870313 0.435417 0.895312 0.481250 0.985937 0.556250 0.987500 0.693750 0.923437 0.575000 0.809375 0.522917 0.742188 0.510417 0.745313
5 0.785417 0.985937 0.708333 0.928125 0.570833 0.987500
6 0.829167 0.012500 0.385417 0.367188 0.364583 0.601562 0.789583 0.984375 0.987500 0.987500 0.985417 0.010937
7 0.050000 0.331250 0.056250 0.385938 0.377083 0.400000 0.377083 0.371875 0.389583 0.356250
7 0.066667 0.506250 0.320833 0.514063 0.318750 0.487500 0.325000 0.479688 0.314583 0.467187 0.289583 0.462500 0.289583 0.442187 0.300000 0.437500 0.364583 0.442187 0.368750 0.409375 0.072917 0.395312 0.081250 0.410937 0.079167 0.429688 0.127083 0.445312 0.116667 0.464063 0.089583 0.465625 0.066667 0.482812
7 0.039583 0.575000 0.362500 0.578125 0.364583 0.523438 0.056250 0.509375
8 0.147917 0.150000 0.147917 0.175000 0.154167 0.175000 0.156250 0.176563 0.162500 0.176563 0.164583 0.178125 0.172917 0.178125 0.175000 0.179688 0.183333 0.179688 0.185417 0.181250 0.193750 0.181250 0.195833 0.182812 0.212500 0.184375 0.214583 0.185937 0.214583 0.181250 0.216667 0.179688 0.216667 0.175000 0.218750 0.173438 0.218750 0.167187 0.214583 0.167187 0.212500 0.165625 0.208333 0.165625 0.206250 0.164062 0.202083 0.164062 0.200000 0.162500 0.195833 0.162500 0.193750 0.160938 0.189583 0.160938 0.187500 0.159375 0.183333 0.159375 0.181250 0.157813 0.177083 0.157813 0.175000 0.156250 0.170833 0.156250 0.168750 0.154687 0.164583 0.154687 0.162500 0.153125 0.158333 0.153125 0.156250 0.151562
8 0.191667 0.225000 0.191667 0.264062 0.195833 0.264062 0.197917 0.262500 0.200000 0.262500 0.206250 0.259375 0.210417 0.259375 0.210417 0.248437 0.212500 0.246875 0.212500 0.232812 0.210417 0.232812 0.208333 0.231250 0.206250 0.231250 0.204167 0.229687 0.202083 0.229687 0.200000 0.228125 0.197917 0.228125
8 0.018750 0.378125 0.025000 0.504687 0.060417 0.485938 0.089583 0.464063 0.116667 0.457812 0.125000 0.443750 0.089583 0.432813 0.070833 0.432813 0.062500 0.412500 0.033333 0.393750
8 0.291667 0.448438 0.291667 0.456250 0.297917 0.460938 0.302083 0.457812 0.304167 0.457812 0.310417 0.462500 0.331250 0.464063 0.333333 0.465625 0.345833 0.465625 0.347917 0.467187 0.360417 0.467187 0.362500 0.468750 0.364583 0.445312 0.350000 0.445312 0.345833 0.446875 0.343750 0.445312 0.316667 0.443750 0.316667 0.446875 0.308333 0.453125 0.304167 0.453125 0.295833 0.446875
8 0.162500 0.646875 0.160417 0.648438 0.160417 0.675000 0.158333 0.676562 0.158333 0.698438 0.168750 0.698438 0.170833 0.696875 0.179167 0.696875 0.181250 0.695312 0.191667 0.695312 0.193750 0.664062 0.195833 0.662500 0.195833 0.648438 0.197917 0.646875
8 0.191667 0.707812 0.175000 0.714063 0.170833 0.714063 0.170833 0.764063 0.172917 0.765625 0.172917 0.768750 0.189583 0.762500 0.193750 0.759375 0.204167 0.756250 0.202083 0.754687 0.202083 0.748438 0.200000 0.746875 0.200000 0.739062 0.197917 0.737500 0.197917 0.731250 0.195833 0.729688 0.195833 0.723437 0.193750 0.721875 0.193750 0.714063 0.191667 0.712500