1 0.014583 0.014062 0.016667 0.989062 0.195833 0.989062 0.239583 0.607813 0.058333 0.604688 0.047917 0.590625 0.097917 0.559375 0.066667 0.557813 0.050000 0.529688 0.068750 0.509375 0.114583 0.537500 0.106250 0.587500 0.239583 0.578125 0.229167 0.431250 0.095833 0.229687 0.112500 0.125000 0.056250 0.017188
1 0.822917 0.151562 0.616667 0.131250 0.150000 0.142188 0.137500 0.232812 0.241667 0.415625 0.337500 0.425000 0.252083 0.426562 0.260417 0.553125 0.302083 0.553125 0.318750 0.520312 0.341667 0.529688 0.339583 0.425000 0.650000 0.425000 0.664583 0.396875 0.577083 0.384375 0.560417 0.359375 0.585417 0.348437 0.577083 0.273438 0.608333 0.251563 0.795833 0.279687 0.820833 0.237500 0.331250 0.229687 0.841667 0.226562
1 0.606250 0.553125 0.475000 0.556250 0.495833 0.582812 0.454167 0.653125 0.516667 0.651563 0.518750 0.729688 0.400000 0.734375 0.397917 0.676562 0.354167 0.678125 0.364583 0.645312 0.306250 0.650000 0.310417 0.600000 0.250000 0.601562 0.218750 0.987500 0.791667 0.985937 0.331250 0.982813 0.331250 0.860937 0.764583 0.854688 0.766667 0.796875 0.570833 0.818750 0.712500 0.768750 0.556250 0.787500 0.660417 0.751562 0.629167 0.753125 0.620833 0.696875 0.558333 0.707812 0.547917 0.620313 0.608333 0.621875
1 0.258333 0.579687 0.275000 0.578125 0.277083 0.576563 0.300000 0.576563 0.302083 0.575000 0.310417 0.575000 0.320833 0.571875 0.329167 0.571875 0.339583 0.568750 0.366667 0.565625 0.370833 0.560938 0.347917 0.562500 0.345833 0.564062 0.335417 0.564062 0.333333 0.565625 0.322917 0.565625 0.320833 0.567187 0.308333 0.567187 0.306250 0.565625 0.306250 0.557813 0.260417 0.557813
2 0.989583 0.014062 0.943750 0.014062 0.889583 0.121875 0.889583 0.140625 0.868750 0.153125 0.825000 0.151562 0.843750 0.226562 0.804167 0.285937 0.897917 0.290625 0.914583 0.278125 0.947917 0.282813 0.987500 0.271875
2 0.800000 0.535937 0.800000 0.550000 0.810417 0.556250 0.833333 0.560938 0.839583 0.565625 0.839583 0.579687 0.972917 0.579687 0.981250 0.562500 0.952083 0.556250 0.941667 0.556250 0.920833 0.565625 0.866667 0.562500 0.847917 0.559375 0.839583 0.551562 0.839583 0.534375
2 0.987500 0.617188 0.975000 0.621875 0.935417 0.625000 0.964583 0.629687 0.972917 0.635938 0.966667 0.648438 0.941667 0.657812 0.895833 0.662500 0.900000 0.689062 0.854167 0.695312 0.866667 0.759375 0.910417 0.756250 0.958333 0.765625 0.985417 0.779688
2 0.770833 0.793750 0.775000 0.860937 0.764583 0.868750 0.785417 0.964063 0.816667 0.987500 0.908333 0.985937 0.881250 0.940625 0.866667 0.856250 0.875000 0.842188 0.975000 0.818750 0.977083 0.804688 0.956250 0.798437 0.945833 0.803125 0.910417 0.798437 0.866667 0.803125 0.818750 0.790625
3 0.106250 0.018750 0.175000 0.101562 0.239583 0.134375 0.281250 0.121875 0.589583 0.114063 0.606250 0.128125 0.864583 0.148438 0.935417 0.014062
3 0.362500 0.435937 0.356250 0.495313 0.402083 0.506250 0.420833 0.503125 0.439583 0.507812 0.447917 0.520312 0.450000 0.532812 0.487500 0.535937 0.491667 0.437500
3 0.560417 0.484375 0.560417 0.485938 0.562500 0.487500 0.562500 0.490625 0.564583 0.492188 0.564583 0.495313 0.566667 0.495313 0.572917 0.490625 0.579167 0.490625 0.581250 0.492188 0.587500 0.492188 0.589583 0.493750 0.593750 0.493750 0.595833 0.495313 0.600000 0.495313 0.602083 0.496875 0.608333 0.496875 0.610417 0.498437 0.614583 0.498437 0.616667 0.500000 0.620833 0.500000 0.622917 0.501562 0.622917 0.500000 0.625000 0.498437 0.625000 0.495313 0.631250 0.487500 0.631250 0.485938 0.627083 0.485938 0.625000 0.484375
5 0.612500 0.257812 0.581250 0.293750 0.593750 0.339063 0.685417 0.351562 0.685417 0.339063 0.606250 0.331250 0.608333 0.318750 0.635417 0.315625 0.687500 0.332812 0.693750 0.326562 0.675000 0.318750 0.683333 0.314063 0.693750 0.317187 0.697917 0.310937 0.683333 0.309375 0.677083 0.300000 0.693750 0.298438 0.702083 0.303125 0.702083 0.298438 0.620833 0.293750 0.612500 0.285937 0.627083 0.276563 0.660417 0.282813 0.691667 0.281250
5 0.708333 0.275000 0.700000 0.285937 0.714583 0.296875 0.689583 0.345313 0.704167 0.384375 0.687500 0.375000 0.675000 0.401563 0.693750 0.434375 0.691667 0.462500 0.714583 0.523438 0.741667 0.531250 0.925000 0.518750 0.927083 0.531250 0.854167 0.540625 0.847917 0.548437 0.908333 0.554688 0.945833 0.543750 0.987500 0.546875 0.987500 0.310937
5 0.987500 0.284375 0.983333 0.281250 0.972917 0.281250 0.964583 0.284375 0.960417 0.287500 0.950000 0.287500 0.947917 0.289062 0.933333 0.284375 0.912500 0.284375 0.906250 0.287500 0.900000 0.298438 0.925000 0.300000 0.927083 0.301562 0.939583 0.301562 0.941667 0.303125 0.954167 0.303125 0.956250 0.304688 0.954167 0.303125 0.954167 0.296875 0.960417 0.292188 0.981250 0.284375
5 0.572917 0.356250 0.581250 0.367188 0.581250 0.379687 0.585417 0.382812 0.627083 0.387500 0.591667 0.381250 0.585417 0.376563 0.587500 0.373437 0.610417 0.370313 0.658333 0.382812 0.666667 0.382812 0.672917 0.387500 0.681250 0.373437 0.606250 0.354688
5 0.568750 0.420312 0.570833 0.428125 0.558333 0.439063 0.566667 0.457812 0.570833 0.478125 0.635417 0.482812 0.633333 0.476562 0.579167 0.475000 0.572917 0.467187 0.581250 0.460938 0.604167 0.460938 0.637500 0.471875 0.637500 0.464063 0.647917 0.448438 0.614583 0.446875 0.606250 0.450000 0.587500 0.443750 0.579167 0.434375 0.593750 0.431250 0.606250 0.435937 0.647917 0.435937 0.616667 0.425000
5 0.558333 0.507812 0.558333 0.517187 0.566667 0.529688 0.570833 0.532812 0.577083 0.532812 0.579167 0.534375 0.589583 0.534375 0.591667 0.535937 0.600000 0.535937 0.602083 0.537500 0.612500 0.537500 0.614583 0.539062 0.614583 0.532812 0.616667 0.531250 0.618750 0.518750 0.620833 0.517187 0.620833 0.512500 0.622917 0.510938 0.622917 0.503125 0.600000 0.501562 0.597917 0.500000 0.591667 0.500000 0.589583 0.498437 0.575000 0.498437 0.566667 0.504687
5 0.558333 0.621875 0.554167 0.671875 0.560417 0.681250 0.560417 0.695312 0.564583 0.701563 0.620833 0.690625 0.620833 0.685938 0.572917 0.689062 0.566667 0.681250 0.570833 0.670313 0.593750 0.670313 0.597917 0.675000 0.614583 0.673437 0.614583 0.640625 0.606250 0.640625 0.595833 0.650000 0.568750 0.653125 0.564583 0.650000 0.564583 0.631250 0.568750 0.628125 0.614583 0.631250 0.610417 0.625000
5 0.964583 0.635938 0.820833 0.640625 0.768750 0.665625 0.758333 0.710938 0.770833 0.651563 0.731250 0.689062 0.733333 0.751562 0.727083 0.695312 0.704167 0.712500 0.712500 0.750000 0.589583 0.768750 0.562500 0.784375 0.729167 0.760938 0.735417 0.750000 0.737500 0.770312 0.606250 0.795313 0.575000 0.815625 0.633333 0.815625 0.841667 0.776563 0.983333 0.796875 0.956250 0.778125 0.856250 0.764063 0.841667 0.670313 0.860417 0.651563
5 0.985417 0.823438 0.883333 0.846875 0.881250 0.868750 0.891667 0.921875 0.891667 0.948438 0.918750 0.989062 0.987500 0.990625
6 0.668750 0.406250 0.610417 0.556250 0.633333 0.751562 0.637500 0.743750 0.708333 0.745313 0.704167 0.732813 0.677083 0.728125 0.789583 0.623438 0.818750 0.629687 0.972917 0.612500 0.983333 0.587500 0.835417 0.584375 0.812500 0.557813 0.791667 0.554688 0.785417 0.534375 0.712500 0.528125
6 0.775000 0.432813 0.777083 0.453125 0.779167 0.454688 0.779167 0.464063 0.781250 0.465625 0.781250 0.476562 0.783333 0.478125 0.783333 0.487500 0.785417 0.489062 0.785417 0.500000 0.787500 0.501562 0.793750 0.501562 0.793750 0.498437 0.791667 0.496875 0.791667 0.465625 0.793750 0.464063 0.793750 0.460938 0.816667 0.443750 0.816667 0.442187 0.814583 0.442187 0.804167 0.434375 0.800000 0.434375 0.797917 0.432813
7 0.522917 0.331250 0.366667 0.334375 0.377083 0.378125 0.518750 0.378125
7 0.185417 0.434375 0.179167 0.434375 0.177083 0.435937 0.172917 0.435937 0.170833 0.437500 0.164583 0.437500 0.164583 0.439063 0.162500 0.440625 0.162500 0.453125 0.170833 0.459375 0.172917 0.457812 0.179167 0.457812 0.179167 0.456250 0.185417 0.451562 0.185417 0.450000 0.187500 0.448438 0.187500 0.446875 0.189583 0.445312 0.187500 0.443750 0.187500 0.439063 0.185417 0.437500
7 0.404167 0.679688 0.402083 0.726562 0.512500 0.723437 0.510417 0.659375 0.450000 0.656250 0.445833 0.660937 0.445833 0.667188 0.433333 0.675000
7 0.135417 0.745313 0.131250 0.745313 0.116667 0.756250 0.116667 0.757812 0.118750 0.759375 0.118750 0.760938 0.120833 0.762500 0.120833 0.764063 0.122917 0.765625 0.122917 0.767187 0.129167 0.771875 0.131250 0.770312 0.139583 0.770312 0.139583 0.762500 0.141667 0.760938 0.141667 0.750000
7 0.547917 0.759375 0.437500 0.762500 0.431250 0.832812 0.552083 0.832812
7 0.762500 0.860937 0.341667 0.865625 0.337500 0.981250 0.785417 0.971875
8 0.483333 0.568750 0.437500 0.531250 0.435417 0.509375 0.358333 0.501562 0.350000 0.532812 0.316667 0.528125 0.312500 0.564062 0.387500 0.550000 0.389583 0.560938 0.366667 0.570312 0.181250 0.596875 0.093750 0.592188 0.114583 0.545313 0.077083 0.518750 0.058333 0.523438 0.066667 0.546875 0.085417 0.537500 0.106250 0.548437 0.106250 0.565625 0.075000 0.592188 0.095833 0.601562 0.233333 0.592188 0.272917 0.607813 0.316667 0.595312 0.312500 0.643750 0.347917 0.631250 0.370833 0.646875 0.435417 0.639063 0.441667 0.650000 0.406250 0.660937 0.360417 0.653125 0.360417 0.679688 0.441667 0.665625