1 0.014583 0.014062 0.014583 0.346875 0.489583 0.325000 0.520833 0.298438 0.518750 0.257812 0.541667 0.245312 0.510417 0.176563 0.508333 0.090625 0.535417 0.029687 0.506250 0.065625 0.477083 0.051562 0.475000 0.035937 0.322917 0.035937 0.306250 0.017188
1 0.095833 0.610937 0.114583 0.650000 0.177083 0.659375 0.181250 0.668750 0.193750 0.617188 0.314583 0.625000 0.310417 0.662500 0.214583 0.668750 0.250000 0.685938 0.243750 0.726562 0.260417 0.731250 0.262500 0.704687 0.387500 0.709375 0.389583 0.767187 0.308333 0.770312 0.310417 0.782812 0.602083 0.762500 0.637500 0.665625 0.616667 0.610937
1 0.566667 0.837500 0.339583 0.854688 0.316667 0.876562 0.395833 0.871875 0.404167 0.900000 0.318750 0.903125 0.310417 0.912500 0.475000 0.904688 0.500000 0.896875 0.518750 0.879687 0.560417 0.864062
5 0.566667 0.012500 0.539583 0.035937 0.514583 0.095312 0.520833 0.182812 0.545833 0.251563 0.772917 0.256250 0.831250 0.010937
5 0.522917 0.265625 0.516667 0.278125 0.522917 0.298438 0.491667 0.332812 0.487500 0.406250 0.525000 0.451562 0.525000 0.464063 0.591667 0.457812 0.697917 0.460938 0.750000 0.292188 0.620833 0.278125 0.558333 0.265625
5 0.508333 0.448438 0.481250 0.493750 0.479167 0.525000 0.458333 0.517187 0.443750 0.529688 0.443750 0.578125 0.454167 0.604688 0.627083 0.609375 0.643750 0.648438 0.689583 0.476562 0.518750 0.468750
6 0.989583 0.014062 0.835417 0.010937 0.581250 0.856250 0.616667 0.987500 0.989583 0.989062
7 0.485417 0.329688 0.327083 0.331250 0.018750 0.356250 0.018750 0.493750 0.027083 0.507812 0.272917 0.462500 0.483333 0.396875
7 0.043750 0.520312 0.041667 0.546875 0.070833 0.601562 0.443750 0.593750 0.435417 0.553125 0.145833 0.515625
7 0.193750 0.625000 0.197917 0.664062 0.216667 0.664062 0.218750 0.662500 0.308333 0.656250 0.308333 0.625000
7 0.262500 0.714063 0.262500 0.740625 0.281250 0.771875 0.283333 0.770312 0.381250 0.765625 0.379167 0.764063 0.375000 0.715625
7 0.395833 0.873438 0.377083 0.873438 0.375000 0.875000 0.354167 0.875000 0.352083 0.876562 0.310417 0.878125 0.308333 0.879687 0.308333 0.900000 0.310417 0.903125 0.314583 0.901563 0.402083 0.900000 0.400000 0.898438 0.400000 0.890625 0.397917 0.889063
7 0.522917 0.900000 0.302083 0.918750 0.268750 0.946875 0.256250 0.968750 0.258333 0.979688 0.520833 0.953125
8 0.581250 0.623438 0.600000 0.623438 0.602083 0.621875 0.618750 0.621875 0.618750 0.614062 0.587500 0.614062 0.587500 0.615625 0.585417 0.617188 0.585417 0.618750 0.583333 0.620313 0.583333 0.621875
8 0.712500 0.642187 0.660417 0.745313 0.745833 0.985937 0.808333 0.965625 0.820833 0.984375 0.960417 0.920313 0.862500 0.725000 0.752083 0.781250 0.772917 0.909375 0.831250 0.893750 0.789583 0.910937 0.797917 0.940625 0.783333 0.912500 0.762500 0.909375 0.745833 0.776563 0.764583 0.765625
8 0.014583 0.657812 0.014583 0.987500 0.243750 0.989062 0.266667 0.946875 0.316667 0.906250 0.306250 0.900000 0.306250 0.879687 0.327083 0.848437 0.316667 0.840625 0.304167 0.781250 0.275000 0.775000 0.262500 0.745313 0.233333 0.725000 0.237500 0.682813 0.200000 0.665625 0.179167 0.673437 0.172917 0.664062 0.060417 0.648438
8 0.364583 0.657812 0.358333 0.657812 0.356250 0.659375 0.350000 0.659375 0.347917 0.660937 0.343750 0.660937 0.341667 0.662500 0.335417 0.662500 0.335417 0.668750 0.337500 0.670313 0.337500 0.675000 0.339583 0.676562 0.339583 0.681250 0.343750 0.684375 0.345833 0.684375 0.350000 0.687500 0.352083 0.685938 0.354167 0.685938 0.356250 0.684375 0.358333 0.684375 0.364583 0.681250 0.368750 0.681250 0.368750 0.676562 0.370833 0.675000 0.370833 0.668750 0.366667 0.665625 0.366667 0.664062 0.364583 0.662500
8 0.414583 0.656250 0.402083 0.656250 0.400000 0.657812 0.387500 0.657812 0.385417 0.659375 0.385417 0.665625 0.383333 0.667188 0.383333 0.673437 0.385417 0.671875 0.414583 0.671875
8 0.670833 0.864062 0.670833 0.868750 0.668750 0.870313 0.668750 0.946875 0.685417 0.948438 0.687500 0.950000 0.685417 0.946875 0.685417 0.923437 0.683333 0.921875 0.681250 0.876562
8 0.689583 0.893750 0.689583 0.909375 0.691667 0.910937 0.691667 0.926562 0.693750 0.928125 0.693750 0.943750 0.695833 0.945312 0.695833 0.962500 0.697917 0.964063 0.706250 0.964063 0.704167 0.962500 0.704167 0.948438 0.702083 0.946875 0.702083 0.934375 0.700000 0.932813 0.700000 0.920313 0.697917 0.918750 0.697917 0.904688 0.695833 0.903125 0.695833 0.892187