1 0.635417 0.012500 0.302083 0.012500 0.268750 0.329688 0.179167 0.332812 0.187500 0.371875 0.241667 0.340625 0.264583 0.362500 0.262500 0.378125 0.329167 0.393750 0.343750 0.365625 0.454167 0.392188
1 0.712500 0.012500 0.643750 0.015625 0.462500 0.396875 0.487500 0.398438
1 0.408333 0.490625 0.391667 0.482812 0.295833 0.482812 0.302083 0.503125 0.379167 0.517187 0.389583 0.542188 0.310417 0.537500 0.252083 0.501562 0.260417 0.632812 0.033333 0.646875 0.016667 0.660937 0.018750 0.743750 0.212500 0.709375 0.397917 0.696875 0.393750 0.614062 0.425000 0.554688 0.408333 0.528125
2 0.722917 0.012500 0.493750 0.396875 0.768750 0.400000 0.629167 0.432813 0.643750 0.450000 0.706250 0.453125 0.641667 0.484375 0.647917 0.515625 0.672917 0.528125 0.989583 0.512500 0.987500 0.010937
2 0.985417 0.542188 0.843750 0.551562 0.829167 0.559375 0.814583 0.576563 0.841667 0.710938 0.852083 0.717188 0.933333 0.706250 0.979167 0.706250 0.985417 0.710938
2 0.608333 0.843750 0.608333 0.848437 0.610417 0.850000 0.610417 0.857813 0.612500 0.859375 0.612500 0.865625 0.633333 0.865625 0.645833 0.860937 0.679167 0.860937 0.679167 0.857813 0.683333 0.853125 0.683333 0.850000 0.679167 0.846875 0.664583 0.846875 0.662500 0.848437 0.629167 0.848437 0.627083 0.850000 0.618750 0.843750
2 0.985417 0.850000 0.964583 0.860937 0.931250 0.864062 0.902083 0.873438 0.887500 0.875000 0.889583 0.887500 0.916667 0.945312 0.916667 0.970312 0.925000 0.989062 0.987500 0.987500
5 0.316667 0.462500 0.416667 0.475000 0.418750 0.503125 0.464583 0.506250 0.475000 0.481250 0.495833 0.468750 0.583333 0.498437 0.639583 0.506250 0.622917 0.476562 0.672917 0.465625 0.691667 0.451562 0.629167 0.460938 0.614583 0.429688 0.756250 0.401563 0.683333 0.409375 0.481250 0.409375 0.343750 0.373437 0.337500 0.381250 0.350000 0.401563 0.327083 0.409375 0.331250 0.446875 0.316667 0.453125
5 0.420833 0.510938 0.481250 0.821875 0.512500 0.793750 0.595833 0.773438 0.660417 0.773438 0.685417 0.798437 0.891667 0.792188 0.883333 0.768750 0.766667 0.773438 0.983333 0.726562 0.975000 0.709375 0.839583 0.717188 0.783333 0.554688 0.985417 0.537500 0.985417 0.523438 0.568750 0.539062 0.468750 0.532812
5 0.404167 0.715625 0.385417 0.720312 0.329167 0.712500 0.318750 0.715625 0.327083 0.720312 0.335417 0.734375 0.331250 0.792188 0.339583 0.814062 0.339583 0.835938 0.356250 0.859375 0.341667 0.868750 0.341667 0.876562 0.347917 0.879687 0.383333 0.862500 0.420833 0.859375 0.435417 0.854688 0.427083 0.831250 0.427083 0.801562 0.410417 0.725000
5 0.985417 0.835938 0.977083 0.826563 0.837500 0.843750 0.775000 0.831250 0.900000 0.825000 0.912500 0.818750 0.710417 0.821875 0.693750 0.831250 0.787500 0.845312 0.602083 0.875000 0.618750 0.984375 0.506250 0.985937 0.914583 0.989062 0.877083 0.871875 0.964583 0.857813
5 0.354167 0.910937 0.343750 0.920313 0.345833 0.926562 0.358333 0.940625 0.358333 0.964063 0.354167 0.985937 0.366667 0.989062 0.435417 0.987500 0.441667 0.976562 0.433333 0.956250 0.433333 0.942187 0.437500 0.928125 0.433333 0.920313 0.412500 0.921875 0.393750 0.928125 0.372917 0.925000 0.362500 0.920313
6 0.493750 0.473437 0.466667 0.501562 0.466667 0.506250 0.460417 0.512500 0.456250 0.525000 0.468750 0.531250 0.512500 0.531250 0.514583 0.532812 0.529167 0.532812 0.529167 0.514063 0.514583 0.493750
6 0.429167 0.556250 0.400000 0.610937 0.450000 0.985937 0.616667 0.984375 0.583333 0.776563 0.512500 0.795313 0.481250 0.823438 0.464583 0.812500 0.470833 0.757812 0.454167 0.687500 0.435417 0.659375 0.439583 0.584375
7 0.012500 0.010937 0.014583 0.320312 0.260417 0.321875 0.291667 0.010937
7 0.497917 0.151562 0.497917 0.165625 0.533333 0.165625 0.533333 0.162500 0.537500 0.157813 0.537500 0.148438 0.502083 0.148438
7 0.237500 0.492188 0.208333 0.479688 0.135417 0.485938 0.016667 0.484375 0.018750 0.645312 0.252083 0.631250 0.250000 0.535937
7 0.318750 0.729688 0.018750 0.759375 0.016667 0.985937 0.339583 0.984375 0.337500 0.900000 0.395833 0.892187 0.406250 0.878125 0.352083 0.887500 0.329167 0.882812
8 0.020833 0.379687 0.014583 0.428125 0.035417 0.442187 0.170833 0.475000 0.245833 0.478125 0.283333 0.517187 0.316667 0.531250 0.366667 0.535937 0.385417 0.523438 0.304167 0.507812 0.283333 0.490625 0.285417 0.468750 0.322917 0.484375 0.347917 0.478125 0.304167 0.465625 0.325000 0.437500 0.318750 0.406250 0.256250 0.395312 0.239583 0.382812 0.239583 0.346875 0.216667 0.357812 0.212500 0.392188 0.179167 0.378125 0.156250 0.328125 0.133333 0.334375 0.139583 0.387500 0.129167 0.396875 0.108333 0.392188 0.075000 0.364062 0.047917 0.382812