2 0.989583 0.128125 0.854167 0.107813 0.800000 0.206250 0.831250 0.229687 0.760417 0.275000 0.935417 0.290625 0.935417 0.315625 0.681250 0.332812 0.714583 0.421875 0.893750 0.445312 0.691667 0.459375 0.645833 0.534375 0.795833 0.537500 0.797917 0.559375 0.579167 0.584375 0.583333 0.614062 0.639583 0.618750 0.589583 0.629687 0.595833 0.693750 0.752083 0.710938 0.589583 0.717188 0.679167 0.743750 0.477083 0.773438 0.554167 0.803125 0.443750 0.812500 0.433333 0.917188 0.387500 0.890625 0.389583 0.987500 0.989583 0.987500
3 0.018750 0.146875 0.016667 0.356250 0.281250 0.370313 0.306250 0.181250
3 0.018750 0.554688 0.016667 0.668750 0.247917 0.659375 0.250000 0.554688
5 0.941667 0.032812 0.870833 0.010937 0.693750 0.014062 0.656250 0.046875 0.479167 0.014062 0.447917 0.203125 0.402083 0.314063 0.427083 0.301562 0.929167 0.314063 0.922917 0.293750 0.752083 0.278125 0.783333 0.228125 0.825000 0.229687 0.791667 0.209375 0.852083 0.101562 0.989583 0.123438 0.989583 0.101562 0.858333 0.078125 0.806250 0.026563 0.910417 0.045313
5 0.304167 0.235938 0.300000 0.307813 0.287500 0.375000 0.335417 0.373437 0.360417 0.378125 0.360417 0.368750 0.331250 0.364062 0.329167 0.353125 0.345833 0.257812 0.352083 0.256250 0.381250 0.264062 0.379167 0.256250 0.343750 0.248437 0.316667 0.246875
5 0.804167 0.321875 0.606250 0.304688 0.537500 0.425000 0.397917 0.428125 0.381250 0.548437 0.352083 0.581250 0.597917 0.545313 0.787500 0.554688 0.770833 0.539062 0.635417 0.535937 0.689583 0.454688 0.714583 0.443750 0.881250 0.453125 0.879167 0.439063 0.704167 0.423438 0.660417 0.321875 0.775000 0.331250
5 0.283333 0.392188 0.281250 0.450000 0.268750 0.506250 0.314583 0.506250 0.300000 0.501562 0.279167 0.500000 0.281250 0.448438 0.285417 0.439063 0.314583 0.439063 0.318750 0.409375 0.339583 0.410937 0.335417 0.403125 0.291667 0.398438
5 0.706250 0.570312 0.535417 0.564062 0.477083 0.621875 0.495833 0.710938 0.339583 0.739062 0.337500 0.767187 0.308333 0.781250 0.320833 0.793750 0.379167 0.768750 0.385417 0.743750 0.445833 0.735937 0.443750 0.754687 0.672917 0.740625 0.668750 0.729688 0.539583 0.737500 0.581250 0.714063 0.745833 0.710938 0.739583 0.701563 0.589583 0.695312 0.581250 0.626562 0.633333 0.618750 0.579167 0.617188 0.572917 0.579687
6 0.635417 0.037500 0.635417 0.029687 0.637500 0.028125 0.637500 0.021875 0.639583 0.020312 0.639583 0.012500 0.577083 0.014062 0.575000 0.015625 0.541667 0.015625 0.543750 0.017188 0.556250 0.018750 0.560417 0.021875 0.560417 0.026563 0.562500 0.028125 0.583333 0.029687 0.585417 0.031250 0.595833 0.031250 0.597917 0.032812 0.608333 0.032812 0.610417 0.034375 0.620833 0.034375 0.622917 0.035937 0.633333 0.035937
6 0.472917 0.015625 0.431250 0.015625 0.402083 0.185937 0.420833 0.253125 0.410417 0.287500 0.427083 0.250000 0.460417 0.132812
6 0.629167 0.065625 0.558333 0.060938 0.556250 0.114063 0.522917 0.218750 0.491667 0.282813 0.556250 0.278125 0.568750 0.271875
6 0.558333 0.303125 0.464583 0.307813 0.477083 0.353125 0.487500 0.370313 0.485417 0.378125 0.481250 0.379687 0.483333 0.409375 0.477083 0.425000 0.529167 0.420312
6 0.379167 0.306250 0.366667 0.404687 0.379167 0.429688 0.379167 0.442187 0.389583 0.445312 0.393750 0.423438 0.450000 0.425000 0.416667 0.398438 0.416667 0.389062 0.420833 0.384375 0.414583 0.375000 0.414583 0.367188 0.402083 0.354688 0.404167 0.328125 0.414583 0.318750 0.400000 0.321875 0.389583 0.332812 0.385417 0.329688
6 0.516667 0.450000 0.477083 0.454688 0.470833 0.485938 0.460417 0.490625 0.443750 0.526563 0.437500 0.550000 0.431250 0.557813 0.460417 0.553125 0.487500 0.545313
6 0.472917 0.571875 0.431250 0.578125 0.404167 0.578125 0.418750 0.606250 0.410417 0.629687 0.402083 0.635938 0.385417 0.626562 0.402083 0.681250 0.383333 0.728125 0.418750 0.725000
7 0.170833 0.701563 0.097917 0.703125 0.093750 0.706250 0.087500 0.796875 0.175000 0.790625
7 0.016667 0.706250 0.016667 0.800000 0.068750 0.796875 0.075000 0.706250 0.077083 0.704687 0.022917 0.704687
8 0.404167 0.198437 0.381250 0.275000 0.381250 0.285937 0.393750 0.328125 0.416667 0.251563
8 0.433333 0.306250 0.427083 0.310937 0.425000 0.315625 0.420833 0.318750 0.418750 0.323438 0.412500 0.328125 0.412500 0.331250 0.410417 0.332812 0.410417 0.351562 0.412500 0.353125 0.412500 0.356250 0.414583 0.357812 0.418750 0.357812 0.420833 0.356250 0.427083 0.356250 0.433333 0.353125 0.458333 0.353125 0.460417 0.354688 0.470833 0.354688 0.468750 0.353125 0.466667 0.337500 0.464583 0.335938 0.464583 0.329688 0.462500 0.328125 0.462500 0.321875 0.460417 0.320312 0.460417 0.310937 0.458333 0.309375 0.445833 0.307813 0.443750 0.306250
8 0.314583 0.512500 0.264583 0.510938 0.272917 0.457812 0.252083 0.459375 0.225000 0.445312 0.197917 0.442187 0.237500 0.406250 0.254167 0.404687 0.233333 0.400000 0.181250 0.443750 0.150000 0.448438 0.097917 0.468750 0.052083 0.459375 0.016667 0.460938 0.016667 0.493750 0.062500 0.500000 0.081250 0.493750 0.087500 0.498437 0.081250 0.507812 0.104167 0.528125 0.212500 0.529688 0.229167 0.520312 0.266667 0.521875 0.310417 0.517187
8 0.285417 0.498437 0.287500 0.500000 0.335417 0.500000 0.341667 0.501562 0.352083 0.471875 0.358333 0.468750 0.389583 0.468750 0.391667 0.448438 0.389583 0.446875 0.291667 0.443750 0.283333 0.465625
8 0.266667 0.614062 0.270833 0.618750 0.275000 0.617188 0.375000 0.615625 0.383333 0.606250 0.381250 0.582812 0.370833 0.582812 0.345833 0.589063 0.337500 0.582812 0.281250 0.582812 0.272917 0.584375 0.270833 0.596875 0.266667 0.604688
8 0.381250 0.625000 0.366667 0.631250 0.364583 0.629687 0.350000 0.629687 0.347917 0.631250 0.335417 0.631250 0.322917 0.635938 0.320833 0.656250 0.316667 0.667188 0.316667 0.682813 0.325000 0.703125 0.358333 0.696875 0.366667 0.696875 0.368750 0.698438 0.370833 0.687500 0.383333 0.657812 0.381250 0.653125