1 0.054167 0.014062 0.087500 0.237500 0.247917 0.248437 0.252083 0.218750 0.229167 0.143750 0.247917 0.132812 0.243750 0.014062
1 0.016667 0.296875 0.222917 0.307813 0.222917 0.287500 0.237500 0.278125 0.237500 0.267188 0.254167 0.265625 0.254167 0.253125 0.037500 0.245312 0.016667 0.285937
1 0.018750 0.304688 0.016667 0.348437 0.043750 0.445312 0.212500 0.446875 0.229167 0.442187 0.220833 0.410937 0.218750 0.339063 0.231250 0.332812 0.237500 0.320312 0.216667 0.309375
1 0.039583 0.451562 0.016667 0.548437 0.016667 0.751562 0.362500 0.720312 0.358333 0.684375 0.383333 0.681250 0.366667 0.646875 0.337500 0.631250 0.347917 0.590625 0.331250 0.542188 0.335417 0.517187 0.318750 0.496875 0.329167 0.459375 0.222917 0.471875 0.216667 0.450000
1 0.410417 0.810938 0.112500 0.843750 0.110417 0.868750 0.087500 0.818750 0.016667 0.823438 0.014583 0.985937 0.054167 0.982813 0.058333 0.871875 0.058333 0.989062 0.420833 0.945312 0.410417 0.910937 0.447917 0.906250
2 0.493750 0.015625 0.464583 0.231250 0.764583 0.254687 0.783333 0.268750 0.666667 0.284375 0.720833 0.317187 0.847917 0.318750 0.927083 0.343750 0.931250 0.360938 0.802083 0.375000 0.862500 0.451562 0.972917 0.439063 0.989583 0.448438 0.989583 0.014062
2 0.466667 0.254687 0.466667 0.256250 0.475000 0.267188 0.475000 0.270312 0.485417 0.284375 0.504167 0.284375 0.510417 0.289062 0.520833 0.289062 0.518750 0.284375 0.514583 0.281250 0.514583 0.279687 0.510417 0.276563 0.510417 0.275000 0.506250 0.271875 0.506250 0.270312 0.497917 0.262500 0.485417 0.262500 0.481250 0.259375
2 0.989583 0.471875 0.860417 0.484375 0.833333 0.525000 0.987500 0.532812
2 0.793750 0.582812 0.795833 0.581250 0.818750 0.581250 0.820833 0.579687 0.843750 0.579687 0.845833 0.578125 0.866667 0.578125 0.866667 0.576563 0.852083 0.564062 0.845833 0.564062 0.843750 0.562500 0.835417 0.562500 0.833333 0.560938 0.827083 0.560938 0.825000 0.559375 0.816667 0.559375 0.814583 0.557813 0.808333 0.557813 0.795833 0.576563 0.795833 0.579687
2 0.868750 0.603125 0.858333 0.603125 0.856250 0.604688 0.839583 0.604688 0.837500 0.606250 0.822917 0.606250 0.820833 0.607813 0.804167 0.607813 0.804167 0.610937 0.806250 0.612500 0.806250 0.615625 0.808333 0.617188 0.808333 0.618750 0.825000 0.618750 0.833333 0.625000 0.835417 0.623438 0.837500 0.623438 0.854167 0.610937 0.856250 0.610937 0.864583 0.604688 0.866667 0.604688
3 0.252083 0.014062 0.260417 0.339063 0.268750 0.340625 0.268750 0.359375 0.258333 0.360938 0.266667 0.385938 0.256250 0.387500 0.264583 0.425000 0.254167 0.428125 0.270833 0.429688 0.275000 0.457812 0.283333 0.018750
3 0.360417 0.723437 0.022917 0.759375 0.022917 0.815625 0.356250 0.779688 0.356250 0.765625 0.316667 0.762500 0.320833 0.748438 0.312500 0.748438 0.310417 0.742188 0.316667 0.734375
5 0.387500 0.223438 0.427083 0.325000 0.458333 0.326562 0.450000 0.301562 0.493750 0.339063 0.525000 0.481250 0.668750 0.487500 0.597917 0.485938 0.756250 0.728125 0.816667 0.984375 0.983333 0.910937 0.987500 0.539062 0.825000 0.525000 0.852083 0.479688 0.989583 0.467187 0.987500 0.446875 0.841667 0.457812 0.762500 0.365625 0.927083 0.345313 0.725000 0.348437 0.837500 0.323438 0.677083 0.326562 0.635417 0.275000 0.764583 0.260938
5 0.345833 0.293750 0.356250 0.364062 0.352083 0.425000 0.383333 0.425000 0.385417 0.420312 0.422917 0.421875 0.420833 0.412500 0.383333 0.406250 0.383333 0.314063 0.412500 0.314063 0.420833 0.307813 0.360417 0.301562
5 0.552083 0.342187 0.568750 0.362500 0.575000 0.395312 0.631250 0.451562 0.645833 0.443750 0.650000 0.428125 0.602083 0.351562
5 0.389583 0.379687 0.389583 0.404687 0.397917 0.404687 0.400000 0.406250 0.408333 0.406250 0.410417 0.407813 0.420833 0.407813 0.422917 0.409375 0.422917 0.396875 0.425000 0.395312 0.425000 0.381250 0.422917 0.379687
5 0.414583 0.425000 0.389583 0.425000 0.400000 0.475000 0.343750 0.475000 0.337500 0.453125 0.327083 0.471875 0.354167 0.598437 0.366667 0.598437 0.368750 0.584375 0.389583 0.684375 0.400000 0.673437 0.477083 0.664062 0.468750 0.651563 0.431250 0.654688 0.412500 0.598437 0.429167 0.621875 0.464583 0.631250 0.439583 0.589063 0.406250 0.592188 0.439583 0.582812 0.435417 0.576563 0.370833 0.582812 0.387500 0.573438 0.391667 0.551562 0.366667 0.560938 0.337500 0.543750 0.391667 0.501562 0.410417 0.514063
5 0.416667 0.545313 0.416667 0.546875 0.414583 0.548437 0.414583 0.550000 0.412500 0.551562 0.412500 0.568750 0.408333 0.571875 0.408333 0.573438 0.406250 0.575000 0.410417 0.575000 0.412500 0.573438 0.418750 0.573438 0.420833 0.571875 0.425000 0.571875 0.427083 0.570312 0.433333 0.570312 0.431250 0.568750 0.431250 0.567187 0.429167 0.565625 0.429167 0.564062 0.427083 0.562500 0.427083 0.560938 0.425000 0.559375 0.425000 0.557813 0.422917 0.556250 0.422917 0.554688 0.420833 0.553125 0.420833 0.551562 0.418750 0.550000 0.418750 0.548437 0.416667 0.546875
5 0.414583 0.751562 0.433333 0.810938 0.447917 0.885938 0.462500 0.932813 0.466667 0.932813 0.483333 0.917188 0.504167 0.914062 0.504167 0.848437 0.472917 0.779688 0.452083 0.775000 0.443750 0.753125
6 0.439583 0.331250 0.414583 0.520312 0.477083 0.657812 0.497917 0.615625 0.527083 0.664062 0.570833 0.631250 0.562500 0.556250 0.581250 0.548437 0.600000 0.562500 0.587500 0.612500 0.633333 0.631250 0.660417 0.703125 0.679167 0.646875 0.727083 0.690625 0.681250 0.771875 0.654167 0.732813 0.604167 0.768750 0.522917 0.778125 0.547917 0.840625 0.568750 0.806250 0.612500 0.837500 0.708333 0.828125 0.770833 0.806250 0.706250 0.632812 0.593750 0.484375 0.560417 0.484375 0.533333 0.567187 0.497917 0.535937 0.479167 0.482812 0.516667 0.435937 0.491667 0.339063
6 0.579167 0.403125 0.579167 0.412500 0.581250 0.414062 0.581250 0.420312 0.585417 0.426562 0.585417 0.448438 0.587500 0.450000 0.604167 0.450000 0.606250 0.451562 0.625000 0.451562 0.627083 0.453125 0.622917 0.446875 0.616667 0.442187 0.616667 0.440625 0.610417 0.435937 0.610417 0.434375 0.604167 0.429688 0.604167 0.428125 0.597917 0.423438 0.593750 0.417188 0.587500 0.412500 0.587500 0.410937 0.581250 0.406250
6 0.883333 0.775000 0.895833 0.821875 0.900000 0.889063 0.902083 0.890625 0.962500 0.876562
6 0.962500 0.921875 0.956250 0.921875 0.937500 0.929688 0.933333 0.929688 0.902083 0.940625 0.935417 0.990625 0.939583 0.989062 0.962500 0.989062 0.964583 0.987500 0.987500 0.987500 0.985417 0.985937 0.981250 0.943750
6 0.658333 0.928125 0.639583 0.928125 0.639583 0.931250 0.635417 0.935938 0.635417 0.939062 0.633333 0.940625 0.631250 0.948438 0.627083 0.953125 0.627083 0.956250 0.625000 0.957812 0.625000 0.960938 0.622917 0.962500 0.622917 0.967188 0.625000 0.968750 0.625000 0.970312 0.627083 0.968750 0.637500 0.968750 0.647917 0.964063 0.652083 0.964063 0.662500 0.956250 0.664583 0.956250 0.664583 0.954687 0.668750 0.950000 0.666667 0.948438 0.666667 0.945312 0.664583 0.943750 0.664583 0.940625 0.662500 0.939062 0.662500 0.935938 0.660417 0.934375 0.660417 0.931250 0.658333 0.929688
7 0.104167 0.025000 0.110417 0.101562 0.210417 0.106250 0.222917 0.098438 0.239583 0.070312 0.229167 0.065625 0.204167 0.064062 0.206250 0.031250
7 0.125000 0.139062 0.125000 0.143750 0.122917 0.145313 0.122917 0.203125 0.125000 0.201562 0.187500 0.200000 0.187500 0.150000 0.189583 0.145313 0.187500 0.143750
7 0.237500 0.325000 0.237500 0.340625 0.235417 0.342187 0.229167 0.342187 0.227083 0.343750 0.227083 0.357812 0.229167 0.359375 0.266667 0.359375 0.266667 0.340625 0.260417 0.340625 0.258333 0.339063 0.258333 0.334375 0.260417 0.332812 0.260417 0.325000
7 0.139583 0.329688 0.137500 0.331250 0.137500 0.354688 0.139583 0.356250 0.139583 0.384375 0.141667 0.387500 0.206250 0.387500 0.214583 0.389062 0.212500 0.385938 0.210417 0.328125
7 0.231250 0.367188 0.231250 0.387500 0.233333 0.389062 0.229167 0.390625 0.229167 0.403125 0.247917 0.404687 0.250000 0.406250 0.258333 0.406250 0.260417 0.407813 0.258333 0.404687 0.258333 0.389062 0.233333 0.389062 0.231250 0.387500 0.233333 0.385938 0.264583 0.385938 0.264583 0.367188
7 0.233333 0.412500 0.233333 0.425000 0.262500 0.425000 0.262500 0.410937 0.235417 0.410937
7 0.239583 0.429688 0.237500 0.431250 0.237500 0.442187 0.235417 0.443750 0.227083 0.443750 0.225000 0.445312 0.222917 0.445312 0.222917 0.451562 0.225000 0.453125 0.225000 0.460938 0.227083 0.462500 0.229167 0.462500 0.231250 0.460938 0.266667 0.460938 0.266667 0.446875 0.268750 0.445312 0.270833 0.445312 0.268750 0.443750 0.268750 0.429688
7 0.275000 0.496875 0.120833 0.500000 0.114583 0.554688 0.279167 0.546875
7 0.281250 0.553125 0.112500 0.565625 0.108333 0.629687 0.291667 0.617188
7 0.360417 0.728125 0.354167 0.728125 0.345833 0.731250 0.331250 0.732813 0.329167 0.734375 0.325000 0.734375 0.322917 0.735937 0.316667 0.735937 0.314583 0.737500 0.314583 0.740625 0.312500 0.742188 0.312500 0.746875 0.320833 0.746875 0.322917 0.748438 0.318750 0.750000 0.318750 0.762500 0.320833 0.764063 0.358333 0.764063 0.358333 0.759375 0.362500 0.753125 0.362500 0.745313 0.360417 0.743750
7 0.254167 0.753125 0.254167 0.760938 0.256250 0.762500 0.256250 0.771875 0.258333 0.773438 0.279167 0.773438 0.281250 0.775000 0.283333 0.775000 0.283333 0.757812 0.275000 0.757812 0.272917 0.756250 0.266667 0.756250 0.264583 0.754687 0.260417 0.754687 0.258333 0.753125
7 0.260417 0.871875 0.243750 0.871875 0.241667 0.873438 0.225000 0.873438 0.222917 0.875000 0.206250 0.875000 0.204167 0.876562 0.187500 0.876562 0.185417 0.878125 0.166667 0.878125 0.166667 0.895312 0.168750 0.896875 0.168750 0.915625 0.170833 0.918750 0.172917 0.917188 0.193750 0.917188 0.195833 0.915625 0.266667 0.912500 0.264583 0.910937
8 0.454167 0.356250 0.439583 0.368750 0.439583 0.379687 0.437500 0.381250 0.437500 0.396875 0.452083 0.418750 0.479167 0.393750 0.479167 0.390625
8 0.100000 0.404687 0.100000 0.412500 0.102083 0.414062 0.102083 0.423438 0.104167 0.425000 0.145833 0.425000 0.143750 0.423438 0.143750 0.418750 0.141667 0.417188 0.141667 0.412500 0.139583 0.410937 0.139583 0.407813 0.137500 0.407813 0.135417 0.406250 0.116667 0.406250 0.114583 0.404687
8 0.343750 0.428125 0.345833 0.470313 0.347917 0.473437 0.397917 0.473437 0.395833 0.471875 0.395833 0.467187 0.393750 0.465625 0.393750 0.459375 0.391667 0.457812 0.391667 0.453125 0.389583 0.451562 0.389583 0.446875 0.387500 0.445312 0.387500 0.439063 0.385417 0.437500 0.383333 0.426562 0.347917 0.426562
8 0.508333 0.465625 0.485417 0.482812 0.483333 0.489062 0.497917 0.512500 0.502083 0.529688 0.537500 0.559375 0.539583 0.550000 0.558333 0.509375 0.554167 0.500000 0.554167 0.490625 0.558333 0.484375 0.535417 0.485938 0.533333 0.487500 0.520833 0.482812 0.514583 0.478125
8 0.391667 0.504687 0.389583 0.506250 0.387500 0.506250 0.345833 0.535937 0.370833 0.553125 0.370833 0.551562 0.404167 0.525000 0.397917 0.517187 0.397917 0.514063 0.395833 0.512500
8 0.404167 0.543750 0.397917 0.543750 0.397917 0.553125 0.395833 0.554688 0.395833 0.562500 0.393750 0.564062 0.393750 0.568750 0.391667 0.570312 0.391667 0.575000 0.393750 0.573438 0.395833 0.573438 0.400000 0.570312 0.402083 0.570312 0.404167 0.568750 0.406250 0.568750 0.406250 0.559375 0.408333 0.557813 0.408333 0.545313 0.406250 0.545313
8 0.566667 0.551562 0.566667 0.565625 0.568750 0.567187 0.568750 0.570312 0.566667 0.571875 0.566667 0.604688 0.570833 0.604688 0.572917 0.606250 0.579167 0.606250 0.581250 0.607813 0.581250 0.571875 0.591667 0.564062 0.591667 0.560938 0.579167 0.551562
8 0.347917 0.603125 0.343750 0.606250 0.343750 0.609375 0.341667 0.610937 0.341667 0.615625 0.339583 0.617188 0.339583 0.625000 0.345833 0.629687 0.354167 0.629687 0.356250 0.631250 0.362500 0.632812 0.366667 0.635938 0.370833 0.643750 0.377083 0.648438 0.375000 0.646875 0.375000 0.640625 0.372917 0.639063 0.372917 0.634375 0.370833 0.632812 0.370833 0.626562 0.368750 0.625000 0.368750 0.618750 0.366667 0.617188 0.366667 0.610937 0.364583 0.609375 0.364583 0.604688 0.362500 0.603125
8 0.500000 0.621875 0.500000 0.626562 0.497917 0.628125 0.497917 0.637500 0.495833 0.639063 0.495833 0.648438 0.489583 0.651563 0.479167 0.653125 0.479167 0.659375 0.495833 0.682813 0.522917 0.682813 0.527083 0.684375 0.527083 0.675000 0.520833 0.664062 0.520833 0.659375 0.518750 0.657812 0.518750 0.653125 0.516667 0.651563 0.516667 0.645312 0.514583 0.643750 0.512500 0.632812
8 0.679167 0.648438 0.654167 0.729688 0.681250 0.770312 0.720833 0.703125 0.725000 0.690625
8 0.535417 0.687500 0.456250 0.692187 0.454167 0.720312 0.447917 0.729688 0.447917 0.743750 0.460417 0.776563 0.529167 0.771875 0.529167 0.753125 0.537500 0.737500 0.537500 0.715625 0.541667 0.704687
8 0.216667 0.748438 0.204167 0.748438 0.202083 0.750000 0.189583 0.750000 0.187500 0.751562 0.158333 0.753125 0.158333 0.757812 0.160417 0.759375 0.160417 0.764063 0.162500 0.765625 0.162500 0.770312 0.164583 0.771875 0.162500 0.773438 0.162500 0.781250 0.168750 0.787500 0.170833 0.792188 0.175000 0.790625 0.220833 0.789062 0.218750 0.785937
8 0.145833 0.753125 0.137500 0.753125 0.135417 0.754687 0.127083 0.754687 0.116667 0.757812 0.108333 0.757812 0.106250 0.759375 0.087500 0.760938 0.077083 0.764063 0.068750 0.764063 0.070833 0.800000 0.072917 0.801562 0.085417 0.801562 0.087500 0.800000 0.097917 0.800000 0.100000 0.798437 0.112500 0.798437 0.114583 0.796875 0.125000 0.796875 0.127083 0.795313 0.152083 0.793750 0.150000 0.792188
8 0.666667 0.762500 0.664583 0.762500 0.658333 0.767187 0.658333 0.768750 0.654167 0.773438 0.654167 0.776563 0.650000 0.781250 0.650000 0.784375 0.643750 0.792188 0.643750 0.798437 0.645833 0.800000 0.645833 0.803125 0.650000 0.807813 0.658333 0.807813 0.658333 0.804688 0.660417 0.803125 0.660417 0.800000 0.664583 0.795313 0.664583 0.792188 0.666667 0.790625 0.666667 0.787500 0.670833 0.782812 0.670833 0.779688 0.672917 0.778125 0.672917 0.775000 0.675000 0.773438 0.675000 0.768750
8 0.770833 0.809375 0.754167 0.818750 0.725000 0.820312 0.714583 0.828125 0.714583 0.834375 0.695833 0.834375 0.700000 0.840625 0.683333 0.842188 0.758333 0.978125 0.750000 0.989062 0.808333 0.989062 0.800000 0.984375 0.797917 0.945312 0.791667 0.929688 0.785417 0.814062
8 0.670833 0.834375 0.643750 0.878125 0.647917 0.892187 0.695833 0.987500 0.743750 0.989062 0.750000 0.978125
8 0.656250 0.837500 0.593750 0.839063 0.506250 0.851562 0.506250 0.895312 0.514583 0.928125 0.525000 0.934375 0.658333 0.920313 0.633333 0.879687 0.635417 0.870313
8 0.535417 0.937500 0.535417 0.940625 0.575000 0.979688 0.579167 0.985937 0.618750 0.985937 0.618750 0.981250 0.610417 0.978125 0.610417 0.953125 0.614583 0.946875 0.614583 0.940625 0.604167 0.932813 0.583333 0.932813 0.581250 0.934375 0.560417 0.934375 0.558333 0.935938 0.537500 0.935938
8 0.897917 0.946875 0.893750 0.945312 0.862500 0.951563 0.841667 0.964063 0.843750 0.968750 0.841667 0.973437 0.822917 0.985937 0.812500 0.989062 0.929167 0.989062