1 0.018750 0.750000 0.014583 0.912500 0.066667 0.909375 0.068750 0.753125
1 0.418750 0.848437 0.254167 0.864062 0.247917 0.860937 0.239583 0.898438 0.254167 0.985937 0.456250 0.987500 0.456250 0.962500 0.414583 0.868750
2 0.985417 0.014062 0.783333 0.020312 0.735417 0.139062 0.702083 0.150000 0.725000 0.153125 0.722917 0.206250 0.672917 0.225000 0.695833 0.160938 0.470833 0.539062 0.487500 0.612500 0.416667 0.646875 0.370833 0.721875 0.318750 0.723437 0.320833 0.845312 0.425000 0.842188 0.460417 0.982813 0.989583 0.989062
3 0.243750 0.726562 0.102083 0.742188 0.102083 0.826563 0.256250 0.817187
7 0.014583 0.154687 0.597917 0.198437 0.622917 0.151562 0.618750 0.128125 0.647917 0.103125 0.693750 0.015625 0.012500 0.010937
7 0.014583 0.439063 0.529167 0.435937 0.610417 0.278125 0.541667 0.265625 0.020833 0.242188
7 0.516667 0.442187 0.016667 0.445312 0.016667 0.562500 0.464583 0.542188
7 0.410417 0.567187 0.025000 0.582812 0.014583 0.617188 0.035417 0.651563 0.397917 0.629687 0.356250 0.620313 0.354167 0.604688 0.381250 0.584375 0.410417 0.584375
7 0.185417 0.946875 0.152083 0.948438 0.150000 0.950000 0.135417 0.950000 0.133333 0.951563 0.116667 0.951563 0.116667 0.984375 0.118750 0.985937 0.118750 0.989062 0.120833 0.987500 0.143750 0.987500 0.145833 0.985937 0.191667 0.984375 0.189583 0.982813 0.189583 0.971875 0.187500 0.970312
8 0.758333 0.060938 0.725000 0.059375 0.720833 0.062500 0.704167 0.096875 0.697917 0.117188 0.691667 0.126563 0.691667 0.135937 0.695833 0.143750 0.727083 0.145313 0.733333 0.139062 0.739583 0.123438 0.758333 0.090625 0.758333 0.085938 0.764583 0.073437
8 0.660417 0.103125 0.650000 0.103125 0.637500 0.106250 0.633333 0.110937 0.633333 0.117188 0.620833 0.128125 0.625000 0.135937 0.625000 0.159375 0.627083 0.160938 0.616667 0.173438 0.604167 0.182812 0.600000 0.193750 0.600000 0.206250 0.610417 0.209375 0.639583 0.176563 0.639583 0.168750 0.633333 0.156250 0.662500 0.132812 0.668750 0.109375
8 0.720833 0.148438 0.708333 0.148438 0.700000 0.153125 0.697917 0.165625 0.693750 0.173438 0.693750 0.190625 0.683333 0.196875 0.675000 0.209375 0.675000 0.225000 0.677083 0.226562 0.691667 0.226562 0.695833 0.228125 0.700000 0.225000 0.706250 0.223438 0.712500 0.214062 0.720833 0.206250 0.720833 0.193750 0.722917 0.192188 0.722917 0.153125