1 0.016667 0.014062 0.022917 0.168750 0.306250 0.190625 0.306250 0.154687 0.350000 0.129688 0.416667 0.129688 0.504167 0.096875 0.772917 0.139062 0.789583 0.015625
1 0.316667 0.698438 0.291667 0.654688 0.289583 0.639063 0.016667 0.651563 0.018750 0.717188
2 0.795833 0.012500 0.781250 0.143750 0.958333 0.175000 0.956250 0.192188 0.843750 0.184375 0.833333 0.318750 0.956250 0.335938 0.820833 0.357812 0.793750 0.567187 0.820833 0.601562 0.789583 0.620313 0.895833 0.617188 0.908333 0.642187 0.785417 0.651563 0.766667 0.739062 0.875000 0.753125 0.700000 0.771875 0.708333 0.856250 0.791667 0.796875 0.908333 0.987500 0.989583 0.989062 0.989583 0.010937
2 0.750000 0.825000 0.710417 0.865625 0.712500 0.946875 0.704167 0.984375 0.897917 0.987500 0.789583 0.814062
5 0.635417 0.320312 0.616667 0.618750 0.679167 0.654688 0.897917 0.635938 0.893750 0.620313 0.731250 0.626562 0.735417 0.598437 0.812500 0.596875 0.810417 0.585938 0.735417 0.585938 0.768750 0.348437 0.947917 0.346875 0.947917 0.337500 0.739583 0.314063
7 0.014583 0.189063 0.016667 0.635938 0.291667 0.618750 0.302083 0.310937 0.333333 0.310937 0.341667 0.209375 0.239583 0.210938
7 0.614583 0.779688 0.602083 0.800000 0.489583 0.801562 0.454167 0.770312 0.347917 0.740625 0.320833 0.701563 0.020833 0.720312 0.016667 0.987500 0.377083 0.987500 0.589583 0.948438 0.600000 0.915625 0.587500 0.887500 0.606250 0.862500
7 0.760417 0.723437 0.704167 0.720312 0.702083 0.726562 0.620833 0.734375 0.618750 0.723437 0.610417 0.725000 0.608333 0.721875 0.608333 0.734375 0.602083 0.735937 0.602083 0.743750 0.687500 0.735937 0.702083 0.735937 0.704167 0.740625 0.760417 0.740625
8 0.345833 0.146875 0.308333 0.176563 0.308333 0.206250 0.343750 0.209375 0.335417 0.310937 0.304167 0.310937 0.293750 0.598437 0.345833 0.737500 0.489583 0.800000 0.858333 0.751562 0.600000 0.743750 0.608333 0.720312 0.764583 0.717188 0.772917 0.667188 0.679167 0.659375 0.616667 0.623438 0.606250 0.648438 0.631250 0.325000 0.812500 0.320312 0.831250 0.184375 0.712500 0.178125 0.933333 0.173438 0.512500 0.098438
8 0.810417 0.353125 0.772917 0.354688 0.747917 0.579687 0.787500 0.581250
8 0.225000 0.545313 0.225000 0.546875 0.227083 0.548437 0.227083 0.550000 0.231250 0.553125 0.233333 0.557813 0.239583 0.557813 0.241667 0.559375 0.252083 0.559375 0.260417 0.553125 0.262500 0.553125 0.264583 0.551562 0.268750 0.551562 0.270833 0.550000 0.275000 0.550000 0.277083 0.548437 0.283333 0.548437 0.285417 0.546875 0.287500 0.546875 0.287500 0.545313 0.283333 0.542188 0.283333 0.540625 0.281250 0.539062 0.254167 0.539062 0.250000 0.535937 0.250000 0.534375 0.247917 0.532812 0.245833 0.532812 0.239583 0.537500 0.237500 0.537500
8 0.739583 0.601562 0.739583 0.612500 0.737500 0.614062 0.737500 0.625000 0.739583 0.623438 0.758333 0.623438 0.760417 0.621875 0.779167 0.621875 0.779167 0.614062 0.781250 0.612500 0.781250 0.603125 0.779167 0.603125 0.777083 0.601562
8 0.662500 0.818750 0.647917 0.823438 0.656250 0.893750 0.664583 0.896875 0.670833 0.964063 0.691667 0.978125 0.704167 0.975000 0.710417 0.946875 0.708333 0.915625 0.693750 0.893750 0.685417 0.889063 0.700000 0.876562 0.702083 0.828125 0.695833 0.818750
8 0.612500 0.860937 0.604167 0.864062 0.597917 0.868750 0.597917 0.871875 0.595833 0.873438 0.595833 0.876562 0.593750 0.878125 0.593750 0.881250 0.589583 0.887500 0.589583 0.890625 0.595833 0.895312 0.595833 0.900000 0.597917 0.901563 0.597917 0.907812 0.600000 0.909375 0.600000 0.914062 0.602083 0.915625 0.602083 0.921875 0.604167 0.918750 0.614583 0.910937 0.616667 0.903125 0.620833 0.898438 0.620833 0.895312 0.622917 0.893750 0.622917 0.890625 0.627083 0.884375 0.627083 0.879687
8 0.614583 0.915625 0.612500 0.917188 0.612500 0.918750 0.606250 0.923437 0.606250 0.925000 0.602083 0.928125 0.602083 0.929688 0.597917 0.932813 0.597917 0.934375 0.593750 0.937500 0.593750 0.939062 0.589583 0.942187 0.589583 0.943750 0.602083 0.951563 0.602083 0.959375 0.608333 0.964063 0.608333 0.965625 0.608333 0.962500 0.612500 0.957812 0.614583 0.950000 0.616667 0.948438 0.622917 0.937500 0.627083 0.934375 0.625000 0.932813 0.625000 0.931250 0.622917 0.929688 0.622917 0.928125 0.620833 0.926562