1 0.012500 0.010937 0.012500 0.984375 0.085417 0.987500 0.116667 0.898438 0.093750 0.989062 0.185417 0.989062 0.312500 0.514063 0.602083 0.537500 0.602083 0.473437 0.668750 0.421875 0.575000 0.376563 0.614583 0.318750 0.547917 0.317187 0.541667 0.384375 0.406250 0.381250 0.412500 0.409375 0.556250 0.409375 0.554167 0.495313 0.389583 0.490625 0.387500 0.446875 0.331250 0.462500 0.316667 0.364062 0.054167 0.351562 0.054167 0.309375 0.314583 0.310937 0.329167 0.014062 0.260417 0.018750 0.293750 0.309375 0.252083 0.018750
2 0.987500 0.014062 0.733333 0.020312 0.712500 0.087500 0.847917 0.143750 0.987500 0.148438
2 0.987500 0.782812 0.958333 0.807813 0.958333 0.809375 0.945833 0.818750 0.945833 0.820312 0.935417 0.828125 0.935417 0.829687 0.939583 0.829687 0.947917 0.832812 0.954167 0.832812 0.962500 0.835938 0.977083 0.837500 0.985417 0.840625 0.985417 0.795313 0.987500 0.793750
2 0.985417 0.853125 0.922917 0.853125 0.904167 0.876562 0.933333 0.975000 0.975000 0.920313 0.985417 0.912500
3 0.410417 0.065625 0.410417 0.210938 0.614583 0.228125 0.618750 0.195312 0.691667 0.171875 0.675000 0.089062
3 0.583333 0.543750 0.579167 0.643750 0.591667 0.690625 0.581250 0.779688 0.595833 0.845312 0.577083 0.896875 0.770833 0.898438 0.764583 0.859375 0.741667 0.835938 0.722917 0.781250 0.643750 0.793750 0.650000 0.762500 0.622917 0.671875 0.718750 0.653125 0.695833 0.551562 0.620833 0.568750 0.602083 0.546875
5 0.683333 0.092188 0.700000 0.139062 0.700000 0.189063 0.854167 0.223438 0.981250 0.260938 0.987500 0.196875 0.966667 0.173438 0.987500 0.171875 0.987500 0.157813 0.847917 0.145313
5 0.687500 0.181250 0.622917 0.198437 0.604167 0.267188 0.604167 0.273438 0.616667 0.279687 0.668750 0.284375
5 0.716667 0.198437 0.745833 0.226562 0.760417 0.317187 0.985417 0.375000 0.983333 0.264062
5 0.677083 0.457812 0.610417 0.473437 0.616667 0.562500 0.695833 0.545313
5 0.722917 0.656250 0.631250 0.671875 0.652083 0.762500 0.647917 0.789062 0.720833 0.775000 0.737500 0.729688
6 0.693750 0.192188 0.658333 0.373437 0.741667 0.739062 0.791667 0.743750 0.818750 0.784375 0.810417 0.828125 0.768750 0.862500 0.785417 0.935938 0.822917 0.940625 0.987500 0.768750 0.987500 0.437500 0.947917 0.371875 0.750000 0.317187 0.741667 0.229687
7 0.462500 0.012500 0.441667 0.012500 0.439583 0.014062 0.418750 0.014062 0.416667 0.015625 0.416667 0.050000 0.418750 0.051562 0.418750 0.054688 0.462500 0.054688
7 0.466667 0.018750 0.466667 0.068750 0.518750 0.068750 0.518750 0.021875 0.514583 0.020312
7 0.462500 0.329688 0.456250 0.371875 0.512500 0.375000 0.514583 0.376563 0.533333 0.376563 0.537500 0.378125 0.539583 0.332812 0.541667 0.331250 0.535417 0.331250 0.533333 0.329688
7 0.402083 0.332812 0.402083 0.340625 0.400000 0.342187 0.400000 0.350000 0.397917 0.351562 0.397917 0.357812 0.395833 0.359375 0.395833 0.367188 0.445833 0.367188 0.447917 0.368750 0.452083 0.368750 0.452083 0.334375 0.447917 0.334375 0.445833 0.332812
7 0.404167 0.414062 0.393750 0.485938 0.547917 0.495313 0.543750 0.414062
7 0.314583 0.520312 0.193750 0.984375 0.860417 0.985937 0.847917 0.939062 0.783333 0.943750 0.768750 0.901563 0.512500 0.889063 0.479167 0.729688 0.508333 0.676562 0.564583 0.675000 0.572917 0.615625 0.514583 0.609375 0.508333 0.656250 0.506250 0.603125 0.577083 0.609375 0.575000 0.575000 0.556250 0.592188 0.466667 0.587500 0.554167 0.587500 0.579167 0.540625
8 0.370833 0.015625 0.343750 0.015625 0.343750 0.018750 0.341667 0.020312 0.341667 0.073437 0.350000 0.079687 0.350000 0.075000 0.352083 0.073437 0.354167 0.062500 0.358333 0.056250 0.358333 0.051562 0.360417 0.050000 0.360417 0.045313 0.362500 0.043750 0.364583 0.032812 0.368750 0.026563
8 0.379167 0.232812 0.345833 0.212500 0.329167 0.292188 0.314583 0.312500 0.218750 0.307813 0.197917 0.332812 0.145833 0.331250 0.125000 0.306250 0.120833 0.328125 0.070833 0.331250 0.054167 0.310937 0.054167 0.350000 0.068750 0.339063 0.112500 0.339063 0.129167 0.356250 0.152083 0.340625 0.204167 0.340625 0.218750 0.362500 0.318750 0.362500 0.320833 0.378125 0.347917 0.379687 0.347917 0.392188 0.335417 0.392188 0.335417 0.460938 0.360417 0.459375 0.385417 0.440625 0.383333 0.412500 0.402083 0.407813 0.404167 0.385938 0.377083 0.353125 0.404167 0.285937
8 0.839583 0.457812 0.783333 0.457812 0.758333 0.529688 0.775000 0.576563 0.754167 0.548437 0.741667 0.559375 0.737500 0.639063 0.750000 0.671875 0.777083 0.653125 0.816667 0.595312 0.804167 0.585938 0.777083 0.584375 0.772917 0.578125 0.843750 0.584375 0.852083 0.559375 0.893750 0.557813 0.893750 0.521875 0.860417 0.515625 0.858333 0.475000
8 0.927083 0.537500 0.885417 0.585938 0.891667 0.617188 0.912500 0.643750 0.922917 0.640625 0.952083 0.575000
8 0.812500 0.676562 0.797917 0.676562 0.789583 0.682813 0.787500 0.681250 0.770833 0.681250 0.764583 0.685938 0.764583 0.706250 0.766667 0.707812 0.764583 0.710938 0.764583 0.729688 0.766667 0.731250 0.779167 0.732813 0.787500 0.735937 0.789583 0.734375 0.800000 0.734375 0.804167 0.731250 0.810417 0.729688 0.810417 0.726562 0.818750 0.710938 0.818750 0.706250 0.822917 0.700000 0.825000 0.687500 0.827083 0.685938 0.820833 0.679688
8 0.758333 0.734375 0.739583 0.742188 0.727083 0.770312 0.727083 0.793750 0.737500 0.809375 0.743750 0.832812 0.770833 0.857813 0.785417 0.853125 0.797917 0.842188 0.808333 0.828125 0.808333 0.820312 0.818750 0.801562 0.816667 0.784375 0.806250 0.778125 0.802083 0.771875 0.800000 0.751562 0.781250 0.740625 0.764583 0.734375