1 0.014583 0.209375 0.789583 0.246875 0.810417 0.165625 0.785417 0.096875 0.927083 0.095312 0.983333 0.014062 0.014583 0.010937 0.014583 0.026563 0.212500 0.034375 0.233333 0.164062 0.035417 0.164062 0.014583 0.051562
1 0.020833 0.318750 0.016667 0.460938 0.033333 0.487500 0.085417 0.478125
1 0.014583 0.509375 0.014583 0.806250 0.037500 0.826563 0.014583 0.831250 0.014583 0.987500 0.150000 0.987500 0.162500 0.926562 0.587500 0.912500 0.562500 0.895312 0.077083 0.926562 0.045833 0.900000 0.168750 0.907812 0.185417 0.879687 0.531250 0.859375 0.529167 0.820312 0.493750 0.815625 0.491667 0.778125 0.120833 0.800000 0.118750 0.768750 0.056250 0.768750 0.037500 0.856250 0.056250 0.682813 0.054167 0.759375 0.118750 0.751562 0.129167 0.693750 0.025000 0.676562 0.060417 0.665625 0.070833 0.607813
1 0.052083 0.539062 0.075000 0.606250 0.077083 0.607813 0.143750 0.607813 0.139583 0.603125 0.114583 0.548437
1 0.139583 0.614062 0.081250 0.614062 0.079167 0.615625 0.072917 0.615625 0.072917 0.626562 0.070833 0.628125 0.070833 0.639063 0.068750 0.640625 0.066667 0.660937 0.075000 0.660937 0.085417 0.657812 0.093750 0.657812 0.108333 0.651563 0.116667 0.650000 0.127083 0.642187 0.129167 0.642187 0.131250 0.637500 0.135417 0.634375 0.135417 0.628125 0.139583 0.620313
2 0.987500 0.029687 0.975000 0.048437 0.970833 0.051562 0.962500 0.065625 0.958333 0.068750 0.950000 0.082813 0.945833 0.085938 0.939583 0.096875 0.979167 0.096875 0.981250 0.098438 0.985417 0.098438 0.985417 0.035937 0.987500 0.034375
2 0.891667 0.171875 0.902083 0.173438 0.910417 0.167187 0.914583 0.167187 0.927083 0.170312 0.931250 0.173438 0.960417 0.162500 0.987500 0.162500 0.985417 0.159375 0.985417 0.140625 0.910417 0.140625 0.895833 0.162500
2 0.877083 0.326562 0.877083 0.328125 0.875000 0.329688 0.875000 0.331250 0.872917 0.332812 0.872917 0.334375 0.870833 0.335938 0.870833 0.337500 0.868750 0.339063 0.868750 0.342187 0.866667 0.343750 0.866667 0.345313 0.893750 0.345313 0.893750 0.328125 0.891667 0.326562
2 0.635417 0.371875 0.597917 0.440625 0.614583 0.540625 0.631250 0.521875 0.637500 0.507812 0.668750 0.475000 0.658333 0.376563 0.639583 0.376563
2 0.831250 0.389062 0.829167 0.395312 0.822917 0.403125 0.825000 0.432813 0.827083 0.434375 0.839583 0.434375 0.841667 0.432813 0.854167 0.432813 0.856250 0.431250 0.866667 0.431250 0.868750 0.429688 0.881250 0.429688 0.879167 0.428125 0.879167 0.423438 0.877083 0.421875 0.877083 0.415625 0.875000 0.414062 0.875000 0.409375 0.872917 0.407813 0.872917 0.401563 0.870833 0.400000 0.868750 0.389062
2 0.900000 0.393750 0.918750 0.450000 0.922917 0.456250 0.987500 0.456250 0.987500 0.400000 0.983333 0.398438 0.964583 0.398438 0.962500 0.396875
2 0.989583 0.482812 0.902083 0.485938 0.866667 0.517187 0.866667 0.526563 0.939583 0.528125 0.945833 0.531250 0.950000 0.539062 0.945833 0.546875 0.989583 0.546875
2 0.725000 0.579687 0.691667 0.604688 0.685417 0.604688 0.687500 0.609375 0.652083 0.643750 0.683333 0.770312 0.697917 0.767187 0.700000 0.743750 0.718750 0.731250 0.760417 0.726562 0.750000 0.690625 0.739583 0.682813 0.735417 0.671875 0.739583 0.648438 0.733333 0.637500
2 0.985417 0.807813 0.877083 0.815625 0.937500 0.815625 0.933333 0.828125 0.916667 0.840625 0.847917 0.851562 0.845833 0.865625 0.829167 0.871875 0.631250 0.881250 0.637500 0.915625 0.604167 0.935938 0.591667 0.923437 0.600000 0.987500 0.987500 0.989062
5 0.800000 0.090625 0.791667 0.117188 0.816667 0.134375 0.781250 0.364062 0.829167 0.382812 0.985417 0.392188 0.987500 0.167187 0.897917 0.179688 0.910417 0.200000 0.897917 0.346875 0.960417 0.356250 0.856250 0.345313 0.889583 0.257812 0.885417 0.134375 0.989583 0.134375 0.989583 0.106250
5 0.620833 0.340625 0.591667 0.340625 0.591667 0.348437 0.602083 0.360938 0.583333 0.365625 0.575000 0.373437 0.568750 0.395312 0.572917 0.435937 0.570833 0.437500 0.558333 0.432813 0.558333 0.440625 0.562500 0.445312 0.595833 0.446875 0.595833 0.440625 0.633333 0.367188 0.633333 0.359375 0.627083 0.345313
5 0.887500 0.390625 0.875000 0.392188 0.906250 0.460938 0.837500 0.464063 0.845833 0.482812 0.877083 0.482812 0.858333 0.515625 0.893750 0.481250 0.989583 0.479688 0.987500 0.464063 0.920833 0.464063 0.916667 0.460938
5 0.887500 0.442187 0.885417 0.440625 0.885417 0.435937 0.868750 0.435937 0.866667 0.437500 0.847917 0.437500 0.845833 0.439063 0.827083 0.439063 0.827083 0.448438 0.829167 0.450000 0.831250 0.450000 0.833333 0.448438 0.885417 0.448438 0.885417 0.443750
5 0.583333 0.475000 0.545833 0.475000 0.543750 0.476562 0.537500 0.476562 0.541667 0.487500 0.535417 0.489062 0.529167 0.496875 0.529167 0.518750 0.533333 0.525000 0.529167 0.531250 0.518750 0.537500 0.518750 0.542188 0.550000 0.542188 0.554167 0.540625 0.545833 0.521875 0.558333 0.512500 0.564583 0.512500
5 0.862500 0.535937 0.866667 0.548437 0.925000 0.550000 0.875000 0.553125 0.895833 0.610937 0.922917 0.610937 0.922917 0.603125 0.910417 0.581250 0.897917 0.573438 0.918750 0.568750 0.989583 0.570312 0.987500 0.551562 0.933333 0.551562 0.939583 0.534375
5 0.545833 0.550000 0.518750 0.550000 0.518750 0.551562 0.506250 0.559375 0.504167 0.562500 0.504167 0.567187 0.502083 0.568750 0.502083 0.576563 0.506250 0.582812 0.506250 0.590625 0.508333 0.592188 0.506250 0.593750 0.500000 0.593750 0.500000 0.598437 0.504167 0.598437 0.512500 0.601562 0.518750 0.601562 0.520833 0.603125 0.520833 0.598437 0.516667 0.593750 0.516667 0.585938 0.518750 0.584375 0.518750 0.579687 0.531250 0.570312 0.537500 0.568750 0.537500 0.565625 0.541667 0.560938 0.541667 0.557813 0.543750 0.556250
5 0.962500 0.703125 0.877083 0.701563 0.831250 0.729688 0.725000 0.737500 0.689583 0.787500 0.616667 0.810938 0.610417 0.845312 0.579167 0.839063 0.593750 0.856250 0.568750 0.845312 0.566667 0.867188 0.533333 0.875000 0.833333 0.862500 0.616667 0.851562 0.904167 0.835938 0.931250 0.820312 0.852083 0.825000 0.866667 0.810938 0.781250 0.831250 0.793750 0.815625 0.747917 0.815625 0.739583 0.832812 0.666667 0.840625 0.643750 0.814062 0.979167 0.803125 0.985417 0.784375 0.964583 0.782812 0.985417 0.762500 0.904167 0.779688 0.931250 0.762500 0.947917 0.773438 0.943750 0.757812 0.985417 0.748438
5 0.491667 0.715625 0.489583 0.725000 0.506250 0.726562 0.506250 0.732813 0.497917 0.743750 0.495833 0.753125 0.497917 0.781250 0.512500 0.804688 0.510417 0.807813 0.504167 0.807813 0.504167 0.812500 0.508333 0.815625 0.537500 0.814062 0.520833 0.714063
6 0.785417 0.248437 0.691667 0.246875 0.710417 0.331250 0.662500 0.373437 0.672917 0.476562 0.614583 0.545313 0.595833 0.451562 0.566667 0.565625 0.612500 0.584375 0.625000 0.631250 0.600000 0.681250 0.575000 0.675000 0.575000 0.632812 0.516667 0.623438 0.543750 0.867188 0.697917 0.771875 0.650000 0.643750 0.722917 0.578125 0.762500 0.726562 0.706250 0.740625 0.833333 0.725000 0.875000 0.698438 0.985417 0.695312 0.985417 0.610937 0.891667 0.614062 0.806250 0.385938 0.766667 0.375000 0.795833 0.307813
6 0.897917 0.253125 0.895833 0.253125 0.897917 0.253125 0.900000 0.256250 0.895833 0.262500 0.895833 0.267188 0.893750 0.268750 0.893750 0.271875 0.891667 0.273438 0.891667 0.276563 0.887500 0.282813 0.885417 0.293750 0.883333 0.295312 0.883333 0.309375 0.881250 0.310937 0.881250 0.315625 0.893750 0.315625 0.893750 0.307813 0.895833 0.306250 0.895833 0.296875 0.897917 0.295312 0.897917 0.285937 0.900000 0.284375 0.900000 0.257812 0.902083 0.256250
7 0.012500 0.028125 0.035417 0.162500 0.231250 0.164062 0.212500 0.035937
7 0.275000 0.046875 0.285417 0.151562 0.420833 0.164062 0.422917 0.059375
7 0.727083 0.173438 0.725000 0.175000 0.725000 0.200000 0.727083 0.201562 0.727083 0.203125 0.743750 0.203125 0.745833 0.204688 0.764583 0.204688 0.766667 0.206250 0.768750 0.206250 0.768750 0.171875 0.750000 0.171875 0.747917 0.173438
7 0.066667 0.237500 0.114583 0.381250 0.562500 0.389062 0.587500 0.357812 0.585417 0.337500 0.618750 0.334375 0.614583 0.320312 0.635417 0.279687 0.679167 0.260938
7 0.125000 0.409375 0.158333 0.496875 0.514583 0.503125 0.527083 0.467187 0.577083 0.465625 0.587500 0.456250 0.562500 0.453125 0.552083 0.443750 0.547917 0.429688 0.554167 0.421875 0.566667 0.421875 0.562500 0.412500
7 0.125000 0.484375 0.102083 0.484375 0.058333 0.489062 0.022917 0.496875 0.014583 0.501562 0.018750 0.521875 0.056250 0.534375 0.118750 0.543750 0.131250 0.540625 0.131250 0.518750 0.133333 0.515625
7 0.520833 0.528125 0.162500 0.529688 0.143750 0.534375 0.164583 0.596875 0.487500 0.590625 0.491667 0.567187
7 0.506250 0.610937 0.185417 0.618750 0.179167 0.734375 0.210417 0.737500 0.079167 0.762500 0.210417 0.767187 0.208333 0.775000 0.170833 0.775000 0.170833 0.781250 0.483333 0.770312 0.491667 0.734375 0.479167 0.723437 0.495833 0.707812 0.456250 0.689062 0.464583 0.668750 0.504167 0.646875
7 0.177083 0.651563 0.168750 0.643750 0.118750 0.654688 0.097917 0.662500 0.054167 0.667188 0.027083 0.676562 0.079167 0.675000 0.118750 0.685938 0.168750 0.692187 0.179167 0.676562
7 0.227083 0.803125 0.227083 0.860937 0.229167 0.859375 0.314583 0.856250 0.314583 0.801562 0.235417 0.801562
7 0.014583 0.807813 0.014583 0.829687 0.016667 0.831250 0.018750 0.831250 0.020833 0.829687 0.025000 0.829687 0.027083 0.828125 0.029167 0.828125 0.031250 0.826563 0.035417 0.826563 0.033333 0.825000 0.033333 0.820312 0.031250 0.818750 0.031250 0.815625 0.020833 0.807813
7 0.581250 0.914062 0.181250 0.932813 0.179167 0.989062 0.591667 0.987500
8 0.670833 0.273438 0.641667 0.279687 0.625000 0.315625 0.625000 0.325000 0.635417 0.364062 0.658333 0.371875 0.677083 0.373437 0.706250 0.331250 0.700000 0.321875 0.679167 0.273438
8 0.589583 0.571875 0.545833 0.573438 0.535417 0.576563 0.525000 0.582812 0.522917 0.590625 0.529167 0.600000 0.518750 0.610937 0.518750 0.618750 0.527083 0.626562 0.552083 0.626562 0.562500 0.631250 0.568750 0.628125 0.572917 0.628125 0.572917 0.618750 0.581250 0.607813 0.583333 0.598437 0.597917 0.587500 0.593750 0.582812
8 0.610417 0.584375 0.595833 0.593750 0.583333 0.610937 0.583333 0.621875 0.581250 0.623438 0.579167 0.621875 0.577083 0.628125 0.577083 0.675000 0.579167 0.678125 0.600000 0.682813 0.595833 0.671875 0.595833 0.657812 0.597917 0.656250 0.602083 0.659375 0.606250 0.667188 0.622917 0.631250
8 0.464583 0.682813 0.464583 0.684375 0.468750 0.687500 0.472917 0.687500 0.475000 0.689062 0.479167 0.689062 0.481250 0.690625 0.491667 0.690625 0.493750 0.692187 0.495833 0.690625 0.508333 0.690625 0.510417 0.689062 0.520833 0.689062 0.518750 0.687500 0.518750 0.684375 0.516667 0.682813 0.516667 0.681250 0.468750 0.681250 0.466667 0.682813
8 0.606250 0.720312 0.606250 0.721875 0.604167 0.723437 0.604167 0.725000 0.602083 0.726562 0.602083 0.743750 0.604167 0.745313 0.604167 0.751562 0.606250 0.751562 0.614583 0.745313 0.614583 0.740625 0.616667 0.739062 0.616667 0.728125
8 0.616667 0.764063 0.608333 0.764063 0.606250 0.765625 0.597917 0.765625 0.595833 0.767187 0.575000 0.767187 0.572917 0.768750 0.566667 0.770312 0.566667 0.778125 0.568750 0.779688 0.608333 0.779688 0.610417 0.781250 0.614583 0.781250 0.614583 0.765625