1 0.014583 0.176563 0.079167 0.185937 0.077083 0.073437 0.031250 0.065625 0.068750 0.065625 0.070833 0.037500 0.495833 0.098438 0.562500 0.056250 0.512500 0.095312 0.527083 0.095312 0.672917 0.015625 0.097917 0.012500 0.150000 0.021875 0.141667 0.039062 0.102083 0.040625 0.047917 0.025000 0.066667 0.012500 0.016667 0.012500
1 0.168750 0.192188 0.175000 0.287500 0.237500 0.284375 0.245833 0.279687 0.227083 0.282813 0.200000 0.281250 0.202083 0.253125 0.206250 0.250000 0.227083 0.251563 0.247917 0.246875 0.270833 0.246875 0.279167 0.254687 0.283333 0.200000
1 0.589583 0.800000 0.581250 0.789062 0.508333 0.798437 0.475000 0.759375 0.472917 0.704687 0.445833 0.692187 0.356250 0.696875 0.343750 0.706250 0.337500 0.692187 0.335417 0.710938 0.154167 0.715625 0.147917 0.696875 0.133333 0.715625 0.131250 0.696875 0.029167 0.700000 0.027083 0.709375 0.016667 0.701563 0.016667 0.742188 0.070833 0.745313 0.058333 0.823438 0.018750 0.818750 0.016667 0.778125 0.018750 0.856250
2 0.985417 0.014062 0.668750 0.018750 0.516667 0.104687 0.404167 0.089062 0.393750 0.151562 0.360417 0.168750 0.362500 0.196875 0.416667 0.204688 0.431250 0.173438 0.493750 0.195312 0.518750 0.164062 0.579167 0.176563 0.631250 0.168750 0.672917 0.134375 0.716667 0.143750 0.806250 0.142188 0.983333 0.179688
2 0.460417 0.228125 0.452083 0.256250 0.445833 0.264062 0.458333 0.293750 0.452083 0.315625 0.452083 0.329688 0.458333 0.350000 0.497917 0.368750 0.508333 0.301562 0.512500 0.237500
2 0.402083 0.434375 0.375000 0.434375 0.362500 0.456250 0.358333 0.468750 0.347917 0.471875 0.347917 0.490625 0.350000 0.493750 0.377083 0.510938 0.387500 0.504687 0.391667 0.489062 0.393750 0.487500 0.408333 0.487500 0.408333 0.435937
2 0.450000 0.453125 0.433333 0.559375 0.470833 0.618750 0.487500 0.503125
2 0.866667 0.726562 0.845833 0.740625 0.845833 0.778125 0.902083 0.823438 0.910417 0.798437 0.922917 0.771875 0.922917 0.767187
3 0.070833 0.039062 0.070833 0.068750 0.195833 0.084375 0.195833 0.053125 0.193750 0.051562
3 0.270833 0.068750 0.266667 0.101562 0.397917 0.115625 0.408333 0.090625
3 0.014583 0.179688 0.016667 0.221875 0.095833 0.228125 0.016667 0.228125 0.016667 0.281250 0.139583 0.293750 0.141667 0.231250 0.143750 0.292188 0.168750 0.273438 0.160417 0.196875
3 0.293750 0.200000 0.295833 0.290625 0.289583 0.304688 0.295833 0.310937 0.414583 0.326562 0.412500 0.346875 0.420833 0.350000 0.437500 0.304688 0.425000 0.300000 0.427083 0.260938 0.431250 0.259375 0.427083 0.220313 0.418750 0.214062
3 0.212500 0.431250 0.100000 0.434375 0.095833 0.439063 0.091667 0.543750 0.145833 0.542188 0.133333 0.632812 0.133333 0.714063 0.143750 0.706250 0.145833 0.631250 0.160417 0.542188 0.210417 0.539062
3 0.306250 0.515625 0.281250 0.546875 0.308333 0.628125 0.331250 0.662500 0.331250 0.695312 0.339583 0.690625 0.343750 0.704687 0.356250 0.695312 0.445833 0.690625 0.452083 0.679688 0.495833 0.676562 0.477083 0.648438 0.427083 0.648438 0.406250 0.625000 0.408333 0.606250 0.335417 0.604688 0.408333 0.600000 0.391667 0.578125 0.429167 0.575000 0.456250 0.598437 0.433333 0.560938 0.333333 0.565625 0.331250 0.592188 0.312500 0.532812 0.329167 0.559375 0.400000 0.556250 0.383333 0.540625 0.387500 0.517187
3 0.414583 0.517187 0.414583 0.529688 0.412500 0.531250 0.412500 0.546875 0.410417 0.548437 0.410417 0.556250 0.418750 0.556250 0.420833 0.554688 0.431250 0.554688 0.431250 0.546875 0.433333 0.545313 0.433333 0.534375 0.435417 0.532812 0.425000 0.525000 0.425000 0.521875 0.420833 0.521875 0.418750 0.520312 0.420833 0.518750 0.420833 0.517187
3 0.062500 0.553125 0.050000 0.553125 0.020833 0.620313 0.027083 0.707812 0.027083 0.623438
5 0.420833 0.215625 0.445833 0.225000 0.510417 0.220313 0.485417 0.212500 0.520833 0.220313 0.985417 0.190625 0.985417 0.181250 0.806250 0.143750 0.762500 0.157813 0.666667 0.139062 0.652083 0.150000 0.643750 0.176563 0.608333 0.179688 0.600000 0.201562 0.591667 0.184375 0.520833 0.171875 0.504167 0.195312 0.485417 0.201562 0.439583 0.187500 0.441667 0.209375
5 0.364583 0.348437 0.360417 0.364062 0.360417 0.385938 0.364583 0.406250 0.362500 0.415625 0.364583 0.417188 0.354167 0.420312 0.354167 0.421875 0.370833 0.434375 0.375000 0.432813 0.402083 0.432813 0.410417 0.435937 0.412500 0.393750 0.414583 0.392188 0.414583 0.371875 0.416667 0.370313 0.416667 0.350000 0.418750 0.348437
5 0.245833 0.473437 0.245833 0.484375 0.270833 0.500000 0.283333 0.504687 0.289583 0.509375 0.293750 0.517187 0.302083 0.510938 0.310417 0.509375 0.370833 0.509375 0.350000 0.501562 0.345833 0.501562 0.314583 0.487500 0.287500 0.471875 0.281250 0.470313 0.254167 0.470313
5 0.395833 0.489062 0.395833 0.496875 0.393750 0.498437 0.391667 0.514063 0.389583 0.515625 0.389583 0.521875 0.387500 0.523438 0.385417 0.540625 0.408333 0.560938 0.408333 0.562500 0.410417 0.531250 0.412500 0.529688 0.412500 0.514063 0.414583 0.512500 0.414583 0.496875 0.416667 0.495313 0.410417 0.492188
5 0.393750 0.578125 0.393750 0.589063 0.408333 0.590625 0.412500 0.593750 0.410417 0.595312 0.408333 0.625000 0.429167 0.648438 0.435417 0.646875 0.485417 0.646875 0.429167 0.576563
5 0.452083 0.681250 0.445833 0.696875 0.466667 0.700000 0.475000 0.704687 0.477083 0.759375 0.506250 0.781250 0.508333 0.796875 0.585417 0.787500 0.547917 0.731250 0.545833 0.743750 0.535417 0.754687 0.525000 0.750000 0.525000 0.717188 0.535417 0.712500 0.512500 0.678125 0.497917 0.676562
5 0.522917 0.810938 0.529167 0.823438 0.554167 0.826563 0.550000 0.845312 0.554167 0.906250 0.604167 0.971875 0.679167 0.957812 0.658333 0.954687 0.637500 0.901563 0.637500 0.896875 0.654167 0.889063 0.641667 0.871875 0.604167 0.867188 0.597917 0.860937 0.587500 0.835938 0.608333 0.825000 0.593750 0.804688 0.550000 0.800000
6 0.435417 0.228125 0.420833 0.520312 0.450000 0.451562 0.485417 0.498437 0.541667 0.503125 0.500000 0.493750 0.506250 0.426562 0.595833 0.471875 0.572917 0.537500 0.545833 0.518750 0.541667 0.581250 0.481250 0.576563 0.500000 0.598437 0.470833 0.620313 0.450000 0.600000 0.535417 0.710938 0.558333 0.673437 0.547917 0.729688 0.610417 0.825000 0.785417 0.778125 0.868750 0.862500 0.912500 0.984375 0.987500 0.985937 0.989583 0.204688 0.470833 0.226562 0.514583 0.237500 0.497917 0.370313 0.456250 0.350000
6 0.722917 0.870313 0.695833 0.870313 0.693750 0.871875 0.654167 0.871875 0.652083 0.873438 0.647917 0.871875 0.643750 0.871875 0.650000 0.878125 0.656250 0.889063 0.660417 0.885938 0.670833 0.882812 0.675000 0.879687 0.687500 0.875000 0.697917 0.875000 0.700000 0.873438 0.712500 0.873438 0.714583 0.871875 0.722917 0.871875
6 0.710417 0.960938 0.725000 0.982813 0.791667 0.982813 0.783333 0.968750 0.768750 0.970312 0.760417 0.973437 0.758333 0.971875 0.754167 0.971875 0.752083 0.970312 0.747917 0.970312 0.739583 0.967188 0.733333 0.967188 0.731250 0.965625 0.727083 0.965625 0.725000 0.964063 0.720833 0.964063 0.718750 0.962500
7 0.050000 0.015625 0.050000 0.025000 0.052083 0.026563 0.062500 0.029687 0.068750 0.029687 0.102083 0.039062 0.104167 0.037500 0.125000 0.037500 0.127083 0.039062 0.129167 0.037500 0.141667 0.037500 0.141667 0.034375 0.147917 0.025000 0.147917 0.021875 0.141667 0.021875 0.139583 0.020312 0.133333 0.020312 0.131250 0.018750 0.125000 0.018750 0.114583 0.015625 0.106250 0.015625 0.104167 0.014062 0.097917 0.014062 0.087500 0.010937 0.075000 0.010937 0.066667 0.014062 0.054167 0.014062
7 0.085417 0.081250 0.085417 0.096875 0.387500 0.139062 0.389583 0.115625 0.095833 0.079687
7 0.058333 0.384375 0.070833 0.421875 0.197917 0.431250 0.197917 0.400000 0.170833 0.381250 0.062500 0.382812
7 0.164583 0.545313 0.150000 0.714063 0.335417 0.709375 0.327083 0.684375 0.325000 0.689062 0.285417 0.690625 0.283333 0.675000 0.258333 0.675000 0.256250 0.651563 0.275000 0.648438 0.283333 0.653125 0.283333 0.635938 0.308333 0.632812 0.279167 0.543750
7 0.131250 0.609375 0.118750 0.604688 0.095833 0.606250 0.077083 0.612500 0.064583 0.620313 0.075000 0.629687 0.070833 0.631250 0.062500 0.626562 0.064583 0.631250 0.062500 0.640625 0.054167 0.646875 0.037500 0.650000 0.052083 0.656250 0.062500 0.665625 0.120833 0.662500 0.125000 0.634375 0.114583 0.631250 0.116667 0.629687 0.129167 0.629687
7 0.016667 0.743750 0.016667 0.776563 0.018750 0.778125 0.018750 0.814062 0.020833 0.818750 0.056250 0.820312 0.058333 0.821875 0.062500 0.784375 0.064583 0.782812 0.064583 0.771875 0.066667 0.770312 0.066667 0.759375 0.068750 0.757812 0.068750 0.745313 0.064583 0.743750
7 0.237500 0.743750 0.118750 0.748438 0.114583 0.754687 0.114583 0.807813 0.239583 0.796875
7 0.552083 0.826563 0.512500 0.818750 0.022917 0.865625 0.014583 0.895312 0.547917 0.846875
7 0.722917 0.985937 0.697917 0.957812 0.602083 0.971875 0.554167 0.910937 0.547917 0.850000 0.014583 0.901563 0.018750 0.987500
8 0.120833 0.323438 0.120833 0.348437 0.145833 0.356250 0.177083 0.356250 0.183333 0.385938 0.258333 0.403125 0.302083 0.393750 0.325000 0.403125 0.362500 0.406250 0.358333 0.364062 0.364583 0.340625 0.410417 0.346875 0.414583 0.328125 0.295833 0.312500 0.264583 0.284375 0.279167 0.282813 0.279167 0.256250 0.270833 0.248437 0.204167 0.253125 0.202083 0.281250 0.247917 0.279687 0.187500 0.307813 0.181250 0.328125
8 0.516667 0.289062 0.516667 0.293750 0.518750 0.295312 0.520833 0.304688 0.525000 0.310937 0.539583 0.310937 0.541667 0.312500 0.560417 0.312500 0.562500 0.314063 0.581250 0.314063 0.583333 0.315625 0.585417 0.306250 0.587500 0.304688 0.587500 0.301562 0.591667 0.295312 0.593750 0.285937 0.520833 0.285937
8 0.541667 0.320312 0.541667 0.329688 0.539583 0.331250 0.539583 0.360938 0.541667 0.362500 0.541667 0.364062 0.545833 0.364062 0.547917 0.365625 0.554167 0.365625 0.556250 0.367188 0.556250 0.364062 0.558333 0.362500 0.558333 0.360938 0.562500 0.356250 0.562500 0.353125 0.566667 0.348437 0.566667 0.326562 0.568750 0.325000 0.566667 0.323438 0.560417 0.323438 0.558333 0.321875 0.550000 0.321875 0.547917 0.320312
8 0.506250 0.428125 0.502083 0.493750 0.541667 0.501562 0.493750 0.503125 0.487500 0.500000 0.479167 0.575000 0.539583 0.581250 0.543750 0.518750 0.547917 0.518750 0.552083 0.531250 0.570833 0.537500 0.587500 0.518750 0.593750 0.471875 0.581250 0.448438 0.564583 0.439063 0.550000 0.446875 0.552083 0.431250
8 0.318750 0.634375 0.285417 0.635938 0.285417 0.653125 0.283333 0.654688 0.275000 0.650000 0.260417 0.650000 0.258333 0.651563 0.260417 0.675000 0.266667 0.673437 0.283333 0.673437 0.285417 0.675000 0.285417 0.689062 0.325000 0.687500 0.325000 0.676562 0.327083 0.675000 0.327083 0.664062 0.329167 0.662500 0.325000 0.656250
8 0.556250 0.673437 0.556250 0.676562 0.545833 0.696875 0.545833 0.701563 0.543750 0.703125 0.541667 0.710938 0.527083 0.717188 0.527083 0.750000 0.533333 0.754687 0.537500 0.748438 0.543750 0.743750 0.543750 0.734375 0.545833 0.732813 0.545833 0.723437 0.547917 0.721875 0.547917 0.712500 0.550000 0.710938 0.550000 0.701563 0.552083 0.700000 0.552083 0.690625 0.554167 0.689062 0.554167 0.679688 0.556250 0.678125
8 0.589583 0.835938 0.604167 0.865625 0.725000 0.870313 0.687500 0.876562 0.639583 0.896875 0.662500 0.956250 0.697917 0.956250 0.760417 0.971875 0.783333 0.967188 0.795833 0.985937 0.912500 0.987500 0.866667 0.862500 0.785417 0.779688 0.747917 0.778125 0.714583 0.804688 0.656250 0.807813