1 0.189583 0.015625 0.135417 0.015625 0.133333 0.040625 0.120833 0.015625 0.018750 0.015625 0.018750 0.723437 0.097917 0.518750 0.068750 0.315625 0.206250 0.129688
1 0.220833 0.143750 0.087500 0.318750 0.420833 0.346875 0.395833 0.334375 0.406250 0.278125 0.331250 0.290625 0.218750 0.253125 0.241667 0.189063 0.443750 0.207813 0.483333 0.173438
1 0.445833 0.353125 0.085417 0.326562 0.106250 0.515625 0.506250 0.528125 0.377083 0.523438 0.372917 0.550000 0.306250 0.539062 0.354167 0.517187 0.222917 0.523438 0.243750 0.548437 0.264583 0.526563 0.250000 0.559375 0.277083 0.557813 0.216667 0.582812 0.160417 0.564062 0.200000 0.565625 0.152083 0.525000 0.222917 0.554688 0.216667 0.523438 0.100000 0.521875 0.020833 0.739062 0.020833 0.985937 0.077083 0.984375 0.156250 0.635938 0.364583 0.637500 0.385417 0.610937 0.345833 0.632812 0.293750 0.612500 0.343750 0.593750 0.550000 0.592188 0.491667 0.393750
1 0.431250 0.912500 0.295833 0.915625 0.300000 0.960938 0.302083 0.962500 0.433333 0.956250 0.439583 0.946875 0.433333 0.945312 0.425000 0.934375 0.425000 0.921875
2 0.987500 0.010937 0.743750 0.015625 0.697917 0.150000 0.687500 0.135937 0.731250 0.017188 0.641667 0.015625 0.622917 0.084375 0.604167 0.075000 0.595833 0.103125 0.629167 0.103125 0.641667 0.132812 0.687500 0.156250 0.672917 0.178125 0.722917 0.187500 0.718750 0.203125 0.679167 0.206250 0.677083 0.284375 0.727083 0.289062 0.822917 0.056250 0.987500 0.131250
2 0.825000 0.064062 0.735417 0.290625 0.793750 0.301562 0.904167 0.292188 0.910417 0.310937 0.854167 0.332812 0.843750 0.345313 0.947917 0.342187 0.947917 0.351562 0.902083 0.370313 0.985417 0.367188 0.989583 0.139062
2 0.579167 0.407813 0.572917 0.426562 0.579167 0.426562 0.585417 0.435937 0.587500 0.476562 0.581250 0.521875 0.583333 0.539062 0.591667 0.554688 0.620833 0.485938 0.620833 0.475000 0.600000 0.439063 0.595833 0.412500
2 0.797917 0.595312 0.833333 0.646875 0.862500 0.635938 0.900000 0.635938 0.960417 0.645312 0.977083 0.635938 0.977083 0.614062 0.958333 0.612500 0.920833 0.603125 0.879167 0.598437
2 0.833333 0.914062 0.856250 0.985937 0.987500 0.989062 0.979167 0.918750 0.906250 0.910937 0.858333 0.910937
2 0.766667 0.920313 0.766667 0.926562 0.775000 0.946875 0.775000 0.953125 0.781250 0.967188 0.785417 0.985937 0.787500 0.987500 0.789583 0.985937 0.850000 0.984375 0.839583 0.962500 0.822917 0.915625
5 0.466667 0.015625 0.472917 0.032812 0.529167 0.029687 0.547917 0.054688 0.564583 0.059375 0.622917 0.065625 0.625000 0.045313 0.597917 0.040625 0.600000 0.015625
5 0.529167 0.085938 0.539583 0.175000 0.462500 0.207813 0.470833 0.243750 0.545833 0.201562 0.539583 0.231250 0.416667 0.264062 0.456250 0.301562 0.743750 0.373437 0.458333 0.329688 0.468750 0.378125 0.737500 0.428125 0.731250 0.475000 0.810417 0.546875 0.841667 0.545313 0.866667 0.456250 0.962500 0.450000 0.945833 0.521875 0.870833 0.459375 0.941667 0.543750 0.985417 0.434375 0.870833 0.437500 0.820833 0.398438 0.895833 0.395312 0.889583 0.431250 0.981250 0.375000 0.741667 0.375000 0.935417 0.356250 0.814583 0.354688 0.779167 0.320312 0.897917 0.300000 0.768750 0.309375 0.485417 0.256250 0.543750 0.264062 0.562500 0.223438 0.668750 0.287500 0.656250 0.203125 0.712500 0.196875 0.595833 0.120312 0.629167 0.109375
5 0.810417 0.579687 0.977083 0.598437 0.977083 0.590625 0.877083 0.581250 0.833333 0.575000 0.818750 0.575000
5 0.570833 0.642187 0.556250 0.600000 0.393750 0.609375 0.408333 0.614062 0.412500 0.620313 0.387500 0.629687 0.381250 0.635938 0.389583 0.643750 0.402083 0.643750 0.404167 0.648438
5 0.981250 0.654688 0.916667 0.654688 0.872917 0.640625 0.843750 0.653125 0.831250 0.676562 0.845833 0.698438 0.787500 0.792188 0.802083 0.837500 0.477083 0.876562 0.475000 0.889063 0.489583 0.890625 0.437500 0.918750 0.437500 0.934375 0.454167 0.939062 0.443750 0.954687 0.850000 0.904688 0.983333 0.909375 0.977083 0.887500 0.908333 0.884375 0.985417 0.835938 0.981250 0.815625 0.958333 0.814062 0.908333 0.667188
5 0.568750 0.645312 0.400000 0.651563 0.418750 0.662500 0.383333 0.685938 0.385417 0.698438 0.418750 0.720312 0.402083 0.723437 0.395833 0.729688 0.589583 0.720312
5 0.597917 0.753125 0.402083 0.764063 0.420833 0.771875 0.391667 0.793750 0.381250 0.807813 0.381250 0.817187 0.429167 0.842188 0.402083 0.850000 0.402083 0.854688 0.627083 0.840625
6 0.562500 0.226562 0.562500 0.231250 0.560417 0.232812 0.560417 0.239063 0.558333 0.240625 0.558333 0.245312 0.556250 0.246875 0.556250 0.253125 0.554167 0.254687 0.554167 0.259375 0.552083 0.260938 0.552083 0.267188 0.558333 0.267188 0.560417 0.268750 0.566667 0.268750 0.568750 0.270312 0.577083 0.270312 0.579167 0.271875 0.585417 0.271875 0.587500 0.273438 0.595833 0.273438 0.597917 0.275000 0.604167 0.275000
6 0.537500 0.325000 0.537500 0.335938 0.550000 0.337500 0.566667 0.342187 0.572917 0.342187 0.581250 0.345313 0.604167 0.348437 0.612500 0.351562 0.627083 0.353125 0.643750 0.357812 0.629167 0.337500 0.620833 0.337500 0.618750 0.335938 0.610417 0.335938 0.608333 0.334375 0.600000 0.334375 0.597917 0.332812 0.589583 0.332812 0.587500 0.331250 0.579167 0.331250 0.577083 0.329688
6 0.558333 0.401563 0.525000 0.446875 0.635417 0.853125 0.779167 0.835938 0.754167 0.831250 0.837500 0.698438 0.775000 0.579687 0.985417 0.575000 0.987500 0.546875 0.760417 0.543750 0.685417 0.421875
6 0.687500 0.928125 0.685417 0.928125 0.683333 0.929688 0.679167 0.929688 0.677083 0.931250 0.672917 0.931250 0.670833 0.932813 0.666667 0.932813 0.664583 0.934375 0.660417 0.934375 0.658333 0.935938 0.654167 0.935938 0.654167 0.937500 0.656250 0.939062 0.656250 0.940625 0.658333 0.942187 0.658333 0.943750 0.660417 0.945312 0.660417 0.946875 0.668750 0.953125 0.668750 0.954687 0.670833 0.956250 0.670833 0.954687 0.672917 0.953125 0.672917 0.950000 0.675000 0.948438 0.675000 0.946875 0.677083 0.945312 0.677083 0.943750 0.679167 0.942187 0.679167 0.940625 0.681250 0.939062 0.681250 0.937500 0.683333 0.935938 0.683333 0.934375 0.685417 0.932813 0.685417 0.931250 0.687500 0.929688
7 0.129167 0.010937 0.127083 0.012500 0.125000 0.012500 0.122917 0.014062 0.122917 0.034375 0.125000 0.035937 0.125000 0.037500 0.127083 0.039062 0.133333 0.039062 0.133333 0.021875 0.135417 0.020312 0.135417 0.018750 0.133333 0.017188 0.133333 0.010937
7 0.202083 0.014062 0.214583 0.134375 0.487500 0.160938 0.489583 0.143750 0.516667 0.135937 0.527083 0.081250 0.566667 0.093750 0.583333 0.089062 0.593750 0.076563 0.508333 0.037500 0.475000 0.037500 0.450000 0.018750
7 0.275000 0.156250 0.268750 0.187500 0.335417 0.192188 0.354167 0.195312 0.370833 0.195312 0.372917 0.196875 0.389583 0.196875 0.391667 0.198437 0.389583 0.196875 0.389583 0.181250 0.385417 0.165625
7 0.233333 0.251563 0.237500 0.254687 0.264583 0.254687 0.281250 0.248437 0.333333 0.251563 0.356250 0.265625 0.387500 0.268750 0.439583 0.251563 0.464583 0.232812 0.458333 0.217187 0.247917 0.198437
7 0.306250 0.403125 0.306250 0.468750 0.308333 0.476562 0.385417 0.476562 0.393750 0.406250 0.389583 0.404687
7 0.187500 0.407813 0.187500 0.457812 0.285417 0.464063 0.287500 0.465625 0.289583 0.415625 0.291667 0.414062
7 0.064583 0.489062 0.062500 0.489062 0.060417 0.490625 0.060417 0.520312 0.062500 0.521875 0.064583 0.520312 0.068750 0.520312 0.068750 0.517187 0.070833 0.515625 0.070833 0.512500 0.072917 0.510938 0.072917 0.509375 0.075000 0.507812 0.075000 0.500000 0.072917 0.498437 0.072917 0.496875 0.070833 0.495313 0.070833 0.493750
7 0.652083 0.654688 0.652083 0.656250 0.683333 0.656250 0.681250 0.654688 0.681250 0.653125 0.677083 0.650000 0.677083 0.648438 0.670833 0.643750 0.660417 0.643750 0.658333 0.645312 0.658333 0.646875 0.656250 0.648438 0.656250 0.650000 0.654167 0.651563 0.654167 0.653125
7 0.150000 0.739062 0.168750 0.739062 0.189583 0.728125 0.291667 0.729688 0.302083 0.739062 0.587500 0.739062 0.585417 0.728125 0.393750 0.732813 0.402083 0.714063 0.385417 0.706250 0.379167 0.682813 0.395833 0.667188 0.387500 0.659375 0.172917 0.657812
7 0.656250 0.678125 0.654167 0.679688 0.658333 0.679688 0.660417 0.681250 0.664583 0.681250 0.666667 0.682813 0.668750 0.682813 0.683333 0.693750 0.683333 0.695312 0.685417 0.696875 0.685417 0.704687 0.687500 0.706250 0.687500 0.714063 0.697917 0.712500 0.706250 0.706250 0.706250 0.700000 0.695833 0.692187 0.695833 0.690625 0.691667 0.685938 0.691667 0.676562 0.687500 0.673437 0.668750 0.673437 0.666667 0.675000 0.662500 0.675000 0.658333 0.678125
7 0.718750 0.728125 0.708333 0.735937 0.706250 0.751562 0.695833 0.771875 0.691667 0.798437 0.685417 0.814062 0.685417 0.823438 0.691667 0.823438 0.691667 0.820312 0.697917 0.812500 0.706250 0.793750 0.706250 0.789062 0.727083 0.745313 0.727083 0.740625 0.720833 0.734375
7 0.627083 0.853125 0.597917 0.846875 0.400000 0.859375 0.395833 0.848437 0.412500 0.839063 0.372917 0.807813 0.395833 0.784375 0.145833 0.793750 0.104167 0.912500 0.439583 0.904688 0.460417 0.893750 0.464583 0.871875
7 0.706250 0.989062 0.697917 0.959375 0.097917 0.984375 0.104167 0.990625
8 0.535417 0.135937 0.525000 0.137500 0.510417 0.143750 0.506250 0.143750 0.504167 0.145313 0.493750 0.148438 0.493750 0.156250 0.495833 0.157813 0.495833 0.164062 0.497917 0.165625 0.497917 0.173438 0.500000 0.175000 0.500000 0.181250 0.504167 0.181250 0.506250 0.179688 0.537500 0.168750 0.537500 0.137500
8 0.279167 0.254687 0.289583 0.257812 0.293750 0.260938 0.293750 0.267188 0.295833 0.268750 0.295833 0.273438 0.302083 0.276563 0.306250 0.276563 0.318750 0.281250 0.335417 0.281250 0.337500 0.282813 0.350000 0.282813 0.350000 0.271875 0.337500 0.262500 0.337500 0.260938 0.331250 0.254687 0.318750 0.254687 0.316667 0.256250 0.304167 0.256250 0.295833 0.253125 0.285417 0.253125 0.283333 0.254687
8 0.179167 0.281250 0.179167 0.295312 0.185417 0.296875 0.200000 0.296875 0.202083 0.298438 0.222917 0.300000 0.225000 0.301562 0.279167 0.303125 0.291667 0.293750 0.289583 0.282813 0.279167 0.282813 0.277083 0.281250 0.258333 0.281250 0.256250 0.279687 0.181250 0.279687
8 0.350000 0.310937 0.341667 0.304688 0.339583 0.304688 0.329167 0.298438 0.320833 0.295312 0.316667 0.295312 0.314583 0.293750 0.308333 0.293750 0.304167 0.296875 0.302083 0.296875 0.297917 0.300000 0.295833 0.300000 0.291667 0.303125 0.289583 0.303125 0.285417 0.306250 0.277083 0.309375 0.277083 0.318750 0.297917 0.331250 0.312500 0.331250 0.320833 0.328125 0.327083 0.328125 0.329167 0.326562 0.333333 0.326562 0.341667 0.320312 0.341667 0.318750 0.350000 0.312500
8 0.512500 0.403125 0.512500 0.406250 0.510417 0.407813 0.510417 0.410937 0.508333 0.412500 0.508333 0.415625 0.506250 0.417188 0.506250 0.439063 0.510417 0.439063 0.512500 0.440625 0.527083 0.440625 0.529167 0.442187 0.529167 0.440625 0.531250 0.439063 0.531250 0.437500 0.533333 0.435937 0.537500 0.428125 0.541667 0.425000 0.541667 0.423438 0.543750 0.421875 0.543750 0.414062 0.539583 0.410937 0.539583 0.409375 0.535417 0.406250 0.535417 0.404687 0.533333 0.403125
8 0.570833 0.435937 0.566667 0.435937 0.560417 0.456250 0.554167 0.448438 0.539583 0.446875 0.537500 0.451562 0.539583 0.465625 0.535417 0.473437 0.535417 0.481250 0.539583 0.487500 0.547917 0.489062 0.550000 0.471875 0.545833 0.468750 0.547917 0.467187 0.558333 0.468750 0.556250 0.489062 0.560417 0.503125 0.568750 0.501562 0.579167 0.479688 0.579167 0.470313 0.575000 0.467187 0.558333 0.465625 0.560417 0.456250 0.568750 0.462500 0.575000 0.462500
8 0.387500 0.546875 0.387500 0.545313 0.372917 0.534375 0.372917 0.526563 0.375000 0.525000 0.375000 0.521875 0.364583 0.517187 0.356250 0.517187 0.347917 0.520312 0.341667 0.520312 0.318750 0.529688 0.308333 0.537500 0.308333 0.539062 0.320833 0.539062 0.331250 0.543750 0.339583 0.543750 0.341667 0.545313 0.347917 0.545313 0.350000 0.546875 0.370833 0.546875 0.372917 0.548437 0.375000 0.546875
8 0.154167 0.525000 0.191667 0.537500 0.187500 0.557813 0.202083 0.565625 0.189583 0.570312 0.162500 0.564062 0.200000 0.579687 0.235417 0.581250 0.254167 0.576563 0.275000 0.557813 0.247917 0.559375 0.260417 0.548437 0.264583 0.528125 0.260417 0.539062 0.243750 0.550000 0.239583 0.539062 0.229167 0.543750 0.231250 0.532812 0.218750 0.523438 0.225000 0.531250 0.227083 0.546875 0.222917 0.556250 0.195833 0.532812 0.175000 0.525000
8 0.672917 0.540625 0.670833 0.579687 0.689583 0.584375 0.602083 0.584375 0.597917 0.595312 0.685417 0.600000 0.689583 0.606250 0.670833 0.607813 0.685417 0.621875 0.697917 0.607813 0.718750 0.621875 0.593750 0.628125 0.710417 0.646875 0.725000 0.639063 0.729167 0.646875 0.708333 0.660937 0.625000 0.667188 0.614583 0.659375 0.614583 0.671875 0.708333 0.668750 0.731250 0.676562 0.700000 0.681250 0.702083 0.690625 0.739583 0.698438 0.750000 0.687500 0.752083 0.715625 0.743750 0.703125 0.702083 0.717188 0.743750 0.720312 0.743750 0.734375 0.727083 0.721875 0.741667 0.750000 0.758333 0.743750 0.770833 0.701563 0.695833 0.562500
8 0.385417 0.609375 0.381250 0.603125 0.377083 0.601562 0.360417 0.601562 0.350000 0.595312 0.343750 0.595312 0.331250 0.600000 0.327083 0.610937 0.325000 0.612500 0.318750 0.612500 0.316667 0.614062 0.312500 0.612500 0.295833 0.612500 0.300000 0.612500 0.318750 0.620313 0.325000 0.620313 0.337500 0.629687 0.337500 0.631250 0.345833 0.631250 0.345833 0.628125 0.350000 0.625000 0.372917 0.625000 0.381250 0.618750 0.381250 0.615625
8 0.639583 0.678125 0.643750 0.715625 0.641667 0.717188 0.633333 0.710938 0.631250 0.753125 0.668750 0.809375 0.677083 0.807813 0.687500 0.782812 0.666667 0.748438 0.672917 0.750000 0.691667 0.773438 0.700000 0.753125 0.700000 0.729688 0.683333 0.720312 0.677083 0.710938 0.675000 0.696875 0.664583 0.689062 0.652083 0.685938 0.647917 0.679688
8 0.168750 0.750000 0.168750 0.764063 0.187500 0.781250 0.197917 0.779688 0.270833 0.779688 0.300000 0.767187 0.300000 0.740625 0.277083 0.732813 0.202083 0.732813 0.191667 0.734375
8 0.106250 0.929688 0.110417 0.967188 0.291667 0.954687 0.291667 0.915625 0.283333 0.914062 0.154167 0.912500