1 0.014583 0.150000 0.243750 0.178125 0.187500 0.131250 0.347917 0.145313 0.337500 0.187500 0.256250 0.179688 0.437500 0.196875 0.500000 0.159375 0.681250 0.192188 0.625000 0.112500 0.764583 0.109375 0.770833 0.051562 0.925000 0.071875 0.981250 0.054688 0.985417 0.014062 0.602083 0.012500 0.512500 0.084375 0.239583 0.056250 0.235417 0.010937 0.450000 0.010937 0.014583 0.010937 0.135417 0.012500 0.164583 0.040625 0.014583 0.048437 0.414583 0.084375 0.377083 0.148438 0.014583 0.096875
1 0.127083 0.171875 0.016667 0.165625 0.014583 0.682813 0.135417 0.528125
1 0.135417 0.534375 0.020833 0.687500 0.018750 0.732813 0.331250 0.725000 0.314583 0.681250 0.345833 0.653125 0.287500 0.653125 0.285417 0.664062 0.235417 0.668750 0.131250 0.643750 0.170833 0.575000 0.197917 0.571875 0.202083 0.545313 0.310417 0.546875 0.320833 0.570312 0.370833 0.570312 0.393750 0.556250 0.377083 0.535937
1 0.483333 0.921875 0.454167 0.842188 0.393750 0.823438 0.383333 0.801562 0.352083 0.776563 0.368750 0.734375 0.025000 0.742188 0.016667 0.953125 0.233333 0.942187 0.302083 0.926562 0.335417 0.931250
1 0.506250 0.985937 0.483333 0.928125 0.337500 0.939062 0.341667 0.971875 0.312500 0.982813 0.264583 0.978125 0.250000 0.967188 0.206250 0.968750 0.204167 0.959375 0.235417 0.945312 0.014583 0.960938 0.014583 0.987500 0.083333 0.985937 0.075000 0.973437 0.050000 0.970312 0.064583 0.967188 0.127083 0.981250 0.125000 0.957812 0.139583 0.975000 0.170833 0.978125 0.179167 0.970312 0.181250 0.985937
2 0.793750 0.198437 0.770833 0.201562 0.745833 0.200000 0.731250 0.206250 0.720833 0.204688 0.700000 0.218750 0.756250 0.218750 0.760417 0.221875 0.760417 0.235938 0.693750 0.237500 0.685417 0.298438 0.766667 0.301562
2 0.987500 0.376563 0.779167 0.342187 0.770833 0.320312 0.679167 0.320312 0.747917 0.343750 0.635417 0.346875 0.600000 0.514063 0.622917 0.345313 0.589583 0.350000 0.581250 0.331250 0.564583 0.367188 0.587500 0.401563 0.541667 0.398438 0.531250 0.467187 0.533333 0.406250 0.497917 0.470313 0.587500 0.528125 0.575000 0.540625 0.629167 0.554688 0.585417 0.576563 0.585417 0.646875 0.658333 0.650000 0.693750 0.446875 0.987500 0.554688
2 0.697917 0.454688 0.666667 0.637500 0.679167 0.668750 0.818750 0.654688 0.837500 0.676562 0.793750 0.687500 0.789583 0.717188 0.885417 0.707812 0.900000 0.720312 0.845833 0.746875 0.931250 0.734375 0.954167 0.746875 0.881250 0.776563 0.872917 0.820312 0.981250 0.815625 0.985417 0.562500
2 0.552083 0.853125 0.547917 0.912500 0.539583 0.931250 0.539583 0.948438 0.558333 0.979688 0.587500 0.903125 0.577083 0.893750 0.570833 0.879687
5 0.722917 0.198437 0.497917 0.164062 0.439583 0.178125 0.452083 0.201562 0.406250 0.198437 0.385417 0.428125 0.441667 0.434375 0.443750 0.446875 0.518750 0.450000 0.481250 0.442187 0.475000 0.356250 0.454167 0.329688 0.481250 0.290625 0.493750 0.217187 0.593750 0.234375 0.591667 0.345313 0.743750 0.340625 0.647917 0.329688 0.677083 0.310937 0.772917 0.314063 0.679167 0.304688 0.683333 0.232812 0.752083 0.229687 0.683333 0.226562 0.689583 0.200000
5 0.383333 0.568750 0.408333 0.610937 0.389583 0.621875 0.460417 0.595312 0.464583 0.492188 0.470833 0.585938 0.412500 0.631250 0.422917 0.657812 0.352083 0.651563 0.379167 0.659375 0.354167 0.675000 0.372917 0.704687 0.725000 0.760938 0.756250 0.743750 0.831250 0.751562 0.891667 0.723437 0.725000 0.728125 0.695833 0.690625 0.829167 0.668750 0.643750 0.678125 0.608333 0.668750 0.675000 0.660937 0.564583 0.659375 0.581250 0.654688 0.575000 0.567187 0.622917 0.559375 0.575000 0.550000 0.556250 0.529688 0.579167 0.525000 0.485417 0.523438 0.472917 0.507812 0.564583 0.514063 0.495833 0.489062 0.531250 0.484375 0.445833 0.484375 0.447917 0.550000
5 0.331250 0.675000 0.329167 0.687500 0.343750 0.703125 0.356250 0.710938 0.339583 0.717188 0.350000 0.723437 0.468750 0.732813 0.466667 0.723437 0.370833 0.707812 0.366667 0.695312 0.347917 0.676562 0.347917 0.668750
5 0.379167 0.743750 0.395833 0.762500 0.360417 0.776563 0.414583 0.800000 0.400000 0.810938 0.422917 0.820312 0.695833 0.839063 0.695833 0.881250 0.762500 0.979688 0.850000 0.989062 0.952083 0.971875 0.947917 0.959375 0.979167 0.968750 0.964583 0.959375 0.979167 0.823438 0.845833 0.834375 0.779167 0.779688 0.856250 0.771875 0.852083 0.823438 0.872917 0.775000 0.941667 0.746875 0.731250 0.765625
6 0.508333 0.225000 0.495833 0.229687 0.485417 0.279687 0.485417 0.304688 0.493750 0.307813 0.497917 0.343750 0.483333 0.346875 0.481250 0.400000 0.487500 0.415625 0.493750 0.418750 0.504167 0.392188 0.577083 0.392188 0.554167 0.360938 0.570833 0.353125 0.572917 0.295312 0.581250 0.253125 0.525000 0.248437 0.520833 0.229687
6 0.485417 0.607813 0.485417 0.620313 0.483333 0.621875 0.483333 0.634375 0.481250 0.635938 0.479167 0.660937 0.504167 0.662500 0.506250 0.664062 0.520833 0.664062 0.522917 0.665625 0.535417 0.665625
6 0.475000 0.725000 0.475000 0.742188 0.520833 0.745313 0.522917 0.746875 0.537500 0.746875 0.539583 0.748438 0.554167 0.748438 0.556250 0.750000 0.570833 0.750000 0.572917 0.751562 0.587500 0.751562 0.564583 0.731250 0.550000 0.731250 0.547917 0.729688 0.535417 0.729688 0.533333 0.728125 0.520833 0.728125 0.518750 0.726562 0.504167 0.726562 0.502083 0.725000 0.489583 0.725000 0.487500 0.723437 0.477083 0.723437
6 0.489583 0.831250 0.468750 0.831250 0.468750 0.843750 0.470833 0.845312 0.470833 0.846875 0.472917 0.848437 0.472917 0.850000 0.475000 0.851562 0.475000 0.853125 0.477083 0.854688 0.477083 0.856250 0.479167 0.854688 0.479167 0.851562 0.481250 0.850000 0.481250 0.848437 0.483333 0.846875 0.483333 0.845312 0.485417 0.843750 0.485417 0.842188 0.487500 0.840625 0.487500 0.839063 0.489583 0.837500 0.489583 0.835938 0.491667 0.834375 0.491667 0.832812
6 0.533333 0.835938 0.547917 0.890625 0.543750 0.917188 0.552083 0.851562 0.589583 0.903125 0.558333 0.981250 0.537500 0.939062 0.520833 0.956250 0.506250 0.956250 0.516667 0.989062 0.750000 0.987500 0.645833 0.842188
7 0.012500 0.014062 0.016667 0.032812 0.160417 0.040625 0.162500 0.042188 0.135417 0.014062
7 0.243750 0.057813 0.512500 0.082813 0.600000 0.012500 0.235417 0.012500
7 0.014583 0.050000 0.014583 0.095312 0.043750 0.115625 0.377083 0.146875 0.412500 0.087500
7 0.145833 0.179688 0.145833 0.526563 0.360417 0.529688 0.352083 0.510938 0.397917 0.451562 0.377083 0.432813 0.395833 0.203125
7 0.202083 0.546875 0.200000 0.573438 0.308333 0.573438 0.310417 0.575000 0.320833 0.575000 0.318750 0.573438 0.316667 0.550000 0.310417 0.548437
7 0.141667 0.646875 0.179167 0.645312 0.179167 0.639063 0.185417 0.635938 0.218750 0.634375 0.254167 0.635938 0.279167 0.645312 0.395833 0.643750 0.402083 0.628125 0.395833 0.631250 0.381250 0.623438 0.381250 0.612500 0.389583 0.601562 0.377083 0.582812 0.179167 0.579687
7 0.231250 0.801562 0.227083 0.887500 0.318750 0.881250 0.322917 0.800000
7 0.212500 0.815625 0.093750 0.818750 0.089583 0.825000 0.089583 0.878125 0.212500 0.873438
8 0.825000 0.096875 0.831250 0.139062 0.875000 0.148438 0.925000 0.178125 0.933333 0.178125 0.933333 0.173438 0.902083 0.131250 0.989583 0.160938 0.985417 0.090625 0.962500 0.117188 0.897917 0.100000 0.877083 0.085938 0.841667 0.089062
8 0.639583 0.112500 0.639583 0.135937 0.654167 0.142188 0.650000 0.146875 0.654167 0.154687 0.662500 0.160938 0.689583 0.167187 0.708333 0.189063 0.733333 0.200000 0.741667 0.193750 0.775000 0.193750 0.781250 0.189063 0.814583 0.193750 0.820833 0.179688 0.833333 0.189063 0.837500 0.157813 0.827083 0.143750 0.818750 0.114063 0.814583 0.118750 0.800000 0.121875 0.756250 0.120312 0.743750 0.123438 0.725000 0.115625 0.704167 0.115625 0.675000 0.107813 0.647917 0.107813
8 0.168750 0.135937 0.168750 0.139062 0.214583 0.173438 0.227083 0.168750 0.241667 0.168750 0.245833 0.171875 0.245833 0.178125 0.281250 0.175000 0.277083 0.168750 0.279167 0.164062 0.306250 0.178125 0.316667 0.178125 0.337500 0.185937 0.337500 0.171875 0.350000 0.153125 0.347917 0.146875 0.172917 0.132812
8 0.489583 0.306250 0.475000 0.306250 0.472917 0.307813 0.470833 0.307813 0.462500 0.314063 0.462500 0.315625 0.460417 0.317187 0.460417 0.321875 0.458333 0.323438 0.458333 0.329688 0.460417 0.329688 0.479167 0.343750 0.485417 0.340625 0.489583 0.340625 0.491667 0.339063 0.493750 0.339063 0.493750 0.314063 0.491667 0.312500 0.491667 0.307813
8 0.281250 0.659375 0.277083 0.653125 0.260417 0.640625 0.256250 0.639063 0.252083 0.639063 0.241667 0.645312 0.233333 0.642187 0.195833 0.642187 0.191667 0.643750 0.200000 0.646875 0.206250 0.651563 0.212500 0.660937 0.222917 0.660937 0.225000 0.662500 0.235417 0.662500 0.237500 0.664062 0.250000 0.664062 0.252083 0.665625 0.262500 0.665625 0.264583 0.667188 0.275000 0.660937
8 0.091667 0.692187 0.208333 0.693750 0.210417 0.696875 0.195833 0.710938 0.220833 0.720312 0.268750 0.718750 0.277083 0.709375 0.277083 0.692187 0.260417 0.681250 0.245833 0.679688 0.218750 0.670313 0.104167 0.670313 0.097917 0.671875
8 0.502083 0.826563 0.502083 0.828125 0.495833 0.835938 0.495833 0.839063 0.489583 0.846875 0.489583 0.850000 0.504167 0.850000 0.506250 0.851562 0.506250 0.854688 0.508333 0.856250 0.508333 0.860937 0.510417 0.862500 0.510417 0.865625 0.516667 0.871875 0.516667 0.873438 0.520833 0.876562 0.520833 0.878125 0.520833 0.876562 0.522917 0.875000 0.520833 0.873438 0.520833 0.854688 0.518750 0.853125 0.516667 0.845312 0.514583 0.843750 0.510417 0.835938 0.506250 0.832812 0.506250 0.831250
8 0.527083 0.834375 0.522917 0.834375 0.529167 0.871875 0.527083 0.885938 0.518750 0.881250 0.506250 0.879687 0.506250 0.865625 0.500000 0.854688 0.485417 0.853125 0.483333 0.873438 0.493750 0.882812 0.508333 0.882812 0.504167 0.885938 0.504167 0.901563 0.510417 0.918750 0.493750 0.926562 0.495833 0.942187 0.502083 0.946875 0.522917 0.939062 0.525000 0.943750 0.537500 0.932813 0.537500 0.862500
8 0.335417 0.970312 0.325000 0.950000 0.327083 0.932813 0.316667 0.932813 0.314583 0.931250 0.297917 0.931250 0.272917 0.937500 0.258333 0.939062 0.239583 0.948438 0.239583 0.959375 0.237500 0.960938 0.216667 0.964063 0.252083 0.962500 0.266667 0.973437 0.279167 0.973437 0.295833 0.976562 0.316667 0.971875
8 0.181250 0.990625 0.177083 0.984375 0.179167 0.971875 0.170833 0.979688 0.139583 0.976562 0.135417 0.973437 0.135417 0.965625 0.125000 0.959375 0.127083 0.970312 0.125000 0.981250 0.102083 0.979688 0.089583 0.970312 0.081250 0.968750 0.052083 0.970312 0.075000 0.971875 0.085417 0.979688 0.085417 0.990625