1 0.018750 0.156250 0.014583 0.351562 0.589583 0.407813 0.637500 0.393750 0.650000 0.421875 0.670833 0.417188 0.658333 0.390625 0.525000 0.381250 0.520833 0.318750 0.483333 0.289062 0.468750 0.295312 0.456250 0.260938 0.464583 0.220313 0.520833 0.229687 0.531250 0.221875
1 0.675000 0.664062 0.652083 0.667188 0.650000 0.721875 0.622917 0.731250 0.018750 0.723437 0.014583 0.987500 0.079167 0.987500 0.068750 0.954687 0.152083 0.920313 0.210417 0.951563 0.187500 0.987500 0.529167 0.989062 0.404167 0.970312 0.418750 0.785937 0.400000 0.762500 0.431250 0.745313 0.527083 0.737500 0.668750 0.748438
2 0.987500 0.226562 0.820833 0.310937 0.854167 0.315625 0.870833 0.331250 0.864583 0.339063 0.754167 0.342187 0.672917 0.392188 0.677083 0.421875 0.797917 0.425000 0.812500 0.435937 0.804167 0.462500 0.747917 0.460938 0.756250 0.534375 0.745833 0.625000 0.777083 0.623438 0.783333 0.585938 0.825000 0.573438 0.822917 0.375000 0.985417 0.315625
2 0.683333 0.662500 0.677083 0.748438 0.706250 0.748438 0.706250 0.776563 0.816667 0.768750 0.837500 0.784375 0.822917 0.809375 0.758333 0.814062 0.772917 0.923437 0.762500 0.984375 0.985417 0.987500 0.985417 0.914062 0.858333 0.867188 0.839583 0.696875 0.787500 0.687500 0.779167 0.664062
5 0.589583 0.015625 0.556250 0.098438 0.656250 0.151562 0.633333 0.356250 0.677083 0.346875 0.677083 0.323438 0.693750 0.323438 0.697917 0.292188 0.679167 0.289062 0.689583 0.165625 0.716667 0.192188 0.706250 0.332812 0.864583 0.332812 0.802083 0.312500 0.987500 0.212500 0.987500 0.014062
5 0.808333 0.434375 0.650000 0.431250 0.643750 0.401563 0.614583 0.401563 0.593750 0.431250 0.558333 0.445312 0.631250 0.456250 0.606250 0.542188 0.493750 0.515625 0.510417 0.464063 0.431250 0.467187 0.435417 0.629687 0.412500 0.646875 0.529167 0.650000 0.537500 0.660937 0.627083 0.670313 0.645833 0.656250 0.791667 0.656250 0.781250 0.631250 0.737500 0.625000 0.737500 0.462500 0.795833 0.456250
5 0.410417 0.765625 0.427083 0.781250 0.422917 0.951563 0.408333 0.959375 0.416667 0.970312 0.522917 0.975000 0.543750 0.989062 0.752083 0.987500 0.760417 0.915625 0.747917 0.809375 0.820833 0.803125 0.825000 0.779688 0.714583 0.782812 0.687500 0.776563 0.708333 0.767187 0.708333 0.754687 0.608333 0.754687 0.537500 0.743750 0.533333 0.757812 0.445833 0.756250
6 0.595833 0.181250 0.541667 0.232812 0.566667 0.246875 0.568750 0.264062 0.556250 0.290625 0.529167 0.309375 0.531250 0.378125 0.537500 0.382812 0.679167 0.384375 0.687500 0.376563 0.668750 0.378125 0.675000 0.368750 0.714583 0.348437 0.737500 0.345313 0.702083 0.334375 0.697917 0.326562 0.683333 0.326562 0.681250 0.346875 0.670833 0.354688 0.629167 0.359375 0.627083 0.321875 0.643750 0.276563 0.647917 0.198437 0.629167 0.193750 0.622917 0.181250
6 0.985417 0.367188 0.827083 0.425000 0.827083 0.575000 0.891667 0.560938 0.881250 0.551562 0.875000 0.525000 0.885417 0.476562 0.933333 0.442187 0.985417 0.443750
6 0.985417 0.457812 0.985417 0.570312 0.933333 0.582812 0.918750 0.576563 0.931250 0.703125 0.985417 0.706250
7 0.012500 0.014062 0.016667 0.150000 0.543750 0.220313 0.591667 0.175000 0.643750 0.171875 0.645833 0.151562 0.547917 0.098438 0.547917 0.070312 0.579167 0.015625
7 0.083333 0.190625 0.064583 0.329688 0.314583 0.362500 0.329167 0.359375 0.329167 0.223438
7 0.020833 0.360938 0.022917 0.712500 0.604167 0.712500 0.600000 0.675000 0.414583 0.654688 0.400000 0.635938 0.425000 0.629687 0.416667 0.464063 0.502083 0.451562 0.508333 0.429688 0.554167 0.434375 0.581250 0.418750
8 0.689583 0.054688 0.664583 0.092188 0.627083 0.123438 0.627083 0.128125 0.635417 0.137500 0.691667 0.159375 0.739583 0.187500 0.802083 0.125000 0.797917 0.110937 0.787500 0.098438 0.745833 0.070312 0.716667 0.057813
8 0.468750 0.226562 0.470833 0.256250 0.466667 0.260938 0.466667 0.267188 0.470833 0.273438 0.472917 0.287500 0.483333 0.279687 0.497917 0.289062 0.510417 0.303125 0.525000 0.307813 0.539583 0.301562 0.556250 0.281250 0.558333 0.270312 0.556250 0.265625 0.510417 0.251563 0.506250 0.248437 0.522917 0.240625 0.500000 0.237500 0.485417 0.226562
8 0.516667 0.434375 0.518750 0.470313 0.500000 0.509375 0.500000 0.515625 0.577083 0.529688 0.595833 0.535937 0.606250 0.535937 0.606250 0.517187 0.614583 0.500000 0.616667 0.479688 0.627083 0.457812 0.616667 0.454688 0.600000 0.459375 0.577083 0.459375 0.552083 0.446875
8 0.979167 0.443750 0.933333 0.443750 0.887500 0.476562 0.877083 0.510938 0.883333 0.551562 0.908333 0.571875 0.933333 0.581250 0.983333 0.570312 0.985417 0.445312
8 0.897917 0.568750 0.797917 0.587500 0.789583 0.601562 0.800000 0.654688 0.797917 0.684375 0.922917 0.696875 0.925000 0.678125 0.910417 0.578125
8 0.068750 0.768750 0.070833 0.782812 0.100000 0.782812 0.114583 0.801562 0.172917 0.809375 0.216667 0.795313 0.220833 0.762500 0.202083 0.732813 0.139583 0.732813 0.106250 0.748438 0.100000 0.767187
8 0.018750 0.826563 0.018750 0.923437 0.170833 0.917188 0.210417 0.910937 0.256250 0.890625 0.252083 0.878125 0.218750 0.873438 0.220833 0.857813 0.204167 0.848437 0.172917 0.845312 0.164583 0.825000 0.108333 0.826563 0.085417 0.820312 0.047917 0.820312
8 0.575000 0.842188 0.527083 0.848437 0.516667 0.857813 0.506250 0.873438 0.504167 0.900000 0.508333 0.920313 0.518750 0.928125 0.545833 0.934375 0.562500 0.931250 0.579167 0.931250 0.591667 0.926562 0.604167 0.917188 0.610417 0.895312 0.604167 0.859375
8 0.208333 0.951563 0.183333 0.932813 0.152083 0.921875 0.112500 0.928125 0.070833 0.954687 0.072917 0.982813 0.085417 0.989062 0.183333 0.989062 0.202083 0.979688