1 0.022917 0.018750 0.027083 0.184375 0.072917 0.484375 0.127083 0.451562 0.116667 0.260938 0.337500 0.275000 0.343750 0.262500 0.356250 0.273438 0.458333 0.278125 0.472917 0.225000 0.085417 0.198437 0.083333 0.184375 0.041667 0.173438 0.029167 0.156250 0.041667 0.134375 0.081250 0.117188 0.070833 0.021875
1 0.014583 0.114063 0.018750 0.559375 0.039583 0.517187 0.037500 0.495313 0.058333 0.465625
1 0.279167 0.312500 0.275000 0.318750 0.264583 0.323438 0.258333 0.321875 0.256250 0.315625 0.243750 0.318750 0.231250 0.331250 0.231250 0.343750 0.237500 0.354688 0.239583 0.379687 0.245833 0.389062 0.245833 0.396875 0.258333 0.393750 0.272917 0.393750 0.283333 0.398438 0.295833 0.392188 0.293750 0.390625 0.293750 0.376563 0.285417 0.368750 0.287500 0.331250 0.283333 0.315625
1 0.016667 0.776563 0.079167 0.618750 0.379167 0.607813 0.385417 0.592188 0.364583 0.584375 0.350000 0.564062 0.206250 0.567187 0.262500 0.570312 0.264583 0.600000 0.168750 0.607813 0.172917 0.568750 0.102083 0.571875 0.052083 0.540625 0.037500 0.540625
1 0.566667 0.604688 0.495833 0.618750 0.577083 0.825000 0.589583 0.837500 0.675000 0.815625 0.691667 0.817187 0.577083 0.610937
1 0.552083 0.982813 0.537500 0.912500 0.014583 0.950000 0.016667 0.989062 0.050000 0.990625 0.060417 0.971875 0.304167 0.948438 0.304167 0.985937
2 0.597917 0.025000 0.597917 0.187500 0.910417 0.256250 0.902083 0.281250 0.760417 0.279687 0.747917 0.332812 0.962500 0.351562 0.941667 0.384375 0.850000 0.376563 0.854167 0.409375 0.708333 0.400000 0.735417 0.415625 0.687500 0.429688 0.787500 0.445312 0.691667 0.467187 0.710417 0.492188 0.858333 0.503125 0.706250 0.528125 0.758333 0.554688 0.695833 0.568750 0.879167 0.575000 0.879167 0.600000 0.608333 0.609375 0.731250 0.825000 0.895833 0.818750 0.747917 0.851562 0.814583 0.943750 0.987500 0.987500 0.989583 0.029687
3 0.087500 0.017188 0.100000 0.192188 0.481250 0.220313 0.422917 0.167187 0.435417 0.157813 0.464583 0.159375 0.514583 0.181250 0.589583 0.187500 0.606250 0.031250 0.443750 0.015625
3 0.089583 0.562500 0.093750 0.567187 0.356250 0.559375 0.362500 0.540625 0.389583 0.515625 0.447917 0.521875 0.462500 0.518750 0.462500 0.507812 0.400000 0.506250 0.389583 0.496875 0.389583 0.464063 0.114583 0.460938 0.089583 0.523438
5 0.425000 0.165625 0.447917 0.175000 0.520833 0.237500 0.645833 0.250000 0.662500 0.276563 0.670833 0.332812 0.731250 0.335938 0.750000 0.267188 0.897917 0.271875 0.897917 0.256250 0.887500 0.251563 0.752083 0.248437 0.754167 0.240625 0.837500 0.240625 0.831250 0.228125 0.722917 0.223438 0.708333 0.212500 0.639583 0.209375 0.527083 0.189063 0.441667 0.160938
5 0.672917 0.364062 0.677083 0.382812 0.697917 0.392188 0.712500 0.393750 0.762500 0.387500 0.822917 0.387500 0.845833 0.398438 0.858333 0.398438 0.862500 0.395312 0.852083 0.385938 0.827083 0.381250 0.766667 0.376563 0.733333 0.376563 0.720833 0.365625 0.714583 0.364062
5 0.770833 0.445312 0.762500 0.442187 0.756250 0.442187 0.750000 0.446875 0.745833 0.446875 0.737500 0.450000 0.716667 0.448438 0.714583 0.446875 0.706250 0.446875 0.704167 0.445312 0.681250 0.445312 0.679167 0.446875 0.672917 0.446875 0.683333 0.453125 0.691667 0.453125 0.693750 0.454688 0.710417 0.454688 0.712500 0.456250 0.725000 0.456250 0.727083 0.454688 0.735417 0.454688 0.737500 0.453125 0.745833 0.453125 0.747917 0.451562 0.762500 0.450000
5 0.397917 0.470313 0.397917 0.478125 0.402083 0.484375 0.395833 0.492188 0.395833 0.495313 0.406250 0.503125 0.410417 0.501562 0.431250 0.501562 0.433333 0.500000 0.452083 0.500000 0.454167 0.498437 0.472917 0.498437 0.475000 0.496875 0.500000 0.495313 0.477083 0.460938 0.472917 0.457812 0.464583 0.457812 0.441667 0.453125 0.422917 0.453125 0.406250 0.460938
5 0.637500 0.573438 0.677083 0.578125 0.691667 0.515625 0.697917 0.512500 0.802083 0.509375 0.839583 0.503125 0.833333 0.498437 0.820833 0.498437 0.802083 0.504687 0.687500 0.501562 0.664583 0.481250 0.656250 0.490625 0.650000 0.548437
5 0.491667 0.503125 0.483333 0.510938 0.477083 0.525000 0.454167 0.531250 0.414583 0.521875 0.383333 0.523438 0.368750 0.535937 0.362500 0.546875 0.366667 0.579687 0.377083 0.587500 0.393750 0.590625 0.416667 0.567187 0.416667 0.548437 0.429167 0.539062 0.454167 0.535937 0.512500 0.539062
5 0.391667 0.609375 0.412500 0.618750 0.468750 0.620313 0.564583 0.601562 0.554167 0.592188 0.541667 0.587500 0.527083 0.567187 0.522917 0.553125 0.510417 0.543750 0.450000 0.540625 0.435417 0.543750 0.425000 0.551562 0.425000 0.567187 0.402083 0.589063 0.397917 0.603125
5 0.885417 0.820312 0.810417 0.832812 0.772917 0.825000 0.720833 0.834375 0.666667 0.826563 0.616667 0.837500 0.566667 0.864062 0.558333 0.848437 0.547917 0.860937 0.547917 0.923437 0.568750 0.984375 0.897917 0.989062 0.891667 0.973437 0.808333 0.978125 0.833333 0.968750 0.827083 0.957812 0.747917 0.957812 0.731250 0.848437 0.747917 0.840625 0.850000 0.835938
6 0.483333 0.225000 0.464583 0.354688 0.520833 0.368750 0.508333 0.401563 0.466667 0.401563 0.541667 0.578125 0.591667 0.598437 0.868750 0.592188 0.854167 0.579687 0.631250 0.576563 0.666667 0.367188 0.941667 0.371875 0.954167 0.357812 0.670833 0.334375 0.637500 0.254687 0.535417 0.248437
7 0.175000 0.568750 0.175000 0.573438 0.166667 0.593750 0.166667 0.604688 0.168750 0.606250 0.170833 0.604688 0.191667 0.604688 0.193750 0.603125 0.262500 0.600000 0.262500 0.571875 0.256250 0.570312
7 0.470833 0.625000 0.106250 0.626562 0.018750 0.901563 0.016667 0.943750 0.543750 0.903125 0.543750 0.854688
7 0.297917 0.954687 0.062500 0.976562 0.058333 0.989062 0.302083 0.985937
8 0.345833 0.275000 0.345833 0.295312 0.356250 0.320312 0.341667 0.323438 0.343750 0.345313 0.335417 0.354688 0.345833 0.364062 0.350000 0.382812 0.337500 0.389062 0.337500 0.403125 0.352083 0.426562 0.372917 0.415625 0.391667 0.415625 0.437500 0.395312 0.510417 0.396875 0.516667 0.382812 0.510417 0.360938 0.445833 0.357812 0.441667 0.340625 0.454167 0.332812 0.425000 0.323438 0.412500 0.314063 0.410417 0.317187 0.397917 0.309375 0.377083 0.306250 0.368750 0.290625 0.360417 0.290625
8 0.158333 0.345313 0.152083 0.345313 0.152083 0.365625 0.154167 0.367188 0.154167 0.389062 0.156250 0.392188 0.154167 0.393750 0.145833 0.393750 0.147917 0.421875 0.154167 0.425000 0.156250 0.423438 0.164583 0.423438 0.179167 0.412500 0.189583 0.412500 0.191667 0.414062 0.197917 0.412500 0.200000 0.403125 0.185417 0.392188 0.175000 0.400000 0.168750 0.401563 0.162500 0.400000 0.162500 0.378125 0.164583 0.376563 0.164583 0.356250 0.166667 0.353125
8 0.143750 0.471875 0.143750 0.475000 0.139583 0.479688 0.137500 0.487500 0.133333 0.492188 0.133333 0.495313 0.131250 0.496875 0.129167 0.504687 0.125000 0.509375 0.122917 0.517187 0.158333 0.517187 0.160417 0.518750 0.164583 0.518750 0.164583 0.512500 0.166667 0.510938 0.166667 0.504687 0.168750 0.503125 0.168750 0.495313 0.170833 0.493750 0.170833 0.487500 0.172917 0.485938 0.172917 0.478125 0.168750 0.478125 0.166667 0.476562 0.162500 0.476562 0.160417 0.475000 0.156250 0.475000 0.154167 0.473437
8 0.239583 0.485938 0.222917 0.485938 0.220833 0.487500 0.204167 0.487500 0.197917 0.495313 0.197917 0.498437 0.195833 0.500000 0.195833 0.501562 0.193750 0.503125 0.193750 0.506250 0.187500 0.514063 0.187500 0.517187 0.208333 0.517187 0.210417 0.518750 0.233333 0.518750 0.235417 0.520312 0.237500 0.520312 0.237500 0.489062 0.239583 0.487500
8 0.045833 0.501562 0.045833 0.504687 0.050000 0.507812 0.050000 0.509375 0.054167 0.512500 0.054167 0.514063 0.056250 0.512500 0.062500 0.512500 0.064583 0.510938 0.068750 0.510938 0.070833 0.509375 0.077083 0.509375 0.079167 0.507812 0.093750 0.507812 0.093750 0.501562 0.095833 0.500000 0.095833 0.498437 0.095833 0.500000 0.093750 0.501562 0.079167 0.501562 0.077083 0.500000 0.077083 0.498437 0.068750 0.492188 0.052083 0.492188 0.052083 0.493750
8 0.268750 0.496875 0.268750 0.501562 0.266667 0.503125 0.266667 0.506250 0.264583 0.507812 0.264583 0.512500 0.262500 0.514063 0.262500 0.518750 0.300000 0.518750 0.302083 0.520312 0.306250 0.520312 0.306250 0.496875