1 0.987500 0.010937 0.012500 0.010937 0.014583 0.275000 0.341667 0.298438 0.318750 0.546875 0.016667 0.550000 0.014583 0.987500 0.381250 0.981250 0.343750 0.939062 0.387500 0.846875 0.279167 0.845312 0.391667 0.837500 0.412500 0.793750 0.529167 0.798437 0.433333 0.668750 0.335417 0.654688 0.404167 0.628125 0.416667 0.567187 0.472917 0.560938 0.375000 0.551562 0.387500 0.460938 0.514583 0.442187 0.420833 0.412500 0.435417 0.325000 0.558333 0.304688 0.581250 0.253125 0.537500 0.223438 0.593750 0.220313 0.608333 0.160938 0.985417 0.203125
2 0.977083 0.732813 0.889583 0.801562 0.900000 0.804688 0.902083 0.803125 0.979167 0.798437 0.981250 0.803125
2 0.772917 0.750000 0.722917 0.795313 0.720833 0.800000 0.720833 0.821875 0.804167 0.823438 0.810417 0.825000 0.806250 0.820312
2 0.983333 0.817187 0.927083 0.829687 0.935417 0.848437 0.920833 0.856250 0.872917 0.848437 0.731250 0.864062 0.750000 0.907812 0.658333 0.987500 0.985417 0.989062
3 0.387500 0.984375 0.645833 0.985937 0.739583 0.903125 0.725000 0.867188 0.706250 0.873438 0.566667 0.876562 0.531250 0.806250 0.416667 0.804688 0.429167 0.856250 0.418750 0.876562 0.408333 0.870313 0.397917 0.873438 0.416667 0.906250 0.412500 0.921875 0.422917 0.950000 0.414583 0.968750
5 0.985417 0.473437 0.777083 0.740625 0.814583 0.820312 0.929167 0.828125 0.985417 0.815625 0.985417 0.804688 0.900000 0.814062 0.875000 0.803125 0.981250 0.718750
7 0.014583 0.285937 0.018750 0.550000 0.312500 0.546875 0.333333 0.304688
7 0.587500 0.307813 0.439583 0.328125 0.420833 0.381250 0.422917 0.390625 0.466667 0.390625 0.522917 0.384375 0.531250 0.390625 0.537500 0.390625 0.558333 0.407813 0.579167 0.395312 0.556250 0.370313 0.581250 0.368750
7 0.531250 0.446875 0.393750 0.465625 0.379167 0.548437 0.475000 0.534375 0.510417 0.554688 0.533333 0.470313
7 0.493750 0.564062 0.422917 0.571875 0.418750 0.579687 0.418750 0.585938 0.412500 0.600000 0.406250 0.625000 0.489583 0.615625 0.491667 0.565625
7 0.254167 0.687500 0.095833 0.692187 0.108333 0.748438 0.252083 0.745313
7 0.277083 0.817187 0.087500 0.820312 0.104167 0.892187 0.270833 0.885938
7 0.281250 0.845312 0.281250 0.853125 0.304167 0.851562 0.343750 0.865625 0.345833 0.853125 0.352083 0.848437 0.375000 0.845312 0.389583 0.845312 0.410417 0.868750 0.414583 0.860937 0.412500 0.828125 0.408333 0.825000 0.391667 0.839063 0.381250 0.842188 0.358333 0.845312 0.352083 0.840625 0.352083 0.829687 0.343750 0.823438 0.327083 0.828125 0.312500 0.842188 0.285417 0.842188
7 0.375000 0.879687 0.375000 0.884375 0.377083 0.885938 0.377083 0.890625 0.379167 0.892187 0.379167 0.898438 0.381250 0.900000 0.381250 0.906250 0.383333 0.907812 0.383333 0.912500 0.385417 0.914062 0.404167 0.914062 0.404167 0.912500 0.408333 0.907812 0.406250 0.906250 0.406250 0.903125 0.404167 0.901563 0.404167 0.898438 0.402083 0.896875 0.402083 0.893750 0.400000 0.892187 0.397917 0.887500 0.389583 0.879687
7 0.287500 0.932813 0.077083 0.937500 0.072917 0.942187 0.091667 0.982813 0.283333 0.968750
8 0.612500 0.168750 0.595833 0.220313 0.545833 0.226562 0.585417 0.248437 0.564583 0.307813 0.589583 0.307813 0.583333 0.368750 0.558333 0.370313 0.581250 0.395312 0.418750 0.398438 0.435417 0.418750 0.529167 0.414062 0.522917 0.526563 0.477083 0.564062 0.491667 0.615625 0.343750 0.631250 0.343750 0.653125 0.441667 0.667188 0.464583 0.751562 0.529167 0.781250 0.568750 0.867188 0.912500 0.853125 0.916667 0.835938 0.706250 0.820312 0.987500 0.467187 0.983333 0.209375
8 0.393750 0.923437 0.393750 0.943750 0.395833 0.945312 0.395833 0.960938 0.391667 0.964063 0.391667 0.965625 0.387500 0.970312 0.387500 0.975000 0.389583 0.976562 0.408333 0.962500 0.408333 0.959375 0.406250 0.957812 0.406250 0.929688 0.404167 0.928125 0.397917 0.926562