1 0.012500 0.017188 0.012500 0.085938 0.285417 0.134375 0.295833 0.178125 0.370833 0.190625 0.389583 0.167187 0.462500 0.139062 0.470833 0.204688 0.558333 0.204688 0.620833 0.134375 0.985417 0.160938 0.987500 0.014062
1 0.014583 0.304688 0.020833 0.382812 0.312500 0.412500 0.287500 0.471875 0.016667 0.467187 0.014583 0.610937 0.610417 0.617188 0.610417 0.551562 0.479167 0.542188 0.450000 0.476562 0.408333 0.473437 0.420833 0.368750 0.339583 0.360938 0.343750 0.320312 0.393750 0.337500 0.472917 0.323438 0.483333 0.301562 0.370833 0.225000 0.293750 0.217187 0.279167 0.325000
1 0.616667 0.950000 0.545833 0.909375 0.152083 0.929688 0.175000 0.951563 0.175000 0.987500 0.591667 0.985937
2 0.987500 0.517187 0.864583 0.560938 0.622917 0.556250 0.629167 0.618750 0.681250 0.621875 0.693750 0.854688 0.758333 0.875000 0.985417 0.871875
3 0.627083 0.135937 0.579167 0.195312 0.616667 0.181250 0.620833 0.231250 0.583333 0.271875 0.545833 0.237500 0.525000 0.264062 0.562500 0.268750 0.547917 0.304688 0.500000 0.295312 0.472917 0.329688 0.495833 0.332812 0.491667 0.373437 0.439583 0.371875 0.427083 0.387500 0.433333 0.410937 0.441667 0.393750 0.485417 0.404687 0.475000 0.435937 0.439583 0.425000 0.470833 0.445312 0.462500 0.460938 0.447917 0.454688 0.477083 0.537500 0.868750 0.553125 0.989583 0.510938 0.987500 0.168750
3 0.016667 0.618750 0.014583 0.929688 0.550000 0.906250 0.445833 0.826563 0.454167 0.817187 0.687500 0.870313 0.675000 0.628125
5 0.458333 0.818750 0.458333 0.828125 0.560417 0.915625 0.629167 0.946875 0.731250 0.957812 0.741667 0.939062 0.737500 0.964063 0.764583 0.982813 0.989583 0.989062 0.987500 0.881250 0.860417 0.885938 0.797917 0.876562 0.752083 0.882812
6 0.602083 0.987500 0.616667 0.985937 0.756250 0.985937 0.729167 0.965625 0.683333 0.956250 0.620833 0.954687
7 0.016667 0.098438 0.014583 0.296875 0.275000 0.320312 0.285417 0.139062
7 0.291667 0.189063 0.291667 0.207813 0.370833 0.218750 0.443750 0.276563 0.472917 0.214062 0.545833 0.231250 0.583333 0.270312 0.618750 0.231250 0.614583 0.181250 0.552083 0.209375 0.470833 0.206250 0.468750 0.142188 0.395833 0.165625 0.372917 0.195312
7 0.014583 0.390625 0.016667 0.457812 0.287500 0.470313 0.304167 0.414062
7 0.166667 0.953125 0.137500 0.926562 0.095833 0.929688 0.058333 0.964063 0.058333 0.987500 0.152083 0.987500 0.154167 0.989062 0.164583 0.989062 0.164583 0.956250
8 0.477083 0.260938 0.464583 0.279687 0.462500 0.285937 0.481250 0.290625 0.487500 0.290625 0.495833 0.293750 0.502083 0.293750 0.516667 0.298438 0.522917 0.298438 0.531250 0.301562 0.537500 0.301562 0.545833 0.304688 0.558333 0.285937 0.560417 0.268750 0.547917 0.268750 0.545833 0.267188 0.504167 0.264062 0.502083 0.262500 0.491667 0.262500 0.489583 0.260938
8 0.597917 0.301562 0.579167 0.306250 0.570833 0.312500 0.554167 0.306250 0.543750 0.314063 0.518750 0.312500 0.497917 0.318750 0.497917 0.339063 0.502083 0.348437 0.500000 0.368750 0.510417 0.375000 0.547917 0.378125 0.564583 0.398438 0.577083 0.398438 0.597917 0.389062 0.616667 0.329688 0.616667 0.318750
8 0.345833 0.326562 0.341667 0.360938 0.406250 0.359375 0.429167 0.370313 0.489583 0.373437 0.493750 0.332812 0.441667 0.332812 0.393750 0.342187
8 0.500000 0.376563 0.485417 0.376563 0.489583 0.385938 0.485417 0.443750 0.466667 0.475000 0.466667 0.479688 0.475000 0.490625 0.475000 0.510938 0.479167 0.515625 0.525000 0.471875 0.518750 0.382812
8 0.435417 0.396875 0.435417 0.410937 0.433333 0.412500 0.431250 0.410937 0.425000 0.410937 0.420833 0.417188 0.420833 0.421875 0.433333 0.431250 0.435417 0.425000 0.437500 0.423438 0.443750 0.423438 0.445833 0.425000 0.450000 0.425000 0.464583 0.435937 0.464583 0.437500 0.470833 0.434375 0.475000 0.434375 0.472917 0.432813 0.472917 0.421875 0.477083 0.417188 0.481250 0.417188 0.483333 0.404687 0.475000 0.398438 0.452083 0.400000 0.447917 0.395312
8 0.422917 0.432813 0.414583 0.439063 0.412500 0.468750 0.433333 0.468750 0.450000 0.475000 0.458333 0.467187 0.454167 0.460938 0.450000 0.459375 0.427083 0.460938 0.425000 0.459375 0.435417 0.451562 0.447917 0.451562 0.454167 0.457812 0.460417 0.457812 0.462500 0.459375 0.468750 0.453125 0.468750 0.445312 0.454167 0.435937 0.437500 0.435937 0.435417 0.437500