1 0.525000 0.014062 0.014583 0.014062 0.014583 0.840625 0.018750 0.729688 0.379167 0.726562 0.387500 0.762500 0.383333 0.700000 0.022917 0.700000 0.020833 0.518750 0.420833 0.537500 0.433333 0.326562 0.056250 0.290625 0.045833 0.117188 0.462500 0.159375 0.435417 0.285937 0.439583 0.200000 0.558333 0.150000 0.520833 0.101562 0.468750 0.140625 0.397917 0.114063 0.316667 0.135937 0.318750 0.059375 0.472917 0.101562 0.475000 0.020312
1 0.550000 0.014062 0.552083 0.025000 0.558333 0.025000 0.560417 0.014062 0.633333 0.015625 0.641667 0.020312 0.652083 0.032812 0.660417 0.034375 0.702083 0.029687 0.716667 0.015625
1 0.564583 0.790625 0.479167 0.835938 0.485417 0.890625 0.418750 0.914062 0.016667 0.932813 0.016667 0.989062 0.418750 0.987500 0.410417 0.917188 0.520833 0.879687 0.516667 0.829687 0.556250 0.809375
2 0.804167 0.014062 0.716667 0.020312 0.695833 0.062500 0.652083 0.067188 0.650000 0.109375 0.633333 0.117188 0.633333 0.137500 0.664583 0.156250 0.660417 0.171875 0.639583 0.171875 0.641667 0.198437 0.706250 0.206250 0.710417 0.221875 0.637500 0.225000 0.639583 0.246875 0.672917 0.256250 0.658333 0.265625 0.635417 0.260938 0.637500 0.296875 0.758333 0.309375 0.766667 0.301562 0.787500 0.301562
2 0.812500 0.014062 0.797917 0.304688 0.893750 0.345313 0.908333 0.375000 0.900000 0.412500 0.837500 0.414062 0.895833 0.453125 0.889583 0.526563 0.852083 0.610937 0.987500 0.640625 0.989583 0.014062
2 0.637500 0.345313 0.637500 0.389062 0.743750 0.389062 0.745833 0.390625 0.756250 0.390625 0.756250 0.379687 0.739583 0.375000 0.725000 0.365625 0.672917 0.350000
2 0.787500 0.685938 0.791667 0.703125 0.781250 0.731250 0.754167 0.717188 0.833333 0.840625 0.827083 0.825000 0.829167 0.787500 0.818750 0.728125
5 0.520833 0.153125 0.485417 0.204688 0.447917 0.207813 0.425000 0.570312 0.504167 0.559375 0.395833 0.634375 0.372917 0.748438 0.410417 0.837500 0.581250 0.779688 0.612500 0.675000 0.570833 0.671875 0.683333 0.668750 0.633333 0.637500 0.785417 0.676562 0.831250 0.728125 0.837500 0.832812 0.983333 0.878125 0.985417 0.650000 0.839583 0.615625 0.883333 0.443750 0.762500 0.390625 0.608333 0.395312 0.550000 0.440625 0.518750 0.595312 0.516667 0.392188 0.545833 0.346875 0.520833 0.320312 0.550000 0.282813 0.504167 0.270312 0.547917 0.264062 0.585417 0.196875 0.635417 0.201562 0.627083 0.168750
6 0.560417 0.015625 0.572917 0.087500 0.533333 0.090625 0.529167 0.100000 0.568750 0.157813 0.660417 0.167187 0.652083 0.150000 0.641667 0.145313 0.608333 0.145313 0.606250 0.140625 0.643750 0.054688 0.697917 0.056250 0.710417 0.035937 0.652083 0.035937 0.633333 0.017188
6 0.700000 0.207813 0.591667 0.201562 0.550000 0.235938 0.558333 0.248437 0.556250 0.267188 0.575000 0.279687 0.572917 0.296875 0.564583 0.298438 0.581250 0.300000 0.577083 0.312500 0.564583 0.312500 0.562500 0.303125 0.564583 0.318750 0.572917 0.312500 0.583333 0.326562 0.558333 0.321875 0.547917 0.329688 0.537500 0.443750 0.602083 0.420312 0.616667 0.220313 0.704167 0.221875
6 0.675000 0.678125 0.672917 0.785937 0.691667 0.795313 0.752083 0.984375 0.983333 0.989062 0.979167 0.909375 0.912500 0.909375 0.870833 0.935938 0.741667 0.706250 0.777083 0.717188 0.775000 0.693750 0.725000 0.692187
7 0.320833 0.059375 0.316667 0.134375 0.377083 0.139062 0.387500 0.112500 0.410417 0.114063 0.418750 0.125000 0.429167 0.125000 0.433333 0.129688 0.443750 0.131250 0.452083 0.126563 0.468750 0.139062 0.481250 0.134375 0.477083 0.103125 0.454167 0.104687 0.435417 0.093750 0.389583 0.101562 0.385417 0.062500 0.335417 0.057813
7 0.047917 0.117188 0.056250 0.289062 0.433333 0.320312 0.435417 0.196875 0.475000 0.189063 0.462500 0.160938
7 0.050000 0.334375 0.041667 0.500000 0.418750 0.506250 0.420833 0.357812
7 0.022917 0.698438 0.387500 0.698438 0.393750 0.634375 0.402083 0.634375 0.418750 0.598437 0.460417 0.596875 0.458333 0.578125 0.420833 0.575000 0.416667 0.537500 0.022917 0.518750
7 0.018750 0.731250 0.014583 0.932813 0.418750 0.912500 0.489583 0.887500 0.477083 0.835938 0.408333 0.837500 0.391667 0.765625 0.364583 0.753125 0.379167 0.728125
8 0.547917 0.012500 0.479167 0.020312 0.468750 0.098438 0.566667 0.084375
8 0.518750 0.267188 0.522917 0.267188 0.527083 0.273438 0.547917 0.275000 0.556250 0.278125 0.554167 0.312500 0.560417 0.317187 0.552083 0.318750 0.547917 0.315625 0.533333 0.315625 0.531250 0.321875 0.537500 0.325000 0.564583 0.320312 0.570833 0.326562 0.581250 0.326562 0.579167 0.318750 0.572917 0.314063 0.566667 0.318750 0.562500 0.312500 0.577083 0.310937 0.579167 0.300000 0.562500 0.298438 0.570833 0.296875 0.572917 0.279687 0.562500 0.276563 0.562500 0.268750
8 0.641667 0.301562 0.629167 0.339063 0.708333 0.357812 0.852083 0.415625 0.900000 0.410937 0.902083 0.357812 0.781250 0.306250 0.758333 0.321875
8 0.543750 0.364062 0.539583 0.368750 0.539583 0.373437 0.537500 0.375000 0.527083 0.376563 0.525000 0.379687 0.522917 0.421875 0.529167 0.426562 0.529167 0.431250 0.535417 0.442187 0.537500 0.407813 0.539583 0.406250 0.539583 0.389062 0.541667 0.387500 0.541667 0.368750 0.543750 0.367188
8 0.664583 0.676562 0.625000 0.678125 0.575000 0.810938 0.539583 0.812500 0.518750 0.829687 0.550000 0.948438 0.537500 0.942187 0.491667 0.960938 0.533333 0.926562 0.518750 0.890625 0.416667 0.920313 0.420833 0.987500 0.731250 0.981250 0.745833 0.962500 0.687500 0.798437 0.650000 0.793750 0.666667 0.823438 0.639583 0.789062 0.681250 0.792188 0.664583 0.784375