1 0.429167 0.012500 0.016667 0.010937 0.018750 0.465625 0.075000 0.435937 0.141667 0.465625 0.212500 0.459375 0.220833 0.437500 0.139583 0.431250 0.139583 0.304688 0.350000 0.318750 0.375000 0.279687 0.114583 0.250000 0.066667 0.175000 0.127083 0.145313 0.408333 0.182812 0.397917 0.146875 0.337500 0.115625 0.318750 0.156250 0.237500 0.131250 0.227083 0.078125 0.252083 0.054688 0.300000 0.067188 0.331250 0.043750 0.331250 0.089062 0.420833 0.081250
1 0.016667 0.756250 0.016667 0.987500 0.362500 0.985937 0.370833 0.968750 0.335417 0.979688 0.300000 0.978125 0.279167 0.965625 0.302083 0.823438 0.483333 0.817187 0.466667 0.770312 0.218750 0.776563 0.195833 0.740625 0.168750 0.732813 0.120833 0.751562
2 0.743750 0.015625 0.650000 0.156250 0.881250 0.185937 0.887500 0.214062 0.804167 0.246875 0.918750 0.342187 0.872917 0.373437 0.781250 0.370313 0.737500 0.409375 0.808333 0.432813 0.725000 0.432813 0.793750 0.450000 0.812500 0.518750 0.741667 0.529688 0.825000 0.579687 0.729167 0.571875 0.750000 0.603125 0.635417 0.620313 0.606250 0.668750 0.472917 0.673437 0.493750 0.815625 0.618750 0.845312 0.587500 0.900000 0.645833 0.987500 0.964583 0.989062 0.668750 0.912500 0.985417 0.985937 0.985417 0.014062
3 0.412500 0.171875 0.435417 0.156250 0.466667 0.184375 0.462500 0.109375 0.481250 0.082813 0.508333 0.071875 0.537500 0.098438 0.637500 0.156250 0.735417 0.015625 0.443750 0.012500 0.422917 0.076563 0.443750 0.089062 0.443750 0.135937 0.422917 0.150000 0.406250 0.139062
3 0.231250 0.429688 0.225000 0.500000 0.260417 0.509375 0.247917 0.700000 0.220833 0.731250 0.200000 0.735937 0.214583 0.771875 0.464583 0.764063 0.460417 0.668750 0.352083 0.685938 0.333333 0.675000 0.331250 0.656250 0.366667 0.609375 0.331250 0.631250 0.316667 0.626562 0.325000 0.515625 0.385417 0.515625 0.406250 0.492188 0.454167 0.482812 0.454167 0.442187
5 0.877083 0.185937 0.643750 0.162500 0.483333 0.082813 0.466667 0.315625 0.395833 0.265625 0.462500 0.289062 0.431250 0.160938 0.335417 0.384375 0.443750 0.414062 0.458333 0.375000 0.383333 0.350000 0.475000 0.371875 0.491667 0.334375 0.543750 0.331250 0.575000 0.401563 0.672917 0.406250 0.566667 0.468750 0.566667 0.534375 0.418750 0.573438 0.416667 0.504687 0.327083 0.515625 0.329167 0.620313 0.414583 0.581250 0.356250 0.643750 0.408333 0.656250 0.337500 0.676562 0.593750 0.670313 0.614583 0.653125 0.554167 0.648438 0.618750 0.646875 0.612500 0.598437 0.491667 0.598437 0.677083 0.607813 0.741667 0.590625 0.710417 0.560938 0.804167 0.564062 0.704167 0.542188 0.702083 0.425000 0.791667 0.425000 0.693750 0.406250 0.795833 0.339063 0.908333 0.357812 0.802083 0.246875 0.885417 0.214062
5 0.312500 0.821875 0.291667 0.862500 0.364583 0.871875 0.289583 0.871875 0.293750 0.925000 0.281250 0.965625 0.300000 0.976562 0.337500 0.978125 0.341667 0.964063 0.370833 0.964063 0.410417 0.932813 0.412500 0.898438 0.385417 0.879687 0.416667 0.893750 0.431250 0.984375 0.641667 0.984375 0.643750 0.962500 0.589583 0.942187 0.579167 0.873438 0.612500 0.850000 0.602083 0.837500 0.552083 0.843750 0.489583 0.821875 0.445833 0.831250
6 0.537500 0.339063 0.502083 0.340625 0.427083 0.435937 0.456250 0.442187 0.456250 0.482812 0.416667 0.492188 0.395833 0.510938 0.418750 0.504687 0.418750 0.564062 0.525000 0.532812 0.547917 0.506250 0.547917 0.475000 0.616667 0.409375 0.570833 0.400000
7 0.231250 0.079687 0.231250 0.089062 0.239583 0.098438 0.241667 0.123438 0.268750 0.126563 0.318750 0.151562 0.329167 0.137500 0.335417 0.114063 0.381250 0.132812 0.406250 0.135937 0.422917 0.148438 0.433333 0.134375 0.429167 0.093750 0.418750 0.082813 0.400000 0.096875 0.385417 0.085938 0.356250 0.079687 0.350000 0.090625 0.327083 0.096875 0.331250 0.054688 0.316667 0.056250 0.297917 0.070312 0.252083 0.059375 0.243750 0.082813
7 0.079167 0.176563 0.085417 0.200000 0.116667 0.245312 0.377083 0.270312 0.387500 0.243750 0.391667 0.187500 0.116667 0.146875
7 0.145833 0.307813 0.145833 0.423438 0.425000 0.437500 0.433333 0.418750 0.339583 0.398438 0.329167 0.382812 0.329167 0.365625 0.337500 0.356250 0.333333 0.321875
7 0.258333 0.509375 0.037500 0.509375 0.018750 0.642187 0.020833 0.700000 0.045833 0.704687 0.125000 0.690625 0.243750 0.693750
8 0.016667 0.532812 0.027083 0.529688 0.037500 0.506250 0.045833 0.503125 0.220833 0.500000 0.210417 0.465625 0.160417 0.460938 0.143750 0.470313 0.075000 0.439063 0.020833 0.470313
8 0.220833 0.701563 0.154167 0.692187 0.097917 0.695312 0.037500 0.707812 0.014583 0.698438 0.016667 0.753125 0.120833 0.750000 0.154167 0.729688 0.204167 0.734375
8 0.410417 0.943750 0.377083 0.968750 0.366667 0.985937 0.370833 0.985937 0.372917 0.984375 0.429167 0.984375 0.427083 0.982813 0.427083 0.979688 0.425000 0.978125 0.425000 0.975000 0.422917 0.973437 0.422917 0.970312 0.420833 0.968750 0.420833 0.965625 0.418750 0.964063 0.418750 0.960938 0.416667 0.959375 0.416667 0.956250 0.414583 0.954687 0.414583 0.951563 0.412500 0.950000 0.412500 0.946875