1 0.681250 0.106250 0.014583 0.053125 0.014583 0.662500 0.060417 0.604688 0.097917 0.604688 0.152083 0.684375 0.135417 0.760938 0.087500 0.796875 0.014583 0.721875 0.016667 0.989062 0.141667 0.989062 0.152083 0.934375 0.272917 0.920313 0.254167 0.840625 0.308333 0.829687 0.289583 0.667188 0.193750 0.668750 0.210417 0.646875 0.300000 0.656250 0.306250 0.620313 0.375000 0.612500 0.400000 0.521875 0.285417 0.475000 0.310417 0.351562 0.337500 0.356250 0.360417 0.264062 0.381250 0.284375 0.597917 0.285937
1 0.320833 0.925000 0.316667 0.925000 0.314583 0.923437 0.275000 0.923437 0.275000 0.976562 0.277083 0.978125 0.277083 0.984375 0.279167 0.987500 0.314583 0.960938 0.320833 0.957812
2 0.989583 0.010937 0.677083 0.017188 0.685417 0.059375 0.725000 0.078125 0.622917 0.290625 0.641667 0.310937 0.620833 0.314063 0.627083 0.340625 0.650000 0.360938 0.620833 0.368750 0.610417 0.398438 0.758333 0.396875 0.772917 0.409375 0.929167 0.390625 0.937500 0.407813 0.779167 0.426562 0.791667 0.479688 0.827083 0.482812 0.797917 0.487500 0.806250 0.534375 0.827083 0.542188 0.987500 0.520312
2 0.985417 0.548437 0.854167 0.554688 0.750000 0.600000 0.870833 0.601562 0.877083 0.643750 0.702083 0.651563 0.706250 0.673437 0.802083 0.668750 0.722917 0.706250 0.735417 0.760938 0.937500 0.765625 0.945833 0.784375 0.760417 0.789062 0.741667 0.800000 0.862500 0.800000 0.862500 0.815625 0.697917 0.821875 0.664583 0.840625 0.766667 0.837500 0.768750 0.851562 0.697917 0.859375 0.666667 0.892187 0.550000 0.901563 0.572917 0.985937 0.987500 0.987500
3 0.614583 0.296875 0.377083 0.289062 0.362500 0.276563 0.339583 0.376563 0.362500 0.390625 0.335417 0.396875 0.339583 0.482812 0.316667 0.479688 0.347917 0.512500 0.404167 0.512500 0.395833 0.392188 0.441667 0.382812 0.504167 0.389062 0.516667 0.365625 0.545833 0.364062 0.554167 0.401563 0.597917 0.400000 0.610417 0.364062 0.643750 0.362500 0.643750 0.354688 0.608333 0.351562 0.602083 0.309375 0.629167 0.309375
3 0.337500 0.625000 0.339583 0.648438 0.341667 0.650000 0.341667 0.662500 0.343750 0.664062 0.364583 0.662500 0.372917 0.665625 0.381250 0.671875 0.383333 0.676562 0.387500 0.671875 0.387500 0.668750 0.404167 0.634375 0.404167 0.629687 0.379167 0.629687 0.372917 0.621875 0.368750 0.621875 0.362500 0.625000
3 0.325000 0.629687 0.325000 0.651563 0.322917 0.653125 0.322917 0.667188 0.325000 0.668750 0.337500 0.668750 0.337500 0.662500 0.335417 0.660937 0.335417 0.657812 0.333333 0.656250 0.333333 0.651563 0.331250 0.650000 0.331250 0.646875 0.329167 0.645312 0.329167 0.640625 0.327083 0.639063 0.327083 0.634375 0.325000 0.632812
3 0.383333 0.723437 0.381250 0.721875 0.381250 0.723437 0.379167 0.725000 0.379167 0.729688 0.377083 0.731250 0.377083 0.735937 0.366667 0.743750 0.366667 0.745313 0.364583 0.746875 0.350000 0.746875 0.354167 0.746875 0.356250 0.748438 0.360417 0.748438 0.362500 0.750000 0.364583 0.750000 0.366667 0.748438 0.391667 0.748438 0.391667 0.743750 0.389583 0.742188 0.389583 0.737500 0.387500 0.735937 0.387500 0.729688 0.385417 0.728125
3 0.491667 0.837500 0.487500 0.834375 0.437500 0.876562 0.414583 0.868750 0.404167 0.814062 0.358333 0.820312 0.368750 0.889063 0.429167 0.887500 0.472917 0.862500 0.485417 0.851562
3 0.339583 0.846875 0.339583 0.853125 0.345833 0.854688 0.345833 0.870313 0.339583 0.893750 0.347917 0.904688 0.347917 0.914062 0.341667 0.926562 0.341667 0.942187 0.350000 0.953125 0.350000 0.964063 0.339583 0.971875 0.339583 0.976562 0.343750 0.984375 0.347917 0.984375 0.364583 0.978125 0.352083 0.850000 0.350000 0.846875
3 0.364583 0.895312 0.372917 0.985937 0.566667 0.985937 0.541667 0.893750 0.418750 0.926562 0.400000 0.907812 0.422917 0.892187
5 0.989583 0.540625 0.970833 0.528125 0.837500 0.543750 0.716667 0.592188 0.752083 0.540625 0.804167 0.539062 0.766667 0.426562 0.893750 0.398438 0.931250 0.406250 0.929167 0.393750 0.758333 0.426562 0.402083 0.396875 0.420833 0.514063 0.647917 0.534375 0.677083 0.614062 0.868750 0.614062 0.718750 0.601562 0.847917 0.551562
5 0.402083 0.528125 0.402083 0.535937 0.400000 0.537500 0.400000 0.545313 0.397917 0.546875 0.397917 0.554688 0.395833 0.556250 0.393750 0.573438 0.420833 0.584375 0.422917 0.576563 0.427083 0.571875 0.429167 0.564062 0.433333 0.559375 0.435417 0.551562 0.439583 0.546875 0.443750 0.534375 0.437500 0.534375 0.435417 0.532812 0.429167 0.532812 0.427083 0.531250 0.418750 0.531250 0.416667 0.529688
5 0.385417 0.578125 0.383333 0.579687 0.383333 0.598437 0.381250 0.600000 0.381250 0.618750 0.383333 0.618750 0.385417 0.620313 0.389583 0.620313 0.391667 0.621875 0.393750 0.621875 0.395833 0.623438 0.400000 0.623438 0.402083 0.625000 0.402083 0.621875 0.404167 0.620313 0.404167 0.617188 0.406250 0.615625 0.406250 0.612500 0.408333 0.610937 0.410417 0.603125 0.412500 0.601562 0.412500 0.600000 0.414583 0.598437 0.414583 0.595312 0.416667 0.593750 0.416667 0.589063 0.414583 0.589063 0.391667 0.579687 0.387500 0.579687
5 0.870833 0.618750 0.681250 0.626562 0.631250 0.675000 0.654167 0.775000 0.535417 0.818750 0.581250 0.798437 0.564583 0.757812 0.491667 0.851562 0.408333 0.912500 0.668750 0.887500 0.456250 0.889063 0.479167 0.865625 0.735417 0.853125 0.762500 0.839063 0.641667 0.845312 0.695833 0.818750 0.856250 0.812500 0.718750 0.806250 0.756250 0.785937 0.937500 0.778125 0.731250 0.764063 0.691667 0.645312 0.875000 0.637500
5 0.393750 0.751562 0.320833 0.757812 0.322917 0.798437 0.325000 0.800000 0.325000 0.818750 0.327083 0.820312 0.402083 0.809375 0.400000 0.807813
5 0.685417 0.867188 0.658333 0.868750 0.656250 0.870313 0.643750 0.870313 0.641667 0.871875 0.627083 0.871875 0.625000 0.873438 0.612500 0.873438 0.610417 0.875000 0.595833 0.875000 0.593750 0.876562 0.581250 0.876562 0.685417 0.875000
6 0.516667 0.375000 0.514583 0.376563 0.514583 0.379687 0.512500 0.381250 0.512500 0.385938 0.510417 0.387500 0.510417 0.390625 0.508333 0.392188 0.508333 0.396875 0.512500 0.396875 0.514583 0.398438 0.522917 0.398438 0.525000 0.400000 0.531250 0.400000 0.533333 0.401563 0.541667 0.401563 0.543750 0.403125 0.550000 0.403125 0.552083 0.404687 0.550000 0.403125 0.550000 0.396875 0.547917 0.395312 0.547917 0.387500 0.545833 0.385938 0.545833 0.379687 0.543750 0.378125 0.543750 0.371875 0.535417 0.371875 0.533333 0.373437 0.527083 0.373437 0.525000 0.375000
6 0.579167 0.537500 0.458333 0.526563 0.391667 0.678125 0.420833 0.671875 0.485417 0.543750 0.514583 0.646875 0.414583 0.804688 0.397917 0.737500 0.410417 0.709375 0.391667 0.714063 0.422917 0.870313 0.622917 0.692187 0.622917 0.654688 0.650000 0.646875 0.622917 0.646875 0.608333 0.626562 0.670833 0.621875 0.604167 0.614062
7 0.293750 0.435937 0.293750 0.448438 0.291667 0.450000 0.289583 0.473437 0.302083 0.475000 0.304167 0.476562 0.310417 0.476562 0.312500 0.478125 0.318750 0.478125 0.320833 0.479688 0.327083 0.479688 0.329167 0.481250 0.335417 0.481250 0.337500 0.482812 0.337500 0.443750 0.339583 0.440625 0.337500 0.439063 0.322917 0.439063 0.320833 0.437500
7 0.266667 0.926562 0.156250 0.940625 0.141667 0.951563 0.143750 0.979688 0.152083 0.989062 0.268750 0.982813
8 0.308333 0.390625 0.314583 0.390625 0.316667 0.392188 0.310417 0.396875 0.310417 0.400000 0.312500 0.398438 0.318750 0.398438 0.320833 0.396875 0.327083 0.396875 0.329167 0.395312 0.358333 0.395312 0.358333 0.392188 0.360417 0.390625 0.358333 0.389062 0.358333 0.385938 0.347917 0.385938 0.345833 0.384375 0.316667 0.384375
8 0.060417 0.606250 0.041667 0.621875 0.014583 0.664062 0.014583 0.720312 0.047917 0.771875 0.072917 0.795313 0.087500 0.795313 0.133333 0.760938 0.145833 0.729688 0.150000 0.684375 0.131250 0.635938 0.097917 0.606250
8 0.322917 0.673437 0.322917 0.721875 0.333333 0.735937 0.358333 0.743750 0.372917 0.737500 0.377083 0.717188 0.381250 0.714063 0.410417 0.704687 0.418750 0.704687 0.450000 0.715625 0.458333 0.700000 0.447917 0.675000 0.404167 0.684375 0.381250 0.682813 0.366667 0.670313 0.327083 0.670313
8 0.347917 0.825000 0.343750 0.825000 0.329167 0.829687 0.322917 0.829687 0.320833 0.831250 0.312500 0.831250 0.310417 0.832812 0.304167 0.832812 0.302083 0.834375 0.285417 0.835938 0.283333 0.837500 0.260417 0.837500 0.258333 0.839063 0.258333 0.845312 0.264583 0.845312 0.272917 0.842188 0.345833 0.842188 0.347917 0.843750
8 0.343750 0.854688 0.337500 0.856250 0.333333 0.859375 0.327083 0.860937 0.312500 0.868750 0.266667 0.868750 0.262500 0.870313 0.262500 0.879687 0.268750 0.879687 0.270833 0.878125 0.283333 0.876562 0.285417 0.875000 0.320833 0.873438 0.341667 0.881250 0.341667 0.856250
8 0.266667 0.898438 0.268750 0.898438 0.270833 0.900000 0.275000 0.900000 0.277083 0.901563 0.283333 0.901563 0.289583 0.904688 0.293750 0.904688 0.295833 0.903125 0.333333 0.903125 0.331250 0.901563 0.331250 0.896875 0.329167 0.895312 0.329167 0.892187 0.295833 0.892187 0.293750 0.893750 0.291667 0.893750 0.287500 0.898438
8 0.275000 0.914062 0.277083 0.915625 0.279167 0.915625 0.283333 0.918750 0.285417 0.918750 0.289583 0.921875 0.333333 0.921875 0.333333 0.915625 0.335417 0.914062 0.335417 0.909375 0.302083 0.909375 0.300000 0.910937 0.293750 0.910937 0.289583 0.914062