1 0.037500 0.017188 0.060417 0.107813 0.035417 0.212500 0.435417 0.240625 0.414583 0.159375 0.477083 0.140625 0.468750 0.118750 0.429167 0.143750 0.381250 0.123438 0.345833 0.081250 0.370833 0.068750 0.333333 0.034375 0.335417 0.021875 0.268750 0.014062
1 0.016667 0.317187 0.014583 0.984375 0.639583 0.985937 0.833333 0.906250 0.777083 0.787500 0.327083 0.826563 0.316667 0.751562 0.402083 0.718750 0.327083 0.659375 0.377083 0.651563 0.383333 0.601562 0.322917 0.610937 0.306250 0.557813 0.370833 0.528125 0.343750 0.468750 0.389583 0.412500 0.497917 0.421875 0.468750 0.342187
2 0.981250 0.620313 0.845833 0.725000 0.856250 0.732813 0.856250 0.743750 0.820833 0.750000 0.787500 0.779688 0.837500 0.901563 0.985417 0.853125
2 0.985417 0.920313 0.862500 0.960938 0.877083 0.984375 0.987500 0.990625
3 0.393750 0.418750 0.383333 0.456250 0.397917 0.481250 0.381250 0.525000 0.400000 0.529688 0.397917 0.623438 0.422917 0.646875 0.412500 0.726562 0.427083 0.729688 0.441667 0.778125 0.433333 0.812500 0.756250 0.785937 0.762500 0.768750 0.729167 0.767187 0.664583 0.593750 0.554167 0.604688 0.533333 0.579687 0.497917 0.425000
5 0.425000 0.159375 0.470833 0.325000 0.506250 0.325000 0.475000 0.328125 0.512500 0.442187 0.600000 0.428125 0.554167 0.325000 0.537500 0.320312 0.554167 0.318750 0.512500 0.223438 0.500000 0.218750 0.518750 0.215625 0.481250 0.154687
5 0.600000 0.434375 0.508333 0.446875 0.522917 0.509375 0.556250 0.596875 0.664583 0.582812 0.639583 0.535937
5 0.987500 0.859375 0.683333 0.967188 0.652083 0.987500 0.752083 0.987500 0.987500 0.912500
6 0.495833 0.020312 0.516667 0.046875 0.614583 0.062500 0.606250 0.125000 0.541667 0.118750 0.693750 0.396875 0.527083 0.120312 0.472917 0.118750 0.743750 0.762500 0.785417 0.767187 0.987500 0.607813 0.989583 0.014062
7 0.085417 0.025000 0.072917 0.060938 0.216667 0.082813 0.214583 0.037500
7 0.041667 0.250000 0.054167 0.310937 0.472917 0.332812 0.475000 0.326562 0.445833 0.271875
7 0.420833 0.731250 0.381250 0.732813 0.325000 0.751562 0.333333 0.821875 0.437500 0.795313
8 0.029167 0.014062 0.012500 0.014062 0.016667 0.225000 0.033333 0.195312 0.045833 0.154687 0.047917 0.096875
8 0.352083 0.015625 0.360417 0.026563 0.345833 0.042188 0.356250 0.050000 0.368750 0.043750 0.370833 0.054688 0.385417 0.056250 0.393750 0.064062 0.389583 0.084375 0.364583 0.084375 0.377083 0.087500 0.389583 0.110937 0.422917 0.135937 0.443750 0.128125 0.450000 0.114063 0.483333 0.101562 0.595833 0.126563 0.610417 0.101562 0.612500 0.062500 0.529167 0.059375 0.491667 0.039062 0.470833 0.015625
8 0.354167 0.460938 0.354167 0.470313 0.352083 0.471875 0.352083 0.500000 0.358333 0.504687 0.362500 0.503125 0.387500 0.503125 0.387500 0.496875 0.389583 0.495313 0.389583 0.487500 0.391667 0.485938 0.391667 0.479688 0.393750 0.478125 0.393750 0.468750 0.389583 0.462500 0.387500 0.460938
8 0.397917 0.531250 0.389583 0.525000 0.385417 0.525000 0.383333 0.526563 0.381250 0.526563 0.379167 0.528125 0.375000 0.528125 0.368750 0.531250 0.354167 0.531250 0.354167 0.532812 0.352083 0.534375 0.352083 0.537500 0.345833 0.545313 0.345833 0.548437 0.347917 0.546875 0.366667 0.546875 0.368750 0.545313 0.387500 0.545313 0.389583 0.543750 0.397917 0.543750
8 0.397917 0.551562 0.350000 0.551562 0.335417 0.559375 0.325000 0.553125 0.316667 0.553125 0.329167 0.567187 0.329167 0.578125 0.331250 0.579687 0.329167 0.582812 0.329167 0.601562 0.331250 0.603125 0.358333 0.603125 0.358333 0.600000 0.362500 0.596875 0.375000 0.592188 0.379167 0.592188 0.379167 0.584375 0.381250 0.582812 0.397917 0.582812
8 0.391667 0.626562 0.391667 0.631250 0.389583 0.632812 0.389583 0.659375 0.387500 0.660937 0.370833 0.662500 0.368750 0.664062 0.358333 0.660937 0.339583 0.660937 0.356250 0.681250 0.379167 0.676562 0.389583 0.676562 0.397917 0.693750 0.414583 0.673437 0.414583 0.645312