1 0.972917 0.014062 0.018750 0.012500 0.014583 0.851562 0.191667 0.621875 0.127083 0.110937 0.197917 0.620313 0.502083 0.620313 0.516667 0.520312 0.239583 0.512500 0.214583 0.275000 0.508333 0.271875 0.537500 0.187500 0.475000 0.192188 0.485417 0.118750 0.712500 0.115625
1 0.839583 0.989062 0.777083 0.871875 0.625000 0.873438 0.570833 0.850000 0.564583 0.784375 0.629167 0.779688 0.616667 0.746875 0.212500 0.750000 0.264583 0.671875 0.547917 0.670313 0.508333 0.625000 0.197917 0.631250 0.016667 0.857813 0.014583 0.990625
2 0.985417 0.028125 0.741667 0.123438 0.725000 0.300000 0.850000 0.307813 0.987500 0.343750
2 0.797917 0.870313 0.864583 0.987500 0.979167 0.985937 0.987500 0.870313
3 0.287500 0.148438 0.289583 0.248437 0.291667 0.251563 0.302083 0.243750 0.302083 0.168750 0.304167 0.167187 0.304167 0.160938
3 0.427083 0.146875 0.427083 0.229687 0.429167 0.231250 0.429167 0.239063 0.435417 0.239063 0.435417 0.229687 0.437500 0.228125 0.437500 0.223438 0.435417 0.221875 0.435417 0.168750 0.433333 0.167187 0.433333 0.153125
3 0.312500 0.537500 0.312500 0.545313 0.310417 0.546875 0.310417 0.556250 0.308333 0.557813 0.308333 0.562500 0.312500 0.565625 0.312500 0.575000 0.314583 0.576563 0.314583 0.587500 0.316667 0.589063 0.312500 0.592188 0.314583 0.593750 0.314583 0.600000 0.316667 0.601562 0.316667 0.609375 0.320833 0.603125 0.325000 0.600000 0.322917 0.598437 0.322917 0.581250 0.320833 0.579687 0.318750 0.545313
3 0.439583 0.548437 0.437500 0.548437 0.437500 0.600000 0.437500 0.598437 0.439583 0.596875 0.439583 0.595312 0.441667 0.593750 0.441667 0.592188 0.443750 0.590625 0.443750 0.589063 0.450000 0.581250 0.450000 0.565625 0.445833 0.562500 0.445833 0.560938 0.441667 0.556250 0.441667 0.553125 0.439583 0.551562
5 0.562500 0.314063 0.568750 0.325000 0.575000 0.323438 0.587500 0.339063 0.875000 0.320312 0.745833 0.306250 0.633333 0.314063 0.616667 0.312500 0.629167 0.307813
5 0.604167 0.345313 0.616667 0.365625 0.700000 0.373437 0.708333 0.412500 0.779167 0.467187 0.808333 0.382812 0.789583 0.481250 0.858333 0.523438 0.843750 0.581250 0.650000 0.584375 0.643750 0.701563 0.835417 0.678125 0.829167 0.729688 0.635417 0.745313 0.627083 0.864062 0.972917 0.859375 0.983333 0.718750 0.947917 0.718750 0.981250 0.709375 0.922917 0.707812 0.870833 0.670313 0.929167 0.696875 0.937500 0.659375 0.985417 0.665625 0.989583 0.587500 0.910417 0.528125 0.989583 0.521875 0.889583 0.518750 0.977083 0.506250 0.975000 0.362500
5 0.539583 0.381250 0.539583 0.434375 0.541667 0.435937 0.541667 0.440625 0.545833 0.440625 0.545833 0.396875 0.547917 0.395312 0.547917 0.381250
5 0.639583 0.671875 0.637500 0.670313 0.622917 0.634375 0.577083 0.635938 0.575000 0.637500 0.552083 0.637500 0.550000 0.639063 0.550000 0.667188 0.552083 0.670313 0.629167 0.670313 0.631250 0.671875
5 0.579167 0.784375 0.575000 0.785937 0.575000 0.789062 0.579167 0.795313 0.579167 0.823438 0.585417 0.834375 0.583333 0.835938 0.583333 0.851562 0.618750 0.850000 0.620833 0.825000 0.622917 0.823438 0.625000 0.798437 0.627083 0.796875 0.627083 0.784375
6 0.729167 0.126563 0.629167 0.120312 0.570833 0.135937 0.550000 0.307813 0.547917 0.475000 0.556250 0.465625 0.575000 0.475000 0.600000 0.475000 0.610417 0.371875 0.556250 0.314063 0.714583 0.300000
6 0.616667 0.376563 0.606250 0.481250 0.627083 0.476562 0.635417 0.465625 0.635417 0.445312 0.641667 0.440625 0.679167 0.507812 0.679167 0.526563 0.700000 0.534375 0.710417 0.576563 0.843750 0.578125 0.827083 0.537500 0.843750 0.525000 0.783333 0.485938 0.766667 0.482812 0.639583 0.385938
6 0.764583 0.690625 0.760417 0.690625 0.758333 0.692187 0.750000 0.692187 0.747917 0.693750 0.741667 0.693750 0.731250 0.696875 0.722917 0.696875 0.720833 0.698438 0.714583 0.698438 0.704167 0.701563 0.695833 0.701563 0.693750 0.703125 0.687500 0.703125 0.677083 0.706250 0.660417 0.707812 0.666667 0.707812 0.668750 0.706250 0.756250 0.706250
6 0.666667 0.728125 0.672917 0.735937 0.675000 0.734375 0.702083 0.734375 0.704167 0.732813 0.729167 0.732813 0.731250 0.731250 0.756250 0.731250 0.754167 0.729688 0.754167 0.726562 0.675000 0.726562 0.672917 0.728125
7 0.245833 0.018750 0.291667 0.056250 0.522917 0.060938 0.537500 0.021875
7 0.335417 0.062500 0.347917 0.087500 0.493750 0.085938 0.493750 0.064062 0.495833 0.062500 0.366667 0.062500 0.364583 0.064062
7 0.327083 0.090625 0.347917 0.107813 0.502083 0.112500 0.520833 0.090625 0.420833 0.093750
7 0.237500 0.279687 0.256250 0.507812 0.512500 0.507812 0.537500 0.279687
7 0.500000 0.778125 0.347917 0.784375 0.331250 0.895312 0.508333 0.893750
7 0.539583 0.912500 0.300000 0.921875 0.283333 0.985937 0.531250 0.984375
8 0.500000 0.121875 0.491667 0.132812 0.483333 0.190625 0.495833 0.195312 0.525000 0.187500 0.535417 0.182812 0.543750 0.182812 0.550000 0.185937 0.550000 0.129688 0.552083 0.123438 0.550000 0.121875 0.527083 0.121875 0.525000 0.123438 0.520833 0.121875
8 0.387500 0.148438 0.387500 0.153125 0.395833 0.153125 0.400000 0.156250 0.400000 0.157813 0.402083 0.159375 0.402083 0.160938 0.406250 0.164062 0.406250 0.165625 0.408333 0.167187 0.408333 0.168750 0.410417 0.170312 0.410417 0.171875 0.412500 0.173438 0.412500 0.175000 0.414583 0.176563 0.414583 0.178125 0.414583 0.167187 0.416667 0.165625 0.414583 0.164062 0.414583 0.154687 0.410417 0.151562 0.408333 0.151562 0.402083 0.148438
8 0.222917 0.157813 0.197917 0.165625 0.185417 0.181250 0.187500 0.210938 0.216667 0.232812 0.245833 0.237500 0.254167 0.240625 0.285417 0.220313 0.285417 0.185937 0.260417 0.162500
8 0.372917 0.178125 0.372917 0.192188 0.370833 0.193750 0.370833 0.206250 0.368750 0.207813 0.368750 0.218750 0.379167 0.218750 0.385417 0.214062 0.393750 0.210938 0.400000 0.201562 0.420833 0.201562 0.425000 0.193750 0.418750 0.196875 0.395833 0.196875 0.393750 0.198437 0.387500 0.192188 0.385417 0.185937 0.375000 0.178125
8 0.558333 0.467187 0.552083 0.493750 0.531250 0.520312 0.531250 0.546875 0.518750 0.618750 0.533333 0.615625 0.566667 0.571875 0.591667 0.564062 0.635417 0.565625 0.658333 0.557813 0.656250 0.518750
8 0.247917 0.545313 0.229167 0.557813 0.222917 0.567187 0.220833 0.575000 0.250000 0.610937 0.289583 0.610937 0.314583 0.589063 0.312500 0.587500 0.310417 0.565625 0.285417 0.546875
8 0.404167 0.553125 0.404167 0.562500 0.406250 0.564062 0.406250 0.567187 0.408333 0.568750 0.406250 0.570312 0.402083 0.570312 0.400000 0.571875 0.395833 0.571875 0.393750 0.573438 0.391667 0.573438 0.395833 0.573438 0.397917 0.575000 0.404167 0.575000 0.408333 0.578125 0.408333 0.587500 0.410417 0.589063 0.414583 0.585938 0.416667 0.585938 0.422917 0.581250 0.425000 0.581250 0.429167 0.578125 0.431250 0.578125 0.429167 0.576563 0.429167 0.568750 0.427083 0.567187 0.427083 0.560938 0.425000 0.559375 0.420833 0.559375 0.416667 0.556250 0.414583 0.556250 0.408333 0.553125
8 0.452083 0.651563 0.452083 0.659375 0.454167 0.660937 0.456250 0.660937 0.458333 0.659375 0.502083 0.659375 0.502083 0.651563
8 0.502083 0.692187 0.502083 0.696875 0.504167 0.698438 0.504167 0.701563 0.506250 0.703125 0.510417 0.703125 0.512500 0.704687 0.518750 0.704687 0.520833 0.706250 0.527083 0.706250 0.529167 0.707812 0.535417 0.707812 0.537500 0.709375 0.537500 0.690625 0.539583 0.689062 0.537500 0.689062 0.535417 0.687500 0.508333 0.687500