2 0.014583 0.014062 0.016667 0.731250 0.416667 0.732813 0.412500 0.670313 0.237500 0.632812 0.272917 0.604688 0.412500 0.595312 0.450000 0.570312 0.552083 0.123438 0.733333 0.132812 0.766667 0.065625 0.731250 0.015625 0.454167 0.014062 0.429167 0.203125 0.202083 0.181250 0.172917 0.014062
3 0.416667 0.745313 0.310417 0.746875 0.297917 0.906250 0.302083 0.931250 0.293750 0.943750 0.297917 0.965625 0.310417 0.953125 0.410417 0.950000 0.404167 0.778125
5 0.750000 0.012500 0.825000 0.193750 0.981250 0.217187 0.977083 0.010937
5 0.562500 0.132812 0.525000 0.262500 0.677083 0.279687 0.714583 0.184375 0.572917 0.150000 0.727083 0.157813 0.729167 0.146875
5 0.508333 0.335938 0.512500 0.351562 0.497917 0.409375 0.489583 0.418750 0.491667 0.421875 0.608333 0.429688 0.645833 0.343750
5 0.466667 0.526563 0.510417 0.532812 0.510417 0.521875 0.520833 0.515625 0.531250 0.515625 0.560417 0.507812 0.577083 0.507812 0.583333 0.471875 0.581250 0.470313 0.479167 0.467187
5 0.985417 0.629687 0.937500 0.665625 0.970833 0.790625 0.927083 0.785937 0.904167 0.748438 0.939583 0.739062 0.881250 0.720312 0.791667 0.779688 0.812500 0.882812 0.785417 0.882812 0.787500 0.820312 0.758333 0.807813 0.706250 0.837500 0.704167 0.892187 0.670833 0.895312 0.604167 0.959375 0.658333 0.953125 0.591667 0.957812 0.643750 0.979688 0.550000 0.985937 0.989583 0.984375 0.979167 0.918750 0.833333 0.932813 0.835417 0.945312 0.685417 0.946875 0.970833 0.917188
5 0.441667 0.726562 0.437500 0.770312 0.431250 0.748438 0.414583 0.781250 0.429167 0.984375 0.531250 0.987500 0.547917 0.973437 0.575000 0.973437 0.577083 0.953125 0.541667 0.914062 0.433333 0.909375 0.427083 0.792188 0.525000 0.795313 0.441667 0.787500 0.533333 0.785937 0.527083 0.751562
5 0.435417 0.800000 0.441667 0.906250 0.545833 0.904688 0.533333 0.803125
6 0.779167 0.100000 0.581250 0.504687 0.612500 0.512500 0.616667 0.575000 0.645833 0.525000 0.714583 0.548437 0.747917 0.582812 0.752083 0.635938 0.683333 0.723437 0.641667 0.734375 0.583333 0.789062 0.562500 0.737500 0.531250 0.745313 0.577083 0.940625 0.966667 0.598437 0.987500 0.556250 0.985417 0.332812 0.918750 0.218750 0.814583 0.207813
7 0.175000 0.010937 0.200000 0.178125 0.429167 0.201562 0.454167 0.012500
7 0.183333 0.218750 0.193750 0.350000 0.437500 0.370313 0.460417 0.245312
7 0.016667 0.739062 0.016667 0.987500 0.147917 0.981250 0.164583 0.748438
7 0.195833 0.798437 0.187500 0.892187 0.285417 0.896875 0.302083 0.825000 0.293750 0.801562
7 0.329167 0.821875 0.329167 0.825000 0.327083 0.826563 0.327083 0.831250 0.325000 0.832812 0.325000 0.835938 0.322917 0.837500 0.322917 0.842188 0.327083 0.842188 0.329167 0.843750 0.335417 0.843750 0.337500 0.845312 0.343750 0.845312 0.345833 0.846875 0.345833 0.828125 0.347917 0.826563 0.345833 0.825000 0.341667 0.825000 0.339583 0.823438 0.335417 0.823438 0.333333 0.821875
7 0.310417 0.853125 0.310417 0.862500 0.308333 0.864062 0.308333 0.871875 0.322917 0.871875 0.325000 0.873438 0.341667 0.873438 0.343750 0.875000 0.343750 0.865625 0.345833 0.864062 0.345833 0.854688 0.341667 0.854688 0.339583 0.856250 0.337500 0.854688 0.325000 0.854688 0.322917 0.853125
7 0.314583 0.904688 0.314583 0.917188 0.312500 0.918750 0.312500 0.929688 0.322917 0.929688 0.325000 0.931250 0.337500 0.931250 0.339583 0.932813 0.339583 0.921875 0.341667 0.920313 0.341667 0.907812 0.333333 0.907812 0.331250 0.906250 0.325000 0.906250 0.322917 0.904688
8 0.743750 0.582812 0.700000 0.564062 0.689583 0.531250 0.641667 0.542188 0.614583 0.582812 0.585417 0.539062 0.604167 0.509375 0.520833 0.517187 0.504167 0.556250 0.454167 0.551562 0.443750 0.600000 0.381250 0.612500 0.318750 0.600000 0.243750 0.625000 0.331250 0.651563 0.420833 0.657812 0.427083 0.720312 0.522917 0.748438 0.562500 0.732813 0.583333 0.787500 0.629167 0.729688 0.664583 0.735937 0.743750 0.635938
8 0.716667 0.728125 0.689583 0.739062 0.689583 0.740625 0.685417 0.745313 0.685417 0.760938 0.689583 0.764063 0.700000 0.764063 0.702083 0.765625 0.706250 0.765625 0.708333 0.767187 0.712500 0.767187 0.714583 0.768750 0.718750 0.768750 0.720833 0.770312 0.725000 0.767187 0.731250 0.765625 0.737500 0.760938 0.739583 0.753125 0.737500 0.753125 0.733333 0.750000 0.733333 0.745313 0.731250 0.743750 0.731250 0.740625 0.729167 0.739062 0.727083 0.731250 0.720833 0.728125
8 0.275000 0.745313 0.272917 0.746875 0.272917 0.751562 0.270833 0.753125 0.270833 0.759375 0.268750 0.760938 0.266667 0.759375 0.254167 0.759375 0.250000 0.767187 0.256250 0.767187 0.262500 0.771875 0.266667 0.778125 0.272917 0.782812 0.277083 0.782812 0.279167 0.784375 0.283333 0.784375 0.291667 0.787500 0.291667 0.785937 0.297917 0.781250 0.297917 0.779688 0.306250 0.773438 0.304167 0.771875 0.304167 0.764063 0.302083 0.762500 0.302083 0.756250 0.295833 0.750000 0.283333 0.745313
8 0.300000 0.921875 0.283333 0.915625 0.275000 0.915625 0.272917 0.917188 0.268750 0.917188 0.262500 0.921875 0.262500 0.923437 0.250000 0.931250 0.247917 0.929688 0.241667 0.929688 0.233333 0.926562 0.218750 0.925000 0.214583 0.928125 0.214583 0.939062 0.250000 0.939062 0.272917 0.948438 0.275000 0.946875 0.287500 0.946875 0.295833 0.940625 0.297917 0.940625