1 0.014583 0.014062 0.018750 0.665625 0.104167 0.675000 0.108333 0.709375 0.220833 0.706250 0.254167 0.684375 0.402083 0.707812 0.420833 0.629687 0.495833 0.585938 0.772917 0.603125 0.770833 0.350000 0.518750 0.339063 0.652083 0.179688 0.508333 0.173438 0.508333 0.037500 0.641667 0.048437 0.641667 0.015625
1 0.485417 0.729688 0.425000 0.731250 0.395833 0.720312 0.358333 0.720312 0.333333 0.751562 0.308333 0.754687 0.295833 0.731250 0.114583 0.721875 0.106250 0.739062 0.037500 0.764063 0.031250 0.753125 0.041667 0.725000 0.016667 0.726562 0.016667 0.768750 0.025000 0.773438 0.389583 0.765625 0.395833 0.750000 0.410417 0.742188
1 0.393750 0.775000 0.018750 0.781250 0.018750 0.846875 0.402083 0.828125
2 0.939583 0.014062 0.875000 0.014062 0.875000 0.020312 0.870833 0.028125 0.870833 0.034375 0.868750 0.035937 0.866667 0.050000 0.862500 0.057813 0.862500 0.064062 0.883333 0.067188 0.900000 0.071875
2 0.789583 0.354688 0.785417 0.614062 0.983333 0.635938 0.981250 0.360938
3 0.522917 0.596875 0.527083 0.643750 0.587500 0.667188 0.575000 0.732813 0.552083 0.734375 0.568750 0.762500 0.585417 0.742188 0.604167 0.759375 0.614583 0.843750 0.564583 0.843750 0.604167 0.906250 0.729167 0.889063 0.812500 0.984375 0.985417 0.984375 0.979167 0.642187 0.766667 0.612500
3 0.089583 0.679688 0.085417 0.679688 0.072917 0.689062 0.068750 0.695312 0.064583 0.710938 0.058333 0.725000 0.054167 0.729688 0.041667 0.759375 0.097917 0.732813 0.097917 0.684375
3 0.329167 0.690625 0.327083 0.690625 0.327083 0.695312 0.325000 0.696875 0.325000 0.703125 0.322917 0.704687 0.322917 0.709375 0.320833 0.710938 0.320833 0.717188 0.318750 0.718750 0.318750 0.725000 0.316667 0.726562 0.316667 0.739062 0.314583 0.740625 0.314583 0.745313 0.312500 0.746875 0.312500 0.748438 0.316667 0.745313 0.316667 0.742188 0.322917 0.734375 0.322917 0.731250 0.325000 0.729688 0.325000 0.728125 0.329167 0.723437 0.329167 0.720312 0.335417 0.712500 0.335417 0.693750
5 0.987500 0.010937 0.958333 0.012500 0.902083 0.071875 0.893750 0.187500 0.891667 0.110937 0.858333 0.115625 0.800000 0.171875 0.795833 0.223438 0.612500 0.228125 0.570833 0.292188 0.981250 0.304688
5 0.525000 0.048437 0.529167 0.057813 0.527083 0.159375 0.522917 0.157813 0.522917 0.165625 0.658333 0.171875 0.645833 0.056250
5 0.535417 0.329688 0.985417 0.351562 0.979167 0.328125 0.977083 0.345313 0.600000 0.331250 0.689583 0.312500 0.981250 0.321875 0.975000 0.312500 0.575000 0.300000
6 0.864583 0.020312 0.652083 0.012500 0.664583 0.226562 0.714583 0.220313 0.827083 0.104687 0.841667 0.123438 0.897917 0.082813 0.858333 0.068750
7 0.235417 0.015625 0.237500 0.146875 0.456250 0.167187 0.456250 0.015625
7 0.279167 0.184375 0.277083 0.325000 0.427083 0.328125 0.433333 0.195312
7 0.237500 0.353125 0.241667 0.485938 0.447917 0.484375 0.445833 0.359375
7 0.597917 0.909375 0.550000 0.828125 0.020833 0.848437 0.016667 0.985937 0.527083 0.984375 0.518750 0.943750 0.500000 0.920313
8 0.514583 0.607813 0.433333 0.628125 0.420833 0.709375 0.425000 0.720312 0.522917 0.700000 0.495833 0.710938 0.512500 0.717188 0.512500 0.731250 0.420833 0.746875 0.416667 0.765625 0.566667 0.770312 0.535417 0.731250 0.566667 0.728125 0.583333 0.662500 0.529167 0.656250 0.531250 0.700000 0.522917 0.700000 0.525000 0.646875
8 0.025000 0.676562 0.025000 0.684375 0.022917 0.685938 0.022917 0.695312 0.020833 0.696875 0.020833 0.704687 0.018750 0.706250 0.018750 0.712500 0.022917 0.710938 0.027083 0.710938 0.029167 0.709375 0.033333 0.709375 0.035417 0.707812 0.039583 0.707812 0.041667 0.706250 0.056250 0.706250 0.064583 0.703125 0.064583 0.698438 0.075000 0.684375 0.075000 0.681250 0.062500 0.681250 0.050000 0.676562
8 0.227083 0.712500 0.266667 0.712500 0.268750 0.710938 0.285417 0.710938 0.287500 0.709375 0.306250 0.709375 0.308333 0.710938 0.316667 0.710938 0.318750 0.712500 0.316667 0.710938 0.316667 0.703125 0.314583 0.701563 0.314583 0.695312 0.312500 0.693750 0.245833 0.693750 0.239583 0.690625 0.237500 0.690625 0.235417 0.693750 0.233333 0.701563
8 0.402083 0.768750 0.408333 0.832812 0.591667 0.821875 0.591667 0.779688 0.583333 0.771875 0.575000 0.776563
8 0.720833 0.912500 0.702083 0.892187 0.670833 0.893750 0.668750 0.984375 0.662500 0.904688 0.502083 0.921875 0.525000 0.943750 0.529167 0.985937 0.679167 0.985937 0.697917 0.982813 0.695833 0.967188 0.710417 0.951563
8 0.731250 0.907812 0.729167 0.923437 0.718750 0.937500 0.716667 0.951563 0.702083 0.978125 0.706250 0.985937 0.806250 0.985937