1 0.014583 0.331250 0.393750 0.346875 0.422917 0.284375 0.268750 0.250000 0.247917 0.215625 0.181250 0.243750 0.202083 0.217187 0.170833 0.207813 0.175000 0.173438 0.093750 0.173438 0.095833 0.089062 0.216667 0.103125 0.214583 0.171875 0.260417 0.204688 0.272917 0.050000 0.627083 0.068750 0.633333 0.012500 0.012500 0.014062 0.012500 0.089062 0.060417 0.089062 0.066667 0.162500 0.014583 0.167187
1 0.016667 0.668750 0.239583 0.668750 0.239583 0.642187 0.256250 0.626562 0.400000 0.635938 0.450000 0.621875 0.460417 0.534375 0.208333 0.532812 0.206250 0.642187 0.025000 0.648438 0.018750 0.643750
1 0.333333 0.765625 0.018750 0.781250 0.014583 0.953125 0.187500 0.923437 0.206250 0.987500 0.233333 0.989062 0.231250 0.790625
2 0.745833 0.012500 0.681250 0.210938 0.718750 0.228125 0.791667 0.229687 0.718750 0.250000 0.729167 0.298438 0.781250 0.296875 0.802083 0.314063 0.891667 0.326562 0.885417 0.339063 0.737500 0.345313 0.714583 0.382812 0.785417 0.434375 0.941667 0.410937 0.987500 0.432813 0.989583 0.010937
2 0.733333 0.015625 0.714583 0.015625 0.683333 0.103125 0.631250 0.075000 0.579167 0.075000 0.581250 0.112500 0.568750 0.121875 0.545833 0.117188 0.527083 0.226562 0.535417 0.257812 0.527083 0.267188 0.543750 0.260938 0.568750 0.218750 0.668750 0.212500
2 0.733333 0.400000 0.716667 0.400000 0.714583 0.414062 0.704167 0.428125 0.704167 0.431250 0.693750 0.445312 0.691667 0.451562 0.685417 0.456250 0.702083 0.462500 0.708333 0.462500 0.718750 0.465625 0.727083 0.460938 0.741667 0.456250 0.766667 0.437500 0.772917 0.435937 0.752083 0.425000 0.737500 0.403125
2 0.533333 0.496875 0.483333 0.503125 0.460417 0.618750 0.475000 0.618750 0.485417 0.628125 0.493750 0.617188 0.543750 0.514063 0.543750 0.507812
2 0.981250 0.856250 0.952083 0.856250 0.943750 0.851562 0.877083 0.854688 0.762500 0.881250 0.814583 0.984375 0.985417 0.985937
2 0.804167 0.987500 0.745833 0.884375 0.645833 0.909375 0.658333 0.931250 0.545833 0.951563 0.620833 0.953125 0.620833 0.962500 0.612500 0.968750 0.558333 0.975000 0.562500 0.987500
5 0.464583 0.217187 0.406250 0.346875 0.287500 0.412500 0.300000 0.525000 0.547917 0.489062 0.577083 0.448438 0.497917 0.621875 0.245833 0.635938 0.254167 0.665625 0.264583 0.640625 0.329167 0.645312 0.268750 0.645312 0.268750 0.684375 0.322917 0.710938 0.339583 0.675000 0.375000 0.956250 0.868750 0.848437 0.987500 0.848437 0.987500 0.439063 0.937500 0.415625 0.618750 0.471875 0.629167 0.425000 0.670833 0.464063 0.731250 0.342187 0.885417 0.321875 0.725000 0.301562 0.706250 0.245312 0.779167 0.231250 0.566667 0.226562 0.552083 0.270312 0.514583 0.271875
5 0.337500 0.776563 0.279167 0.789062 0.272917 0.806250 0.275000 0.845312 0.270833 0.845312 0.266667 0.837500 0.252083 0.864062 0.252083 0.887500 0.268750 0.896875 0.302083 0.893750 0.295833 0.885938 0.297917 0.882812 0.308333 0.892187 0.362500 0.895312
5 0.654167 0.929688 0.637500 0.912500 0.525000 0.942187 0.379167 0.968750 0.368750 0.967188 0.350000 0.931250 0.306250 0.945312 0.287500 0.987500 0.537500 0.982813 0.535417 0.967188 0.614583 0.962500 0.614583 0.954687 0.533333 0.957812 0.533333 0.946875
6 0.283333 0.053125 0.277083 0.245312 0.329167 0.251563 0.345833 0.273438 0.431250 0.275000 0.431250 0.267188 0.381250 0.260938 0.385417 0.243750 0.441667 0.243750 0.383333 0.232812 0.400000 0.096875 0.577083 0.106250 0.579167 0.100000 0.443750 0.085938 0.562500 0.092188 0.564583 0.085938
7 0.016667 0.093750 0.012500 0.095312 0.012500 0.160938 0.052083 0.160938 0.058333 0.162500 0.056250 0.157813 0.054167 0.093750
7 0.102083 0.095312 0.104167 0.168750 0.210417 0.173438 0.212500 0.114063 0.210417 0.107813
7 0.185417 0.185937 0.183333 0.210938 0.214583 0.220313 0.189583 0.242188 0.220833 0.223438 0.241667 0.214062 0.254167 0.214062 0.272917 0.221875 0.275000 0.206250 0.260417 0.206250 0.258333 0.207813 0.227083 0.184375 0.191667 0.184375
7 0.016667 0.481250 0.291667 0.490625 0.285417 0.396875 0.364583 0.367188 0.014583 0.357812
7 0.014583 0.543750 0.022917 0.646875 0.200000 0.640625 0.200000 0.545313
7 0.014583 0.718750 0.016667 0.779688 0.333333 0.760938 0.327083 0.717188
7 0.118750 0.856250 0.104167 0.856250 0.095833 0.859375 0.089583 0.859375 0.087500 0.860937 0.083333 0.860937 0.083333 0.875000 0.085417 0.876562 0.085417 0.879687 0.077083 0.892187 0.087500 0.900000 0.091667 0.896875 0.097917 0.895312 0.102083 0.892187 0.110417 0.889063 0.125000 0.889063 0.125000 0.878125 0.116667 0.868750 0.116667 0.862500 0.118750 0.860937
7 0.187500 0.932813 0.022917 0.954687 0.022917 0.984375 0.025000 0.987500 0.200000 0.989062