1 0.029167 0.014062 0.587500 0.073437 0.656250 0.037500 0.404167 0.050000 0.387500 0.015625
1 0.016667 0.310937 0.018750 0.468750 0.320833 0.484375 0.300000 0.443750 0.302083 0.431250 0.327083 0.420312 0.331250 0.398438 0.535417 0.417188 0.537500 0.339063
1 0.339583 0.645312 0.020833 0.650000 0.016667 0.987500 0.327083 0.985937 0.304167 0.657812
2 0.708333 0.301562 0.983333 0.618750 0.981250 0.271875
2 0.572917 0.296875 0.545833 0.406250 0.622917 0.431250 0.547917 0.448438 0.652083 0.473437 0.545833 0.496875 0.531250 0.531250 0.691667 0.537500 0.693750 0.556250 0.622917 0.568750 0.662500 0.571875 0.683333 0.612500 0.739583 0.612500 0.627083 0.659375 0.783333 0.667188 0.781250 0.698438 0.700000 0.710938 0.737500 0.726562 0.708333 0.757812 0.847917 0.776563 0.725000 0.818750 0.718750 0.835938 0.802083 0.864062 0.712500 0.914062 0.922917 0.929688 0.883333 0.965625 0.787500 0.985937 0.981250 0.985937 0.983333 0.637500 0.693750 0.306250 0.602083 0.318750
5 0.387500 0.012500 0.404167 0.048437 0.677083 0.029687 0.700000 0.015625
5 0.983333 0.014062 0.714583 0.015625 0.602083 0.078125 0.460417 0.098438 0.527083 0.250000 0.608333 0.312500 0.979167 0.265625
5 0.335417 0.400000 0.312500 0.473437 0.389583 0.492188 0.345833 0.456250 0.464583 0.484375 0.445833 0.531250 0.345833 0.554688 0.379167 0.640625 0.477083 0.650000 0.483333 0.675000 0.379167 0.682813 0.366667 0.640625 0.320833 0.662500 0.325000 0.709375 0.375000 0.684375 0.322917 0.825000 0.406250 0.845312 0.410417 0.796875 0.447917 0.820312 0.568750 0.810938 0.635417 0.892187 0.791667 0.862500 0.702083 0.851562 0.708333 0.800000 0.829167 0.762500 0.700000 0.771875 0.725000 0.726562 0.679167 0.714063 0.787500 0.679688 0.591667 0.667188 0.731250 0.612500 0.597917 0.565625 0.687500 0.540625 0.520833 0.529688 0.535417 0.490625 0.639583 0.475000 0.541667 0.454688 0.541667 0.428125 0.618750 0.418750
5 0.333333 0.987500 0.766667 0.985937 0.918750 0.939062 0.897917 0.926562 0.720833 0.945312 0.531250 0.942187 0.462500 0.956250 0.422917 0.985937 0.429167 0.960938 0.406250 0.906250 0.339583 0.925000
6 0.397917 0.485938 0.387500 0.501562 0.387500 0.504687 0.385417 0.506250 0.385417 0.512500 0.383333 0.514063 0.383333 0.518750 0.381250 0.520312 0.381250 0.526563 0.395833 0.526563 0.397917 0.525000 0.433333 0.525000 0.431250 0.523438 0.431250 0.520312 0.429167 0.518750 0.429167 0.515625 0.425000 0.509375 0.425000 0.501562 0.422917 0.500000 0.422917 0.493750 0.418750 0.490625 0.406250 0.485938
6 0.381250 0.651563 0.381250 0.676562 0.387500 0.676562 0.389583 0.675000 0.395833 0.675000 0.404167 0.671875 0.420833 0.670313 0.422917 0.668750 0.443750 0.668750 0.452083 0.671875 0.458333 0.671875 0.458333 0.667188 0.456250 0.665625 0.456250 0.660937 0.454167 0.659375 0.454167 0.654688 0.452083 0.653125 0.429167 0.653125 0.427083 0.654688 0.425000 0.653125 0.410417 0.653125 0.408333 0.651563 0.395833 0.651563 0.393750 0.650000 0.383333 0.650000
6 0.414583 0.810938 0.410417 0.857813 0.433333 0.975000 0.468750 0.950000 0.535417 0.939062 0.716667 0.939062 0.691667 0.918750 0.689583 0.900000 0.710417 0.889063 0.616667 0.895312 0.606250 0.903125 0.570833 0.889063 0.550000 0.845312 0.522917 0.821875 0.470833 0.818750 0.433333 0.825000
7 0.012500 0.014062 0.012500 0.060938 0.029167 0.068750 0.462500 0.110937 0.452083 0.098438 0.595833 0.075000
7 0.012500 0.075000 0.016667 0.234375 0.147917 0.253125 0.016667 0.239063 0.014583 0.303125 0.550000 0.326562 0.568750 0.290625 0.539583 0.268750 0.497917 0.265625 0.541667 0.265625 0.481250 0.178125 0.460417 0.117188
7 0.039583 0.326562 0.068750 0.460938 0.254167 0.454688 0.245833 0.334375
7 0.014583 0.481250 0.016667 0.528125 0.081250 0.528125 0.016667 0.532812 0.016667 0.601562 0.352083 0.601562 0.339583 0.565625 0.345833 0.542188 0.289583 0.539062 0.350000 0.539062 0.372917 0.526563 0.379167 0.493750 0.320833 0.485938
7 0.016667 0.607813 0.016667 0.635938 0.370833 0.634375 0.356250 0.607813
7 0.139583 0.685938 0.147917 0.693750 0.147917 0.695312 0.152083 0.700000 0.152083 0.703125 0.143750 0.709375 0.137500 0.709375 0.143750 0.709375 0.145833 0.710938 0.154167 0.710938 0.162500 0.717188 0.164583 0.715625 0.166667 0.715625 0.168750 0.714063 0.172917 0.714063 0.183333 0.709375 0.187500 0.709375 0.187500 0.706250 0.189583 0.704687 0.189583 0.698438 0.187500 0.696875 0.185417 0.692187 0.181250 0.689062 0.168750 0.689062 0.166667 0.687500 0.152083 0.687500 0.150000 0.685938
7 0.272917 0.737500 0.272917 0.751562 0.275000 0.753125 0.275000 0.767187 0.277083 0.768750 0.279167 0.767187 0.308333 0.767187 0.306250 0.765625 0.306250 0.750000 0.304167 0.748438 0.304167 0.735937 0.289583 0.735937 0.287500 0.737500
7 0.256250 0.765625 0.110417 0.770312 0.106250 0.912500 0.260417 0.896875
8 0.320833 0.962500 0.318750 0.960938 0.318750 0.957812 0.316667 0.956250 0.316667 0.953125 0.314583 0.951563 0.314583 0.948438 0.312500 0.946875 0.312500 0.945312 0.306250 0.950000 0.297917 0.950000 0.295833 0.951563 0.260417 0.951563 0.258333 0.953125 0.250000 0.953125 0.247917 0.954687 0.247917 0.957812 0.250000 0.959375 0.277083 0.959375 0.279167 0.957812 0.306250 0.957812 0.308333 0.959375 0.310417 0.959375 0.316667 0.964063 0.318750 0.962500
8 0.320833 0.970312 0.318750 0.968750 0.318750 0.967188 0.314583 0.967188 0.312500 0.968750 0.306250 0.968750 0.304167 0.970312 0.291667 0.970312 0.289583 0.971875 0.254167 0.971875 0.252083 0.973437 0.252083 0.978125 0.285417 0.978125 0.287500 0.976562 0.293750 0.976562 0.295833 0.975000 0.302083 0.975000 0.304167 0.973437 0.308333 0.973437 0.310417 0.975000 0.312500 0.979688 0.318750 0.984375 0.318750 0.978125 0.320833 0.976562