1 0.462500 0.472656 0.900000 0.923438
1 0.401042 0.057813 0.718750 0.090625
1 0.140625 0.815625 0.256250 0.353125
1 0.579167 0.865625 0.154167 0.156250
2 0.981250 0.217188 0.020833 0.112500
2 0.952083 0.619531 0.075000 0.235937
3 0.820833 0.782813 0.341667 0.268750
3 0.680208 0.788281 0.106250 0.270313
3 0.554167 0.857812 0.870833 0.265625
5 0.914583 0.088281 0.154167 0.154688
5 0.841667 0.390625 0.295833 0.234375
6 0.810417 0.069531 0.054167 0.117188
7 0.596875 0.109375 0.185417 0.059375
7 0.640625 0.874219 0.068750 0.076563
8 0.720833 0.057813 0.220833 0.093750
8 0.359375 0.049219 0.164583 0.067187
8 0.828125 0.216406 0.297917 0.151562
8 0.967708 0.448437 0.047917 0.318750
8 0.816667 0.557031 0.262500 0.139063
8 0.460417 0.560937 0.129167 0.090625
8 0.436458 0.831250 0.164583 0.231250
8 0.621875 0.778906 0.060417 0.101562
8 0.615625 0.925781 0.089583 0.032813
8 0.862500 0.926562 0.250000 0.021875