1 0.270833 0.364063 0.508333 0.700000
1 0.811458 0.164844 0.360417 0.198437
1 0.764583 0.385156 0.325000 0.114062
1 0.259375 0.740625 0.489583 0.059375
3 0.768750 0.475781 0.445833 0.832812
7 0.629167 0.069531 0.729167 0.110937
7 0.137500 0.371875 0.245833 0.662500
7 0.805208 0.325781 0.372917 0.292187
7 0.443750 0.368750 0.045833 0.059375
7 0.503125 0.711719 0.977083 0.560937
8 0.543750 0.196875 0.150000 0.303125
8 0.508333 0.356250 0.104167 0.034375
8 0.503125 0.392969 0.102083 0.035937
8 0.486458 0.425000 0.122917 0.031250
8 0.512500 0.471094 0.033333 0.042188
8 0.577083 0.549219 0.041667 0.145313
8 0.447917 0.535937 0.141667 0.059375
8 0.422917 0.516406 0.095833 0.007812
8 0.471875 0.664844 0.106250 0.048438
8 0.503125 0.751563 0.068750 0.093750