1 0.500000 0.300000 0.966667 0.565625
3 0.779167 0.538281 0.425000 0.617188
3 0.900000 0.389062 0.183333 0.243750
3 0.583333 0.508594 0.075000 0.039062
3 0.661458 0.655469 0.068750 0.132812
3 0.883333 0.715625 0.212500 0.209375
7 0.942708 0.190625 0.089583 0.106250
7 0.138542 0.363281 0.252083 0.373437
7 0.702083 0.553125 0.275000 0.362500
7 0.212500 0.787500 0.391667 0.406250
7 0.673958 0.771875 0.143750 0.100000
7 0.444792 0.832812 0.022917 0.103125
7 0.732292 0.886719 0.510417 0.204687
7 0.396875 0.932813 0.052083 0.112500
7 0.456250 0.939063 0.025000 0.093750
7 0.498958 0.942187 0.022917 0.087500
8 0.803125 0.082812 0.372917 0.137500
8 0.759375 0.175000 0.285417 0.078125
8 0.427083 0.367188 0.175000 0.112500
8 0.385417 0.516406 0.162500 0.076563
8 0.521875 0.655469 0.293750 0.257812
8 0.428125 0.885938 0.039583 0.206250
8 0.470833 0.884375 0.045833 0.206250