1 0.417708 0.087500 0.802083 0.146875
1 0.534375 0.700781 0.160417 0.576562
1 0.818750 0.657031 0.245833 0.114062
3 0.709375 0.684375 0.322917 0.609375
3 0.900000 0.839063 0.183333 0.300000
3 0.638542 0.965625 0.039583 0.040625
7 0.871875 0.092188 0.231250 0.156250
7 0.503125 0.407031 0.977083 0.470313
7 0.248958 0.690625 0.468750 0.600000
7 0.866667 0.675781 0.079167 0.032813
7 0.737500 0.872656 0.129167 0.232813
7 0.653125 0.931250 0.081250 0.115625
8 0.138542 0.075000 0.247917 0.128125
8 0.548958 0.417187 0.127083 0.031250
8 0.601042 0.510156 0.039583 0.014063
8 0.563542 0.542188 0.147917 0.031250
8 0.603125 0.639844 0.131250 0.129688
8 0.951042 0.642969 0.072917 0.085938