1 0.451042 0.141406 0.877083 0.260937
1 0.654167 0.814844 0.658333 0.348438
7 0.917708 0.146094 0.143750 0.264062
7 0.502083 0.569531 0.970833 0.635938
7 0.954167 0.470313 0.066667 0.268750
7 0.185417 0.800000 0.341667 0.343750
7 0.261458 0.978125 0.110417 0.028125
8 0.495833 0.689063 0.045833 0.056250
8 0.572917 0.796875 0.141667 0.046875
8 0.028125 0.788281 0.022917 0.020313
8 0.030208 0.823438 0.027083 0.034375
8 0.526042 0.852344 0.039583 0.073438
8 0.487500 0.842969 0.041667 0.020313
8 0.592708 0.850781 0.135417 0.039062
8 0.034375 0.875000 0.039583 0.040625