1 0.278125 0.214062 0.527083 0.406250
1 0.107292 0.589844 0.185417 0.254688
1 0.020833 0.733594 0.012500 0.051562
1 0.483333 0.774219 0.933333 0.117188
1 0.852083 0.775000 0.191667 0.015625
1 0.385417 0.839844 0.733333 0.114062
1 0.352083 0.904687 0.625000 0.106250
1 0.034375 0.921875 0.039583 0.134375
2 0.971875 0.739844 0.035417 0.192188
3 0.516667 0.554688 0.920833 0.456250
5 0.961458 0.028125 0.056250 0.028125
5 0.667708 0.207813 0.256250 0.384375
5 0.961458 0.499219 0.060417 0.085938
5 0.823958 0.882031 0.335417 0.214062
7 0.250000 0.164062 0.412500 0.306250
7 0.037500 0.431250 0.045833 0.059375
7 0.164583 0.707031 0.095833 0.079687
7 0.447917 0.835938 0.116667 0.043750
7 0.317708 0.846094 0.127083 0.048438
7 0.608333 0.951562 0.145833 0.075000
7 0.289583 0.957812 0.512500 0.065625
8 0.861458 0.187500 0.260417 0.346875
8 0.853125 0.407031 0.277083 0.248438
8 0.425000 0.453125 0.129167 0.075000
8 0.744792 0.581250 0.131250 0.134375
8 0.910417 0.580469 0.162500 0.123438
8 0.097917 0.556250 0.041667 0.056250
8 0.434375 0.593750 0.122917 0.125000
8 0.605208 0.605469 0.122917 0.120313
8 0.277083 0.615625 0.129167 0.093750
8 0.879167 0.691406 0.129167 0.082812