1 0.358333 0.102344 0.604167 0.176563
1 0.368750 0.243750 0.691667 0.112500
1 0.479167 0.270313 0.479167 0.028125
1 0.619792 0.353906 0.556250 0.132812
1 0.206250 0.367188 0.379167 0.131250
1 0.283333 0.464062 0.537500 0.075000
1 0.535417 0.518750 0.116667 0.037500
1 0.115625 0.700781 0.189583 0.392188
1 0.545833 0.567969 0.112500 0.014063
1 0.557292 0.670312 0.143750 0.140625
1 0.666667 0.828906 0.645833 0.098437
2 0.830208 0.201563 0.318750 0.375000
2 0.945833 0.440625 0.087500 0.056250
3 0.340625 0.330469 0.027083 0.060937
3 0.791667 0.561719 0.395833 0.348438
3 0.501042 0.917188 0.972917 0.150000
5 0.873958 0.475000 0.231250 0.153125
5 0.911458 0.580469 0.156250 0.157812
5 0.917708 0.705469 0.085417 0.051562
7 0.413542 0.087500 0.522917 0.140625
7 0.302083 0.221094 0.162500 0.029687
7 0.310417 0.625781 0.366667 0.260937
7 0.551042 0.760938 0.877083 0.259375
8 0.777083 0.051562 0.241667 0.078125
8 0.692708 0.189844 0.043750 0.032813
8 0.688542 0.221094 0.056250 0.026562
8 0.205208 0.301563 0.085417 0.071875
8 0.296875 0.330469 0.072917 0.082812
8 0.406250 0.364063 0.075000 0.100000
8 0.585417 0.444531 0.045833 0.023438
8 0.564583 0.471094 0.079167 0.014063
8 0.575000 0.489844 0.070833 0.020313
8 0.517708 0.489844 0.039583 0.014063
8 0.582292 0.623437 0.202083 0.228125
8 0.554167 0.588281 0.129167 0.020313
8 0.772917 0.621875 0.108333 0.084375
8 0.458333 0.589844 0.050000 0.007812
8 0.630208 0.637500 0.072917 0.056250
8 0.772917 0.702344 0.087500 0.029687