1 0.501042 0.415625 0.972917 0.481250
1 0.884375 0.583594 0.085417 0.042188
1 0.339583 0.679688 0.645833 0.078125
1 0.345833 0.785937 0.658333 0.156250
1 0.348958 0.917969 0.664583 0.145313
2 0.750000 0.817969 0.100000 0.267188
2 0.707292 0.870313 0.064583 0.225000
3 0.502083 0.088281 0.975000 0.154688
5 0.852083 0.654687 0.275000 0.253125
5 0.675000 0.695312 0.041667 0.112500
5 0.904167 0.900000 0.162500 0.162500
6 0.884375 0.626563 0.043750 0.037500
6 0.783333 0.800781 0.220833 0.376563
7 0.533333 0.391406 0.812500 0.373437
7 0.344792 0.788281 0.093750 0.054688
7 0.370833 0.935156 0.166667 0.107813
8 0.837500 0.069531 0.204167 0.117188
8 0.896875 0.383594 0.189583 0.245312