1 0.369792 0.146875 0.702083 0.259375
1 0.482292 0.632031 0.935417 0.707812
3 0.721875 0.935937 0.168750 0.068750
6 0.930208 0.094531 0.110417 0.154688
6 0.840625 0.346094 0.297917 0.282813
8 0.893750 0.057813 0.145833 0.087500
8 0.768750 0.232031 0.275000 0.323437
8 0.944792 0.189844 0.093750 0.045312
8 0.629167 0.394531 0.104167 0.198437
8 0.579167 0.394531 0.029167 0.160938
8 0.946875 0.618750 0.081250 0.078125
8 0.789583 0.835156 0.400000 0.307812
8 0.575000 0.782031 0.054167 0.026562
8 0.563542 0.805469 0.085417 0.023438
8 0.570833 0.875000 0.120833 0.106250