1 0.118750 0.070312 0.208333 0.118750
1 0.213542 0.896094 0.393750 0.185938
2 0.862500 0.519531 0.254167 0.245312
4 0.709375 0.778125 0.302083 0.200000
4 0.811458 0.928906 0.360417 0.123438
7 0.377083 0.464844 0.725000 0.692187
8 0.908333 0.074219 0.162500 0.126562
8 0.587500 0.149219 0.800000 0.273438
8 0.732292 0.278906 0.156250 0.210938
8 0.561458 0.317969 0.181250 0.198437
8 0.933333 0.321875 0.108333 0.206250
8 0.844792 0.364063 0.089583 0.143750
8 0.709375 0.443750 0.164583 0.121875
8 0.944792 0.507812 0.089583 0.150000
8 0.751042 0.592187 0.235417 0.128125
8 0.539583 0.793750 0.283333 0.328125
8 0.904167 0.710156 0.166667 0.135937
8 0.701042 0.883594 0.485417 0.207813