1 0.315625 0.043750 0.606250 0.065625
1 0.309375 0.150781 0.593750 0.151562
1 0.479167 0.671875 0.929167 0.634375
3 0.721875 0.410938 0.097917 0.128125
5 0.777083 0.139063 0.425000 0.250000
6 0.566667 0.282813 0.845833 0.446875
6 0.802083 0.804688 0.375000 0.368750
7 0.693750 0.207813 0.041667 0.240625
8 0.617708 0.107813 0.031250 0.096875
8 0.816667 0.185156 0.150000 0.201563
8 0.108333 0.130469 0.050000 0.017188
8 0.256250 0.134375 0.091667 0.025000
8 0.517708 0.198437 0.235417 0.150000
8 0.106250 0.185156 0.066667 0.032813
8 0.268750 0.232813 0.075000 0.018750
8 0.080208 0.271094 0.131250 0.092188
8 0.601042 0.283594 0.043750 0.023438
8 0.264583 0.294531 0.083333 0.029687
8 0.086458 0.402344 0.135417 0.164062
8 0.583333 0.336719 0.066667 0.017188
8 0.468750 0.345313 0.075000 0.015625
8 0.882292 0.407813 0.214583 0.106250
8 0.460417 0.368750 0.079167 0.015625
8 0.485417 0.427344 0.054167 0.017188
8 0.479167 0.446875 0.058333 0.015625
8 0.590625 0.467187 0.064583 0.018750
8 0.473958 0.475781 0.068750 0.020313
8 0.490625 0.770312 0.335417 0.309375
8 0.637500 0.685937 0.029167 0.059375
8 0.631250 0.900000 0.091667 0.178125
8 0.571875 0.943750 0.039583 0.059375