1 0.501042 0.328906 0.977083 0.629687
1 0.141667 0.662500 0.125000 0.037500
1 0.222917 0.762500 0.400000 0.103125
1 0.498958 0.817187 0.972917 0.143750
1 0.398958 0.917188 0.764583 0.150000
3 0.666667 0.498437 0.645833 0.531250
3 0.835417 0.677344 0.308333 0.145313
7 0.116667 0.717969 0.200000 0.176563
8 0.222917 0.438281 0.254167 0.057813
8 0.263542 0.482031 0.152083 0.057813
8 0.161458 0.488281 0.039583 0.054688
8 0.238542 0.546094 0.197917 0.073438
8 0.835417 0.587500 0.158333 0.146875
8 0.727083 0.563281 0.166667 0.089063
8 0.944792 0.607812 0.089583 0.175000
8 0.562500 0.649219 0.300000 0.248438
8 0.138542 0.568750 0.072917 0.065625
8 0.288542 0.671094 0.210417 0.192188
8 0.872917 0.685937 0.145833 0.065625
8 0.758333 0.895312 0.195833 0.187500