1 0.416667 0.501563 0.804167 0.975000
2 0.912500 0.163281 0.154167 0.239063
3 0.786458 0.094531 0.318750 0.167187
4 0.751042 0.517969 0.472917 0.517188
7 0.177083 0.567187 0.320833 0.218750
7 0.310417 0.564844 0.041667 0.039062
8 0.605208 0.084375 0.102083 0.143750
8 0.905208 0.080469 0.164583 0.132812
8 0.444792 0.089844 0.235417 0.148438
8 0.893750 0.184375 0.120833 0.018750
8 0.572917 0.357031 0.191667 0.135937
8 0.697917 0.431250 0.070833 0.078125
8 0.621875 0.557031 0.072917 0.176563
8 0.700000 0.587500 0.075000 0.137500
8 0.761458 0.845313 0.456250 0.293750