1 0.393750 0.500781 0.762500 0.979688
1 0.127083 0.174219 0.112500 0.326562
1 0.515625 0.168750 0.639583 0.312500
1 0.454167 0.342969 0.670833 0.045312
3 0.738542 0.414844 0.064583 0.079687
4 0.861458 0.500781 0.264583 0.979688
4 0.741667 0.798438 0.333333 0.381250
7 0.387500 0.148438 0.500000 0.275000
7 0.401042 0.426563 0.189583 0.103125
7 0.704167 0.498437 0.041667 0.015625
7 0.653125 0.535156 0.164583 0.054688
8 0.967708 0.145313 0.043750 0.268750
8 0.750000 0.175781 0.162500 0.223438
8 0.688542 0.468750 0.110417 0.040625
8 0.939583 0.597656 0.104167 0.220312
8 0.830208 0.760938 0.310417 0.453125