1 0.246875 0.049219 0.468750 0.076563
1 0.483333 0.535937 0.941667 0.906250
3 0.843750 0.721094 0.291667 0.239063
4 0.743750 0.304688 0.491667 0.581250
4 0.514583 0.419531 0.333333 0.370312
7 0.158333 0.046875 0.208333 0.065625
7 0.472917 0.121875 0.045833 0.018750
7 0.415625 0.157031 0.152083 0.057813
8 0.436458 0.077344 0.052083 0.051562
8 0.489583 0.092188 0.050000 0.034375
8 0.473958 0.178125 0.056250 0.034375
8 0.546875 0.339062 0.139583 0.290625
8 0.584375 0.485156 0.085417 0.089063
8 0.708333 0.708594 0.120833 0.217188
8 0.127083 0.823438 0.216667 0.053125
8 0.107292 0.948438 0.185417 0.084375