2 0.952083 0.067969 0.079167 0.107813
2 0.930208 0.409375 0.118750 0.475000
2 0.929167 0.742969 0.120833 0.129688
3 0.420833 0.500000 0.816667 0.978125
6 0.836458 0.114062 0.306250 0.200000
6 0.818750 0.798438 0.341667 0.384375
8 0.654167 0.069531 0.041667 0.104688
8 0.716667 0.065625 0.050000 0.062500
8 0.216667 0.117969 0.066667 0.020313
8 0.081250 0.189062 0.045833 0.087500
8 0.414583 0.205469 0.062500 0.039062
8 0.639583 0.247656 0.095833 0.023438
8 0.451042 0.331250 0.093750 0.015625
8 0.092708 0.485156 0.085417 0.070312
8 0.253125 0.458594 0.072917 0.017188
8 0.090625 0.559375 0.089583 0.062500
8 0.665625 0.565625 0.097917 0.021875
8 0.564583 0.564844 0.087500 0.017188
8 0.109375 0.659375 0.068750 0.043750
8 0.641667 0.724219 0.029167 0.054688
8 0.119792 0.742969 0.068750 0.035937
8 0.364583 0.752344 0.079167 0.026562
8 0.657292 0.774219 0.056250 0.035937
8 0.668750 0.907813 0.100000 0.162500
8 0.756250 0.876563 0.070833 0.087500
8 0.607292 0.867188 0.035417 0.053125
8 0.134375 0.914062 0.081250 0.037500
8 0.569792 0.938281 0.060417 0.089063
8 0.482292 0.945312 0.131250 0.084375
8 0.707292 0.957031 0.039583 0.054688