1 0.240625 0.200000 0.456250 0.150000
1 0.294792 0.880469 0.439583 0.120313
2 0.960417 0.104688 0.058333 0.187500
6 0.897917 0.500781 0.187500 0.979688
6 0.615625 0.904687 0.014583 0.096875
7 0.154167 0.383594 0.129167 0.292187
7 0.329167 0.529687 0.091667 0.581250
7 0.419792 0.961719 0.039583 0.026562
8 0.615625 0.500781 0.464583 0.976562
8 0.145833 0.048438 0.145833 0.050000
8 0.439583 0.049219 0.116667 0.042188
8 0.145833 0.121094 0.137500 0.070312
8 0.293750 0.122656 0.129167 0.070312
8 0.422917 0.290625 0.050000 0.031250
8 0.501042 0.506250 0.043750 0.062500
8 0.495833 0.575000 0.058333 0.068750
8 0.423958 0.564844 0.035417 0.035937
8 0.429167 0.642188 0.041667 0.031250
8 0.589583 0.964063 0.295833 0.050000