1 0.170833 0.171094 0.120833 0.067187
1 0.044792 0.255469 0.056250 0.157812
1 0.178125 0.259375 0.118750 0.131250
1 0.366667 0.302344 0.429167 0.057813
1 0.353125 0.370312 0.677083 0.103125
1 0.160417 0.828125 0.291667 0.309375
2 0.758333 0.389844 0.458333 0.532813
3 0.503125 0.075000 0.964583 0.121875
3 0.531250 0.192969 0.337500 0.114062
7 0.089583 0.235937 0.100000 0.193750
7 0.258333 0.239844 0.037500 0.117188
7 0.143750 0.546094 0.091667 0.251563
7 0.286458 0.439063 0.031250 0.028125
7 0.234375 0.485156 0.035417 0.032813
7 0.267708 0.655469 0.035417 0.035937
8 0.098958 0.046094 0.172917 0.064062
8 0.326042 0.044531 0.231250 0.064062
8 0.745833 0.035156 0.220833 0.042188
8 0.171875 0.194531 0.110417 0.026562
8 0.502083 0.397656 0.104167 0.042188
8 0.612500 0.478125 0.504167 0.156250
8 0.211458 0.530469 0.060417 0.057813
8 0.718750 0.578906 0.320833 0.135937
8 0.073958 0.664844 0.118750 0.120313
8 0.798958 0.707812 0.164583 0.159375
8 0.701042 0.716406 0.139583 0.154688
8 0.941667 0.696094 0.095833 0.110937
8 0.890625 0.713281 0.177083 0.135937
8 0.396875 0.732812 0.081250 0.165625
8 0.606250 0.731250 0.112500 0.150000
8 0.263542 0.756250 0.118750 0.131250
8 0.841667 0.867969 0.108333 0.104688
8 0.928125 0.905469 0.127083 0.167187
8 0.620833 0.878125 0.191667 0.100000
8 0.620833 0.961719 0.125000 0.051562