1 0.134375 0.066406 0.239583 0.104688
1 0.351042 0.227344 0.668750 0.214062
1 0.175000 0.489063 0.320833 0.309375
1 0.301042 0.591406 0.085417 0.095312
1 0.145833 0.698438 0.262500 0.115625
1 0.188542 0.825000 0.343750 0.128125
1 0.238542 0.929688 0.447917 0.109375
2 0.662500 0.573438 0.395833 0.515625
3 0.384375 0.346875 0.552083 0.028125
3 0.380208 0.554688 0.064583 0.078125
3 0.435417 0.611719 0.225000 0.032813
3 0.398958 0.710156 0.206250 0.145313
7 0.038542 0.052344 0.043750 0.082812
7 0.111458 0.069531 0.089583 0.095312
7 0.101042 0.379688 0.043750 0.043750
7 0.207292 0.426563 0.239583 0.025000
7 0.113542 0.493750 0.027083 0.100000
7 0.236458 0.538281 0.197917 0.139063
7 0.297917 0.578125 0.116667 0.121875
7 0.065625 0.578906 0.089583 0.092188
7 0.208333 0.832031 0.058333 0.073438
7 0.076042 0.962500 0.106250 0.056250
8 0.717708 0.080469 0.547917 0.132812
8 0.705208 0.238281 0.568750 0.195312
8 0.452083 0.439844 0.087500 0.048438
8 0.455208 0.507031 0.093750 0.039062
8 0.463542 0.553906 0.102083 0.048438
8 0.706250 0.864844 0.562500 0.235937
8 0.805208 0.907813 0.368750 0.156250