1 0.150000 0.246094 0.270833 0.454688
1 0.103125 0.619531 0.168750 0.160938
1 0.421875 0.636719 0.227083 0.160938
1 0.745833 0.650781 0.170833 0.139063
1 0.385417 0.900781 0.191667 0.110937
2 0.888542 0.202344 0.193750 0.376563
3 0.369792 0.260937 0.135417 0.140625
3 0.502083 0.754687 0.975000 0.471875
3 0.073958 0.769531 0.118750 0.014063
3 0.752083 0.788281 0.054167 0.014063
3 0.084375 0.831250 0.131250 0.012500
3 0.761458 0.842187 0.106250 0.012500
7 0.480208 0.421094 0.131250 0.135937
7 0.613542 0.434375 0.135417 0.128125
7 0.751042 0.442969 0.118750 0.132812
8 0.621875 0.187500 0.418750 0.353125
8 0.217708 0.639844 0.127083 0.142187
8 0.607292 0.648438 0.172917 0.153125
8 0.896875 0.666406 0.185417 0.135937
8 0.191667 0.767969 0.100000 0.070312
8 0.602083 0.864062 0.187500 0.243750
8 0.852083 0.869531 0.275000 0.232813
8 0.185417 0.878906 0.100000 0.098437