1 0.488542 0.137500 0.293750 0.243750
1 0.923958 0.166406 0.135417 0.223438
1 0.141667 0.295312 0.254167 0.075000
1 0.502083 0.305469 0.379167 0.085938
1 0.910417 0.327344 0.158333 0.060937
1 0.155208 0.408594 0.281250 0.107813
1 0.459375 0.417969 0.231250 0.104688
1 0.805208 0.428906 0.197917 0.098437
1 0.121875 0.509375 0.193750 0.050000
1 0.814583 0.523438 0.087500 0.053125
1 0.096875 0.555469 0.056250 0.042188
1 0.165625 0.557031 0.043750 0.045312
1 0.086458 0.683594 0.139583 0.189062
1 0.447917 0.893750 0.866667 0.196875
2 0.812500 0.680469 0.179167 0.101562
2 0.851042 0.744531 0.272917 0.054688
2 0.884375 0.886719 0.214583 0.207813
2 0.675000 0.821094 0.141667 0.026562
7 0.068750 0.552344 0.045833 0.039062
7 0.134375 0.556250 0.027083 0.043750
7 0.152083 0.685156 0.045833 0.189062
7 0.207292 0.685937 0.039583 0.187500
8 0.504167 0.201563 0.979167 0.381250
8 0.503125 0.582031 0.977083 0.429688