1 0.065625 0.367969 0.106250 0.314063
1 0.279167 0.425781 0.312500 0.232813
1 0.186458 0.607812 0.118750 0.118750
1 0.263542 0.593750 0.018750 0.090625
2 0.776042 0.488281 0.410417 0.382812
3 0.501042 0.500781 0.977083 0.979688
5 0.742708 0.424219 0.185417 0.104688
7 0.077083 0.385937 0.108333 0.271875
7 0.468750 0.502344 0.062500 0.039062
7 0.185417 0.559375 0.337500 0.100000
7 0.081250 0.646094 0.091667 0.173437
8 0.169792 0.278125 0.306250 0.228125
8 0.202083 0.415625 0.145833 0.065625
8 0.418750 0.442969 0.070833 0.070312
8 0.155208 0.685156 0.110417 0.064062
8 0.046875 0.750781 0.056250 0.039062