1 0.290625 0.521094 0.464583 0.101562
1 0.892708 0.619531 0.068750 0.132812
1 0.395833 0.660937 0.762500 0.209375
1 0.901042 0.710938 0.052083 0.018750
1 0.904167 0.750781 0.054167 0.023438
2 0.772917 0.450781 0.433333 0.464062
2 0.839583 0.445312 0.070833 0.075000
2 0.961458 0.710938 0.052083 0.015625
2 0.910417 0.867188 0.162500 0.246875
3 0.501042 0.192969 0.977083 0.364063
3 0.512500 0.404687 0.266667 0.065625
3 0.550000 0.878125 0.608333 0.221875
5 0.830208 0.663281 0.318750 0.567187
5 0.596875 0.426563 0.047917 0.031250
7 0.235417 0.388281 0.045833 0.107813
7 0.183333 0.439844 0.337500 0.045312
7 0.238542 0.480469 0.039583 0.048438
7 0.132292 0.901563 0.160417 0.178125
8 0.564583 0.060937 0.029167 0.087500
8 0.322917 0.041406 0.075000 0.045312
8 0.848958 0.040625 0.060417 0.043750
8 0.345833 0.089844 0.062500 0.039062
8 0.801042 0.111719 0.043750 0.032813
8 0.643750 0.121875 0.045833 0.028125
8 0.108333 0.242188 0.183333 0.112500
8 0.115625 0.380469 0.193750 0.054688
8 0.634375 0.529687 0.077083 0.056250
8 0.132292 0.869531 0.235417 0.242188
8 0.090625 0.814063 0.147917 0.125000
8 0.231250 0.883594 0.220833 0.214062