1 0.137500 0.317969 0.250000 0.607812
1 0.402083 0.056250 0.295833 0.087500
1 0.158333 0.471094 0.279167 0.754687
1 0.252083 0.473438 0.304167 0.756250
1 0.034375 0.613281 0.035417 0.026562
1 0.317708 0.759375 0.072917 0.187500
1 0.444792 0.922656 0.856250 0.135937
2 0.848958 0.771875 0.281250 0.365625
3 0.714583 0.114844 0.337500 0.204687
3 0.850000 0.215625 0.225000 0.403125
3 0.521875 0.478125 0.368750 0.756250
3 0.806250 0.500781 0.337500 0.295312
5 0.661458 0.645312 0.131250 0.109375
7 0.150000 0.055469 0.020833 0.035937
7 0.854167 0.460156 0.275000 0.076563
7 0.838542 0.532813 0.306250 0.071875
8 0.957292 0.066406 0.060417 0.098437
8 0.219792 0.180469 0.139583 0.232813
8 0.936458 0.169531 0.110417 0.104688
8 0.909375 0.253906 0.156250 0.092188
8 0.658333 0.282031 0.208333 0.142187
8 0.778125 0.264844 0.081250 0.085938
8 0.870833 0.353906 0.204167 0.132812
8 0.962500 0.367188 0.058333 0.078125
8 0.625000 0.493750 0.075000 0.212500
8 0.336458 0.642188 0.047917 0.043750
8 0.729167 0.785937 0.204167 0.059375
8 0.732292 0.922656 0.389583 0.092188