1 0.312500 0.469531 0.600000 0.910937
1 0.331250 0.039844 0.083333 0.051562
1 0.197917 0.676562 0.341667 0.628125
1 0.343750 0.450781 0.054167 0.042188
1 0.216667 0.880469 0.137500 0.220312
1 0.888542 0.971875 0.202083 0.037500
2 0.913542 0.100781 0.056250 0.120313
2 0.882292 0.186719 0.031250 0.029687
3 0.558333 0.049219 0.129167 0.067187
3 0.776042 0.273438 0.247917 0.512500
3 0.515625 0.208594 0.143750 0.139063
3 0.543750 0.678125 0.512500 0.615625
6 0.862500 0.702344 0.250000 0.498437
7 0.428125 0.044531 0.114583 0.057813
7 0.259375 0.110937 0.035417 0.037500
7 0.322917 0.155469 0.050000 0.051562
7 0.385417 0.207031 0.125000 0.139063
7 0.150000 0.238281 0.041667 0.048438
7 0.165625 0.674219 0.297917 0.626563
7 0.332292 0.527344 0.210417 0.326562
7 0.827083 0.484375 0.066667 0.071875
7 0.165625 0.882812 0.114583 0.215625
7 0.218750 0.946094 0.037500 0.085938
8 0.877083 0.028906 0.229167 0.029687
8 0.829167 0.121094 0.116667 0.145313
8 0.917708 0.284375 0.147917 0.471875
8 0.446875 0.201563 0.052083 0.140625
8 0.823958 0.232031 0.122917 0.085938
8 0.560417 0.360938 0.104167 0.075000
8 0.633333 0.441406 0.145833 0.182812
8 0.890625 0.464844 0.110417 0.164062
8 0.315625 0.703125 0.210417 0.575000
8 0.723958 0.617969 0.302083 0.226562
8 0.902083 0.764844 0.175000 0.257812
8 0.688542 0.805469 0.227083 0.198437