1 0.381250 0.108594 0.737500 0.192188
1 0.119792 0.599219 0.214583 0.782813
2 0.925000 0.489063 0.129167 0.631250
3 0.672917 0.046094 0.637500 0.070312
3 0.627083 0.575000 0.729167 0.828125
8 0.768750 0.123438 0.050000 0.087500
8 0.832292 0.107031 0.056250 0.048438
8 0.915625 0.110156 0.052083 0.051562
8 0.952083 0.114062 0.062500 0.053125
8 0.810417 0.150000 0.045833 0.037500
8 0.883333 0.157031 0.058333 0.035937
8 0.411458 0.197656 0.031250 0.029687
8 0.409375 0.275781 0.031250 0.026562
8 0.410417 0.391406 0.033333 0.032813
8 0.678125 0.392188 0.031250 0.034375
8 0.611458 0.400000 0.031250 0.031250
8 0.410417 0.455469 0.033333 0.032813
8 0.408333 0.509375 0.029167 0.025000