1 0.345833 0.342969 0.662500 0.657813
1 0.233333 0.772656 0.420833 0.048438
1 0.279167 0.893750 0.533333 0.190625
1 0.473958 0.864844 0.135417 0.045312
2 0.792708 0.635156 0.389583 0.698438
3 0.679167 0.331250 0.191667 0.631250
3 0.777083 0.915625 0.370833 0.143750
7 0.210417 0.516406 0.391667 0.401562
7 0.385417 0.789062 0.116667 0.018750
7 0.289583 0.792969 0.058333 0.017188
7 0.223958 0.796094 0.052083 0.014063
7 0.159375 0.802344 0.064583 0.017188
7 0.062500 0.807031 0.091667 0.020313
8 0.507292 0.145313 0.206250 0.131250
8 0.534375 0.336719 0.077083 0.076563
8 0.479167 0.353125 0.041667 0.046875
8 0.721875 0.422656 0.064583 0.026562
8 0.809375 0.427344 0.072917 0.032813
8 0.710417 0.463281 0.079167 0.060937
8 0.795833 0.452344 0.066667 0.017188
8 0.769792 0.487500 0.047917 0.034375
8 0.215625 0.702344 0.402083 0.129688