1 0.260417 0.360938 0.487500 0.190625
1 0.226042 0.606250 0.422917 0.431250
1 0.319792 0.591406 0.047917 0.092188
2 0.944792 0.214844 0.093750 0.170313
2 0.850000 0.273438 0.033333 0.046875
2 0.862500 0.343750 0.245833 0.062500
2 0.788542 0.586719 0.397917 0.404687
2 0.529167 0.603125 0.079167 0.053125
3 0.478125 0.646875 0.114583 0.037500
3 0.456250 0.696875 0.262500 0.062500
3 0.500000 0.837500 0.966667 0.306250
5 0.755208 0.035156 0.056250 0.045312
5 0.812500 0.042969 0.262500 0.054688
5 0.814583 0.185156 0.354167 0.248438
5 0.579167 0.143750 0.045833 0.093750
5 0.897917 0.242969 0.120833 0.010937
5 0.705208 0.318750 0.043750 0.059375
5 0.754167 0.419531 0.466667 0.248438
5 0.916667 0.305469 0.145833 0.004687
5 0.837500 0.416406 0.037500 0.010937
5 0.588542 0.497656 0.122917 0.142187
5 0.641667 0.617188 0.195833 0.112500
6 0.636458 0.058594 0.077083 0.092188
6 0.716667 0.035156 0.045833 0.020313
6 0.820833 0.035937 0.091667 0.018750
6 0.652083 0.236719 0.079167 0.273438
6 0.898958 0.189062 0.085417 0.100000
6 0.758333 0.233594 0.025000 0.020313
6 0.716667 0.233594 0.037500 0.014063
6 0.934375 0.259375 0.039583 0.021875
6 0.881250 0.274219 0.025000 0.048438
6 0.550000 0.301563 0.033333 0.096875
6 0.558333 0.435937 0.033333 0.084375
7 0.130208 0.137500 0.235417 0.246875
7 0.212500 0.417969 0.275000 0.089063
7 0.062500 0.489844 0.066667 0.029687
7 0.133333 0.519531 0.066667 0.032813
7 0.189583 0.539062 0.037500 0.025000
7 0.286458 0.692969 0.089583 0.092188
7 0.178125 0.742969 0.060417 0.042188
7 0.088542 0.775781 0.060417 0.051562
8 0.358333 0.146094 0.475000 0.264062
8 0.480208 0.420312 0.068750 0.034375
8 0.101042 0.548438 0.172917 0.062500
8 0.327083 0.792188 0.075000 0.040625
8 0.929167 0.957031 0.125000 0.067187
8 0.778125 0.958594 0.164583 0.057813
8 0.598958 0.960156 0.197917 0.054688