1 0.476042 0.031250 0.427083 0.031250
1 0.319792 0.194531 0.077083 0.229687
1 0.468750 0.198437 0.050000 0.200000
1 0.300000 0.446094 0.058333 0.164062
1 0.251042 0.776563 0.068750 0.240625
1 0.314583 0.763281 0.045833 0.214062
1 0.822917 0.910937 0.245833 0.153125
1 0.361458 0.942187 0.306250 0.096875
2 0.965625 0.936719 0.043750 0.101562
3 0.918750 0.193750 0.145833 0.359375
3 0.309375 0.336719 0.593750 0.610938
3 0.962500 0.446094 0.058333 0.107813
3 0.779167 0.808594 0.308333 0.360938
3 0.907292 0.690625 0.164583 0.100000
6 0.854167 0.980469 0.270833 0.023438
7 0.131250 0.025781 0.229167 0.023438
7 0.125000 0.182031 0.220833 0.248438
7 0.119792 0.471094 0.206250 0.282813
7 0.478125 0.490625 0.222917 0.234375
7 0.293750 0.545312 0.041667 0.028125
7 0.116667 0.814844 0.200000 0.348438
7 0.452083 0.737500 0.233333 0.131250
8 0.814583 0.160938 0.320833 0.293750
8 0.385417 0.088281 0.066667 0.035937
8 0.600000 0.247656 0.225000 0.317188
8 0.384375 0.125781 0.064583 0.045312
8 0.384375 0.226562 0.064583 0.162500
8 0.768750 0.312500 0.129167 0.212500
8 0.798958 0.327344 0.022917 0.051562
8 0.901042 0.353906 0.177083 0.098437
8 0.879167 0.427344 0.162500 0.089063
8 0.773958 0.546875 0.435417 0.268750
8 0.761458 0.443750 0.089583 0.056250
8 0.505208 0.646875 0.268750 0.028125
8 0.545833 0.747656 0.233333 0.098437
8 0.959375 0.817187 0.060417 0.162500
8 0.626042 0.925000 0.047917 0.121875
8 0.529167 0.941406 0.050000 0.095312