1 0.417708 0.136719 0.322917 0.242188
1 0.442708 0.456250 0.356250 0.271875
1 0.414583 0.842187 0.416667 0.296875
3 0.827083 0.392188 0.333333 0.762500
3 0.678125 0.335156 0.056250 0.185938
7 0.115625 0.135156 0.202083 0.248438
7 0.447917 0.047656 0.100000 0.057813
7 0.114583 0.478125 0.191667 0.371875
7 0.113542 0.851562 0.193750 0.275000
8 0.670833 0.134375 0.366667 0.246875
8 0.565625 0.081250 0.089583 0.021875
8 0.593750 0.307812 0.129167 0.031250
8 0.592708 0.373437 0.177083 0.100000
8 0.716667 0.452344 0.083333 0.067187
8 0.410417 0.555469 0.266667 0.173437
8 0.704167 0.607812 0.041667 0.056250
8 0.600000 0.694531 0.200000 0.117188
8 0.411458 0.884375 0.097917 0.134375