1 0.430208 0.275000 0.193750 0.184375
1 0.438542 0.775781 0.247917 0.139063
2 0.917708 0.073438 0.147917 0.125000
6 0.817708 0.555469 0.343750 0.870313
7 0.142708 0.048438 0.235417 0.068750
7 0.168750 0.260156 0.270833 0.232813
7 0.523958 0.213281 0.047917 0.048438
7 0.479167 0.281250 0.150000 0.068750
7 0.151042 0.534375 0.272917 0.268750
7 0.143750 0.842969 0.258333 0.295312
8 0.407292 0.058594 0.081250 0.042188
8 0.492708 0.058594 0.081250 0.035937
8 0.573958 0.175781 0.047917 0.017188
8 0.569792 0.194531 0.077083 0.020313
8 0.615625 0.227344 0.131250 0.035937
8 0.619792 0.264844 0.122917 0.035937
8 0.619792 0.303906 0.122917 0.035937
8 0.625000 0.341406 0.125000 0.035937
8 0.648958 0.416406 0.089583 0.067187
8 0.553125 0.477344 0.256250 0.048438
8 0.509375 0.521875 0.372917 0.096875
8 0.584375 0.580469 0.243750 0.048438
8 0.559375 0.626563 0.306250 0.043750
8 0.526042 0.677344 0.389583 0.054688
8 0.670833 0.773438 0.183333 0.131250
8 0.343750 0.890625 0.087500 0.084375
8 0.592708 0.948438 0.352083 0.081250