1 0.503125 0.048438 0.981250 0.075000
1 0.503125 0.191406 0.977083 0.214062
1 0.505208 0.338281 0.972917 0.089063
1 0.318750 0.820312 0.612500 0.303125
1 0.563542 0.714844 0.156250 0.073438
1 0.251042 0.737500 0.352083 0.021875
1 0.301042 0.883594 0.518750 0.198437
3 0.117708 0.500781 0.206250 0.242188
3 0.592708 0.527344 0.797917 0.292187
3 0.171875 0.673438 0.314583 0.112500
3 0.860417 0.699219 0.254167 0.067187
3 0.730208 0.702344 0.043750 0.057813
3 0.684375 0.914062 0.039583 0.150000
3 0.841667 0.914844 0.291667 0.145313
3 0.613542 0.898438 0.118750 0.084375
7 0.379167 0.442188 0.104167 0.071875
7 0.536458 0.498437 0.081250 0.062500
7 0.302083 0.523438 0.095833 0.062500
7 0.338542 0.600000 0.085417 0.046875
7 0.423958 0.598437 0.081250 0.043750
7 0.548958 0.605469 0.072917 0.054688
8 0.582292 0.035937 0.089583 0.040625
8 0.605208 0.203906 0.777083 0.135937
8 0.805208 0.477344 0.206250 0.060937
8 0.694792 0.502344 0.072917 0.026562
8 0.248958 0.577344 0.064583 0.070312
8 0.389583 0.693750 0.195833 0.109375
8 0.793750 0.762500 0.391667 0.175000
8 0.591667 0.701562 0.041667 0.034375
8 0.645833 0.785937 0.050000 0.087500
8 0.902083 0.935156 0.179167 0.110937
8 0.643750 0.967969 0.075000 0.042188