1 0.272917 0.120313 0.325000 0.209375
1 0.342708 0.446875 0.656250 0.253125
1 0.503125 0.839063 0.977083 0.303125
3 0.504167 0.383594 0.975000 0.745313
3 0.119792 0.232031 0.214583 0.435937
3 0.853125 0.278906 0.277083 0.520312
3 0.292708 0.965625 0.264583 0.046875
7 0.395833 0.138281 0.275000 0.139063
7 0.509375 0.477344 0.339583 0.157812
7 0.555208 0.476562 0.268750 0.121875
8 0.615625 0.083594 0.456250 0.145313
8 0.625000 0.313281 0.104167 0.045312
8 0.600000 0.360938 0.183333 0.053125
8 0.577083 0.406250 0.225000 0.103125
8 0.838542 0.510938 0.131250 0.056250