1 0.671875 0.209375 0.306250 0.387500
1 0.505208 0.721875 0.968750 0.531250
3 0.294792 0.271875 0.560417 0.521875
3 0.917708 0.405469 0.143750 0.323437
3 0.922917 0.534375 0.133333 0.125000
3 0.578125 0.785156 0.331250 0.210938
7 0.713542 0.064844 0.135417 0.104688
7 0.948958 0.235156 0.081250 0.385937
7 0.818750 0.102344 0.200000 0.107813
7 0.860417 0.136719 0.083333 0.026562
7 0.834375 0.427344 0.031250 0.054688
7 0.843750 0.567969 0.041667 0.070312
8 0.791667 0.205469 0.095833 0.029687
8 0.794792 0.239844 0.168750 0.039062
8 0.791667 0.324219 0.187500 0.101562
8 0.766667 0.389062 0.091667 0.021875
8 0.789583 0.492188 0.187500 0.075000
8 0.647917 0.532813 0.125000 0.078125
8 0.576042 0.544531 0.031250 0.064062
8 0.687500 0.587500 0.100000 0.028125
8 0.593750 0.589063 0.083333 0.018750
8 0.688542 0.619531 0.114583 0.035937
8 0.479167 0.713281 0.083333 0.023438
8 0.365625 0.724219 0.089583 0.032813
8 0.493750 0.738281 0.058333 0.020313
8 0.598958 0.739062 0.047917 0.018750
8 0.697917 0.745313 0.058333 0.028125
8 0.485417 0.777344 0.079167 0.029687
8 0.604167 0.832812 0.058333 0.034375
8 0.363542 0.840625 0.102083 0.025000
8 0.714583 0.847656 0.050000 0.029687
8 0.478125 0.867188 0.089583 0.031250
8 0.365625 0.867969 0.102083 0.026562