1 0.567708 0.135937 0.431250 0.240625
1 0.529167 0.463281 0.320833 0.410938
1 0.556250 0.535156 0.220833 0.273438
1 0.338542 0.807031 0.652083 0.267188
1 0.556250 0.715625 0.175000 0.084375
1 0.384375 0.959375 0.739583 0.053125
3 0.195833 0.159375 0.366667 0.296875
3 0.833333 0.482812 0.316667 0.937500
3 0.229167 0.535937 0.420833 0.515625
3 0.892708 0.661719 0.197917 0.560937
6 0.858333 0.338281 0.062500 0.139063
7 0.621875 0.609375 0.193750 0.165625
7 0.783333 0.710938 0.091667 0.231250
7 0.377083 0.980469 0.700000 0.017188
8 0.921875 0.059375 0.139583 0.090625
8 0.679167 0.165625 0.383333 0.228125
8 0.771875 0.300000 0.056250 0.040625
8 0.745833 0.301563 0.054167 0.034375
8 0.770833 0.343750 0.054167 0.053125
8 0.739583 0.382812 0.075000 0.034375
8 0.795833 0.520312 0.141667 0.200000
8 0.680208 0.719531 0.081250 0.082812
8 0.746875 0.854688 0.035417 0.118750
8 0.663542 0.841406 0.127083 0.082812