1 0.508333 0.133594 0.154167 0.235937
1 0.557292 0.267969 0.177083 0.207813
1 0.527083 0.404687 0.091667 0.059375
1 0.545833 0.537500 0.129167 0.193750
1 0.371875 0.723437 0.547917 0.175000
1 0.080208 0.828906 0.127083 0.320312
1 0.406250 0.810156 0.487500 0.042188
1 0.153125 0.904687 0.052083 0.171875
2 0.962500 0.826562 0.050000 0.128125
3 0.256250 0.431250 0.479167 0.581250
3 0.810417 0.514844 0.354167 0.542188
3 0.880208 0.536719 0.218750 0.204687
3 0.723958 0.888281 0.052083 0.201563
4 0.850000 0.217969 0.183333 0.370312
7 0.663542 0.650781 0.031250 0.051562
7 0.670833 0.723437 0.033333 0.078125
7 0.418750 0.903125 0.500000 0.168750
8 0.792708 0.222656 0.393750 0.423438
8 0.219792 0.159375 0.410417 0.293750
8 0.660417 0.234375 0.033333 0.028125
8 0.691667 0.308594 0.154167 0.057813
8 0.673958 0.444531 0.218750 0.207813
8 0.690625 0.569531 0.081250 0.042188
8 0.582292 0.564063 0.097917 0.012500
8 0.679167 0.808594 0.045833 0.026562
8 0.875000 0.908594 0.229167 0.157812
8 0.655208 0.908594 0.102083 0.079687
8 0.687500 0.967187 0.045833 0.034375