1 0.376042 0.501563 0.722917 0.975000
2 0.852083 0.829688 0.275000 0.321875
3 0.651042 0.967969 0.318750 0.039062
5 0.745833 0.375781 0.491667 0.723437
5 0.525000 0.310937 0.087500 0.059375
5 0.804167 0.707812 0.108333 0.025000
6 0.591667 0.046094 0.041667 0.067187
6 0.600000 0.333594 0.137500 0.073438
6 0.612500 0.578906 0.175000 0.217188
7 0.421875 0.211719 0.460417 0.054688
7 0.334375 0.342969 0.347917 0.120313
7 0.434375 0.819531 0.589583 0.189062
7 0.472917 0.925781 0.604167 0.110937
8 0.441667 0.504687 0.175000 0.146875