1 0.321875 0.210156 0.614583 0.398438
1 0.407292 0.810156 0.789583 0.364063
2 0.778125 0.692187 0.427083 0.390625
3 0.384375 0.533594 0.656250 0.273438
3 0.532292 0.741406 0.231250 0.064062
4 0.551042 0.930469 0.168750 0.117188
5 0.759375 0.319531 0.468750 0.617188
5 0.808333 0.905469 0.366667 0.170313
6 0.901042 0.952344 0.077083 0.079687
7 0.176042 0.157031 0.327083 0.292187
7 0.421875 0.717969 0.739583 0.054688
7 0.518750 0.819531 0.079167 0.085938
7 0.278125 0.839844 0.264583 0.120313
7 0.296875 0.960156 0.085417 0.060937
8 0.473958 0.328125 0.147917 0.140625
8 0.051042 0.471875 0.072917 0.159375
8 0.616667 0.471094 0.200000 0.151562
8 0.257292 0.742188 0.343750 0.034375
8 0.568750 0.853125 0.029167 0.028125
8 0.739583 0.914062 0.195833 0.153125