1 0.227083 0.075781 0.429167 0.129688
1 0.361458 0.415625 0.693750 0.050000
1 0.223958 0.652344 0.414583 0.329688
1 0.429167 0.899219 0.829167 0.185938
2 0.735417 0.407031 0.512500 0.414062
3 0.300000 0.264844 0.570833 0.282813
3 0.447917 0.494531 0.220833 0.054688
4 0.456250 0.696094 0.150000 0.164062
5 0.722917 0.200000 0.537500 0.378125
5 0.747917 0.760938 0.487500 0.462500
6 0.747917 0.667969 0.054167 0.064062
7 0.363542 0.453906 0.697917 0.057813
7 0.205208 0.585156 0.252083 0.101562
7 0.352083 0.576562 0.045833 0.084375
7 0.226042 0.687500 0.077083 0.050000
7 0.268750 0.794531 0.487500 0.110937
8 0.483333 0.161719 0.320833 0.298438
8 0.193750 0.491406 0.300000 0.026562
8 0.434375 0.568750 0.072917 0.078125
8 0.973958 0.645312 0.031250 0.171875