1 0.221875 0.244531 0.414583 0.254688
1 0.187500 0.564063 0.341667 0.162500
1 0.301042 0.709375 0.572917 0.078125
1 0.501042 0.856250 0.972917 0.265625
2 0.745833 0.263281 0.491667 0.279687
2 0.653125 0.363281 0.277083 0.267188
4 0.518750 0.473438 0.333333 0.362500
4 0.394792 0.429688 0.047917 0.103125
5 0.788542 0.661719 0.402083 0.548438
7 0.502083 0.089844 0.979167 0.101562
7 0.154167 0.162500 0.279167 0.128125
7 0.433333 0.175000 0.087500 0.115625
7 0.329167 0.178906 0.058333 0.098437
7 0.162500 0.302344 0.104167 0.060937
7 0.183333 0.427344 0.337500 0.110937
7 0.255208 0.547656 0.185417 0.045312
7 0.304167 0.666406 0.575000 0.048438
8 0.188542 0.106250 0.347917 0.062500
8 0.602083 0.142969 0.066667 0.042188
8 0.457292 0.359375 0.156250 0.156250
8 0.436458 0.531250 0.168750 0.196875
8 0.825000 0.589844 0.329167 0.167187
8 0.334375 0.578125 0.043750 0.034375
8 0.180208 0.647656 0.331250 0.045312
8 0.803125 0.735156 0.356250 0.160938