1 0.291667 0.517188 0.554167 0.946875
2 0.837500 0.186719 0.304167 0.245312
2 0.847917 0.335938 0.279167 0.087500
3 0.730208 0.086719 0.518750 0.142187
4 0.744792 0.679688 0.489583 0.618750
7 0.260417 0.225000 0.370833 0.153125
7 0.478125 0.232031 0.068750 0.139063
7 0.601042 0.229687 0.110417 0.128125
7 0.292708 0.389062 0.102083 0.062500
7 0.309375 0.535156 0.410417 0.135937
7 0.408333 0.675000 0.233333 0.059375
8 0.312500 0.053125 0.600000 0.084375
8 0.855208 0.157812 0.110417 0.093750
8 0.725000 0.185156 0.154167 0.060937
8 0.673958 0.294531 0.035417 0.035937
8 0.617708 0.396875 0.177083 0.190625
8 0.670833 0.453125 0.220833 0.212500
8 0.665625 0.717187 0.272917 0.265625
8 0.495833 0.720313 0.050000 0.050000
8 0.916667 0.902344 0.141667 0.170313
8 0.384375 0.917969 0.522917 0.145313