1 0.469792 0.146094 0.089583 0.076563
1 0.105208 0.263281 0.177083 0.117188
1 0.312500 0.589844 0.587500 0.229687
1 0.734375 0.829688 0.506250 0.315625
3 0.773958 0.351562 0.435417 0.675000
7 0.216667 0.109375 0.408333 0.190625
7 0.104167 0.398438 0.179167 0.159375
7 0.259375 0.836719 0.489583 0.307812
8 0.541667 0.108594 0.091667 0.173437
8 0.464583 0.188281 0.125000 0.017188
8 0.405208 0.408594 0.427083 0.420312
8 0.623958 0.532031 0.039583 0.104688
8 0.667708 0.645312 0.031250 0.040625
8 0.553125 0.655469 0.193750 0.051562
8 0.908333 0.812500 0.162500 0.212500