1 0.306250 0.354687 0.587500 0.681250
1 0.348958 0.908594 0.664583 0.160938
3 0.768750 0.178125 0.445833 0.328125
3 0.345833 0.715625 0.662500 0.268750
6 0.581250 0.360938 0.545833 0.203125
7 0.778125 0.871094 0.352083 0.239063
7 0.591667 0.837500 0.070833 0.093750
7 0.370833 0.938281 0.537500 0.092188
8 0.458333 0.081250 0.141667 0.137500
8 0.558333 0.050000 0.062500 0.068750
8 0.845833 0.464844 0.283333 0.351562
8 0.717708 0.597656 0.335417 0.367188
8 0.368750 0.656250 0.083333 0.043750
8 0.923958 0.777344 0.127083 0.267188
8 0.517708 0.752344 0.118750 0.035937