1 0.502083 0.109375 0.975000 0.196875
1 0.379167 0.804688 0.720833 0.365625
1 0.722917 0.670312 0.091667 0.084375
5 0.711458 0.846875 0.406250 0.281250
6 0.820833 0.403906 0.337500 0.376563
6 0.676042 0.457813 0.102083 0.134375
6 0.910417 0.871094 0.158333 0.239063
7 0.113542 0.095312 0.197917 0.168750
7 0.683333 0.041406 0.612500 0.054688
7 0.321875 0.429688 0.614583 0.425000
7 0.175000 0.906250 0.316667 0.168750
8 0.558333 0.312500 0.233333 0.109375
8 0.677083 0.355469 0.104167 0.054688
8 0.541667 0.350000 0.120833 0.037500
8 0.948958 0.403906 0.081250 0.123438
8 0.698958 0.453906 0.043750 0.060937
8 0.752083 0.650781 0.470833 0.442188
8 0.639583 0.478906 0.041667 0.076563
8 0.647917 0.636719 0.041667 0.032813