1 0.408333 0.185156 0.425000 0.342187
1 0.472917 0.539844 0.916667 0.354687
2 0.929167 0.737500 0.025000 0.109375
6 0.776042 0.821094 0.335417 0.335938
7 0.058333 0.103125 0.087500 0.171875
7 0.173958 0.100000 0.164583 0.165625
7 0.770833 0.223438 0.329167 0.212500
7 0.529167 0.179688 0.175000 0.090625
7 0.441667 0.352344 0.854167 0.339062
7 0.671875 0.495312 0.631250 0.140625
7 0.118750 0.599219 0.208333 0.185938
7 0.291667 0.851562 0.554167 0.278125
8 0.713542 0.043750 0.089583 0.062500
8 0.756250 0.118750 0.466667 0.209375
8 0.628125 0.282813 0.081250 0.128125
8 0.532292 0.788281 0.218750 0.092188
8 0.934375 0.855469 0.097917 0.123438
8 0.654167 0.825000 0.083333 0.046875
8 0.526042 0.820312 0.097917 0.021875
8 0.679167 0.923438 0.029167 0.068750
8 0.637500 0.938281 0.041667 0.082812
8 0.771875 0.944531 0.068750 0.085938