1 0.322917 0.346094 0.616667 0.664062
1 0.685417 0.724219 0.083333 0.029687
1 0.329167 0.746094 0.625000 0.064062
1 0.165625 0.828125 0.297917 0.093750
1 0.382292 0.935937 0.731250 0.106250
2 0.743750 0.643750 0.495833 0.668750
3 0.382292 0.698438 0.731250 0.106250
5 0.594792 0.128125 0.122917 0.225000
5 0.410417 0.789062 0.170833 0.059375
5 0.828125 0.974219 0.327083 0.032813
6 0.782292 0.167187 0.331250 0.303125
7 0.041667 0.053125 0.058333 0.078125
7 0.221875 0.784375 0.206250 0.043750
7 0.309375 0.882031 0.572917 0.085938
8 0.858333 0.228125 0.266667 0.428125
8 0.538542 0.429688 0.518750 0.378125
8 0.765625 0.635938 0.047917 0.031250
8 0.670833 0.678125 0.079167 0.050000
8 0.565625 0.682031 0.072917 0.045312
8 0.479167 0.688281 0.079167 0.051562
8 0.379167 0.696094 0.079167 0.051562
8 0.278125 0.701562 0.081250 0.050000
8 0.180208 0.705469 0.085417 0.054688
8 0.076042 0.714063 0.093750 0.059375
8 0.421875 0.814844 0.193750 0.057813