1 0.462500 0.364844 0.204167 0.698438
1 0.358333 0.783594 0.687500 0.135937
1 0.503125 0.896094 0.968750 0.167187
1 0.800000 0.950781 0.375000 0.070312
1 0.284375 0.969531 0.539583 0.039062
3 0.197917 0.217188 0.366667 0.409375
3 0.775000 0.210938 0.433333 0.390625
3 0.063542 0.601562 0.093750 0.356250
7 0.555208 0.051562 0.106250 0.078125
7 0.651042 0.114844 0.068750 0.198437
8 0.595833 0.171875 0.041667 0.106250
8 0.552083 0.285156 0.220833 0.107813
8 0.569792 0.377344 0.097917 0.042188
8 0.640625 0.606250 0.306250 0.418750
8 0.891667 0.606250 0.195833 0.418750
8 0.235417 0.597656 0.308333 0.373437