1 0.287500 0.149219 0.233333 0.270313
1 0.162500 0.314063 0.291667 0.596875
1 0.648958 0.153125 0.527083 0.275000
1 0.502083 0.804688 0.970833 0.368750
2 0.948958 0.117969 0.077083 0.201563
3 0.792708 0.245312 0.314583 0.075000
3 0.794792 0.256250 0.060417 0.050000
3 0.655208 0.485156 0.660417 0.407813
7 0.629167 0.119531 0.054167 0.045312
7 0.552083 0.125000 0.058333 0.043750
7 0.623958 0.233594 0.368750 0.114062
7 0.652083 0.374219 0.070833 0.064062
7 0.185417 0.564063 0.187500 0.153125
7 0.521875 0.619531 0.043750 0.064062
7 0.516667 0.929688 0.354167 0.118750
8 0.914583 0.238281 0.079167 0.020313
8 0.318750 0.426563 0.083333 0.228125
8 0.812500 0.495312 0.208333 0.312500
8 0.951042 0.495312 0.077083 0.315625
8 0.629167 0.482812 0.120833 0.284375
8 0.467708 0.488281 0.147917 0.279687
8 0.316667 0.600000 0.133333 0.146875