1 0.235417 0.297656 0.445833 0.504687
1 0.236458 0.616406 0.439583 0.160938
1 0.259375 0.656250 0.406250 0.090625
1 0.280208 0.814063 0.531250 0.353125
5 0.687500 0.505469 0.604167 0.967187
5 0.531250 0.071875 0.120833 0.081250
5 0.472917 0.337500 0.200000 0.137500
5 0.367708 0.369531 0.035417 0.079687
5 0.419792 0.372656 0.035417 0.023438
5 0.398958 0.467187 0.089583 0.078125
5 0.433333 0.677344 0.125000 0.073438
6 0.513542 0.181250 0.139583 0.175000
6 0.496875 0.300781 0.072917 0.039062
6 0.485417 0.369531 0.087500 0.035937
6 0.485417 0.550781 0.087500 0.301563
8 0.468750 0.054688 0.254167 0.078125
8 0.454167 0.174219 0.016667 0.070312
8 0.832292 0.426563 0.306250 0.309375
8 0.481250 0.494531 0.025000 0.117188
8 0.290625 0.457813 0.072917 0.009375