1 0.294792 0.035937 0.560417 0.050000
1 0.572917 0.304688 0.108333 0.500000
1 0.427083 0.669531 0.825000 0.642188
2 0.897917 0.592187 0.187500 0.218750
3 0.827083 0.844531 0.329167 0.289062
4 0.886458 0.265625 0.210417 0.503125
7 0.281250 0.371094 0.533333 0.610938
7 0.700000 0.482812 0.241667 0.296875
7 0.283333 0.791406 0.187500 0.048438
8 0.678125 0.114844 0.210417 0.176563
8 0.676042 0.267188 0.193750 0.125000
8 0.621875 0.321875 0.043750 0.009375
8 0.553125 0.596875 0.097917 0.068750
8 0.555208 0.865625 0.381250 0.246875