1 0.502083 0.242969 0.979167 0.342187
1 0.029167 0.607031 0.029167 0.429688
1 0.471875 0.877344 0.914583 0.148438
3 0.707292 0.075000 0.568750 0.118750
4 0.804167 0.387500 0.375000 0.353125
4 0.914583 0.750000 0.145833 0.259375
4 0.697917 0.778125 0.162500 0.084375
7 0.306250 0.150781 0.137500 0.051562
7 0.103125 0.157031 0.181250 0.048438
7 0.210417 0.228906 0.166667 0.054688
7 0.405208 0.255469 0.135417 0.051562
7 0.259375 0.298438 0.114583 0.050000
7 0.515625 0.293750 0.072917 0.021875
7 0.679167 0.355469 0.183333 0.070312
7 0.358333 0.439844 0.600000 0.057813
7 0.365625 0.475781 0.618750 0.107813
7 0.360417 0.597656 0.500000 0.129688
7 0.339583 0.726562 0.583333 0.175000
7 0.503125 0.927344 0.977083 0.126562
8 0.214583 0.077344 0.404167 0.126562
8 0.518750 0.143750 0.158333 0.012500
8 0.641667 0.167187 0.350000 0.018750
8 0.531250 0.357812 0.108333 0.053125
8 0.371875 0.414062 0.677083 0.040625
8 0.788542 0.677344 0.402083 0.335938