1 0.388542 0.500000 0.747917 0.978125
1 0.646875 0.555469 0.227083 0.017188
1 0.442708 0.752344 0.543750 0.314063
1 0.440625 0.943750 0.697917 0.093750
1 0.821875 0.961719 0.085417 0.054688
2 0.847917 0.806250 0.283333 0.368750
3 0.605208 0.316406 0.293750 0.201563
4 0.863542 0.485156 0.256250 0.929688
6 0.609375 0.601562 0.022917 0.087500
7 0.620833 0.232813 0.083333 0.043750
7 0.360417 0.482031 0.112500 0.079687
7 0.500000 0.650781 0.408333 0.173437
7 0.155208 0.765625 0.068750 0.068750
7 0.510417 0.837500 0.462500 0.150000
7 0.586458 0.978125 0.447917 0.021875
8 0.759375 0.167969 0.189583 0.307812
8 0.913542 0.072656 0.147917 0.117188
8 0.654167 0.275000 0.041667 0.025000
8 0.684375 0.314063 0.052083 0.012500
8 0.575000 0.571094 0.062500 0.010937
8 0.754167 0.596094 0.054167 0.057813