1 0.282292 0.484375 0.472917 0.378125
1 0.372917 0.827344 0.716667 0.323437
2 0.969792 0.066406 0.047917 0.110937
2 0.854167 0.278125 0.054167 0.040625
2 0.850000 0.421875 0.079167 0.131250
2 0.855208 0.476562 0.272917 0.228125
2 0.905208 0.960156 0.106250 0.060937
3 0.385417 0.389844 0.058333 0.157812
3 0.466667 0.500000 0.054167 0.159375
3 0.320833 0.506250 0.062500 0.156250
5 0.866667 0.240625 0.250000 0.259375
5 0.730208 0.460156 0.164583 0.070312
5 0.865625 0.825000 0.252083 0.334375
5 0.733333 0.859375 0.045833 0.068750
6 0.850000 0.190625 0.283333 0.359375
6 0.765625 0.902344 0.277083 0.173437
7 0.495833 0.159375 0.241667 0.046875
8 0.704167 0.153906 0.304167 0.282813
8 0.420833 0.124219 0.387500 0.217188
8 0.664583 0.073438 0.220833 0.043750
8 0.353125 0.121094 0.072917 0.042188
8 0.696875 0.232031 0.064583 0.117188
8 0.556250 0.271875 0.041667 0.031250
8 0.561458 0.310937 0.043750 0.031250
8 0.294792 0.348438 0.127083 0.068750
8 0.565625 0.343750 0.039583 0.021875
8 0.729167 0.390625 0.187500 0.078125
8 0.567708 0.368750 0.035417 0.018750
8 0.329167 0.401562 0.062500 0.046875
8 0.587500 0.436719 0.037500 0.023438
8 0.261458 0.459375 0.060417 0.059375
8 0.405208 0.512500 0.077083 0.071875
8 0.236458 0.532813 0.127083 0.071875
8 0.418750 0.553906 0.050000 0.010937
8 0.683333 0.635938 0.612500 0.171875
8 0.917708 0.642188 0.056250 0.037500