1 0.243750 0.035156 0.458333 0.042188
1 0.126042 0.206250 0.222917 0.100000
1 0.279167 0.342969 0.525000 0.210938
1 0.061458 0.418750 0.093750 0.125000
2 0.901042 0.229687 0.181250 0.150000
2 0.813542 0.512500 0.106250 0.112500
2 0.931250 0.823438 0.116667 0.212500
3 0.359375 0.596094 0.068750 0.226562
3 0.475000 0.766406 0.083333 0.257812
3 0.744792 0.960938 0.489583 0.059375
6 0.907292 0.333594 0.168750 0.095312
6 0.803125 0.405469 0.310417 0.220312
6 0.839583 0.634375 0.304167 0.256250
6 0.688542 0.833594 0.047917 0.217188
7 0.732292 0.288281 0.118750 0.067187
7 0.471875 0.300000 0.331250 0.075000
7 0.278125 0.511719 0.077083 0.026562
7 0.291667 0.521094 0.066667 0.032813
7 0.287500 0.555469 0.075000 0.042188
7 0.198958 0.561719 0.097917 0.045312
7 0.245833 0.769531 0.087500 0.257812
7 0.389583 0.740625 0.087500 0.040625
7 0.630208 0.875000 0.114583 0.046875
8 0.609375 0.140625 0.764583 0.250000
8 0.661458 0.243750 0.227083 0.096875
8 0.790625 0.331250 0.102083 0.128125
8 0.592708 0.344531 0.147917 0.110937
8 0.117708 0.437500 0.022917 0.081250
8 0.637500 0.433594 0.070833 0.045312
8 0.903125 0.505469 0.181250 0.160938
8 0.634375 0.488281 0.064583 0.035937
8 0.361458 0.569531 0.035417 0.010937
8 0.665625 0.597656 0.122917 0.070312
8 0.277083 0.602344 0.087500 0.014063
8 0.627083 0.666406 0.075000 0.060937
8 0.696875 0.660937 0.081250 0.046875
8 0.702083 0.711719 0.062500 0.045312
8 0.476042 0.705469 0.039583 0.014063
8 0.180208 0.718750 0.056250 0.028125
8 0.405208 0.767969 0.060417 0.017188
8 0.482292 0.777344 0.035417 0.010937
8 0.408333 0.803906 0.054167 0.014063
8 0.398958 0.845313 0.077083 0.021875
8 0.244792 0.851562 0.043750 0.018750
8 0.479167 0.866406 0.050000 0.026562
8 0.860417 0.903906 0.116667 0.067187