1 0.288542 0.071875 0.497917 0.100000
1 0.494792 0.332031 0.960417 0.151562
1 0.160417 0.438281 0.237500 0.042188
1 0.183333 0.476562 0.175000 0.018750
1 0.150000 0.522656 0.266667 0.098437
1 0.419792 0.674219 0.810417 0.264062
1 0.134375 0.782813 0.022917 0.037500
2 0.863542 0.078906 0.252083 0.135937
2 0.894792 0.452344 0.189583 0.345313
3 0.553125 0.468750 0.577083 0.190625
3 0.365625 0.894531 0.089583 0.167187
5 0.797917 0.253125 0.141667 0.046875
5 0.932292 0.653125 0.114583 0.096875
6 0.803125 0.172656 0.281250 0.207813
6 0.829167 0.735156 0.291667 0.239063
7 0.516667 0.193750 0.029167 0.025000
7 0.262500 0.210156 0.258333 0.023438
7 0.682292 0.391406 0.039583 0.023438
7 0.691667 0.421875 0.045833 0.015625
7 0.706250 0.465625 0.037500 0.028125
7 0.583333 0.613281 0.479167 0.089063
7 0.297917 0.850781 0.075000 0.029687
7 0.288542 0.896094 0.089583 0.051562
8 0.290625 0.137500 0.035417 0.093750
8 0.132292 0.203906 0.147917 0.220312
8 0.538542 0.188281 0.277083 0.170313
8 0.920833 0.214062 0.141667 0.131250
8 0.508333 0.246875 0.054167 0.037500
8 0.632292 0.494531 0.031250 0.032813
8 0.583333 0.644531 0.066667 0.073438
8 0.660417 0.665625 0.087500 0.100000
8 0.128125 0.760938 0.031250 0.087500
8 0.654167 0.749219 0.125000 0.057813
8 0.904167 0.841406 0.162500 0.151562
8 0.680208 0.822656 0.060417 0.042188
8 0.375000 0.843750 0.037500 0.012500
8 0.654167 0.921875 0.675000 0.137500
8 0.291667 0.935156 0.066667 0.014063
8 0.270833 0.957031 0.100000 0.014063