1 0.421875 0.242188 0.814583 0.456250
1 0.127083 0.449219 0.225000 0.298438
1 0.383333 0.499219 0.287500 0.051562
1 0.414583 0.571094 0.370833 0.082812
1 0.556250 0.607812 0.191667 0.043750
1 0.132292 0.641406 0.231250 0.070312
1 0.130208 0.741406 0.222917 0.170313
1 0.322917 0.738281 0.120833 0.079687
1 0.475000 0.805469 0.366667 0.073438
1 0.437500 0.883594 0.754167 0.123438
1 0.079167 0.951562 0.125000 0.075000
2 0.913542 0.566406 0.139583 0.064062
2 0.876042 0.585938 0.068750 0.021875
2 0.893750 0.833594 0.175000 0.029687
3 0.164583 0.118750 0.254167 0.215625
3 0.371875 0.142969 0.197917 0.260937
3 0.558333 0.119531 0.120833 0.207813
3 0.630208 0.421875 0.264583 0.215625
5 0.413542 0.384375 0.181250 0.084375
6 0.932292 0.188281 0.118750 0.201563
6 0.811458 0.261719 0.047917 0.176563
6 0.878125 0.493750 0.227083 0.078125
6 0.823958 0.644531 0.297917 0.092188
7 0.405208 0.407031 0.202083 0.104688
7 0.420833 0.617188 0.083333 0.043750
7 0.469792 0.642188 0.052083 0.025000
8 0.135417 0.049219 0.087500 0.017188
8 0.154167 0.065625 0.062500 0.015625
8 0.373958 0.075000 0.077083 0.025000
8 0.395833 0.100000 0.045833 0.025000
8 0.189583 0.127344 0.070833 0.023438
8 0.208333 0.151562 0.062500 0.021875
8 0.229167 0.173437 0.037500 0.018750
8 0.404167 0.196875 0.075000 0.015625
8 0.423958 0.227344 0.056250 0.014063
8 0.570833 0.355469 0.091667 0.064062
8 0.750000 0.335938 0.041667 0.025000
8 0.742708 0.376563 0.035417 0.046875
8 0.570833 0.417187 0.091667 0.046875
8 0.748958 0.414844 0.039583 0.026562
8 0.575000 0.467969 0.062500 0.054688
8 0.471875 0.531250 0.360417 0.012500
8 0.736458 0.582031 0.377083 0.104688
8 0.972917 0.662500 0.033333 0.068750
8 0.161458 0.667188 0.293750 0.050000
8 0.616667 0.663281 0.054167 0.010937
8 0.726042 0.757031 0.381250 0.123438
8 0.902083 0.878906 0.175000 0.073438
8 0.862500 0.939063 0.258333 0.103125