1 0.112500 0.115625 0.195833 0.203125
1 0.331250 0.617969 0.633333 0.745313
3 0.728125 0.152344 0.531250 0.282813
3 0.248958 0.164844 0.089583 0.239063
3 0.608333 0.723437 0.454167 0.534375
5 0.903125 0.314063 0.085417 0.037500
5 0.838542 0.360156 0.077083 0.110937
5 0.714583 0.393750 0.120833 0.078125
6 0.690625 0.112500 0.027083 0.109375
6 0.701042 0.230469 0.027083 0.092188
6 0.826042 0.299219 0.247917 0.032813
7 0.178125 0.547656 0.322917 0.207813
8 0.954167 0.048438 0.066667 0.065625
8 0.971875 0.078906 0.043750 0.060937
8 0.919792 0.114844 0.097917 0.042188
8 0.464583 0.141406 0.045833 0.089063
8 0.909375 0.192188 0.056250 0.043750
8 0.872917 0.441406 0.054167 0.107813
8 0.556250 0.509375 0.041667 0.037500
8 0.447917 0.512500 0.066667 0.037500
8 0.737500 0.506250 0.079167 0.021875
8 0.739583 0.536719 0.058333 0.020313
8 0.556250 0.545312 0.045833 0.034375
8 0.447917 0.544531 0.062500 0.014063
8 0.556250 0.659375 0.062500 0.021875
8 0.659375 0.675781 0.077083 0.048438
8 0.556250 0.686719 0.066667 0.020313
8 0.558333 0.721875 0.066667 0.021875
8 0.659375 0.739062 0.089583 0.037500
8 0.910417 0.819531 0.162500 0.167187
8 0.560417 0.753125 0.062500 0.021875
8 0.665625 0.786719 0.085417 0.039062
8 0.462500 0.778906 0.045833 0.020313
8 0.339583 0.810156 0.083333 0.023438
8 0.328125 0.848437 0.114583 0.046875
8 0.463542 0.845313 0.056250 0.015625
8 0.580208 0.848437 0.043750 0.018750
8 0.583333 0.875000 0.041667 0.021875
8 0.695833 0.875781 0.041667 0.023438
8 0.308333 0.888281 0.141667 0.023438
8 0.329167 0.915625 0.100000 0.025000
8 0.933333 0.959375 0.050000 0.065625
8 0.334375 0.944531 0.093750 0.029687