1 0.051042 0.251563 0.068750 0.187500
1 0.534375 0.182812 0.547917 0.043750
1 0.120833 0.511719 0.208333 0.442188
1 0.093750 0.852344 0.154167 0.204687
2 0.891667 0.122656 0.091667 0.210938
2 0.876042 0.183594 0.202083 0.207813
2 0.930208 0.318750 0.110417 0.050000
2 0.918750 0.402344 0.145833 0.073438
2 0.961458 0.471094 0.060417 0.032813
2 0.905208 0.670312 0.068750 0.025000
2 0.879167 0.848437 0.225000 0.278125
5 0.946875 0.154688 0.093750 0.281250
5 0.854167 0.351562 0.275000 0.150000
5 0.878125 0.516406 0.227083 0.232813
6 0.750000 0.256250 0.158333 0.143750
6 0.876042 0.277344 0.152083 0.054688
6 0.784375 0.436719 0.072917 0.148438
6 0.875000 0.648438 0.204167 0.178125
6 0.775000 0.953125 0.116667 0.075000
7 0.239583 0.082812 0.229167 0.143750
7 0.595833 0.044531 0.470833 0.064062
7 0.545833 0.107813 0.379167 0.075000
7 0.085417 0.359375 0.050000 0.031250
7 0.040625 0.527344 0.043750 0.023438
7 0.255208 0.603125 0.035417 0.025000
8 0.166667 0.258594 0.300000 0.482812
8 0.052083 0.173437 0.079167 0.118750
8 0.777083 0.147656 0.100000 0.035937
8 0.192708 0.564844 0.168750 0.814063
8 0.358333 0.273438 0.104167 0.078125
8 0.178125 0.342969 0.143750 0.201563
8 0.309375 0.521094 0.085417 0.132812
8 0.698958 0.478125 0.077083 0.043750
8 0.691667 0.521094 0.100000 0.020313
8 0.708333 0.598437 0.116667 0.021875
8 0.759375 0.694531 0.039583 0.095312
8 0.101042 0.757031 0.168750 0.057813
8 0.259375 0.807031 0.118750 0.045312
8 0.680208 0.857031 0.285417 0.098437
8 0.898958 0.965625 0.122917 0.053125