1 0.410417 0.234375 0.787500 0.409375
1 0.273958 0.577344 0.402083 0.264062
1 0.773958 0.854688 0.089583 0.053125
1 0.533333 0.928906 0.562500 0.035937
2 0.922917 0.602344 0.125000 0.079687
2 0.868750 0.902344 0.091667 0.176563
2 0.844792 0.917188 0.097917 0.146875
2 0.932292 0.964063 0.035417 0.050000
3 0.725000 0.160156 0.200000 0.295312
3 0.054167 0.403125 0.075000 0.406250
3 0.055208 0.242188 0.056250 0.025000
3 0.615625 0.595313 0.277083 0.309375
3 0.776042 0.589063 0.018750 0.053125
5 0.832292 0.200000 0.318750 0.256250
5 0.821875 0.470313 0.293750 0.190625
5 0.877083 0.802344 0.229167 0.376563
6 0.930208 0.039062 0.122917 0.050000
6 0.831250 0.332031 0.066667 0.089063
7 0.663542 0.129688 0.022917 0.062500
7 0.477083 0.229687 0.529167 0.259375
7 0.695833 0.238281 0.087500 0.123438
7 0.267708 0.804688 0.177083 0.178125
7 0.593750 0.771094 0.425000 0.110937
7 0.551042 0.863281 0.343750 0.064062
8 0.842708 0.185156 0.093750 0.129688
8 0.926042 0.335156 0.127083 0.023438
8 0.919792 0.391406 0.147917 0.092188
8 0.763542 0.489844 0.147917 0.126562
8 0.460417 0.518750 0.037500 0.028125
8 0.055208 0.624219 0.077083 0.185938
8 0.455208 0.553906 0.060417 0.017188
8 0.470833 0.605469 0.025000 0.023438
8 0.468750 0.671875 0.033333 0.028125
8 0.131250 0.867188 0.233333 0.246875
8 0.775000 0.903906 0.100000 0.035937