1 0.056250 0.226562 0.075000 0.209375
1 0.089583 0.499219 0.141667 0.317188
1 0.445833 0.735156 0.491667 0.070312
1 0.492708 0.905469 0.535417 0.151562
1 0.226042 0.928125 0.106250 0.125000
2 0.832292 0.186719 0.322917 0.345313
2 0.882292 0.382812 0.085417 0.040625
2 0.765625 0.419531 0.031250 0.070312
2 0.952083 0.432031 0.070833 0.017188
2 0.960417 0.482812 0.058333 0.034375
2 0.947917 0.617188 0.083333 0.087500
2 0.892708 0.596094 0.097917 0.010937
2 0.940625 0.714063 0.093750 0.075000
2 0.879167 0.859375 0.216667 0.193750
2 0.885417 0.892969 0.083333 0.132812
3 0.743750 0.303125 0.229167 0.181250
3 0.631250 0.339062 0.012500 0.190625
5 0.670833 0.150781 0.108333 0.082812
5 0.758333 0.187500 0.158333 0.053125
5 0.701042 0.452344 0.031250 0.085938
5 0.863542 0.493750 0.260417 0.168750
5 0.869792 0.656250 0.239583 0.212500
6 0.857292 0.373437 0.264583 0.159375
6 0.767708 0.622656 0.056250 0.092188
6 0.845833 0.786719 0.229167 0.060937
7 0.061458 0.066406 0.035417 0.029687
7 0.260417 0.134375 0.029167 0.018750
7 0.266667 0.210938 0.029167 0.018750
7 0.179167 0.421875 0.041667 0.025000
7 0.218750 0.564063 0.033333 0.021875
7 0.239583 0.658594 0.033333 0.017188
7 0.038542 0.711719 0.047917 0.057813
7 0.211458 0.783594 0.031250 0.020313
7 0.072917 0.808594 0.033333 0.029687
7 0.602083 0.870313 0.316667 0.059375
7 0.171875 0.865625 0.035417 0.028125
7 0.142708 0.931250 0.052083 0.031250
8 0.600000 0.068750 0.304167 0.090625
8 0.211458 0.095312 0.256250 0.031250
8 0.545833 0.237500 0.154167 0.075000
8 0.745833 0.278906 0.045833 0.051562
8 0.822917 0.307812 0.041667 0.071875
8 0.558333 0.381250 0.141667 0.056250
8 0.826042 0.382031 0.018750 0.039062
8 0.604167 0.503125 0.070833 0.006250
8 0.680208 0.557031 0.077083 0.048438
8 0.841667 0.926562 0.083333 0.062500
8 0.755208 0.972656 0.452083 0.035937