1 0.230208 0.659375 0.197917 0.096875
1 0.063542 0.824219 0.102083 0.198437
1 0.157292 0.857812 0.285417 0.262500
2 0.821875 0.155469 0.335417 0.282813
2 0.931250 0.378906 0.108333 0.079687
2 0.953125 0.482812 0.072917 0.065625
2 0.916667 0.742969 0.145833 0.270313
3 0.603125 0.778906 0.714583 0.360938
4 0.631250 0.177344 0.158333 0.154688
5 0.689583 0.267969 0.112500 0.064062
5 0.876042 0.299219 0.227083 0.092188
5 0.889583 0.549219 0.208333 0.089063
5 0.817708 0.616406 0.252083 0.039062
6 0.680208 0.049219 0.077083 0.051562
6 0.829167 0.469531 0.325000 0.304688
8 0.632292 0.047656 0.022917 0.048438
8 0.427083 0.133594 0.033333 0.089063
8 0.387500 0.428125 0.745833 0.256250
8 0.669792 0.375000 0.027083 0.065625
8 0.176042 0.519531 0.231250 0.242188
8 0.678125 0.447656 0.022917 0.060937
8 0.701042 0.446875 0.022917 0.059375
8 0.470833 0.550000 0.395833 0.109375
8 0.686458 0.541406 0.022917 0.054688
8 0.478125 0.679688 0.035417 0.015625
8 0.841667 0.700781 0.037500 0.020313
8 0.580208 0.764062 0.022917 0.018750
8 0.675000 0.778906 0.029167 0.014063
8 0.862500 0.791406 0.079167 0.032813
8 0.579167 0.800781 0.033333 0.017188
8 0.673958 0.798438 0.047917 0.015625
8 0.684375 0.814063 0.035417 0.012500
8 0.360417 0.875781 0.033333 0.051562
8 0.676042 0.918750 0.618750 0.137500
8 0.464583 0.885156 0.029167 0.039062