1 0.093750 0.125000 0.158333 0.221875
1 0.495833 0.425000 0.295833 0.062500
1 0.491667 0.541406 0.391667 0.145313
1 0.423958 0.800781 0.818750 0.376563
2 0.931250 0.098437 0.116667 0.165625
2 0.814583 0.754687 0.025000 0.093750
3 0.561458 0.321094 0.360417 0.120313
5 0.801042 0.088281 0.227083 0.145313
5 0.959375 0.419531 0.060417 0.385937
6 0.868750 0.807031 0.183333 0.354687
7 0.273958 0.078125 0.131250 0.128125
7 0.372917 0.075000 0.091667 0.118750
7 0.554167 0.064062 0.120833 0.096875
7 0.645833 0.056250 0.033333 0.081250
7 0.653125 0.173437 0.035417 0.090625
7 0.563542 0.189844 0.122917 0.117188
7 0.414583 0.200781 0.095833 0.073438
7 0.170833 0.539062 0.304167 0.743750
7 0.430208 0.251563 0.072917 0.015625
7 0.605208 0.384375 0.035417 0.053125
7 0.533333 0.530469 0.079167 0.064062
7 0.642708 0.837500 0.377083 0.246875
8 0.426042 0.113281 0.081250 0.179688
8 0.860417 0.352344 0.237500 0.317188
8 0.694792 0.228125 0.102083 0.040625
8 0.284375 0.463281 0.243750 0.351562
8 0.747917 0.553906 0.425000 0.151562
8 0.932292 0.736719 0.110417 0.201563
8 0.785417 0.741406 0.016667 0.048438
8 0.806250 0.849219 0.029167 0.054688
8 0.963542 0.866406 0.052083 0.060937