1 0.397917 0.185156 0.541667 0.348438
1 0.435417 0.850000 0.845833 0.196875
1 0.422917 0.968750 0.816667 0.040625
2 0.961458 0.500000 0.060417 0.021875
2 0.964583 0.580469 0.050000 0.114062
3 0.503125 0.540625 0.881250 0.396875
5 0.825000 0.203906 0.329167 0.382812
5 0.879167 0.929688 0.225000 0.121875
6 0.953125 0.354687 0.072917 0.215625
6 0.909375 0.492188 0.093750 0.056250
6 0.947917 0.480469 0.079167 0.014063
6 0.926042 0.823438 0.131250 0.275000
7 0.118750 0.086719 0.212500 0.151562
7 0.437500 0.075000 0.291667 0.128125
7 0.658333 0.067187 0.050000 0.109375
7 0.240625 0.275781 0.147917 0.132812
7 0.662500 0.832031 0.275000 0.104688
8 0.846875 0.107813 0.181250 0.193750
8 0.127083 0.360938 0.225000 0.418750
8 0.983333 0.270313 0.012500 0.087500
8 0.842708 0.314063 0.052083 0.137500
8 0.941667 0.353125 0.054167 0.093750
8 0.430208 0.478125 0.022917 0.025000
8 0.414583 0.500781 0.050000 0.017188
8 0.564583 0.530469 0.037500 0.039062
8 0.528125 0.542188 0.039583 0.059375
8 0.417708 0.541406 0.043750 0.032813
8 0.416667 0.576562 0.041667 0.031250
8 0.818750 0.850781 0.187500 0.095312