1 0.148958 0.500781 0.268750 0.970313
1 0.436458 0.421094 0.506250 0.535937
1 0.398958 0.853906 0.639583 0.270313
2 0.855208 0.325000 0.272917 0.621875
3 0.579167 0.255469 0.154167 0.170313
5 0.741667 0.303125 0.179167 0.096875
5 0.723958 0.424219 0.172917 0.089063
5 0.830208 0.517969 0.122917 0.076563
5 0.821875 0.727344 0.335417 0.420312
6 0.660417 0.031250 0.133333 0.037500
6 0.683333 0.146094 0.150000 0.179688
7 0.104167 0.342969 0.029167 0.020313
7 0.071875 0.437500 0.031250 0.021875
7 0.035417 0.539844 0.029167 0.032813
8 0.617708 0.066406 0.260417 0.085938
8 0.286458 0.191406 0.089583 0.123438
8 0.601042 0.191406 0.110417 0.054688
8 0.396875 0.396094 0.106250 0.060937
8 0.573958 0.710938 0.264583 0.168750
8 0.755208 0.772656 0.077083 0.098437
8 0.744792 0.875000 0.118750 0.093750