1 0.056250 0.098437 0.079167 0.175000
1 0.115625 0.273438 0.085417 0.115625
1 0.415625 0.484375 0.443750 0.078125
1 0.527083 0.613281 0.383333 0.160938
1 0.180208 0.685937 0.177083 0.300000
1 0.366667 0.838281 0.641667 0.295312
2 0.878125 0.233594 0.227083 0.442188
2 0.947917 0.363281 0.079167 0.051562
2 0.962500 0.455469 0.054167 0.095312
4 0.660417 0.212500 0.083333 0.071875
4 0.902083 0.753906 0.125000 0.114062
5 0.675000 0.124219 0.191667 0.223438
5 0.731250 0.208594 0.216667 0.135937
5 0.697917 0.452344 0.154167 0.107813
5 0.835417 0.714844 0.312500 0.548438
5 0.765625 0.725781 0.106250 0.117188
5 0.682292 0.733594 0.068750 0.073438
6 0.723958 0.116406 0.060417 0.067187
6 0.726042 0.323437 0.152083 0.090625
6 0.917708 0.535156 0.147917 0.429688
6 0.716667 0.380469 0.104167 0.035937
6 0.715625 0.762500 0.093750 0.062500
6 0.704167 0.891406 0.070833 0.195312
7 0.473958 0.083594 0.131250 0.117188
7 0.188542 0.097656 0.131250 0.117188
7 0.298958 0.096094 0.102083 0.117188
7 0.484375 0.210938 0.114583 0.090625
7 0.126042 0.588281 0.222917 0.804688
7 0.523958 0.451562 0.031250 0.053125
7 0.445833 0.604688 0.050000 0.053125
7 0.507292 0.900781 0.239583 0.173437
8 0.650000 0.087500 0.062500 0.131250
8 0.347917 0.175000 0.079167 0.175000
8 0.690625 0.131250 0.010417 0.037500
8 0.626042 0.334375 0.072917 0.031250
8 0.882292 0.435937 0.060417 0.118750
8 0.433333 0.414844 0.295833 0.023438
8 0.757292 0.592187 0.214583 0.256250
8 0.262500 0.728125 0.175000 0.459375
8 0.934375 0.571875 0.081250 0.137500
8 0.623958 0.601562 0.031250 0.046875
8 0.677083 0.842969 0.025000 0.048438
8 0.867708 0.946875 0.202083 0.087500
8 0.687500 0.942969 0.025000 0.045312