1 0.378125 0.376563 0.722917 0.731250
1 0.673958 0.107031 0.056250 0.126562
1 0.369792 0.578125 0.460417 0.212500
2 0.617708 0.082812 0.014583 0.081250
2 0.876042 0.595313 0.222917 0.781250
2 0.828125 0.423438 0.077083 0.034375
2 0.818750 0.554688 0.045833 0.062500
3 0.615625 0.359375 0.297917 0.078125
3 0.661458 0.566406 0.152083 0.142187
5 0.668750 0.067969 0.100000 0.110937
5 0.829167 0.158594 0.320833 0.289062
5 0.747917 0.499219 0.291667 0.201563
5 0.720833 0.721875 0.237500 0.178125
6 0.629167 0.125781 0.050000 0.220312
7 0.425000 0.103125 0.233333 0.181250
7 0.082292 0.660156 0.135417 0.539062
7 0.471875 0.521094 0.039583 0.039062
7 0.413542 0.584375 0.085417 0.046875
7 0.560417 0.618750 0.075000 0.046875
8 0.157292 0.069531 0.093750 0.117188
8 0.602083 0.042188 0.025000 0.053125
8 0.741667 0.182812 0.229167 0.196875
8 0.600000 0.140625 0.025000 0.043750
8 0.869792 0.710156 0.168750 0.185938
8 0.439583 0.778906 0.708333 0.082812
8 0.411458 0.940625 0.727083 0.096875