1 0.502083 0.449219 0.975000 0.870313
1 0.471875 0.189844 0.102083 0.039062
1 0.635417 0.192969 0.150000 0.004687
1 0.421875 0.940625 0.814583 0.096875
3 0.257292 0.189844 0.489583 0.354687
3 0.161458 0.064062 0.197917 0.015625
3 0.801042 0.523438 0.106250 0.356250
3 0.917708 0.525000 0.143750 0.353125
3 0.232292 0.675000 0.435417 0.556250
5 0.940625 0.174219 0.097917 0.123438
7 0.057292 0.329688 0.072917 0.025000
7 0.233333 0.366406 0.175000 0.042188
7 0.435417 0.368750 0.175000 0.034375
7 0.780208 0.496094 0.064583 0.214062
7 0.651042 0.416406 0.231250 0.039062
7 0.659375 0.425781 0.197917 0.035937
7 0.665625 0.522656 0.156250 0.098437
8 0.183333 0.135156 0.337500 0.198437
8 0.667708 0.167187 0.539583 0.234375
8 0.087500 0.281250 0.141667 0.128125
8 0.296875 0.271094 0.189583 0.092188
8 0.518750 0.307812 0.041667 0.018750
8 0.684375 0.460156 0.135417 0.023438
8 0.736458 0.592187 0.022917 0.028125
8 0.723958 0.627344 0.052083 0.035937
8 0.722917 0.662500 0.050000 0.031250
8 0.814583 0.835156 0.350000 0.310937