1 0.501042 0.452344 0.972917 0.670312
1 0.208333 0.503906 0.137500 0.204687
2 0.762500 0.449219 0.166667 0.114062
2 0.918750 0.477344 0.141667 0.170313
3 0.228125 0.125000 0.431250 0.228125
3 0.832292 0.178906 0.322917 0.335938
3 0.641667 0.189062 0.100000 0.190625
3 0.503125 0.859375 0.977083 0.259375
4 0.644792 0.428125 0.114583 0.068750
7 0.706250 0.160156 0.158333 0.289062
7 0.462500 0.468750 0.254167 0.078125
7 0.570833 0.571875 0.841667 0.134375
7 0.280208 0.831250 0.202083 0.084375
8 0.510417 0.073438 0.116667 0.115625
8 0.729167 0.029687 0.029167 0.028125
8 0.410417 0.267188 0.050000 0.028125
8 0.545833 0.300781 0.112500 0.042188
8 0.885417 0.671875 0.208333 0.131250
8 0.808333 0.694531 0.212500 0.154688
8 0.517708 0.755469 0.289583 0.051562
8 0.732292 0.803125 0.131250 0.046875
8 0.533333 0.803125 0.204167 0.043750
8 0.454167 0.877344 0.095833 0.051562
8 0.166667 0.900000 0.133333 0.021875