1 0.503125 0.101562 0.977083 0.178125
1 0.460417 0.427344 0.370833 0.473438
1 0.484375 0.844531 0.939583 0.207813
2 0.933333 0.845313 0.112500 0.168750
3 0.152083 0.252344 0.279167 0.135937
3 0.503125 0.477344 0.977083 0.585938
3 0.170833 0.397656 0.308333 0.151562
7 0.230208 0.312500 0.106250 0.015625
7 0.441667 0.342969 0.108333 0.064062
7 0.233333 0.342969 0.095833 0.017188
7 0.398958 0.465625 0.056250 0.065625
7 0.950000 0.457031 0.070833 0.020313
7 0.419792 0.523438 0.085417 0.037500
7 0.295833 0.584375 0.083333 0.034375
7 0.851042 0.667969 0.097917 0.020313
7 0.834375 0.693750 0.089583 0.018750
7 0.183333 0.732812 0.079167 0.018750
7 0.510417 0.733594 0.066667 0.014063
7 0.502083 0.960938 0.979167 0.062500
8 0.598958 0.252344 0.331250 0.123438
8 0.414583 0.286719 0.087500 0.054688
8 0.668750 0.439844 0.108333 0.157812
8 0.585417 0.466406 0.079167 0.048438
8 0.604167 0.612500 0.170833 0.165625
8 0.566667 0.553906 0.108333 0.035937
8 0.530208 0.854688 0.422917 0.178125