1 0.053125 0.571094 0.081250 0.832812
1 0.350000 0.392969 0.466667 0.379688
1 0.314583 0.743750 0.416667 0.334375
2 0.927083 0.796875 0.120833 0.100000
2 0.913542 0.928906 0.152083 0.123438
5 0.847917 0.348438 0.287500 0.675000
5 0.621875 0.109375 0.197917 0.187500
5 0.661458 0.323437 0.172917 0.168750
5 0.786458 0.660937 0.406250 0.206250
5 0.804167 0.823438 0.366667 0.137500
6 0.698958 0.484375 0.085417 0.146875
6 0.745833 0.774219 0.041667 0.026562
7 0.288542 0.082031 0.472917 0.120313
7 0.201042 0.104688 0.352083 0.143750
7 0.564583 0.734375 0.187500 0.315625
7 0.614583 0.592969 0.041667 0.032813
7 0.639583 0.619531 0.045833 0.054688
7 0.279167 0.738281 0.216667 0.214062
8 0.506250 0.167969 0.204167 0.223438
8 0.687500 0.424219 0.037500 0.029687
8 0.573958 0.496875 0.210417 0.162500
8 0.906250 0.535156 0.170833 0.204687
8 0.456250 0.618750 0.041667 0.040625
8 0.495833 0.619531 0.033333 0.014063
8 0.678125 0.767969 0.206250 0.132812
8 0.491667 0.823438 0.062500 0.015625
8 0.601042 0.877344 0.081250 0.067187
8 0.493750 0.857031 0.058333 0.010937
8 0.508333 0.922656 0.075000 0.023438
8 0.504167 0.941406 0.083333 0.014063