1 0.318750 0.382812 0.612500 0.737500
1 0.712500 0.248438 0.070833 0.034375
1 0.700000 0.314844 0.104167 0.064062
1 0.785417 0.344531 0.150000 0.079687
1 0.344792 0.750000 0.585417 0.075000
1 0.528125 0.864844 0.518750 0.235937
1 0.139583 0.872656 0.250000 0.232813
2 0.885417 0.100000 0.200000 0.159375
2 0.912500 0.244531 0.145833 0.145313
2 0.922917 0.389062 0.137500 0.115625
2 0.964583 0.485156 0.045833 0.029687
2 0.965625 0.527344 0.039583 0.032813
2 0.967708 0.598437 0.043750 0.078125
2 0.968750 0.673438 0.037500 0.043750
2 0.873958 0.840625 0.231250 0.275000
5 0.682292 0.086719 0.281250 0.148438
5 0.784375 0.260156 0.414583 0.220312
5 0.814583 0.619531 0.350000 0.235937
6 0.726042 0.144531 0.177083 0.089063
6 0.697917 0.262500 0.108333 0.050000
6 0.794792 0.464062 0.377083 0.378125
6 0.896875 0.539062 0.093750 0.037500
6 0.926042 0.599219 0.085417 0.073438
7 0.278125 0.074219 0.164583 0.095312
7 0.538542 0.247656 0.102083 0.085938
7 0.407292 0.285156 0.102083 0.073438
7 0.247917 0.545312 0.195833 0.153125
7 0.425000 0.749219 0.458333 0.045312
7 0.555208 0.854688 0.431250 0.168750
8 0.615625 0.139063 0.056250 0.078125
8 0.521875 0.180469 0.052083 0.039062
8 0.581250 0.432812 0.062500 0.028125
8 0.530208 0.435156 0.043750 0.020313
8 0.587500 0.461719 0.070833 0.026562
8 0.580208 0.519531 0.106250 0.085938
8 0.609375 0.564844 0.052083 0.035937
8 0.605208 0.618750 0.077083 0.065625