1 0.043750 0.171094 0.045833 0.251563
1 0.498958 0.214062 0.147917 0.050000
1 0.500000 0.592187 0.970833 0.796875
5 0.777083 0.422656 0.416667 0.592187
6 0.916667 0.079687 0.150000 0.131250
6 0.792708 0.123438 0.064583 0.078125
6 0.943750 0.328125 0.087500 0.187500
6 0.890625 0.805469 0.193750 0.245312
7 0.369792 0.103906 0.318750 0.179688
7 0.128125 0.105469 0.189583 0.179688
7 0.600000 0.077344 0.058333 0.076563
7 0.622917 0.154688 0.100000 0.053125
7 0.392708 0.243750 0.360417 0.106250
7 0.403125 0.410156 0.143750 0.089063
7 0.296875 0.583594 0.227083 0.129688
7 0.704167 0.884375 0.254167 0.153125
7 0.818750 0.873437 0.075000 0.065625
7 0.454167 0.922656 0.162500 0.132812
8 0.604167 0.091406 0.287500 0.157812
8 0.813542 0.097656 0.122917 0.167187
8 0.919792 0.132812 0.106250 0.090625
8 0.926042 0.192188 0.052083 0.084375
8 0.836458 0.292969 0.172917 0.220312
8 0.682292 0.348438 0.118750 0.096875
8 0.753125 0.468750 0.089583 0.106250
8 0.761458 0.569531 0.139583 0.101562
8 0.704167 0.742969 0.241667 0.126562
8 0.814583 0.814063 0.045833 0.028125