1 0.445833 0.032031 0.341667 0.042188
1 0.277083 0.131250 0.525000 0.234375
1 0.297917 0.301563 0.566667 0.190625
1 0.221875 0.943750 0.414583 0.090625
2 0.770833 0.357812 0.437500 0.687500
3 0.423958 0.488281 0.802083 0.292187
3 0.493750 0.770312 0.962500 0.331250
6 0.579167 0.321094 0.158333 0.045312
7 0.329167 0.163281 0.433333 0.145313
7 0.147917 0.340625 0.087500 0.034375
7 0.213542 0.735156 0.077083 0.079687
7 0.418750 0.740625 0.129167 0.081250
8 0.741667 0.589063 0.237500 0.062500
8 0.846875 0.683594 0.193750 0.135937
8 0.716667 0.710156 0.179167 0.167187
8 0.577083 0.727344 0.179167 0.164062
8 0.265625 0.726562 0.022917 0.121875
8 0.084375 0.764844 0.135417 0.189062
8 0.410417 0.696094 0.108333 0.051562
8 0.892708 0.851562 0.197917 0.281250
8 0.400000 0.803906 0.183333 0.054688
8 0.655208 0.901563 0.481250 0.178125