1 0.252083 0.041406 0.475000 0.060937
1 0.296875 0.673438 0.564583 0.309375
1 0.206250 0.879687 0.383333 0.156250
1 0.127083 0.967969 0.220833 0.048438
2 0.940625 0.359375 0.097917 0.087500
2 0.831250 0.364063 0.091667 0.037500
2 0.837500 0.397656 0.100000 0.045312
2 0.939583 0.462500 0.100000 0.071875
3 0.728125 0.605469 0.235417 0.173437
5 0.540625 0.065625 0.135417 0.106250
5 0.838542 0.246094 0.302083 0.251563
5 0.761458 0.425000 0.456250 0.153125
5 0.650000 0.398438 0.137500 0.015625
5 0.802083 0.585938 0.375000 0.246875
6 0.783333 0.805469 0.254167 0.276562
6 0.552083 0.891406 0.433333 0.198437
7 0.348958 0.313281 0.672917 0.460938
7 0.573958 0.664844 0.052083 0.032813
7 0.557292 0.696875 0.052083 0.031250
7 0.242708 0.864844 0.135417 0.060937
7 0.092708 0.878125 0.156250 0.053125
8 0.793750 0.110156 0.391667 0.198437
8 0.638542 0.213281 0.068750 0.039062
8 0.522917 0.579688 0.087500 0.087500
8 0.954167 0.839844 0.075000 0.282813
8 0.730208 0.797656 0.047917 0.089063
8 0.691667 0.900000 0.170833 0.131250
8 0.545833 0.908594 0.125000 0.101562
8 0.321875 0.946094 0.152083 0.020313
8 0.309375 0.970313 0.177083 0.040625