1 0.478125 0.501563 0.931250 0.975000
1 0.434375 0.050781 0.443750 0.076563
1 0.483333 0.129688 0.341667 0.087500
1 0.801042 0.778125 0.156250 0.096875
1 0.772917 0.867188 0.075000 0.075000
1 0.850000 0.871875 0.070833 0.050000
2 0.836458 0.621094 0.302083 0.404687
5 0.816667 0.104688 0.350000 0.181250
5 0.645833 0.360938 0.170833 0.125000
6 0.816667 0.808594 0.350000 0.364063
7 0.517708 0.119531 0.277083 0.067187
7 0.526042 0.217969 0.389583 0.082812
7 0.207292 0.217969 0.039583 0.057813
7 0.521875 0.297656 0.377083 0.164062
7 0.552083 0.259375 0.279167 0.018750
7 0.335417 0.512500 0.041667 0.034375
7 0.488542 0.596094 0.306250 0.026562
7 0.452083 0.645312 0.066667 0.021875
7 0.860417 0.940625 0.050000 0.012500
8 0.705208 0.049219 0.097917 0.057813
8 0.830208 0.229687 0.318750 0.406250
8 0.706250 0.093750 0.058333 0.053125
8 0.590625 0.492188 0.389583 0.146875
8 0.693750 0.588281 0.091667 0.082812
8 0.596875 0.751563 0.197917 0.231250
8 0.670833 0.884375 0.066667 0.143750
8 0.631250 0.886719 0.025000 0.092188