1 0.289583 0.194531 0.550000 0.364063
1 0.366667 0.103906 0.020833 0.176563
1 0.530208 0.208594 0.364583 0.029687
1 0.668750 0.240625 0.087500 0.028125
1 0.502083 0.512500 0.975000 0.290625
1 0.151042 0.738281 0.272917 0.379688
1 0.440625 0.639844 0.293750 0.157812
1 0.418750 0.935156 0.804167 0.110937
2 0.896875 0.052344 0.160417 0.076563
2 0.858333 0.113281 0.212500 0.042188
2 0.853125 0.174219 0.197917 0.042188
2 0.806250 0.286719 0.062500 0.029687
2 0.871875 0.365625 0.135417 0.050000
2 0.878125 0.707812 0.218750 0.103125
3 0.489583 0.587500 0.200000 0.050000
3 0.706250 0.687500 0.237500 0.075000
3 0.337500 0.803125 0.312500 0.250000
3 0.454167 0.853906 0.054167 0.095312
5 0.790625 0.032813 0.064583 0.040625
5 0.693750 0.123438 0.175000 0.028125
5 0.832292 0.256250 0.256250 0.246875
5 0.801042 0.877344 0.381250 0.226562
6 0.968750 0.242188 0.041667 0.453125
6 0.768750 0.192969 0.029167 0.017188
6 0.801042 0.287500 0.139583 0.046875
6 0.798958 0.358594 0.231250 0.067187
6 0.814583 0.369531 0.079167 0.048438
7 0.559375 0.101562 0.364583 0.171875
7 0.497917 0.329688 0.158333 0.106250
7 0.371875 0.318750 0.039583 0.040625
7 0.431250 0.461719 0.220833 0.101562
7 0.938542 0.525781 0.056250 0.020313
7 0.218750 0.625781 0.070833 0.101562
8 0.690625 0.070312 0.543750 0.109375
8 0.617708 0.282813 0.152083 0.118750
8 0.707292 0.319531 0.039583 0.035937
8 0.693750 0.353125 0.016667 0.031250
8 0.555208 0.500000 0.039583 0.025000
8 0.564583 0.582031 0.062500 0.029687
8 0.563542 0.703906 0.056250 0.017188
8 0.635417 0.828906 0.579167 0.207813
8 0.935417 0.804688 0.050000 0.021875
8 0.712500 0.834375 0.170833 0.071875
8 0.870833 0.814063 0.104167 0.018750
8 0.231250 0.834375 0.033333 0.046875