1 0.231250 0.497656 0.437500 0.973437
1 0.470833 0.398438 0.737500 0.768750
1 0.473958 0.808594 0.306250 0.023438
2 0.914583 0.147656 0.154167 0.267188
2 0.955208 0.395313 0.068750 0.162500
2 0.853125 0.675781 0.268750 0.342187
2 0.976042 0.776563 0.027083 0.034375
3 0.787500 0.113281 0.195833 0.139063
3 0.656250 0.741406 0.141667 0.070312
5 0.832292 0.360156 0.318750 0.285938
5 0.670833 0.444531 0.254167 0.179688
5 0.741667 0.581250 0.083333 0.090625
5 0.659375 0.682813 0.210417 0.103125
5 0.698958 0.860938 0.197917 0.137500
6 0.885417 0.802344 0.208333 0.254688
7 0.353125 0.031250 0.193750 0.040625
7 0.413542 0.376563 0.493750 0.315625
7 0.535417 0.790625 0.479167 0.053125
7 0.456250 0.856250 0.329167 0.068750
7 0.335417 0.950781 0.254167 0.067187
8 0.683333 0.087500 0.075000 0.121875
8 0.728125 0.232031 0.264583 0.139063
8 0.755208 0.363281 0.060417 0.120313
8 0.793750 0.390625 0.025000 0.075000
8 0.648958 0.458594 0.052083 0.048438
8 0.673958 0.592969 0.356250 0.173437
8 0.575000 0.699219 0.029167 0.079687
8 0.872917 0.786719 0.050000 0.042188
8 0.711458 0.923438 0.560417 0.125000