1 0.343750 0.250781 0.362500 0.479687
1 0.357292 0.435156 0.689583 0.842187
1 0.596875 0.332813 0.135417 0.168750
1 0.351042 0.515625 0.377083 0.053125
2 0.822917 0.227344 0.333333 0.432812
2 0.870833 0.651563 0.233333 0.396875
3 0.689583 0.689063 0.158333 0.134375
5 0.529167 0.032031 0.066667 0.039062
5 0.701042 0.048438 0.147917 0.065625
5 0.698958 0.150000 0.172917 0.121875
5 0.519792 0.134375 0.064583 0.078125
5 0.773958 0.505469 0.418750 0.295312
5 0.550000 0.597656 0.179167 0.064062
5 0.531250 0.575000 0.116667 0.012500
5 0.741667 0.824219 0.379167 0.135937
5 0.916667 0.940625 0.150000 0.103125
6 0.664583 0.140625 0.250000 0.256250
7 0.391667 0.228125 0.325000 0.368750
7 0.381250 0.515625 0.120833 0.031250
7 0.310417 0.660156 0.175000 0.098437
7 0.312500 0.901563 0.595833 0.181250
8 0.567708 0.057813 0.031250 0.071875
8 0.609375 0.465625 0.131250 0.218750
8 0.709375 0.485156 0.081250 0.114062
8 0.262500 0.592187 0.091667 0.043750
8 0.266667 0.625000 0.095833 0.065625
8 0.588542 0.667969 0.064583 0.092188
8 0.585417 0.717969 0.075000 0.023438
8 0.753125 0.839063 0.047917 0.096875
8 0.704167 0.905469 0.566667 0.170313