1 0.398958 0.151562 0.772917 0.275000
1 0.921875 0.064844 0.135417 0.095312
1 0.918750 0.165625 0.137500 0.143750
1 0.978125 0.207813 0.022917 0.037500
1 0.913542 0.247656 0.127083 0.039062
1 0.266667 0.632812 0.500000 0.715625
1 0.881250 0.296094 0.062500 0.035937
1 0.578125 0.733594 0.106250 0.123438
1 0.373958 0.961719 0.460417 0.054688
2 0.816667 0.630469 0.350000 0.714063
5 0.569792 0.421094 0.093750 0.035937
5 0.556250 0.445312 0.112500 0.021875
5 0.713542 0.457813 0.093750 0.012500
5 0.673958 0.478906 0.106250 0.035937
5 0.637500 0.503125 0.120833 0.075000
5 0.491667 0.499219 0.037500 0.054688
5 0.637500 0.591406 0.129167 0.092188
5 0.492708 0.585156 0.047917 0.057813
5 0.729167 0.869531 0.379167 0.239063
5 0.487500 0.871875 0.075000 0.059375
6 0.804167 0.244531 0.375000 0.460938
6 0.542708 0.440625 0.052083 0.012500
6 0.628125 0.569531 0.231250 0.223438
7 0.383333 0.565625 0.275000 0.553125
7 0.366667 0.961719 0.129167 0.032813
8 0.631250 0.206250 0.383333 0.275000
8 0.521875 0.338281 0.189583 0.185938
8 0.569792 0.875000 0.093750 0.196875
8 0.677083 0.872656 0.087500 0.120313