1 0.290625 0.485938 0.543750 0.525000
1 0.501042 0.871875 0.972917 0.234375
2 0.780208 0.392188 0.418750 0.756250
2 0.958333 0.249219 0.066667 0.470313
3 0.448958 0.045312 0.352083 0.065625
3 0.487500 0.196094 0.108333 0.110937
3 0.532292 0.629687 0.197917 0.103125
3 0.831250 0.810156 0.320833 0.335938
4 0.651042 0.294531 0.564583 0.567187
7 0.336458 0.196094 0.227083 0.064062
7 0.113542 0.394531 0.197917 0.439063
7 0.402083 0.644531 0.083333 0.026562
7 0.312500 0.658594 0.212500 0.042188
7 0.308333 0.852344 0.591667 0.167187
8 0.486458 0.027344 0.035417 0.020313
8 0.576042 0.036719 0.056250 0.042188
8 0.539583 0.108594 0.075000 0.079687
8 0.434375 0.399219 0.135417 0.285938
8 0.539583 0.732812 0.129167 0.056250