1 0.523958 0.078906 0.935417 0.135937
1 0.201042 0.110156 0.368750 0.089063
1 0.272917 0.535937 0.516667 0.134375
1 0.230208 0.971094 0.431250 0.035937
2 0.829167 0.273438 0.320833 0.271875
2 0.769792 0.588281 0.443750 0.804688
2 0.723958 0.477344 0.072917 0.060937
2 0.659375 0.592187 0.089583 0.062500
3 0.301042 0.789844 0.568750 0.379688
4 0.692708 0.895312 0.343750 0.184375
5 0.598958 0.380469 0.489583 0.510938
5 0.543750 0.333594 0.062500 0.017188
7 0.454167 0.080469 0.879167 0.129688
7 0.201042 0.300781 0.377083 0.351562
8 0.523958 0.310937 0.160417 0.256250
8 0.511458 0.493750 0.097917 0.131250
8 0.680208 0.521875 0.110417 0.134375
8 0.237500 0.546875 0.170833 0.112500
8 0.517708 0.792969 0.172917 0.282813
8 0.431250 0.735156 0.079167 0.160938
8 0.205208 0.738281 0.114583 0.164062
8 0.075000 0.741406 0.112500 0.157812
8 0.327083 0.730469 0.083333 0.114062
8 0.326042 0.875781 0.060417 0.126562
8 0.412500 0.876563 0.050000 0.121875
8 0.197917 0.879687 0.091667 0.121875
8 0.083333 0.900000 0.100000 0.131250
8 0.483333 0.969531 0.075000 0.035937