1 0.044792 0.237500 0.060417 0.387500
1 0.137500 0.625000 0.245833 0.734375
1 0.612500 0.956250 0.170833 0.062500
2 0.906250 0.308594 0.166667 0.160938
2 0.844792 0.639062 0.289583 0.168750
3 0.403125 0.053906 0.122917 0.073438
3 0.441667 0.279687 0.158333 0.103125
3 0.587500 0.685156 0.220833 0.485938
5 0.763542 0.041406 0.127083 0.057813
5 0.833333 0.181250 0.100000 0.075000
5 0.493750 0.197656 0.141667 0.098437
5 0.573958 0.202344 0.022917 0.042188
5 0.808333 0.275781 0.195833 0.107813
5 0.614583 0.352344 0.054167 0.054688
5 0.656250 0.421875 0.091667 0.078125
5 0.902083 0.448437 0.141667 0.040625
5 0.745833 0.592969 0.204167 0.101562
5 0.584375 0.624219 0.031250 0.060937
5 0.776042 0.818750 0.043750 0.062500
5 0.642708 0.882812 0.060417 0.087500
5 0.806250 0.917969 0.095833 0.139063
6 0.640625 0.130469 0.318750 0.235937
6 0.795833 0.023438 0.070833 0.021875
6 0.905208 0.129688 0.168750 0.231250
6 0.746875 0.148438 0.035417 0.050000
6 0.768750 0.288281 0.308333 0.189062
6 0.813542 0.275000 0.060417 0.078125
6 0.756250 0.246875 0.062500 0.015625
6 0.502083 0.266406 0.062500 0.035937
6 0.544792 0.316406 0.056250 0.104688
6 0.568750 0.392188 0.054167 0.118750
6 0.833333 0.475781 0.316667 0.276562
6 0.907292 0.466406 0.035417 0.020313
6 0.721875 0.596094 0.277083 0.179688
6 0.676042 0.524219 0.043750 0.014063
6 0.886458 0.839063 0.202083 0.296875
6 0.740625 0.846094 0.189583 0.248438
7 0.234375 0.086719 0.431250 0.145313
7 0.470833 0.107813 0.029167 0.028125
7 0.462500 0.153125 0.033333 0.034375
7 0.250000 0.203125 0.383333 0.121875
7 0.357292 0.409375 0.231250 0.228125
7 0.097917 0.659375 0.141667 0.543750
7 0.345833 0.628125 0.287500 0.203125
7 0.332292 0.863281 0.347917 0.248438
8 0.339583 0.237500 0.054167 0.031250
8 0.340625 0.279687 0.060417 0.031250
8 0.527083 0.467969 0.054167 0.026562
8 0.528125 0.503125 0.064583 0.040625