1 0.046875 0.401562 0.064583 0.771875
1 0.254167 0.811719 0.475000 0.117188
1 0.796875 0.893750 0.385417 0.193750
2 0.833333 0.278125 0.312500 0.468750
2 0.704167 0.566406 0.125000 0.179688
3 0.460417 0.089063 0.175000 0.143750
3 0.566667 0.573438 0.158333 0.218750
3 0.555208 0.756250 0.131250 0.106250
5 0.796875 0.134375 0.356250 0.203125
5 0.705208 0.300000 0.156250 0.103125
5 0.547917 0.314844 0.037500 0.067187
5 0.705208 0.451562 0.277083 0.106250
5 0.732292 0.675781 0.060417 0.042188
5 0.794792 0.753906 0.160417 0.070312
5 0.631250 0.787500 0.066667 0.031250
5 0.893750 0.802344 0.187500 0.057813
5 0.575000 0.792188 0.045833 0.031250
6 0.675000 0.091406 0.116667 0.157812
6 0.576042 0.076563 0.068750 0.121875
6 0.677083 0.281250 0.341667 0.403125
6 0.827083 0.172656 0.108333 0.104688
6 0.533333 0.233594 0.062500 0.189062
6 0.707292 0.235156 0.152083 0.023438
6 0.670833 0.310156 0.016667 0.076563
6 0.763542 0.367188 0.052083 0.025000
6 0.761458 0.428125 0.022917 0.025000
6 0.741667 0.466406 0.070833 0.057813
6 0.872917 0.628906 0.233333 0.289062
6 0.597917 0.682031 0.066667 0.114062
6 0.726042 0.646094 0.027083 0.029687
6 0.691667 0.720313 0.154167 0.156250
7 0.234375 0.110156 0.297917 0.192188
7 0.269792 0.329688 0.402083 0.246875
7 0.266667 0.606250 0.441667 0.287500
7 0.377083 0.876563 0.725000 0.225000
8 0.356250 0.100781 0.050000 0.079687
8 0.451042 0.199219 0.093750 0.039062
8 0.508333 0.280469 0.020833 0.120313
8 0.508333 0.363281 0.025000 0.051562
8 0.538542 0.495312 0.035417 0.034375
8 0.878125 0.871094 0.227083 0.173437