1 0.269792 0.521094 0.510417 0.704688
2 0.765625 0.500000 0.452083 0.971875
2 0.760417 0.965625 0.191667 0.046875
3 0.391667 0.175000 0.208333 0.234375
3 0.485417 0.677344 0.208333 0.373437
3 0.367708 0.928125 0.277083 0.112500
5 0.782292 0.096875 0.314583 0.171875
5 0.490625 0.587500 0.039583 0.071875
5 0.797917 0.768750 0.325000 0.346875
6 0.693750 0.195312 0.375000 0.365625
6 0.701042 0.755469 0.385417 0.467187
6 0.823958 0.953906 0.127083 0.070312
7 0.119792 0.098437 0.214583 0.175000
7 0.279167 0.102344 0.075000 0.182812
7 0.072917 0.288281 0.120833 0.189062
7 0.236458 0.301563 0.156250 0.162500
7 0.108333 0.417187 0.162500 0.056250
7 0.230208 0.421875 0.147917 0.065625
7 0.315625 0.425781 0.081250 0.070312
7 0.077083 0.551562 0.120833 0.181250
7 0.238542 0.549219 0.147917 0.151562
7 0.286458 0.741406 0.072917 0.170313
7 0.123958 0.752344 0.218750 0.179688
7 0.287500 0.862500 0.079167 0.040625
7 0.123958 0.921875 0.218750 0.137500
7 0.287500 0.986719 0.066667 0.007812
8 0.478125 0.412500 0.193750 0.109375
8 0.359375 0.720313 0.060417 0.050000
8 0.371875 0.769531 0.056250 0.045312