1 0.220833 0.328125 0.408333 0.625000
1 0.151042 0.828906 0.264583 0.323437
1 0.155208 0.870313 0.118750 0.125000
2 0.785417 0.500000 0.412500 0.971875
2 0.608333 0.232031 0.020833 0.060937
2 0.628125 0.949219 0.093750 0.073438
3 0.470833 0.089844 0.083333 0.148438
3 0.489583 0.392188 0.162500 0.453125
5 0.706250 0.250781 0.291667 0.314063
5 0.453125 0.940625 0.218750 0.090625
5 0.667708 0.930469 0.047917 0.051562
6 0.635417 0.251563 0.341667 0.471875
6 0.754167 0.086719 0.083333 0.042188
6 0.711458 0.131250 0.060417 0.028125
6 0.643750 0.251563 0.037500 0.025000
6 0.586458 0.778906 0.381250 0.292187
6 0.411458 0.778125 0.022917 0.071875
7 0.186458 0.121094 0.322917 0.217188
7 0.183333 0.486719 0.320833 0.467187
7 0.404167 0.746094 0.025000 0.054688
7 0.203125 0.867188 0.318750 0.246875
8 0.406250 0.370312 0.025000 0.040625
8 0.392708 0.592969 0.052083 0.020313
8 0.376042 0.658594 0.060417 0.026562
8 0.440625 0.703906 0.072917 0.060937
8 0.333333 0.722656 0.087500 0.045312
8 0.673958 0.780469 0.314583 0.123438