1 0.504167 0.326562 0.975000 0.625000
1 0.617708 0.325000 0.110417 0.084375
2 0.943750 0.434375 0.095833 0.093750
2 0.816667 0.739844 0.345833 0.492188
3 0.494792 0.628906 0.081250 0.129688
3 0.520833 0.746875 0.191667 0.175000
3 0.535417 0.909375 0.216667 0.153125
6 0.880208 0.249219 0.222917 0.326562
6 0.726042 0.178125 0.047917 0.084375
6 0.698958 0.407813 0.039583 0.065625
6 0.762500 0.450000 0.025000 0.087500
6 0.683333 0.528125 0.329167 0.184375
6 0.865625 0.490625 0.239583 0.090625
6 0.430208 0.596094 0.056250 0.139063
6 0.564583 0.737500 0.137500 0.156250
7 0.391667 0.078906 0.683333 0.135937
7 0.896875 0.024219 0.081250 0.026562
7 0.866667 0.057813 0.083333 0.040625
7 0.076042 0.122656 0.118750 0.076563
7 0.292708 0.250000 0.081250 0.059375
7 0.234375 0.305469 0.168750 0.073438
7 0.239583 0.454688 0.100000 0.062500
7 0.381250 0.482812 0.087500 0.043750
7 0.214583 0.747656 0.404167 0.429688
8 0.801042 0.150000 0.110417 0.153125
8 0.777083 0.363281 0.204167 0.335938
8 0.488542 0.317969 0.335417 0.235937
8 0.876042 0.388281 0.081250 0.132812
8 0.805208 0.440625 0.081250 0.137500
8 0.494792 0.502344 0.081250 0.117188
8 0.711458 0.659375 0.339583 0.159375
8 0.487500 0.743750 0.033333 0.096875
8 0.404167 0.735156 0.025000 0.045312
8 0.713542 0.785937 0.181250 0.134375
8 0.402083 0.808594 0.037500 0.070312