1 0.091667 0.432031 0.158333 0.842187
1 0.239583 0.035937 0.120833 0.050000
1 0.300000 0.537500 0.320833 0.050000
1 0.273958 0.753125 0.297917 0.059375
1 0.359375 0.884375 0.689583 0.206250
2 0.894792 0.221094 0.189583 0.107813
2 0.791667 0.440625 0.395833 0.353125
2 0.917708 0.632812 0.085417 0.031250
2 0.934375 0.678906 0.106250 0.029687
2 0.954167 0.777344 0.070833 0.092188
3 0.482292 0.225781 0.218750 0.292187
3 0.592708 0.361719 0.202083 0.054688
5 0.809375 0.151562 0.368750 0.281250
5 0.580208 0.070312 0.093750 0.065625
5 0.606250 0.285938 0.116667 0.068750
5 0.691667 0.603906 0.454167 0.092188
5 0.811458 0.671094 0.043750 0.014063
5 0.891667 0.684375 0.066667 0.028125
5 0.866667 0.688281 0.070833 0.029687
5 0.813542 0.690625 0.027083 0.025000
5 0.605208 0.722656 0.064583 0.073438
5 0.884375 0.782813 0.210417 0.190625
6 0.775000 0.114062 0.287500 0.206250
6 0.572917 0.040625 0.070833 0.050000
6 0.854167 0.214062 0.020833 0.078125
6 0.590625 0.471094 0.202083 0.160938
6 0.700000 0.669531 0.120833 0.176563
6 0.877083 0.656250 0.183333 0.012500
6 0.793750 0.714844 0.041667 0.082812
6 0.875000 0.909375 0.225000 0.071875
7 0.081250 0.078906 0.041667 0.129688
7 0.392708 0.044531 0.181250 0.060937
7 0.054167 0.142969 0.083333 0.251563
7 0.282292 0.302344 0.277083 0.420312
7 0.052083 0.427344 0.054167 0.145313
7 0.658333 0.483594 0.129167 0.098437
7 0.040625 0.552344 0.052083 0.151562
7 0.459375 0.487500 0.047917 0.025000
7 0.646875 0.547656 0.135417 0.020313
7 0.279167 0.641406 0.283333 0.164062
8 0.539583 0.026562 0.066667 0.021875
8 0.593750 0.078906 0.120833 0.101562
8 0.664583 0.121875 0.037500 0.125000
8 0.371875 0.092969 0.022917 0.029687
8 0.361458 0.120313 0.035417 0.021875
8 0.365625 0.150000 0.039583 0.021875
8 0.364583 0.177344 0.033333 0.023438
8 0.357292 0.204687 0.035417 0.018750
8 0.561458 0.238281 0.031250 0.076563
8 0.362500 0.230469 0.037500 0.023438
8 0.358333 0.260937 0.037500 0.037500
8 0.932292 0.330469 0.114583 0.173437
8 0.360417 0.302344 0.025000 0.026562
8 0.743750 0.332031 0.070833 0.067187
8 0.475000 0.368750 0.033333 0.059375
8 0.408333 0.382031 0.037500 0.017188
8 0.656250 0.401562 0.125000 0.046875
8 0.405208 0.408594 0.027083 0.023438
8 0.505208 0.505469 0.039583 0.079687
8 0.954167 0.588281 0.079167 0.173437
8 0.510417 0.629687 0.145833 0.084375
8 0.757292 0.664062 0.068750 0.134375
8 0.415625 0.692969 0.077083 0.045312
8 0.651042 0.717969 0.035417 0.073438
8 0.714583 0.750000 0.025000 0.046875
8 0.422917 0.802344 0.120833 0.060937
8 0.657292 0.816406 0.077083 0.064062
8 0.453125 0.818750 0.168750 0.050000
8 0.606250 0.889844 0.116667 0.145313
8 0.715625 0.926562 0.102083 0.109375
8 0.960417 0.944531 0.062500 0.095312