1 0.059375 0.502344 0.093750 0.976562
1 0.286458 0.500000 0.402083 0.971875
1 0.553125 0.285156 0.181250 0.154688
2 0.758333 0.277344 0.220833 0.110937
2 0.696875 0.560156 0.185417 0.073438
2 0.738542 0.613281 0.106250 0.039062
2 0.810417 0.711719 0.195833 0.076563
2 0.937500 0.798438 0.104167 0.134375
2 0.856250 0.797656 0.054167 0.082812
2 0.650000 0.803906 0.079167 0.048438
3 0.505208 0.814844 0.139583 0.073438
5 0.868750 0.110937 0.245833 0.200000
5 0.601042 0.089063 0.064583 0.100000
5 0.720833 0.421875 0.208333 0.168750
5 0.617708 0.586719 0.214583 0.092188
5 0.700000 0.703125 0.250000 0.162500
5 0.510417 0.739844 0.041667 0.051562
5 0.935417 0.911719 0.112500 0.157812
5 0.647917 0.915625 0.070833 0.065625
5 0.486458 0.968750 0.077083 0.040625
6 0.934375 0.039062 0.102083 0.050000
6 0.584375 0.117188 0.072917 0.203125
6 0.809375 0.525781 0.364583 0.898438
6 0.709375 0.221094 0.072917 0.010937
6 0.656250 0.428906 0.283333 0.251563
6 0.684375 0.638281 0.206250 0.117188
6 0.497917 0.713281 0.045833 0.139063
6 0.598958 0.796094 0.022917 0.029687
6 0.602083 0.904687 0.141667 0.165625
6 0.454167 0.907813 0.025000 0.106250
6 0.758333 0.962500 0.058333 0.056250
7 0.241667 0.060156 0.133333 0.092188
7 0.476042 0.090625 0.160417 0.140625
7 0.278125 0.150781 0.139583 0.076563
7 0.320833 0.238281 0.241667 0.079687
7 0.353125 0.426563 0.281250 0.393750
7 0.032292 0.821094 0.039583 0.260937
8 0.746875 0.071875 0.247917 0.112500
8 0.226042 0.268750 0.056250 0.040625
8 0.530208 0.345313 0.027083 0.071875
8 0.604167 0.382031 0.037500 0.101562
8 0.557292 0.493750 0.093750 0.021875
8 0.571875 0.603906 0.047917 0.073438
8 0.497917 0.597656 0.029167 0.045312
8 0.553125 0.723437 0.068750 0.134375
8 0.362500 0.761719 0.095833 0.064062
8 0.426042 0.814063 0.031250 0.062500
8 0.394792 0.816406 0.031250 0.035937
8 0.646875 0.901563 0.189583 0.175000
8 0.781250 0.905469 0.100000 0.167187
8 0.384375 0.868750 0.139583 0.071875
8 0.283333 0.901563 0.083333 0.065625
8 0.400000 0.959375 0.070833 0.046875
8 0.513542 0.951562 0.068750 0.025000