1 0.768750 0.244531 0.445833 0.460938
1 0.145833 0.347656 0.245833 0.273438
1 0.052083 0.724219 0.075000 0.529687
1 0.294792 0.526563 0.185417 0.065625
1 0.456250 0.838281 0.083333 0.226562
2 0.783333 0.529687 0.412500 0.384375
2 0.827083 0.857812 0.325000 0.250000
2 0.522917 0.915625 0.054167 0.125000
3 0.507292 0.534375 0.135417 0.081250
5 0.630208 0.598437 0.331250 0.103125
5 0.827083 0.802344 0.320833 0.173437
5 0.447917 0.960156 0.154167 0.054688
6 0.557292 0.712500 0.160417 0.084375
6 0.597917 0.927344 0.070833 0.104688
7 0.572917 0.248438 0.825000 0.475000
7 0.108333 0.118750 0.187500 0.209375
7 0.168750 0.464062 0.216667 0.043750
7 0.134375 0.742969 0.181250 0.495312
7 0.310417 0.632031 0.175000 0.139063
7 0.033333 0.707812 0.037500 0.175000
7 0.308333 0.853906 0.200000 0.273438
8 0.946875 0.298438 0.085417 0.296875
8 0.723958 0.330469 0.064583 0.017188
8 0.690625 0.351562 0.072917 0.021875
8 0.666667 0.368750 0.050000 0.012500
8 0.402083 0.532813 0.062500 0.084375
8 0.531250 0.635938 0.270833 0.125000
8 0.357292 0.714844 0.206250 0.120313
8 0.535417 0.692969 0.087500 0.029687
8 0.635417 0.777344 0.375000 0.198437
8 0.382292 0.865625 0.043750 0.075000
8 0.605208 0.957812 0.047917 0.062500
8 0.830208 0.962500 0.243750 0.056250