1 0.066667 0.614844 0.104167 0.751563
1 0.201042 0.951562 0.181250 0.078125
2 0.813542 0.273438 0.347917 0.234375
2 0.765625 0.874219 0.443750 0.229687
3 0.712500 0.118750 0.554167 0.215625
5 0.568750 0.136719 0.258333 0.192188
5 0.460417 0.360938 0.100000 0.137500
5 0.708333 0.345313 0.258333 0.059375
5 0.778125 0.415625 0.243750 0.100000
5 0.910417 0.455469 0.070833 0.023438
5 0.557292 0.714063 0.168750 0.106250
5 0.542708 0.783594 0.168750 0.067187
6 0.843750 0.801562 0.291667 0.234375
6 0.642708 0.721094 0.052083 0.067187
7 0.180208 0.306250 0.197917 0.121875
7 0.290625 0.450000 0.272917 0.165625
7 0.045833 0.582812 0.033333 0.128125
7 0.280208 0.671094 0.227083 0.235937
7 0.030208 0.653125 0.031250 0.146875
7 0.078125 0.939844 0.039583 0.104688
8 0.554167 0.150781 0.041667 0.070312
8 0.612500 0.207813 0.058333 0.034375
8 0.564583 0.264844 0.116667 0.107813
8 0.562500 0.350000 0.250000 0.075000
8 0.631250 0.458594 0.362500 0.157812
8 0.730208 0.714844 0.518750 0.370312
8 0.376042 0.577344 0.102083 0.057813
8 0.102083 0.630469 0.050000 0.029687
8 0.379167 0.814844 0.066667 0.073438
8 0.385417 0.910156 0.075000 0.089063