1 0.186458 0.500781 0.343750 0.979688
2 0.898958 0.237500 0.181250 0.096875
2 0.771875 0.371875 0.435417 0.328125
2 0.805208 0.898438 0.368750 0.181250
5 0.573958 0.151562 0.160417 0.131250
5 0.555208 0.230469 0.168750 0.073438
5 0.871875 0.857031 0.235417 0.132812
6 0.672917 0.131250 0.054167 0.093750
6 0.839583 0.211719 0.304167 0.239063
6 0.518750 0.435937 0.158333 0.190625
6 0.875000 0.550000 0.233333 0.265625
6 0.523958 0.588281 0.156250 0.126562
7 0.020833 0.069531 0.016667 0.117188
7 0.360417 0.174219 0.054167 0.032813
7 0.117708 0.372656 0.027083 0.160938
7 0.067708 0.495312 0.031250 0.093750
7 0.093750 0.756250 0.037500 0.181250
7 0.020833 0.786719 0.012500 0.142187
7 0.236458 0.925781 0.272917 0.126562
7 0.290625 0.893750 0.093750 0.062500
7 0.489583 0.896875 0.212500 0.056250
8 0.744792 0.117969 0.485417 0.214062
8 0.503125 0.134375 0.043750 0.059375
8 0.689583 0.235156 0.066667 0.151562
8 0.465625 0.187500 0.043750 0.028125
8 0.390625 0.263281 0.056250 0.067187
8 0.388542 0.337500 0.068750 0.071875
8 0.411458 0.446094 0.085417 0.126562
8 0.760417 0.501563 0.100000 0.171875
8 0.672917 0.548438 0.087500 0.140625
8 0.380208 0.532031 0.139583 0.067187
8 0.636458 0.702344 0.702083 0.264062
8 0.525000 0.620313 0.079167 0.021875
8 0.614583 0.675781 0.062500 0.073438
8 0.695833 0.667188 0.062500 0.053125
8 0.547917 0.803906 0.175000 0.045312
8 0.443750 0.860938 0.020833 0.021875
8 0.603125 0.953125 0.114583 0.059375