1 0.123958 0.500781 0.222917 0.979688
1 0.284375 0.238281 0.381250 0.454688
1 0.261458 0.165625 0.185417 0.293750
1 0.353125 0.393750 0.152083 0.103125
1 0.369792 0.725781 0.302083 0.523438
2 0.948958 0.048438 0.085417 0.068750
2 0.908333 0.191406 0.162500 0.201563
2 0.707292 0.932031 0.135417 0.114062
3 0.422917 0.453125 0.029167 0.031250
3 0.426042 0.493750 0.022917 0.040625
3 0.429167 0.600781 0.045833 0.054688
5 0.837500 0.106250 0.308333 0.181250
5 0.553125 0.207031 0.035417 0.045312
5 0.475000 0.286719 0.154167 0.089063
5 0.590625 0.312500 0.139583 0.109375
5 0.868750 0.397656 0.245833 0.201563
5 0.565625 0.407813 0.072917 0.065625
5 0.608333 0.648438 0.058333 0.087500
5 0.650000 0.791406 0.100000 0.085938
5 0.554167 0.839063 0.025000 0.065625
5 0.543750 0.967969 0.120833 0.039062
5 0.640625 0.971094 0.064583 0.035937
6 0.762500 0.173437 0.379167 0.315625
6 0.748958 0.374219 0.164583 0.273438
6 0.526042 0.343750 0.039583 0.090625
6 0.562500 0.485156 0.112500 0.126562
6 0.858333 0.628906 0.250000 0.329688
6 0.614583 0.760156 0.179167 0.351562
6 0.869792 0.892188 0.243750 0.193750
7 0.382292 0.177344 0.277083 0.304688
7 0.094792 0.314844 0.064583 0.254688
7 0.192708 0.526563 0.035417 0.168750
7 0.134375 0.672656 0.035417 0.101562
7 0.426042 0.846875 0.077083 0.040625
7 0.164583 0.925781 0.037500 0.126562
8 0.835417 0.048438 0.179167 0.068750
8 0.565625 0.122656 0.089583 0.026562
8 0.594792 0.174219 0.035417 0.070312
8 0.534375 0.173437 0.081250 0.018750
8 0.610417 0.227344 0.025000 0.054688
8 0.923958 0.359375 0.131250 0.143750
8 0.490625 0.362500 0.056250 0.018750
8 0.629167 0.392188 0.050000 0.050000
8 0.504167 0.410156 0.050000 0.042188
8 0.644792 0.439844 0.089583 0.026562
8 0.339583 0.547656 0.112500 0.120313
8 0.470833 0.517188 0.079167 0.050000
8 0.691667 0.618750 0.133333 0.221875
8 0.767708 0.743750 0.043750 0.109375
8 0.555208 0.739062 0.047917 0.062500
8 0.464583 0.806250 0.045833 0.053125