1 0.380208 0.113281 0.202083 0.198437
1 0.231250 0.261719 0.433333 0.123438
1 0.350000 0.350000 0.666667 0.078125
1 0.309375 0.682813 0.589583 0.618750
2 0.808333 0.619531 0.366667 0.739062
3 0.831250 0.120313 0.325000 0.218750
3 0.642708 0.171094 0.568750 0.317188
3 0.800000 0.246094 0.375000 0.064062
5 0.736458 0.534375 0.268750 0.171875
5 0.547917 0.583594 0.025000 0.048438
5 0.677083 0.648438 0.112500 0.034375
5 0.697917 0.747656 0.229167 0.142187
5 0.605208 0.800781 0.168750 0.060937
6 0.669792 0.453125 0.181250 0.040625
6 0.670833 0.653125 0.275000 0.303125
7 0.157292 0.109375 0.285417 0.196875
7 0.895833 0.085156 0.050000 0.048438
7 0.707292 0.227344 0.056250 0.017188
7 0.271875 0.420312 0.139583 0.078125
7 0.406250 0.423438 0.079167 0.078125
7 0.198958 0.786719 0.285417 0.357812
8 0.587500 0.042969 0.100000 0.054688
8 0.582292 0.097656 0.135417 0.060937
8 0.486458 0.191406 0.193750 0.145313
8 0.343750 0.266406 0.037500 0.070312
8 0.403125 0.263281 0.035417 0.042188
8 0.470833 0.273438 0.033333 0.040625
8 0.618750 0.417969 0.175000 0.060937
8 0.583333 0.552344 0.037500 0.223438
8 0.471875 0.550000 0.131250 0.075000
8 0.462500 0.615625 0.137500 0.056250
8 0.445833 0.663281 0.158333 0.039062
8 0.451042 0.720313 0.168750 0.084375
8 0.585417 0.707812 0.029167 0.050000
8 0.432292 0.848437 0.152083 0.143750
8 0.551042 0.817969 0.139583 0.054688
8 0.552083 0.889062 0.112500 0.062500
8 0.473958 0.935937 0.043750 0.012500
8 0.719792 0.960938 0.510417 0.062500
8 0.401042 0.982031 0.089583 0.014063