1 0.043750 0.233594 0.050000 0.132812
1 0.157292 0.532813 0.285417 0.409375
2 0.808333 0.288281 0.366667 0.554688
2 0.644792 0.740625 0.168750 0.231250
3 0.233333 0.739062 0.116667 0.093750
5 0.727083 0.539062 0.358333 0.168750
5 0.475000 0.682031 0.200000 0.067187
5 0.516667 0.765625 0.233333 0.128125
5 0.895833 0.886719 0.183333 0.145313
6 0.453125 0.348438 0.060417 0.153125
6 0.650000 0.489063 0.487500 0.368750
6 0.759375 0.472656 0.027083 0.026562
6 0.828125 0.750781 0.322917 0.464062
6 0.475000 0.798438 0.354167 0.381250
7 0.130208 0.087500 0.227083 0.153125
7 0.203125 0.340625 0.260417 0.250000
7 0.222917 0.586719 0.358333 0.173437
7 0.076042 0.816406 0.077083 0.029687
7 0.157292 0.825000 0.077083 0.034375
7 0.071875 0.849219 0.085417 0.032813
7 0.158333 0.860938 0.079167 0.034375
7 0.069792 0.885156 0.085417 0.035937
7 0.158333 0.896094 0.087500 0.039062
7 0.063542 0.924219 0.093750 0.042188
8 0.125000 0.095312 0.195833 0.134375
8 0.329167 0.071094 0.087500 0.079687
8 0.343750 0.200781 0.062500 0.067187
8 0.090625 0.196094 0.060417 0.029687
8 0.518750 0.242969 0.208333 0.098437
8 0.331250 0.326562 0.187500 0.134375
8 0.378125 0.441406 0.068750 0.045312
8 0.098958 0.478125 0.043750 0.021875
8 0.401042 0.585938 0.114583 0.053125
8 0.486458 0.635938 0.110417 0.056250