1 0.197917 0.500000 0.370833 0.978125
2 0.575000 0.123438 0.100000 0.134375
2 0.801042 0.715625 0.381250 0.546875
3 0.403125 0.198437 0.106250 0.115625
3 0.331250 0.516406 0.225000 0.226562
3 0.432292 0.860938 0.160417 0.115625
5 0.880208 0.071094 0.222917 0.120313
5 0.889583 0.232031 0.141667 0.189062
5 0.595833 0.488281 0.170833 0.104688
5 0.746875 0.477344 0.302083 0.085938
5 0.615625 0.592187 0.231250 0.125000
5 0.740625 0.699219 0.285417 0.139063
5 0.685417 0.823438 0.270833 0.131250
6 0.764583 0.253906 0.350000 0.448437
6 0.552083 0.720313 0.091667 0.300000
6 0.434375 0.659375 0.043750 0.159375
7 0.390625 0.082812 0.356250 0.137500
7 0.181250 0.295312 0.154167 0.196875
8 0.728125 0.078906 0.081250 0.132812
8 0.589583 0.039062 0.050000 0.046875
8 0.560417 0.098437 0.079167 0.078125
8 0.782292 0.142187 0.072917 0.037500
8 0.320833 0.191406 0.058333 0.123438
8 0.655208 0.160938 0.056250 0.062500
8 0.627083 0.233594 0.116667 0.073438
8 0.759375 0.301563 0.102083 0.131250
8 0.644792 0.284375 0.110417 0.053125
8 0.175000 0.328906 0.054167 0.029687
8 0.386458 0.339062 0.143750 0.050000
8 0.966667 0.553125 0.045833 0.418750
8 0.178125 0.366406 0.056250 0.032813
8 0.488542 0.400000 0.218750 0.087500
8 0.205208 0.510156 0.027083 0.207813
8 0.439583 0.519531 0.200000 0.057813
8 0.394792 0.570312 0.110417 0.034375
8 0.358333 0.601562 0.091667 0.034375
8 0.521875 0.625781 0.081250 0.026562
8 0.261458 0.703906 0.114583 0.110937
8 0.527083 0.704688 0.075000 0.096875
8 0.426042 0.764844 0.189583 0.117188
8 0.558333 0.935156 0.500000 0.104688