1 0.151042 0.529687 0.268750 0.159375
1 0.101042 0.637500 0.172917 0.046875
1 0.151042 0.702344 0.272917 0.070312
1 0.143750 0.742188 0.258333 0.015625
2 0.890625 0.149219 0.185417 0.267188
2 0.734375 0.272656 0.297917 0.267188
2 0.669792 0.554688 0.227083 0.206250
2 0.827083 0.579688 0.133333 0.078125
2 0.841667 0.887500 0.091667 0.084375
3 0.533333 0.185938 0.229167 0.346875
5 0.801042 0.107031 0.327083 0.160938
5 0.486458 0.517188 0.097917 0.075000
5 0.373958 0.532031 0.056250 0.054688
5 0.761458 0.684375 0.277083 0.309375
5 0.507292 0.768750 0.106250 0.093750
6 0.853125 0.040625 0.252083 0.059375
6 0.937500 0.535156 0.104167 0.110937
6 0.750000 0.790625 0.362500 0.400000
6 0.954167 0.680469 0.070833 0.120313
6 0.388542 0.744531 0.093750 0.101562
6 0.619792 0.906250 0.077083 0.134375
7 0.060417 0.182031 0.087500 0.335938
7 0.265625 0.112500 0.372917 0.196875
7 0.433333 0.087500 0.095833 0.093750
7 0.244792 0.279687 0.289583 0.146875
7 0.356250 0.623437 0.287500 0.125000
7 0.651042 0.762500 0.039583 0.034375
7 0.154167 0.875781 0.175000 0.210938
8 0.661458 0.053125 0.131250 0.075000
8 0.608333 0.179688 0.041667 0.053125
8 0.505208 0.239063 0.056250 0.103125
8 0.400000 0.231250 0.083333 0.062500
8 0.579167 0.237500 0.054167 0.056250
8 0.881250 0.396094 0.220833 0.201563
8 0.398958 0.417187 0.768750 0.131250
8 0.532292 0.585156 0.043750 0.051562
8 0.180208 0.610938 0.056250 0.087500
8 0.948958 0.603125 0.085417 0.075000
8 0.640625 0.630469 0.064583 0.117188
8 0.528125 0.646875 0.047917 0.068750
8 0.904167 0.742188 0.166667 0.193750
8 0.698958 0.677344 0.047917 0.039062
8 0.410417 0.728906 0.091667 0.082812
8 0.316667 0.747656 0.079167 0.104688
8 0.607292 0.756250 0.077083 0.053125
8 0.714583 0.827344 0.087500 0.123438
8 0.642708 0.817187 0.056250 0.053125
8 0.214583 0.825000 0.050000 0.031250
8 0.217708 0.862500 0.035417 0.034375
8 0.953125 0.916406 0.072917 0.139063
8 0.453125 0.921094 0.306250 0.139063
8 0.146875 0.902344 0.060417 0.039062
8 0.205208 0.900781 0.052083 0.035937
8 0.207292 0.943750 0.047917 0.043750
8 0.142708 0.950781 0.068750 0.042188