1 0.242708 0.501563 0.456250 0.975000
1 0.465625 0.105469 0.027083 0.032813
1 0.248958 0.523438 0.227083 0.025000
2 0.767708 0.407813 0.447917 0.793750
3 0.625000 0.089063 0.216667 0.140625
3 0.514583 0.500000 0.233333 0.581250
3 0.910417 0.651563 0.154167 0.265625
5 0.844792 0.282031 0.289583 0.201563
5 0.716667 0.425000 0.266667 0.115625
6 0.772917 0.196875 0.291667 0.181250
6 0.578125 0.152344 0.043750 0.054688
6 0.718750 0.910937 0.220833 0.156250
7 0.319792 0.067969 0.289583 0.107813
7 0.254167 0.477344 0.458333 0.739062
7 0.276042 0.188281 0.164583 0.114062
8 0.486458 0.141406 0.110417 0.248438
8 0.667708 0.109375 0.052083 0.046875
8 0.611458 0.275781 0.197917 0.289062
8 0.452083 0.350781 0.050000 0.039062
8 0.502083 0.518750 0.037500 0.121875
8 0.434375 0.490625 0.043750 0.059375
8 0.570833 0.522656 0.062500 0.126562
8 0.401042 0.560937 0.081250 0.096875
8 0.819792 0.650781 0.310417 0.173437
8 0.528125 0.639844 0.060417 0.107813
8 0.402083 0.699219 0.075000 0.176563
8 0.576042 0.845313 0.827083 0.287500
8 0.798958 0.760156 0.118750 0.045312
8 0.313542 0.826562 0.118750 0.065625
8 0.892708 0.935156 0.197917 0.110937
8 0.732292 0.950000 0.043750 0.043750
8 0.642708 0.975000 0.043750 0.025000