1 0.194792 0.201563 0.360417 0.381250
1 0.140625 0.050000 0.172917 0.071875
1 0.277083 0.413281 0.516667 0.064062
1 0.238542 0.614062 0.443750 0.096875
1 0.044792 0.831250 0.056250 0.046875
1 0.062500 0.904687 0.091667 0.106250
2 0.807292 0.072656 0.189583 0.120313
2 0.946875 0.221875 0.089583 0.415625
2 0.598958 0.428125 0.118750 0.109375
2 0.538542 0.479687 0.022917 0.078125
2 0.614583 0.739844 0.112500 0.057813
3 0.817708 0.547656 0.347917 0.882812
3 0.902083 0.217969 0.058333 0.023438
3 0.337500 0.814844 0.537500 0.104688
4 0.486458 0.589844 0.043750 0.104688
4 0.497917 0.699219 0.137500 0.104688
5 0.714583 0.061719 0.195833 0.092188
5 0.553125 0.057031 0.052083 0.067187
5 0.507292 0.049219 0.022917 0.032813
5 0.576042 0.114844 0.072917 0.045312
5 0.581250 0.175781 0.095833 0.070312
5 0.486458 0.175000 0.022917 0.028125
5 0.492708 0.232813 0.031250 0.034375
5 0.570833 0.256250 0.079167 0.065625
5 0.497917 0.289062 0.020833 0.031250
5 0.546875 0.340625 0.060417 0.053125
5 0.500000 0.336719 0.025000 0.032813
5 0.604167 0.525781 0.125000 0.070312
5 0.555208 0.539844 0.056250 0.039062
5 0.611458 0.609375 0.110417 0.084375
6 0.611458 0.057813 0.081250 0.090625
6 0.521875 0.200000 0.056250 0.256250
6 0.527083 0.617188 0.050000 0.131250
7 0.267708 0.028906 0.206250 0.035937
7 0.314583 0.076563 0.066667 0.043750
7 0.305208 0.124219 0.047917 0.026562
7 0.314583 0.158594 0.075000 0.035937
7 0.356250 0.227344 0.112500 0.057813
7 0.231250 0.323437 0.129167 0.100000
7 0.370833 0.341406 0.095833 0.054688
7 0.272917 0.497656 0.508333 0.132812
7 0.269792 0.737500 0.510417 0.153125
7 0.313542 0.927344 0.602083 0.123438
8 0.234375 0.074219 0.072917 0.089063
8 0.880208 0.221875 0.127083 0.178125
8 0.754167 0.176563 0.095833 0.062500
8 0.639583 0.234375 0.079167 0.093750
8 0.769792 0.319531 0.127083 0.154688
8 0.343750 0.284375 0.045833 0.062500
8 0.411458 0.293750 0.077083 0.068750
8 0.631250 0.381250 0.133333 0.150000
8 0.898958 0.392969 0.110417 0.148438
8 0.400000 0.400000 0.070833 0.040625
8 0.259375 0.407031 0.106250 0.045312
8 0.457292 0.512500 0.106250 0.050000
8 0.943750 0.555469 0.091667 0.057813
8 0.392708 0.576562 0.131250 0.021875
8 0.632292 0.640625 0.181250 0.125000
8 0.438542 0.610938 0.039583 0.040625
8 0.301042 0.725000 0.156250 0.093750
8 0.505208 0.835156 0.456250 0.157812