1 0.201042 0.143750 0.377083 0.171875
1 0.364583 0.705469 0.083333 0.467187
2 0.754167 0.300781 0.475000 0.579688
2 0.566667 0.086719 0.095833 0.142187
2 0.471875 0.178125 0.068750 0.059375
2 0.613542 0.736719 0.118750 0.129688
3 0.286458 0.296875 0.481250 0.346875
3 0.401042 0.964844 0.222917 0.048438
5 0.512500 0.054688 0.133333 0.078125
5 0.477083 0.123438 0.158333 0.084375
5 0.682292 0.518750 0.452083 0.315625
6 0.430208 0.059375 0.060417 0.087500
6 0.558333 0.564844 0.216667 0.360938
7 0.217708 0.061719 0.406250 0.101562
7 0.194792 0.610938 0.360417 0.759375
7 0.435417 0.648438 0.141667 0.200000
7 0.590625 0.867969 0.389583 0.242188
8 0.256250 0.138281 0.354167 0.067187
8 0.534375 0.246875 0.147917 0.156250
8 0.211458 0.382031 0.077083 0.029687
8 0.034375 0.392969 0.035417 0.042188
8 0.095833 0.398438 0.087500 0.034375
8 0.145833 0.442188 0.041667 0.040625
8 0.453125 0.466406 0.043750 0.089063
8 0.393750 0.498437 0.112500 0.106250
8 0.032292 0.496875 0.018750 0.040625
8 0.103125 0.503906 0.110417 0.029687
8 0.159375 0.551562 0.056250 0.040625
8 0.150000 0.620313 0.254167 0.078125
8 0.795833 0.775000 0.387500 0.362500
8 0.459375 0.628125 0.077083 0.037500
8 0.157292 0.684375 0.047917 0.062500
8 0.070833 0.771875 0.104167 0.062500
8 0.136458 0.862500 0.072917 0.075000
8 0.844792 0.964063 0.289583 0.046875