1 0.748958 0.133594 0.281250 0.242188
1 0.548958 0.315625 0.156250 0.193750
1 0.168750 0.695312 0.308333 0.590625
2 0.830208 0.485156 0.322917 0.948438
3 0.631250 0.698438 0.720833 0.584375
3 0.411458 0.715625 0.272917 0.218750
3 0.481250 0.879687 0.037500 0.100000
5 0.539583 0.929688 0.108333 0.090625
6 0.452083 0.904687 0.258333 0.168750
7 0.371875 0.346875 0.718750 0.671875
7 0.202083 0.711719 0.120833 0.060937
7 0.239583 0.783594 0.083333 0.073438
7 0.363542 0.901563 0.056250 0.109375
7 0.250000 0.916406 0.166667 0.107813
8 0.379167 0.056250 0.158333 0.090625
8 0.196875 0.131250 0.160417 0.103125
8 0.340625 0.157812 0.118750 0.118750
8 0.173958 0.224219 0.139583 0.089063
8 0.450000 0.261719 0.116667 0.107813
8 0.702083 0.334375 0.150000 0.159375
8 0.423958 0.352344 0.085417 0.073438
8 0.460417 0.463281 0.066667 0.104688
8 0.700000 0.547656 0.145833 0.182812
8 0.608333 0.552344 0.116667 0.167187
8 0.443750 0.589063 0.145833 0.109375
8 0.710417 0.831250 0.179167 0.309375
8 0.797917 0.768750 0.129167 0.153125
8 0.580208 0.794531 0.077083 0.073438
8 0.127083 0.802344 0.054167 0.079687
8 0.605208 0.846094 0.031250 0.051562
8 0.629167 0.970313 0.100000 0.037500
8 0.345833 0.971875 0.066667 0.034375