1 0.116667 0.314063 0.204167 0.428125
2 0.614583 0.338281 0.750000 0.645312
2 0.745833 0.812500 0.491667 0.356250
3 0.181250 0.774219 0.166667 0.164062
5 0.246875 0.260156 0.177083 0.082812
5 0.741667 0.498437 0.495833 0.481250
5 0.248958 0.350000 0.177083 0.071875
5 0.232292 0.524219 0.127083 0.110937
5 0.335417 0.646875 0.195833 0.146875
5 0.760417 0.828125 0.375000 0.121875
5 0.414583 0.846875 0.100000 0.100000
6 0.289583 0.049219 0.137500 0.076563
6 0.211458 0.180469 0.122917 0.079687
6 0.656250 0.547656 0.612500 0.685937
6 0.256250 0.292187 0.158333 0.075000
6 0.240625 0.649219 0.193750 0.332813
6 0.300000 0.845313 0.037500 0.018750
7 0.146875 0.082031 0.260417 0.135937
7 0.264583 0.032031 0.037500 0.029687
7 0.089583 0.612500 0.145833 0.490625
8 0.419792 0.063281 0.110417 0.095312
8 0.112500 0.281250 0.133333 0.143750
8 0.194792 0.416406 0.110417 0.060937
8 0.287500 0.722656 0.033333 0.039062
8 0.316667 0.892969 0.604167 0.195312
8 0.318750 0.866406 0.062500 0.048438