1 0.918750 0.092969 0.141667 0.164062
1 0.034375 0.553906 0.039583 0.873437
2 0.811458 0.917188 0.360417 0.146875
5 0.846875 0.647656 0.281250 0.282813
5 0.421875 0.832031 0.139583 0.095312
5 0.421875 0.942969 0.152083 0.089063
6 0.728125 0.502344 0.518750 0.973437
7 0.475000 0.199219 0.033333 0.064062
7 0.667708 0.296875 0.072917 0.206250
7 0.440625 0.233594 0.039583 0.017188
7 0.637500 0.689844 0.075000 0.201563
7 0.341667 0.935937 0.012500 0.065625
8 0.387500 0.191406 0.137500 0.095312
8 0.515625 0.350781 0.239583 0.214062
8 0.329167 0.425000 0.066667 0.075000
8 0.692708 0.489063 0.035417 0.025000
8 0.319792 0.547656 0.064583 0.073438
8 0.490625 0.679688 0.235417 0.184375
8 0.309375 0.809375 0.077083 0.062500
8 0.629167 0.821094 0.029167 0.042188
8 0.304167 0.901563 0.083333 0.059375
8 0.766667 0.895312 0.150000 0.043750