1 0.089583 0.282813 0.150000 0.537500
1 0.266667 0.771094 0.504167 0.439063
2 0.737500 0.329688 0.375000 0.631250
5 0.520833 0.189062 0.158333 0.096875
5 0.530208 0.324219 0.156250 0.104688
5 0.507292 0.415625 0.131250 0.078125
5 0.765625 0.892188 0.281250 0.190625
6 0.444792 0.091406 0.035417 0.151562
7 0.613542 0.828125 0.052083 0.109375
7 0.584375 0.955469 0.043750 0.067187
8 0.387500 0.172656 0.091667 0.076563
8 0.393750 0.282031 0.083333 0.070312
8 0.392708 0.384375 0.077083 0.062500
8 0.481250 0.650781 0.137500 0.095312
8 0.868750 0.667188 0.175000 0.046875
8 0.517708 0.763281 0.168750 0.089063
8 0.498958 0.895312 0.139583 0.087500
8 0.603125 0.890625 0.027083 0.028125