1 0.290625 0.362500 0.552083 0.700000
1 0.567708 0.282813 0.143750 0.103125
1 0.608333 0.514844 0.145833 0.132812
1 0.272917 0.842969 0.516667 0.292187
1 0.707292 0.769531 0.110417 0.142187
2 0.816667 0.499219 0.350000 0.976562
2 0.823958 0.310937 0.089583 0.015625
5 0.698958 0.092969 0.239583 0.160938
5 0.752083 0.405469 0.420833 0.257812
6 0.456250 0.082031 0.100000 0.139063
6 0.515625 0.264062 0.189583 0.209375
6 0.616667 0.503125 0.316667 0.212500
6 0.685417 0.757031 0.312500 0.176563
6 0.827083 0.895312 0.291667 0.187500
7 0.429167 0.051562 0.029167 0.071875
7 0.433333 0.246094 0.037500 0.120313
7 0.469792 0.483594 0.039583 0.132812
8 0.587500 0.108594 0.179167 0.192188
8 0.365625 0.075000 0.114583 0.096875
8 0.642708 0.211719 0.064583 0.070312
8 0.359375 0.267969 0.122917 0.104688
8 0.386458 0.499219 0.139583 0.126562
8 0.112500 0.567187 0.112500 0.081250
8 0.239583 0.575000 0.125000 0.065625
8 0.486458 0.575000 0.018750 0.028125
8 0.692708 0.629687 0.227083 0.071875
8 0.557292 0.814844 0.035417 0.057813
8 0.633333 0.916406 0.300000 0.148438