1 0.303125 0.678125 0.572917 0.615625
2 0.786458 0.313281 0.397917 0.598437
2 0.959375 0.714844 0.052083 0.082812
3 0.090625 0.067969 0.152083 0.114062
3 0.246875 0.078125 0.122917 0.128125
3 0.536458 0.105469 0.285417 0.179688
3 0.378125 0.098437 0.027083 0.103125
3 0.219792 0.247656 0.256250 0.201563
3 0.467708 0.282813 0.252083 0.196875
5 0.635417 0.347656 0.516667 0.307812
5 0.841667 0.791406 0.300000 0.395313
6 0.434375 0.444531 0.102083 0.182812
6 0.545833 0.655469 0.266667 0.239063
6 0.606250 0.896875 0.220833 0.184375
7 0.387500 0.418750 0.045833 0.090625
7 0.426042 0.625781 0.060417 0.139063
7 0.527083 0.607812 0.041667 0.021875
7 0.531250 0.913281 0.087500 0.151562
8 0.343750 0.085156 0.108333 0.142187
8 0.327083 0.183594 0.070833 0.023438
8 0.523958 0.426563 0.122917 0.103125
8 0.321875 0.464062 0.127083 0.081250
8 0.588542 0.517188 0.185417 0.112500
8 0.406250 0.480469 0.025000 0.032813
8 0.509375 0.503125 0.043750 0.050000
8 0.336458 0.664062 0.164583 0.134375
8 0.609375 0.659375 0.177083 0.115625
8 0.458333 0.690625 0.029167 0.028125
8 0.650000 0.775000 0.133333 0.146875
8 0.403125 0.930469 0.197917 0.117188
8 0.682292 0.925000 0.110417 0.065625