1 0.156250 0.459375 0.279167 0.181250
1 0.535417 0.644531 0.133333 0.204687
1 0.410417 0.798438 0.791667 0.378125
1 0.794792 0.935937 0.197917 0.103125
2 0.826042 0.502344 0.331250 0.976562
3 0.625000 0.066406 0.254167 0.101562
3 0.594792 0.241406 0.293750 0.314063
3 0.472917 0.507812 0.166667 0.253125
3 0.250000 0.492969 0.295833 0.207813
5 0.718750 0.550000 0.529167 0.337500
6 0.525000 0.701562 0.175000 0.237500
6 0.741667 0.876563 0.400000 0.225000
6 0.535417 0.919531 0.041667 0.073438
7 0.468750 0.664062 0.066667 0.121875
7 0.585417 0.907813 0.125000 0.162500
7 0.695833 0.897656 0.041667 0.032813
8 0.364583 0.031250 0.204167 0.040625
8 0.801042 0.044531 0.231250 0.064062
8 0.133333 0.094531 0.179167 0.148438
8 0.397917 0.125000 0.154167 0.078125
8 0.137500 0.227344 0.129167 0.107813
8 0.341667 0.276562 0.233333 0.196875
8 0.356250 0.407813 0.095833 0.031250
8 0.716667 0.712500 0.320833 0.256250
8 0.380208 0.725000 0.164583 0.106250
8 0.498958 0.731250 0.035417 0.040625
8 0.847917 0.817187 0.087500 0.093750
8 0.895833 0.926562 0.145833 0.125000
8 0.442708 0.946875 0.252083 0.087500