1 0.267708 0.289062 0.506250 0.281250
1 0.243750 0.531250 0.458333 0.184375
2 0.890625 0.100000 0.197917 0.168750
2 0.751042 0.293750 0.072917 0.162500
2 0.848958 0.320312 0.127083 0.162500
5 0.854167 0.335938 0.270833 0.459375
5 0.541667 0.462500 0.070833 0.190625
5 0.483333 0.667188 0.062500 0.121875
5 0.553125 0.907813 0.106250 0.162500
6 0.741667 0.627344 0.500000 0.729688
7 0.412500 0.100781 0.791667 0.173437
7 0.606250 0.310156 0.237500 0.239063
7 0.483333 0.529687 0.075000 0.168750
8 0.587500 0.725000 0.133333 0.068750
8 0.712500 0.963281 0.175000 0.048438