1 0.173958 0.147656 0.310417 0.267188
1 0.343750 0.692969 0.658333 0.592187
2 0.840625 0.159375 0.297917 0.290625
2 0.702083 0.204687 0.116667 0.078125
2 0.931250 0.373437 0.116667 0.134375
2 0.913542 0.625000 0.156250 0.225000
2 0.820833 0.832812 0.337500 0.312500
3 0.571875 0.107031 0.260417 0.189062
3 0.346875 0.043750 0.039583 0.056250
3 0.343750 0.239844 0.145833 0.448437
3 0.395833 0.239063 0.162500 0.443750
3 0.441667 0.354687 0.116667 0.075000
5 0.801042 0.282813 0.377083 0.353125
5 0.523958 0.259375 0.231250 0.156250
5 0.701042 0.304688 0.093750 0.078125
5 0.757292 0.636719 0.464583 0.264062
5 0.451042 0.671875 0.114583 0.140625
6 0.722917 0.502344 0.537500 0.579688
7 0.225000 0.271875 0.195833 0.078125
7 0.493750 0.758594 0.045833 0.023438
7 0.538542 0.923438 0.060417 0.046875
8 0.372917 0.043750 0.025000 0.056250
8 0.329167 0.114844 0.079167 0.104688
8 0.141667 0.362500 0.225000 0.078125
8 0.277083 0.377344 0.050000 0.032813
8 0.440625 0.484375 0.222917 0.131250
8 0.795833 0.920312 0.279167 0.137500
8 0.528125 0.878906 0.052083 0.023438