1 0.297917 0.221094 0.570833 0.420312
1 0.029167 0.477344 0.025000 0.092188
1 0.048958 0.625781 0.064583 0.157812
1 0.513542 0.703125 0.268750 0.131250
1 0.502083 0.818750 0.975000 0.159375
1 0.501042 0.902344 0.977083 0.160938
1 0.504167 0.941406 0.975000 0.098437
2 0.754167 0.381250 0.475000 0.740625
3 0.206250 0.489063 0.375000 0.106250
5 0.553125 0.455469 0.422917 0.439063
5 0.384375 0.524219 0.052083 0.064062
6 0.473958 0.471875 0.181250 0.196875
6 0.660417 0.442969 0.095833 0.045312
6 0.663542 0.533594 0.085417 0.057813
7 0.205208 0.264844 0.127083 0.201563
7 0.246875 0.671875 0.464583 0.250000
7 0.150000 0.782813 0.050000 0.015625
8 0.404167 0.451562 0.037500 0.046875
8 0.316667 0.478906 0.062500 0.020313
8 0.161458 0.505469 0.052083 0.045312
8 0.220833 0.505469 0.041667 0.042188
8 0.275000 0.504687 0.045833 0.034375
8 0.327083 0.508594 0.058333 0.029687