1 0.318750 0.276562 0.608333 0.531250
2 0.761458 0.503906 0.460417 0.976562
3 0.176042 0.621875 0.322917 0.150000
3 0.347917 0.595313 0.066667 0.090625
5 0.648958 0.469531 0.643750 0.373437
5 0.380208 0.687500 0.085417 0.100000
5 0.718750 0.828906 0.537500 0.323437
5 0.396875 0.818750 0.097917 0.146875
6 0.652083 0.639062 0.533333 0.503125
6 0.835417 0.732812 0.133333 0.100000
7 0.130208 0.329688 0.160417 0.243750
7 0.235417 0.835156 0.433333 0.304688
7 0.598958 0.968750 0.285417 0.037500
8 0.404167 0.600781 0.066667 0.076563
8 0.271875 0.589844 0.068750 0.017188
8 0.078125 0.632812 0.077083 0.087500