1 0.056250 0.765625 0.079167 0.453125
2 0.531250 0.476562 0.062500 0.050000
2 0.840625 0.788281 0.293750 0.210938
2 0.869792 0.917969 0.243750 0.142187
3 0.181250 0.666406 0.279167 0.342187
5 0.618750 0.023438 0.183333 0.015625
5 0.580208 0.167187 0.197917 0.225000
5 0.536458 0.728906 0.377083 0.314063
5 0.831250 0.832812 0.312500 0.228125
5 0.552083 0.963281 0.379167 0.054688
6 0.779167 0.422656 0.425000 0.823438
7 0.358333 0.235156 0.687500 0.442188
7 0.090625 0.200000 0.147917 0.100000
7 0.226042 0.892188 0.164583 0.134375
8 0.757292 0.182812 0.152083 0.065625
8 0.726042 0.242188 0.168750 0.112500
8 0.368750 0.614062 0.087500 0.068750
8 0.394792 0.724219 0.114583 0.054688
8 0.504167 0.871875 0.395833 0.175000
8 0.310417 0.970313 0.083333 0.037500