1 0.252083 0.405469 0.470833 0.707812
2 0.818750 0.173437 0.291667 0.325000
2 0.716667 0.059375 0.091667 0.087500
2 0.636458 0.197656 0.106250 0.098437
2 0.741667 0.664844 0.500000 0.651563
3 0.727083 0.660937 0.312500 0.209375
3 0.350000 0.725000 0.183333 0.128125
3 0.721875 0.858594 0.277083 0.179688
6 0.469792 0.679688 0.143750 0.331250
7 0.300000 0.057031 0.575000 0.085938
7 0.140625 0.088281 0.239583 0.095312
7 0.191667 0.223438 0.033333 0.037500
7 0.257292 0.508594 0.135417 0.051562
7 0.250000 0.593750 0.216667 0.059375
7 0.231250 0.844531 0.429167 0.276562
7 0.145833 0.983594 0.075000 0.014063
8 0.543750 0.185938 0.670833 0.350000
8 0.827083 0.198437 0.325000 0.375000
8 0.456250 0.449219 0.629167 0.267188
8 0.378125 0.596094 0.102083 0.135937
8 0.592708 0.635938 0.060417 0.109375
8 0.561458 0.658594 0.085417 0.092188
8 0.552083 0.708594 0.108333 0.110937
8 0.523958 0.853125 0.189583 0.175000
8 0.605208 0.924219 0.481250 0.129688
8 0.892708 0.978125 0.039583 0.025000
8 0.244792 0.984375 0.043750 0.012500