1 0.353125 0.336719 0.677083 0.645312
1 0.475000 0.819531 0.916667 0.314063
1 0.082292 0.907031 0.135417 0.120313
2 0.866667 0.139844 0.245833 0.251563
2 0.847917 0.604688 0.275000 0.618750
5 0.858333 0.356250 0.262500 0.287500
5 0.629167 0.635156 0.275000 0.229687
7 0.469792 0.860156 0.502083 0.257812
7 0.678125 0.771094 0.043750 0.010937
7 0.131250 0.895312 0.225000 0.187500
8 0.739583 0.232031 0.466667 0.432812
8 0.505208 0.217188 0.118750 0.259375
8 0.755208 0.322656 0.064583 0.107813
8 0.712500 0.396094 0.116667 0.151562
8 0.141667 0.860156 0.241667 0.189062
8 0.242708 0.969531 0.047917 0.026562