1 0.182292 0.308594 0.331250 0.126562
1 0.163542 0.500000 0.293750 0.168750
2 0.839583 0.367188 0.291667 0.309375
2 0.555208 0.579688 0.077083 0.081250
2 0.477083 0.590625 0.050000 0.034375
2 0.671875 0.873437 0.439583 0.228125
2 0.930208 0.927344 0.122917 0.098437
3 0.237500 0.778906 0.441667 0.404687
5 0.636458 0.621094 0.697917 0.610938
5 0.791667 0.964063 0.400000 0.053125
7 0.500000 0.125781 0.975000 0.223438
7 0.225000 0.194531 0.420833 0.157812
7 0.151042 0.307031 0.272917 0.085938
7 0.158333 0.391406 0.283333 0.060937
7 0.155208 0.505469 0.102083 0.045312
8 0.614583 0.332813 0.529167 0.293750
8 0.383333 0.410938 0.062500 0.068750
8 0.356250 0.452344 0.108333 0.082812
8 0.195833 0.633594 0.041667 0.023438
8 0.195833 0.660156 0.050000 0.020313
8 0.129167 0.668750 0.054167 0.012500
8 0.262500 0.719531 0.045833 0.029687
8 0.181250 0.871875 0.204167 0.231250