1 0.294792 0.125781 0.564583 0.229687
1 0.182292 0.533594 0.335417 0.207813
1 0.188542 0.803906 0.347917 0.082812
1 0.244792 0.894531 0.460417 0.142187
2 0.861458 0.091406 0.260417 0.154688
2 0.685417 0.517188 0.050000 0.046875
2 0.680208 0.572656 0.081250 0.060937
2 0.795833 0.798438 0.387500 0.381250
2 0.561458 0.965625 0.064583 0.046875
3 0.275000 0.958594 0.520833 0.064062
5 0.651042 0.527344 0.677083 0.854688
7 0.126042 0.063281 0.152083 0.098437
7 0.279167 0.037500 0.075000 0.046875
7 0.189583 0.306250 0.350000 0.228125
7 0.157292 0.538281 0.285417 0.123438
7 0.171875 0.703125 0.314583 0.134375
7 0.180208 0.913281 0.127083 0.060937
8 0.533333 0.068750 0.433333 0.106250
8 0.448958 0.271875 0.235417 0.237500
8 0.433333 0.491406 0.141667 0.101562
8 0.391667 0.655469 0.129167 0.089063
8 0.409375 0.914844 0.152083 0.039062