1 0.237500 0.744531 0.437500 0.207813
1 0.261458 0.910937 0.493750 0.156250
1 0.229167 0.897656 0.283333 0.085938
2 0.802083 0.163281 0.375000 0.301563
2 0.589583 0.066406 0.091667 0.101562
2 0.961458 0.630469 0.056250 0.064062
2 0.784375 0.709375 0.402083 0.215625
3 0.297917 0.326562 0.558333 0.621875
3 0.227083 0.533594 0.358333 0.192188
3 0.282292 0.578906 0.418750 0.110937
5 0.588542 0.577344 0.431250 0.239063
6 0.735417 0.353125 0.508333 0.550000
6 0.696875 0.860156 0.481250 0.251563
6 0.806250 0.906250 0.370833 0.168750
7 0.510417 0.801562 0.029167 0.046875
8 0.482292 0.042969 0.181250 0.042188
8 0.539583 0.182812 0.066667 0.125000
8 0.497917 0.173437 0.029167 0.078125
8 0.295833 0.310156 0.229167 0.229687
8 0.140625 0.228125 0.052083 0.056250
8 0.143750 0.307031 0.041667 0.092188
8 0.607292 0.357031 0.168750 0.135937
8 0.481250 0.658594 0.175000 0.042188
8 0.539583 0.830469 0.016667 0.045312
8 0.423958 0.892969 0.193750 0.117188
8 0.550000 0.949219 0.104167 0.082812