1 0.329167 0.175000 0.625000 0.328125
1 0.286458 0.567969 0.535417 0.357812
1 0.618750 0.462500 0.066667 0.046875
1 0.610417 0.508594 0.079167 0.092188
1 0.191667 0.752344 0.300000 0.048438
1 0.286458 0.842187 0.539583 0.187500
2 0.801042 0.238281 0.381250 0.454688
2 0.744792 0.378125 0.085417 0.018750
2 0.658333 0.456250 0.025000 0.065625
5 0.640625 0.422656 0.702083 0.329688
6 0.702083 0.731250 0.570833 0.300000
7 0.209375 0.294531 0.393750 0.495312
7 0.390625 0.303906 0.039583 0.064062
7 0.389583 0.695312 0.125000 0.046875
7 0.501042 0.915625 0.977083 0.150000
8 0.547917 0.637500 0.025000 0.062500
8 0.534375 0.771094 0.072917 0.110937
8 0.521875 0.760156 0.027083 0.029687
8 0.406250 0.805469 0.179167 0.085938