1 0.423958 0.221094 0.822917 0.401562
1 0.503125 0.707812 0.977083 0.565625
3 0.719792 0.187500 0.247917 0.081250
3 0.892708 0.214062 0.064583 0.037500
5 0.727083 0.230469 0.529167 0.435937
6 0.740625 0.553906 0.502083 0.804688
7 0.265625 0.046094 0.506250 0.070312
7 0.435417 0.368750 0.183333 0.103125
7 0.470833 0.661719 0.287500 0.226562
8 0.584375 0.152344 0.060417 0.070312
8 0.451042 0.248438 0.147917 0.150000
8 0.586458 0.435937 0.052083 0.090625
8 0.177083 0.421875 0.325000 0.043750
8 0.450000 0.482031 0.175000 0.117188
8 0.557292 0.572656 0.031250 0.035937
8 0.628125 0.700781 0.052083 0.101562
8 0.631250 0.775781 0.304167 0.248438