1 0.578125 0.026562 0.485417 0.031250
1 0.337500 0.123438 0.641667 0.096875
2 0.819792 0.097656 0.339583 0.173437
3 0.502083 0.364063 0.979167 0.412500
3 0.505208 0.707812 0.972917 0.284375
3 0.503125 0.882812 0.972917 0.215625
7 0.335417 0.057031 0.633333 0.085938
7 0.828125 0.296875 0.089583 0.078125
7 0.493750 0.307031 0.129167 0.092188
7 0.886458 0.321875 0.147917 0.118750
7 0.506250 0.469531 0.183333 0.107813
7 0.220833 0.485938 0.104167 0.093750
7 0.916667 0.671094 0.145833 0.095312
8 0.235417 0.355469 0.229167 0.348438
8 0.708333 0.380469 0.145833 0.085938
8 0.504167 0.682813 0.220833 0.193750
8 0.236458 0.709375 0.231250 0.215625