1 0.134375 0.352344 0.239583 0.235937
1 0.351042 0.841406 0.668750 0.295312
2 0.770833 0.502344 0.441667 0.976562
3 0.140625 0.133594 0.247917 0.245312
3 0.634375 0.346875 0.385417 0.181250
5 0.596875 0.780469 0.785417 0.367188
6 0.534375 0.331250 0.631250 0.640625
7 0.303125 0.249219 0.093750 0.139063
7 0.064583 0.392969 0.095833 0.051562
7 0.154167 0.664844 0.266667 0.382812
8 0.064583 0.054688 0.079167 0.087500
8 0.263542 0.047656 0.068750 0.073438
8 0.159375 0.061719 0.093750 0.095312
8 0.313542 0.114844 0.089583 0.129688
8 0.232292 0.150000 0.068750 0.125000
8 0.065625 0.151562 0.077083 0.103125
8 0.152083 0.160938 0.091667 0.103125
8 0.347917 0.412500 0.058333 0.171875
8 0.255208 0.384375 0.168750 0.103125
8 0.254167 0.535156 0.175000 0.145313