1 0.201042 0.316406 0.372917 0.604688
2 0.822917 0.150000 0.333333 0.278125
2 0.876042 0.521875 0.222917 0.490625
2 0.735417 0.778906 0.112500 0.176563
2 0.959375 0.775000 0.052083 0.034375
3 0.382292 0.673438 0.731250 0.634375
4 0.507292 0.187500 0.347917 0.343750
5 0.717708 0.250781 0.527083 0.348438
5 0.573958 0.703125 0.327083 0.115625
6 0.714583 0.477344 0.445833 0.426563
6 0.850000 0.844531 0.283333 0.292187
7 0.295833 0.037500 0.037500 0.046875
7 0.252083 0.102344 0.116667 0.073438
7 0.263542 0.183594 0.110417 0.070312
7 0.264583 0.257812 0.104167 0.062500
8 0.426042 0.179688 0.102083 0.193750
8 0.458333 0.411719 0.120833 0.279687
8 0.033333 0.418750 0.033333 0.059375
8 0.521875 0.485938 0.056250 0.125000