2 0.794792 0.236719 0.389583 0.429688
3 0.157292 0.110156 0.285417 0.129688
3 0.285417 0.399219 0.533333 0.145313
3 0.193750 0.539844 0.350000 0.142187
3 0.502083 0.828906 0.966667 0.307812
5 0.883333 0.065625 0.216667 0.109375
7 0.304167 0.249219 0.579167 0.207813
7 0.794792 0.640625 0.381250 0.143750
8 0.817708 0.043750 0.060417 0.065625
8 0.550000 0.051562 0.133333 0.078125
8 0.755208 0.050000 0.114583 0.071875
8 0.531250 0.143750 0.216667 0.128125
8 0.788542 0.127344 0.106250 0.076563
8 0.596875 0.383594 0.247917 0.207813
8 0.836458 0.469531 0.202083 0.148438
8 0.234375 0.538281 0.127083 0.070312
8 0.457292 0.573438 0.218750 0.071875