1 0.153125 0.781250 0.264583 0.196875
1 0.420833 0.888281 0.108333 0.185938
1 0.201042 0.964063 0.097917 0.043750
1 0.070833 0.973437 0.091667 0.025000
2 0.829167 0.427344 0.316667 0.376563
2 0.784375 0.823438 0.414583 0.334375
3 0.273958 0.557813 0.514583 0.234375
5 0.690625 0.182031 0.602083 0.342187
5 0.510417 0.464062 0.433333 0.315625
5 0.830208 0.646875 0.314583 0.315625
5 0.450000 0.730469 0.316667 0.157812
6 0.498958 0.197656 0.039583 0.070312
6 0.494792 0.307812 0.060417 0.106250
7 0.254167 0.097656 0.466667 0.167187
7 0.329167 0.208594 0.304167 0.151562
7 0.162500 0.345313 0.287500 0.150000
7 0.125000 0.870313 0.212500 0.240625
7 0.393750 0.878906 0.037500 0.017188
8 0.666667 0.146875 0.133333 0.200000
8 0.521875 0.265625 0.018750 0.071875
8 0.489583 0.260156 0.033333 0.054688
8 0.676042 0.367188 0.081250 0.062500
8 0.443750 0.467969 0.154167 0.173437
8 0.160417 0.507031 0.066667 0.048438
8 0.687500 0.663281 0.175000 0.232813
8 0.253125 0.586719 0.064583 0.054688
8 0.152083 0.581250 0.075000 0.025000
8 0.048958 0.596094 0.052083 0.039062
8 0.473958 0.662500 0.110417 0.053125
8 0.245833 0.696094 0.137500 0.076563
8 0.284375 0.873437 0.110417 0.221875
8 0.800000 0.871875 0.091667 0.150000
8 0.517708 0.900000 0.160417 0.171875
8 0.627083 0.914844 0.054167 0.117188