1 0.103125 0.501563 0.177083 0.975000
2 0.910417 0.655469 0.154167 0.514062
2 0.917708 0.946875 0.143750 0.087500
3 0.434375 0.500781 0.735417 0.973437
5 0.781250 0.285156 0.412500 0.548438
6 0.784375 0.735156 0.410417 0.501563
7 0.066667 0.214844 0.029167 0.032813
7 0.095833 0.397656 0.025000 0.026562
7 0.381250 0.497656 0.191667 0.035937
7 0.366667 0.757031 0.154167 0.035937
7 0.033333 0.803125 0.033333 0.031250
7 0.169792 0.826562 0.031250 0.021875
7 0.180208 0.882031 0.022917 0.026562
7 0.168750 0.947656 0.037500 0.026562
8 0.414583 0.107031 0.091667 0.123438
8 0.523958 0.107813 0.081250 0.109375
8 0.606250 0.117188 0.066667 0.106250
8 0.744792 0.127344 0.081250 0.117188
8 0.312500 0.236719 0.075000 0.085938
8 0.409375 0.251563 0.077083 0.106250
8 0.508333 0.257031 0.075000 0.104688
8 0.406250 0.375781 0.054167 0.082812
8 0.493750 0.378125 0.075000 0.084375
8 0.563542 0.380469 0.043750 0.073438
8 0.765625 0.632812 0.156250 0.225000
8 0.223958 0.625781 0.097917 0.101562
8 0.866667 0.750781 0.129167 0.195312
8 0.581250 0.753125 0.066667 0.131250
8 0.560417 0.916406 0.066667 0.051562