1 0.048958 0.778906 0.060417 0.382812
2 0.872917 0.199219 0.229167 0.285938
2 0.713542 0.877344 0.114583 0.082812
3 0.471875 0.215625 0.602083 0.400000
3 0.339583 0.593750 0.300000 0.246875
5 0.846875 0.042969 0.222917 0.054688
5 0.515625 0.415625 0.085417 0.103125
5 0.844792 0.858594 0.277083 0.264062
5 0.557292 0.927344 0.260417 0.114062
5 0.686458 0.953125 0.072917 0.065625
6 0.763542 0.553906 0.447917 0.570312
7 0.303125 0.039844 0.297917 0.051562
7 0.306250 0.456250 0.220833 0.034375
7 0.606250 0.504687 0.141667 0.121875
7 0.064583 0.526563 0.029167 0.025000
7 0.086458 0.591406 0.035417 0.023438
7 0.535417 0.667188 0.116667 0.090625
7 0.073958 0.662500 0.027083 0.025000
7 0.309375 0.890625 0.543750 0.200000
8 0.936458 0.151562 0.110417 0.268750
8 0.611458 0.383594 0.114583 0.145313
8 0.495833 0.732031 0.129167 0.051562