1 0.052083 0.451562 0.070833 0.371875
1 0.239583 0.721875 0.433333 0.128125
2 0.759375 0.643750 0.168750 0.131250
2 0.807292 0.768750 0.093750 0.090625
2 0.855208 0.947656 0.252083 0.082812
2 0.928125 0.951562 0.122917 0.078125
3 0.325000 0.339062 0.625000 0.650000
5 0.927083 0.271094 0.125000 0.520312
5 0.568750 0.161719 0.116667 0.129688
5 0.617708 0.614844 0.310417 0.157812
5 0.736458 0.750000 0.510417 0.412500
6 0.804167 0.295312 0.375000 0.562500
7 0.084375 0.050000 0.106250 0.068750
7 0.716667 0.068750 0.216667 0.106250
7 0.627083 0.300781 0.175000 0.142187
7 0.305208 0.270313 0.231250 0.037500
7 0.585417 0.434375 0.145833 0.071875
7 0.376042 0.842969 0.722917 0.295312
8 0.667708 0.164844 0.114583 0.142187