1 0.150000 0.071875 0.275000 0.121875
1 0.604167 0.073438 0.616667 0.118750
1 0.354167 0.213281 0.083333 0.164062
1 0.063542 0.264062 0.097917 0.231250
1 0.381250 0.635156 0.733333 0.701562
2 0.881250 0.171875 0.216667 0.321875
3 0.291667 0.064844 0.020833 0.101562
3 0.678125 0.243750 0.306250 0.215625
5 0.583333 0.530469 0.204167 0.210938
6 0.832292 0.650000 0.310417 0.646875
7 0.239583 0.077344 0.079167 0.082812
8 0.216667 0.017188 0.104167 0.006250
8 0.095833 0.044531 0.112500 0.057813
8 0.234375 0.210156 0.114583 0.154688
8 0.503125 0.228906 0.047917 0.048438
8 0.800000 0.462500 0.091667 0.212500
8 0.766667 0.510938 0.070833 0.115625
8 0.779167 0.610938 0.095833 0.118750