1 0.363542 0.360156 0.168750 0.695312
1 0.640625 0.363281 0.118750 0.151562
1 0.170833 0.852344 0.308333 0.273438
1 0.380208 0.817969 0.177083 0.032813
2 0.931250 0.348438 0.116667 0.131250
2 0.914583 0.600000 0.150000 0.318750
2 0.654167 0.646094 0.087500 0.142187
2 0.808333 0.917969 0.366667 0.145313
3 0.144792 0.389844 0.260417 0.751563
5 0.737500 0.432031 0.508333 0.289062
5 0.611458 0.628125 0.085417 0.021875
5 0.425000 0.778125 0.095833 0.043750
6 0.766667 0.221875 0.450000 0.415625
6 0.727083 0.782813 0.441667 0.409375
7 0.495833 0.053125 0.095833 0.075000
7 0.450000 0.158594 0.129167 0.145313
7 0.178125 0.246094 0.089583 0.064062
7 0.405208 0.330469 0.177083 0.114062
7 0.556250 0.347656 0.054167 0.132812
7 0.075000 0.352344 0.075000 0.060937
7 0.404167 0.419531 0.154167 0.085938
7 0.217708 0.626563 0.060417 0.040625
7 0.388542 0.689063 0.031250 0.021875
7 0.088542 0.760156 0.147917 0.051562
7 0.334375 0.770312 0.077083 0.065625
7 0.257292 0.909375 0.468750 0.156250
8 0.484375 0.178906 0.285417 0.326562
8 0.645833 0.106250 0.041667 0.078125
8 0.062500 0.265625 0.095833 0.206250
8 0.161458 0.196094 0.114583 0.057813
8 0.545833 0.296875 0.025000 0.050000
8 0.191667 0.349219 0.083333 0.135937
8 0.513542 0.389062 0.052083 0.125000
8 0.084375 0.401562 0.077083 0.046875
8 0.105208 0.519531 0.122917 0.154688
8 0.213542 0.524219 0.060417 0.139063
8 0.400000 0.535156 0.154167 0.085938
8 0.482292 0.595313 0.056250 0.121875
8 0.838542 0.618750 0.131250 0.090625
8 0.746875 0.624219 0.077083 0.085938
8 0.377083 0.635156 0.154167 0.057813
8 0.154167 0.650000 0.054167 0.065625
8 0.539583 0.715625 0.062500 0.193750
8 0.462500 0.701562 0.108333 0.087500
8 0.815625 0.690625 0.127083 0.053125
8 0.872917 0.766406 0.233333 0.182812
8 0.369792 0.735156 0.077083 0.039062
8 0.572917 0.860156 0.050000 0.126562
8 0.276042 0.815625 0.027083 0.028125
8 0.522917 0.887500 0.062500 0.115625