1 0.304167 0.500781 0.220833 0.970313
2 0.930208 0.572656 0.122917 0.157812
2 0.948958 0.749219 0.081250 0.110937
2 0.955208 0.881250 0.060417 0.078125
2 0.690625 0.942187 0.156250 0.093750
3 0.093750 0.208594 0.154167 0.385937
3 0.093750 0.699219 0.158333 0.579688
5 0.712500 0.721094 0.554167 0.404687
6 0.753125 0.366406 0.477083 0.704688
7 0.430208 0.253906 0.102083 0.135937
7 0.378125 0.400781 0.143750 0.142187
7 0.521875 0.600000 0.064583 0.146875
7 0.340625 0.686719 0.172917 0.082812
8 0.547917 0.118750 0.262500 0.212500
8 0.550000 0.378125 0.195833 0.303125
8 0.080208 0.570312 0.122917 0.296875
8 0.369792 0.528906 0.189583 0.123438
8 0.490625 0.554688 0.027083 0.034375
8 0.475000 0.671094 0.083333 0.204687
8 0.106250 0.828906 0.083333 0.182812
8 0.395833 0.752344 0.095833 0.017188
8 0.654167 0.773438 0.095833 0.043750
8 0.332292 0.842187 0.177083 0.078125
8 0.439583 0.866406 0.058333 0.098437
8 0.650000 0.858594 0.166667 0.064062
8 0.863542 0.928906 0.222917 0.120313
8 0.310417 0.951562 0.191667 0.075000
8 0.117708 0.953125 0.064583 0.062500