1 0.291667 0.352344 0.550000 0.676562
1 0.364583 0.687500 0.258333 0.175000
1 0.534375 0.907813 0.068750 0.162500
2 0.851042 0.507812 0.277083 0.262500
3 0.112500 0.271875 0.195833 0.521875
3 0.015625 0.179688 0.006250 0.118750
3 0.115625 0.574219 0.197917 0.073438
3 0.873958 0.791406 0.231250 0.370312
5 0.795833 0.195312 0.391667 0.362500
5 0.417708 0.642969 0.147917 0.045312
6 0.726042 0.642969 0.152083 0.523438
6 0.985417 0.724219 0.004167 0.217188
6 0.650000 0.816406 0.316667 0.345313
6 0.901042 0.975781 0.177083 0.023438
7 0.430208 0.110156 0.264583 0.170313
7 0.142708 0.421875 0.068750 0.025000
7 0.139583 0.447656 0.070833 0.045312
7 0.396875 0.519531 0.052083 0.089063
7 0.282292 0.618750 0.106250 0.081250
7 0.026042 0.653906 0.022917 0.070312
7 0.261458 0.834375 0.493750 0.312500
8 0.071875 0.033594 0.106250 0.045312
8 0.631250 0.121094 0.154167 0.217188
8 0.141667 0.279687 0.062500 0.231250
8 0.490625 0.214844 0.135417 0.060937
8 0.609375 0.259375 0.068750 0.059375
8 0.093750 0.319531 0.037500 0.123438
8 0.560417 0.390625 0.116667 0.237500
8 0.387500 0.341406 0.212500 0.098437
8 0.934375 0.426563 0.110417 0.134375
8 0.355208 0.464062 0.214583 0.075000
8 0.059375 0.487500 0.072917 0.081250
8 0.614583 0.721875 0.400000 0.534375
8 0.329167 0.578125 0.108333 0.046875
8 0.215625 0.669531 0.039583 0.035937