1 0.335417 0.321875 0.641667 0.259375
2 0.790625 0.645312 0.402083 0.678125
3 0.500000 0.169531 0.966667 0.310937
3 0.360417 0.617969 0.687500 0.376563
3 0.146875 0.896875 0.252083 0.184375
5 0.428125 0.881250 0.477083 0.215625
8 0.972917 0.264062 0.020833 0.068750
8 0.857292 0.337500 0.110417 0.050000
8 0.944792 0.438281 0.089583 0.226562
8 0.723958 0.425000 0.210417 0.146875
8 0.632292 0.532031 0.314583 0.095312
8 0.285417 0.662500 0.145833 0.246875
8 0.130208 0.717969 0.218750 0.351562
8 0.621875 0.715625 0.277083 0.181250