2 0.934375 0.751563 0.110417 0.375000
3 0.210417 0.471094 0.391667 0.914062
3 0.729167 0.699219 0.295833 0.151562
3 0.741667 0.856250 0.312500 0.165625
5 0.713542 0.155469 0.264583 0.279687
5 0.759375 0.512500 0.447917 0.275000
6 0.820833 0.057813 0.041667 0.087500
6 0.907292 0.287500 0.168750 0.412500
8 0.902083 0.201563 0.179167 0.381250
8 0.059375 0.064844 0.093750 0.101562
8 0.609375 0.179688 0.460417 0.321875
8 0.144792 0.314844 0.181250 0.317188
8 0.695833 0.222656 0.070833 0.060937
8 0.447917 0.301563 0.133333 0.106250
8 0.538542 0.464844 0.360417 0.276562
8 0.098958 0.706250 0.168750 0.437500
8 0.484375 0.707031 0.185417 0.210938
8 0.294792 0.720313 0.043750 0.109375
8 0.225000 0.874219 0.029167 0.079687
8 0.286458 0.884375 0.027083 0.075000
8 0.489583 0.875000 0.112500 0.031250
8 0.744792 0.948438 0.493750 0.084375