1 0.496875 0.503125 0.964583 0.978125
1 0.314583 0.861719 0.187500 0.048438
2 0.762500 0.329688 0.454167 0.637500
2 0.977083 0.708594 0.020833 0.064062
3 0.552083 0.658594 0.170833 0.104688
4 0.510417 0.591406 0.450000 0.460938
5 0.505208 0.200781 0.231250 0.239063
5 0.755208 0.634375 0.272917 0.140625
6 0.845833 0.799219 0.287500 0.307812
7 0.268750 0.151562 0.266667 0.209375
7 0.054167 0.249219 0.025000 0.042188
7 0.244792 0.423438 0.160417 0.218750
7 0.280208 0.725781 0.268750 0.335938
7 0.384375 0.890625 0.127083 0.084375
8 0.884375 0.021094 0.043750 0.020313
8 0.547917 0.116406 0.375000 0.201563
8 0.456250 0.186719 0.129167 0.095312
8 0.387500 0.307812 0.233333 0.109375
8 0.544792 0.343750 0.089583 0.056250
8 0.679167 0.627344 0.066667 0.082812
8 0.476042 0.694531 0.068750 0.101562
8 0.546875 0.766406 0.127083 0.123438
8 0.668750 0.835156 0.429167 0.264062
8 0.508333 0.818750 0.179167 0.096875