1 0.238542 0.375000 0.447917 0.343750
1 0.064583 0.638281 0.100000 0.704688
1 0.206250 0.767969 0.279167 0.442188
2 0.785417 0.718750 0.412500 0.543750
3 0.413542 0.173437 0.802083 0.318750
4 0.722917 0.482031 0.270833 0.139063
4 0.617708 0.882031 0.531250 0.214062
5 0.807292 0.240625 0.368750 0.459375
5 0.923958 0.127344 0.056250 0.045312
5 0.971875 0.186719 0.035417 0.070312
5 0.627083 0.492969 0.212500 0.179688
5 0.554167 0.610938 0.075000 0.046875
7 0.350000 0.210156 0.100000 0.142187
7 0.321875 0.446094 0.347917 0.173437
7 0.041667 0.602344 0.029167 0.042188
7 0.290625 0.739844 0.272917 0.298438
7 0.253125 0.953906 0.206250 0.070312
8 0.169792 0.048438 0.056250 0.068750
8 0.360417 0.046094 0.087500 0.064062
8 0.887500 0.214844 0.208333 0.401562
8 0.516667 0.060937 0.112500 0.090625
8 0.138542 0.175000 0.139583 0.171875
8 0.354167 0.167187 0.120833 0.106250
8 0.527083 0.212500 0.170833 0.162500
8 0.025000 0.171875 0.020833 0.059375
8 0.667708 0.260156 0.156250 0.110937
8 0.654167 0.393750 0.408333 0.175000
8 0.485417 0.496875 0.245833 0.115625
8 0.494792 0.568750 0.118750 0.103125
8 0.394792 0.574219 0.156250 0.095312
8 0.644792 0.661719 0.118750 0.101562
8 0.530208 0.664062 0.106250 0.087500
8 0.463542 0.685156 0.077083 0.064062
8 0.505208 0.786719 0.352083 0.135937