1 0.241667 0.150000 0.245833 0.271875
1 0.196875 0.396094 0.356250 0.210938
1 0.517708 0.625781 0.377083 0.214062
1 0.151042 0.824219 0.272917 0.142187
1 0.114583 0.911719 0.191667 0.057813
2 0.918750 0.590625 0.145833 0.275000
3 0.101042 0.192969 0.164583 0.364063
3 0.821875 0.128125 0.331250 0.228125
7 0.194792 0.631250 0.356250 0.262500
8 0.611458 0.280469 0.756250 0.539062
8 0.391667 0.453906 0.141667 0.098437
8 0.385417 0.507812 0.100000 0.012500
8 0.801042 0.619531 0.239583 0.189062
8 0.677083 0.739062 0.483333 0.071875
8 0.504167 0.852344 0.975000 0.276562