1 0.297917 0.317188 0.570833 0.612500
1 0.066667 0.532813 0.095833 0.162500
1 0.140625 0.820312 0.247917 0.075000
1 0.136458 0.896094 0.243750 0.060937
2 0.791667 0.500781 0.395833 0.979688
3 0.142708 0.499219 0.243750 0.467187
3 0.681250 0.385156 0.116667 0.092188
3 0.568750 0.373437 0.087500 0.050000
3 0.593750 0.405469 0.045833 0.048438
3 0.555208 0.798438 0.593750 0.381250
5 0.665625 0.078125 0.381250 0.134375
5 0.630208 0.184375 0.364583 0.200000
6 0.558333 0.028125 0.050000 0.025000
6 0.551042 0.059375 0.056250 0.028125
6 0.536458 0.082812 0.052083 0.021875
6 0.539583 0.119531 0.054167 0.026562
6 0.535417 0.149219 0.045833 0.023438
6 0.528125 0.180469 0.043750 0.020313
6 0.522917 0.211719 0.054167 0.026562
6 0.608333 0.285156 0.283333 0.107813
7 0.670833 0.949219 0.350000 0.079687
8 0.442708 0.212500 0.072917 0.090625
8 0.763542 0.211719 0.064583 0.032813
8 0.757292 0.239063 0.060417 0.034375
8 0.497917 0.409375 0.312500 0.237500
8 0.417708 0.717969 0.410417 0.273438
8 0.062500 0.644531 0.095833 0.067187
8 0.080208 0.694531 0.043750 0.029687
8 0.141667 0.750781 0.254167 0.057813