1 0.239583 0.110156 0.437500 0.192188
1 0.177083 0.909375 0.312500 0.159375
2 0.626042 0.157812 0.268750 0.290625
2 0.492708 0.173437 0.127083 0.315625
2 0.958333 0.122656 0.058333 0.207813
2 0.672917 0.257812 0.079167 0.021875
2 0.751042 0.634375 0.477083 0.712500
2 0.662500 0.358594 0.158333 0.139063
3 0.331250 0.484375 0.629167 0.681250
4 0.420833 0.688281 0.108333 0.073438
5 0.429167 0.078906 0.116667 0.132812
5 0.552083 0.866406 0.420833 0.154688
6 0.518750 0.765625 0.308333 0.056250
6 0.418750 0.815625 0.058333 0.018750
6 0.423958 0.844531 0.052083 0.014063
6 0.431250 0.879687 0.050000 0.015625
6 0.434375 0.917188 0.052083 0.025000
7 0.145833 0.046875 0.258333 0.071875
8 0.747917 0.223438 0.470833 0.418750
8 0.054167 0.173437 0.079167 0.056250
8 0.287500 0.278125 0.100000 0.112500
8 0.175000 0.268750 0.075000 0.087500
8 0.055208 0.250000 0.035417 0.034375
8 0.119792 0.257031 0.035417 0.042188
8 0.142708 0.282813 0.052083 0.043750
8 0.068750 0.339062 0.041667 0.068750
8 0.420833 0.396875 0.087500 0.100000
8 0.332292 0.435156 0.077083 0.160938
8 0.248958 0.495312 0.077083 0.259375
8 0.438542 0.467969 0.089583 0.095312
8 0.150000 0.527344 0.050000 0.120313
8 0.130208 0.658594 0.072917 0.070312
8 0.327083 0.924219 0.079167 0.110937