1 0.636458 0.209375 0.456250 0.390625
1 0.588542 0.410156 0.502083 0.307812
1 0.395833 0.735938 0.166667 0.278125
3 0.105208 0.119531 0.185417 0.217188
3 0.182292 0.385937 0.331250 0.446875
3 0.170833 0.767188 0.312500 0.315625
6 0.733333 0.785156 0.512500 0.410938
7 0.825000 0.140625 0.333333 0.259375
7 0.667708 0.327344 0.547917 0.267188
8 0.143750 0.246875 0.258333 0.465625
8 0.344792 0.139844 0.147917 0.254688
8 0.476042 0.078906 0.085417 0.132812
8 0.751042 0.290625 0.485417 0.334375
8 0.387500 0.249219 0.041667 0.060937
8 0.338542 0.339062 0.143750 0.178125
8 0.926042 0.515625 0.131250 0.143750
8 0.446875 0.547656 0.864583 0.185938
8 0.888542 0.724219 0.197917 0.145313
8 0.718750 0.728906 0.100000 0.151562
8 0.255208 0.697656 0.122917 0.060937
8 0.462500 0.783594 0.162500 0.167187
8 0.266667 0.883594 0.508333 0.220312
8 0.804167 0.885938 0.375000 0.206250