1 0.098958 0.200000 0.168750 0.081250
1 0.342708 0.535937 0.660417 0.693750
1 0.706250 0.222656 0.258333 0.035937
2 0.840625 0.613281 0.302083 0.754687
3 0.652083 0.394531 0.320833 0.354687
7 0.502083 0.125000 0.975000 0.228125
7 0.146875 0.398438 0.264583 0.309375
7 0.411458 0.410156 0.056250 0.045312
7 0.515625 0.594531 0.035417 0.035937
7 0.653125 0.649219 0.152083 0.032813
7 0.420833 0.819531 0.816667 0.339062
7 0.763542 0.945312 0.297917 0.090625
8 0.238542 0.208594 0.239583 0.079687
8 0.463542 0.246875 0.043750 0.059375
8 0.463542 0.300000 0.031250 0.028125
8 0.389583 0.307031 0.108333 0.014063
8 0.403125 0.357812 0.081250 0.025000
8 0.390625 0.511719 0.077083 0.035937
8 0.411458 0.550000 0.077083 0.021875
8 0.465625 0.560156 0.031250 0.029687
8 0.698958 0.594531 0.143750 0.039062
8 0.414583 0.728906 0.066667 0.082812