1 0.246875 0.267188 0.456250 0.071875
1 0.373958 0.602344 0.714583 0.404687
1 0.502083 0.914844 0.975000 0.151562
2 0.897917 0.558594 0.179167 0.385937
2 0.967708 0.460938 0.047917 0.184375
3 0.650000 0.686719 0.458333 0.198437
3 0.437500 0.711719 0.025000 0.042188
3 0.438542 0.778906 0.035417 0.032813
7 0.502083 0.147656 0.979167 0.273438
7 0.503125 0.332813 0.972917 0.115625
7 0.473958 0.456250 0.914583 0.221875
7 0.161458 0.720313 0.293750 0.234375
7 0.493750 0.726562 0.079167 0.131250
7 0.434375 0.742188 0.060417 0.056250
8 0.352083 0.478906 0.187500 0.110937
8 0.273958 0.561719 0.018750 0.051562
8 0.431250 0.625000 0.066667 0.021875
8 0.472917 0.647656 0.045833 0.020313
8 0.425000 0.673438 0.083333 0.031250