1 0.502083 0.377344 0.970833 0.726562
1 0.289583 0.795312 0.545833 0.137500
3 0.692708 0.598437 0.452083 0.593750
3 0.869792 0.624219 0.235417 0.592187
3 0.517708 0.525000 0.068750 0.090625
3 0.502083 0.639844 0.070833 0.070312
7 0.793750 0.146875 0.391667 0.265625
7 0.156250 0.532813 0.283333 0.465625
7 0.647917 0.617969 0.225000 0.342187
8 0.417708 0.101562 0.389583 0.181250
8 0.244792 0.217188 0.052083 0.118750
8 0.560417 0.366406 0.191667 0.042188
8 0.601042 0.423438 0.085417 0.043750
8 0.673958 0.423438 0.022917 0.040625
8 0.511458 0.457813 0.135417 0.059375
8 0.518750 0.582031 0.087500 0.070312
8 0.479167 0.694531 0.141667 0.048438
8 0.560417 0.759375 0.029167 0.037500
8 0.447917 0.892188 0.866667 0.196875