1 0.166667 0.082812 0.304167 0.137500
1 0.370833 0.093750 0.162500 0.159375
1 0.646875 0.227344 0.302083 0.342187
1 0.160417 0.252344 0.295833 0.267188
1 0.341667 0.251563 0.108333 0.181250
1 0.364583 0.554688 0.087500 0.231250
1 0.638542 0.637500 0.143750 0.059375
1 0.504167 0.814844 0.975000 0.351562
2 0.838542 0.481250 0.297917 0.378125
2 0.758333 0.621875 0.129167 0.071875
3 0.831250 0.166406 0.316667 0.310937
3 0.935417 0.250000 0.108333 0.109375
7 0.821875 0.026562 0.122917 0.028125
7 0.518750 0.156250 0.316667 0.281250
7 0.175000 0.527344 0.320833 0.304688
7 0.615625 0.557813 0.502083 0.212500
7 0.475000 0.645312 0.125000 0.046875
7 0.502083 0.826562 0.966667 0.325000
8 0.445833 0.328906 0.129167 0.073438
8 0.348958 0.367188 0.093750 0.043750
8 0.517708 0.443750 0.381250 0.143750