1 0.451042 0.309375 0.872917 0.593750
1 0.317708 0.787500 0.606250 0.403125
3 0.847917 0.331250 0.283333 0.634375
3 0.842708 0.075781 0.035417 0.042188
3 0.922917 0.608594 0.129167 0.045312
7 0.327083 0.128906 0.625000 0.226562
7 0.890625 0.091406 0.189583 0.151562
7 0.908333 0.243750 0.166667 0.368750
7 0.220833 0.438281 0.087500 0.032813
7 0.731250 0.718750 0.520833 0.540625
7 0.218750 0.889844 0.404167 0.195312
8 0.708333 0.190625 0.204167 0.093750
8 0.652083 0.300781 0.279167 0.117188
8 0.631250 0.382812 0.287500 0.028125
8 0.647917 0.415625 0.262500 0.025000