1 0.243750 0.329688 0.458333 0.415625
1 0.209375 0.708594 0.389583 0.264062
1 0.737500 0.956250 0.508333 0.068750
2 0.835417 0.464062 0.304167 0.437500
3 0.696875 0.669531 0.585417 0.289062
7 0.503125 0.147656 0.977083 0.267188
7 0.521875 0.371094 0.185417 0.370312
7 0.650000 0.378906 0.258333 0.317188
7 0.402083 0.621875 0.054167 0.046875
7 0.519792 0.735938 0.097917 0.171875
7 0.058333 0.794531 0.087500 0.114062
7 0.446875 0.810156 0.060417 0.029687
8 0.051042 0.428125 0.072917 0.078125
8 0.160417 0.648438 0.041667 0.140625
8 0.446875 0.619531 0.043750 0.064062
8 0.341667 0.613281 0.066667 0.029687
8 0.426042 0.673438 0.027083 0.050000
8 0.386458 0.735938 0.077083 0.025000
8 0.402083 0.789062 0.112500 0.059375
8 0.625000 0.790625 0.045833 0.050000