1 0.378125 0.501563 0.731250 0.975000
1 0.495833 0.125000 0.279167 0.215625
2 0.879167 0.728125 0.212500 0.309375
3 0.367708 0.350781 0.389583 0.239063
3 0.548958 0.421875 0.197917 0.012500
3 0.627083 0.578125 0.358333 0.171875
3 0.698958 0.742188 0.293750 0.121875
4 0.820833 0.295312 0.341667 0.562500
4 0.650000 0.215625 0.162500 0.400000
6 0.759375 0.835938 0.085417 0.159375
7 0.207292 0.120313 0.310417 0.218750
8 0.418750 0.296094 0.325000 0.060937
8 0.245833 0.321094 0.062500 0.079687
8 0.410417 0.385937 0.358333 0.043750
8 0.468750 0.449219 0.287500 0.057813
8 0.671875 0.847656 0.185417 0.139063