1 0.359375 0.328125 0.693750 0.634375
1 0.737500 0.293750 0.229167 0.125000
1 0.727083 0.514062 0.195833 0.231250
1 0.291667 0.817969 0.554167 0.339062
1 0.706250 0.727344 0.095833 0.020313
2 0.937500 0.304688 0.104167 0.159375
2 0.901042 0.439063 0.177083 0.053125
2 0.918750 0.507812 0.145833 0.081250
2 0.962500 0.598437 0.054167 0.068750
2 0.927083 0.673438 0.125000 0.103125
2 0.840625 0.746875 0.177083 0.031250
2 0.964583 0.832031 0.050000 0.107813
2 0.977083 0.939063 0.020833 0.037500
3 0.830208 0.139063 0.322917 0.250000
5 0.822917 0.607031 0.333333 0.273438
5 0.767708 0.865625 0.443750 0.246875
5 0.980208 0.848437 0.018750 0.078125
6 0.757292 0.514844 0.460417 0.535937
6 0.573958 0.386719 0.039583 0.048438
6 0.946875 0.779687 0.081250 0.081250
7 0.747917 0.292969 0.054167 0.026562
7 0.240625 0.875000 0.452083 0.225000
8 0.262500 0.269531 0.391667 0.414062
8 0.672917 0.140625 0.100000 0.096875
8 0.587500 0.382812 0.175000 0.340625
8 0.851042 0.313281 0.114583 0.067187
8 0.517708 0.642188 0.131250 0.134375
8 0.547917 0.735156 0.045833 0.045312