1 0.438542 0.501563 0.847917 0.975000
2 0.821875 0.552344 0.335417 0.873437
4 0.540625 0.820312 0.472917 0.337500
5 0.666667 0.671094 0.583333 0.304688
6 0.773958 0.185938 0.431250 0.331250
6 0.664583 0.390625 0.533333 0.296875
7 0.484375 0.485938 0.047917 0.096875
8 0.506250 0.145313 0.225000 0.228125
8 0.667708 0.125781 0.102083 0.132812
8 0.325000 0.379688 0.270833 0.256250
8 0.412500 0.282031 0.112500 0.045312
8 0.430208 0.328125 0.072917 0.043750
8 0.650000 0.374219 0.283333 0.117188
8 0.291667 0.590625 0.220833 0.156250