1 0.331250 0.114844 0.637500 0.207813
1 0.638542 0.317969 0.172917 0.082812
1 0.308333 0.528906 0.575000 0.189062
1 0.655208 0.482812 0.089583 0.065625
1 0.267708 0.807813 0.506250 0.362500
2 0.853125 0.346875 0.277083 0.275000
2 0.894792 0.590625 0.093750 0.103125
3 0.680208 0.833594 0.618750 0.314063
4 0.872917 0.117969 0.237500 0.214062
5 0.756250 0.488281 0.470833 0.335938
6 0.741667 0.607812 0.491667 0.156250
7 0.348958 0.202344 0.672917 0.145313
7 0.240625 0.296094 0.452083 0.095312
7 0.303125 0.390625 0.568750 0.103125
7 0.688542 0.372656 0.131250 0.029687
7 0.344792 0.590625 0.285417 0.087500
8 0.714583 0.153125 0.162500 0.281250
8 0.864583 0.075000 0.204167 0.125000
8 0.862500 0.282031 0.170833 0.145313
8 0.511458 0.310156 0.072917 0.064062
8 0.759375 0.530469 0.089583 0.092188
8 0.581250 0.640625 0.200000 0.131250
8 0.350000 0.869531 0.116667 0.092188
8 0.347917 0.946875 0.112500 0.081250