1 0.390625 0.395313 0.756250 0.762500
1 0.536458 0.882031 0.206250 0.110937
2 0.742708 0.397656 0.502083 0.767188
2 0.584375 0.113281 0.039583 0.045312
2 0.812500 0.834375 0.354167 0.312500
4 0.753125 0.833594 0.164583 0.170313
5 0.657292 0.958594 0.518750 0.067187
7 0.296875 0.875781 0.564583 0.223438
7 0.587500 0.954688 0.216667 0.046875
7 0.221875 0.967187 0.406250 0.050000
8 0.836458 0.110937 0.106250 0.115625
8 0.597917 0.156250 0.091667 0.134375
8 0.826042 0.212500 0.089583 0.093750
8 0.579167 0.515625 0.370833 0.671875