1 0.730208 0.138281 0.143750 0.095312
1 0.371875 0.293750 0.714583 0.162500
1 0.287500 0.678906 0.541667 0.620313
2 0.910417 0.328906 0.158333 0.267188
2 0.897917 0.610156 0.183333 0.082812
3 0.690625 0.828125 0.597917 0.325000
5 0.783333 0.475781 0.412500 0.282813
6 0.743750 0.514062 0.400000 0.296875
7 0.423958 0.089844 0.772917 0.151562
7 0.435417 0.189844 0.837500 0.148438
7 0.426042 0.385156 0.289583 0.067187
7 0.460417 0.640625 0.062500 0.053125
7 0.354167 0.971094 0.112500 0.032813
8 0.891667 0.142187 0.191667 0.256250
8 0.778125 0.313281 0.110417 0.101562
8 0.842708 0.367188 0.106250 0.143750
8 0.552083 0.497656 0.058333 0.167187
8 0.373958 0.782813 0.072917 0.134375