1 0.381250 0.158594 0.737500 0.295312
1 0.770833 0.079687 0.066667 0.100000
1 0.248958 0.707031 0.464583 0.360938
2 0.836458 0.150781 0.085417 0.101562
2 0.806250 0.320312 0.366667 0.296875
3 0.361458 0.344531 0.693750 0.217188
4 0.616667 0.710156 0.745833 0.560937
5 0.823958 0.128906 0.327083 0.229687
7 0.621875 0.190625 0.081250 0.037500
7 0.602083 0.385156 0.091667 0.039062
7 0.221875 0.482031 0.414583 0.101562
7 0.158333 0.664844 0.287500 0.182812
7 0.168750 0.920312 0.304167 0.140625
8 0.028125 0.367969 0.018750 0.095312
8 0.143750 0.381250 0.141667 0.090625
8 0.288542 0.372656 0.085417 0.057813
8 0.458333 0.380469 0.091667 0.054688
8 0.554167 0.400000 0.116667 0.071875