1 0.503125 0.181250 0.977083 0.340625
1 0.352083 0.415625 0.670833 0.078125
1 0.252083 0.722656 0.466667 0.532813
2 0.951042 0.317969 0.072917 0.051562
2 0.817708 0.696875 0.339583 0.581250
3 0.533333 0.528125 0.279167 0.212500
4 0.710417 0.805469 0.508333 0.360938
7 0.877083 0.253906 0.083333 0.048438
7 0.501042 0.332813 0.972917 0.162500
7 0.370833 0.614062 0.100000 0.065625
8 0.470833 0.057031 0.129167 0.070312
8 0.818750 0.341406 0.175000 0.035937
8 0.808333 0.420312 0.216667 0.096875
8 0.752083 0.407031 0.058333 0.057813
8 0.370833 0.455469 0.075000 0.026562
8 0.384375 0.475781 0.047917 0.010937
8 0.377083 0.525000 0.033333 0.018750
8 0.402083 0.565625 0.033333 0.037500
8 0.450000 0.728125 0.070833 0.084375
8 0.446875 0.842969 0.135417 0.160938