1 0.203125 0.465625 0.377083 0.903125
2 0.777083 0.280469 0.425000 0.429688
2 0.912500 0.760156 0.154167 0.401562
3 0.498958 0.178125 0.364583 0.312500
3 0.359375 0.937500 0.289583 0.100000
4 0.635417 0.671875 0.625000 0.628125
4 0.291667 0.559375 0.054167 0.103125
7 0.652083 0.042188 0.316667 0.053125
7 0.269792 0.272656 0.072917 0.032813
8 0.285417 0.046094 0.112500 0.035937
8 0.790625 0.084375 0.068750 0.096875
8 0.917708 0.089063 0.127083 0.106250
8 0.311458 0.084375 0.056250 0.028125
8 0.287500 0.157812 0.054167 0.034375
8 0.315625 0.220312 0.031250 0.050000
8 0.329167 0.504687 0.125000 0.256250