1 0.344792 0.084375 0.656250 0.137500
1 0.235417 0.516406 0.429167 0.092188
1 0.381250 0.853125 0.729167 0.265625
2 0.822917 0.143750 0.325000 0.121875
2 0.843750 0.564844 0.287500 0.648438
3 0.617708 0.067969 0.752083 0.107813
3 0.500000 0.285938 0.966667 0.403125
4 0.851042 0.872656 0.281250 0.232813
6 0.707292 0.576562 0.318750 0.168750
7 0.325000 0.651563 0.620833 0.184375
8 0.225000 0.289062 0.120833 0.271875
8 0.427083 0.314844 0.208333 0.279687
8 0.625000 0.333594 0.237500 0.254688
8 0.820833 0.350000 0.250000 0.243750
8 0.500000 0.528906 0.175000 0.104688
8 0.666667 0.739844 0.170833 0.160938