1 0.211458 0.071094 0.393750 0.114062
1 0.251042 0.485156 0.468750 0.326562
1 0.545833 0.692187 0.058333 0.093750
1 0.620833 0.933594 0.116667 0.110937
2 0.651042 0.224219 0.164583 0.360938
2 0.559375 0.347656 0.068750 0.223438
2 0.673958 0.750000 0.118750 0.150000
2 0.862500 0.884375 0.258333 0.212500
3 0.415625 0.100781 0.139583 0.057813
3 0.138542 0.290625 0.247917 0.118750
3 0.432292 0.470313 0.122917 0.212500
3 0.528125 0.539062 0.060417 0.081250
5 0.839583 0.177344 0.300000 0.332813
5 0.501042 0.411719 0.089583 0.192188
5 0.767708 0.721875 0.439583 0.318750
6 0.747917 0.416406 0.479167 0.801562
7 0.112500 0.488281 0.183333 0.148438
7 0.302083 0.792969 0.575000 0.392188
8 0.326042 0.164062 0.622917 0.303125
8 0.130208 0.069531 0.222917 0.098437
8 0.625000 0.266406 0.062500 0.110937
8 0.737500 0.550000 0.258333 0.453125
8 0.356250 0.454688 0.033333 0.078125
8 0.340625 0.549219 0.077083 0.064062
8 0.571875 0.860938 0.077083 0.125000