1 0.414583 0.111719 0.800000 0.195312
1 0.466667 0.497656 0.900000 0.173437
1 0.473958 0.621875 0.910417 0.068750
2 0.882292 0.335156 0.222917 0.642188
3 0.503125 0.822656 0.977083 0.332813
7 0.215625 0.034375 0.202083 0.040625
7 0.446875 0.295312 0.860417 0.303125
7 0.063542 0.486719 0.072917 0.064062
8 0.939583 0.822656 0.095833 0.317188
8 0.831250 0.828906 0.166667 0.317188
8 0.072917 0.828125 0.091667 0.312500
8 0.179167 0.828906 0.162500 0.314063
8 0.530208 0.827344 0.147917 0.307812
8 0.351042 0.828906 0.177083 0.304688
8 0.685417 0.825781 0.150000 0.298438