1 0.481250 0.087500 0.695833 0.146875
1 0.256250 0.249219 0.487500 0.079687
1 0.236458 0.774219 0.443750 0.076563
1 0.353125 0.967969 0.668750 0.039062
2 0.854167 0.199219 0.270833 0.370312
2 0.514583 0.296875 0.058333 0.084375
2 0.525000 0.557813 0.041667 0.056250
2 0.903125 0.571875 0.172917 0.037500
2 0.813542 0.803906 0.347917 0.367188
3 0.219792 0.127344 0.410417 0.229687
3 0.617708 0.113281 0.231250 0.079687
3 0.486458 0.203906 0.147917 0.104688
3 0.420833 0.818750 0.104167 0.056250
3 0.190625 0.885156 0.347917 0.167187
3 0.507292 0.924219 0.281250 0.067187
5 0.628125 0.205469 0.472917 0.276562
5 0.655208 0.442969 0.668750 0.217188
5 0.373958 0.567187 0.131250 0.106250
5 0.691667 0.669531 0.591667 0.220312
5 0.523958 0.853906 0.460417 0.173437
6 0.565625 0.287500 0.064583 0.137500
6 0.476042 0.310937 0.018750 0.053125
6 0.732292 0.360938 0.285417 0.040625
6 0.558333 0.557813 0.020833 0.056250
6 0.496875 0.811719 0.089583 0.089063
7 0.236458 0.367969 0.427083 0.201563
7 0.219792 0.600000 0.393750 0.196875
8 0.231250 0.118750 0.041667 0.134375
8 0.308333 0.130469 0.070833 0.142187
8 0.376042 0.657031 0.114583 0.035937