1 0.585417 0.055469 0.308333 0.085938
1 0.117708 0.516406 0.206250 0.051562
1 0.193750 0.774219 0.262500 0.139063
2 0.867708 0.104688 0.243750 0.181250
2 0.914583 0.268750 0.141667 0.096875
2 0.503125 0.369531 0.097917 0.223438
2 0.420833 0.362500 0.070833 0.175000
2 0.760417 0.666406 0.462500 0.648438
2 0.375000 0.468750 0.050000 0.140625
2 0.468750 0.584375 0.104167 0.184375
2 0.405208 0.677344 0.072917 0.148438
2 0.337500 0.662500 0.037500 0.096875
3 0.146875 0.623437 0.264583 0.153125
5 0.697917 0.159375 0.575000 0.287500
5 0.315625 0.344531 0.206250 0.223438
5 0.776042 0.394531 0.268750 0.164062
5 0.593750 0.732812 0.720833 0.415625
5 0.261458 0.705469 0.147917 0.110937
6 0.620833 0.486719 0.620833 0.579688
7 0.235417 0.155469 0.441667 0.282813
7 0.173958 0.400781 0.314583 0.192188
7 0.037500 0.784375 0.045833 0.128125
7 0.285417 0.912500 0.541667 0.153125
8 0.404167 0.533594 0.070833 0.142187
8 0.343750 0.585938 0.066667 0.071875