1 0.697917 0.064062 0.158333 0.096875
1 0.663542 0.165625 0.168750 0.078125
1 0.525000 0.398438 0.083333 0.075000
1 0.287500 0.613281 0.545833 0.404687
1 0.552083 0.871875 0.154167 0.081250
1 0.660417 0.929688 0.337500 0.118750
2 0.841667 0.534375 0.295833 0.290625
2 0.953125 0.683594 0.072917 0.114062
2 0.903125 0.853125 0.177083 0.275000
3 0.853125 0.245312 0.268750 0.287500
3 0.255208 0.815625 0.481250 0.353125
5 0.715625 0.710938 0.547917 0.300000
6 0.868750 0.095312 0.237500 0.162500
6 0.644792 0.439844 0.343750 0.589063
7 0.331250 0.049219 0.633333 0.076563
7 0.391667 0.079687 0.758333 0.118750
7 0.306250 0.238281 0.583333 0.367188
7 0.028125 0.468750 0.022917 0.050000
7 0.143750 0.469531 0.091667 0.048438
7 0.582292 0.572656 0.081250 0.098437
7 0.132292 0.582812 0.089583 0.040625
7 0.332292 0.904687 0.106250 0.168750
7 0.745833 0.952344 0.375000 0.079687
8 0.723958 0.037500 0.081250 0.043750
8 0.572917 0.277344 0.279167 0.292187
8 0.493750 0.509375 0.320833 0.196875
8 0.526042 0.625781 0.014583 0.045312
8 0.489583 0.655469 0.037500 0.057813
8 0.630208 0.887500 0.481250 0.178125