1 0.408333 0.147656 0.791667 0.273438
1 0.373958 0.407813 0.056250 0.146875
1 0.340625 0.917969 0.089583 0.060937
2 0.871875 0.436719 0.231250 0.326562
2 0.771875 0.800781 0.435417 0.376563
3 0.675000 0.957031 0.416667 0.060937
3 0.369792 0.974219 0.127083 0.032813
5 0.701042 0.714063 0.572917 0.306250
6 0.688542 0.428125 0.572917 0.343750
6 0.387500 0.624219 0.029167 0.092188
6 0.403125 0.740625 0.035417 0.037500
6 0.390625 0.793750 0.018750 0.034375
6 0.620833 0.900000 0.487500 0.175000
7 0.138542 0.443750 0.247917 0.343750
7 0.097917 0.837500 0.166667 0.300000
8 0.836458 0.059375 0.310417 0.090625
8 0.770833 0.191406 0.429167 0.207813
8 0.413542 0.537500 0.193750 0.196875
8 0.283333 0.716406 0.350000 0.214062
8 0.341667 0.823438 0.066667 0.168750
8 0.417708 0.828906 0.060417 0.104688