1 0.128125 0.275781 0.227083 0.104688
1 0.416667 0.562500 0.154167 0.312500
1 0.503125 0.806250 0.972917 0.162500
1 0.501042 0.949219 0.972917 0.082812
2 0.905208 0.521875 0.172917 0.281250
3 0.502083 0.450781 0.970833 0.576562
3 0.669792 0.546094 0.506250 0.357812
7 0.504167 0.107813 0.975000 0.193750
7 0.518750 0.519531 0.020833 0.129688
7 0.504167 0.895312 0.983333 0.134375
8 0.119792 0.225000 0.210417 0.153125
8 0.425000 0.400781 0.183333 0.076563
8 0.476042 0.435937 0.097917 0.031250
8 0.482292 0.507812 0.047917 0.090625
8 0.464583 0.577344 0.087500 0.026562
8 0.901042 0.687500 0.185417 0.156250
8 0.485417 0.635156 0.054167 0.035937
8 0.452083 0.660156 0.054167 0.042188
8 0.629167 0.746875 0.350000 0.059375