1 0.437500 0.260156 0.320833 0.498437
1 0.517708 0.102344 0.239583 0.179688
1 0.504167 0.760156 0.291667 0.454688
3 0.204167 0.500781 0.379167 0.979688
3 0.750000 0.570312 0.479167 0.837500
3 0.859375 0.407813 0.264583 0.309375
7 0.652083 0.401562 0.145833 0.081250
7 0.656250 0.733594 0.150000 0.314063
8 0.555208 0.044531 0.222917 0.064062
8 0.706250 0.174219 0.579167 0.323437
8 0.672917 0.351562 0.195833 0.037500
8 0.454167 0.496094 0.120833 0.210938
8 0.586458 0.512500 0.172917 0.225000
8 0.591667 0.849219 0.170833 0.079687
8 0.586458 0.923438 0.022917 0.050000
8 0.639583 0.937500 0.083333 0.075000
8 0.541667 0.950000 0.058333 0.068750
8 0.579167 0.970313 0.050000 0.034375