1 0.504167 0.267188 0.362500 0.506250
1 0.500000 0.639062 0.162500 0.231250
1 0.390625 0.917969 0.118750 0.135937
3 0.166667 0.308594 0.308333 0.595313
3 0.796875 0.500781 0.389583 0.979688
3 0.512500 0.912500 0.108333 0.153125
3 0.170833 0.916406 0.312500 0.145313
7 0.240625 0.647656 0.452083 0.251563
7 0.563542 0.690625 0.039583 0.031250
7 0.473958 0.774219 0.110417 0.117188
7 0.217708 0.800781 0.406250 0.104688
7 0.618750 0.903906 0.141667 0.170313
8 0.703125 0.049219 0.314583 0.070312
8 0.734375 0.277344 0.406250 0.410938
8 0.659375 0.357812 0.156250 0.062500
8 0.658333 0.425781 0.175000 0.057813
8 0.618750 0.481250 0.179167 0.056250
8 0.747917 0.562500 0.116667 0.181250
8 0.598958 0.627344 0.218750 0.204687
8 0.376042 0.705469 0.039583 0.026562
8 0.617708 0.785937 0.185417 0.190625
8 0.344792 0.750781 0.102083 0.042188
8 0.433333 0.901563 0.075000 0.062500