1 0.698958 0.118750 0.264583 0.209375
1 0.250000 0.282031 0.358333 0.164062
1 0.034375 0.279687 0.039583 0.046875
1 0.458333 0.694531 0.883333 0.220312
1 0.415625 0.873437 0.797917 0.171875
1 0.120833 0.860156 0.191667 0.114062
2 0.883333 0.181250 0.212500 0.340625
2 0.879167 0.787500 0.220833 0.271875
3 0.103125 0.326562 0.172917 0.137500
3 0.777083 0.358594 0.425000 0.129688
3 0.423958 0.688281 0.335417 0.151562
3 0.127083 0.692969 0.133333 0.151562
3 0.501042 0.953125 0.977083 0.075000
7 0.316667 0.117969 0.554167 0.214062
8 0.503125 0.417969 0.977083 0.439063
8 0.663542 0.235156 0.156250 0.070312
8 0.806250 0.681250 0.350000 0.153125