1 0.345833 0.499219 0.666667 0.976562
2 0.881250 0.123438 0.220833 0.218750
2 0.894792 0.226562 0.189583 0.093750
2 0.964583 0.392188 0.045833 0.175000
2 0.622917 0.425781 0.150000 0.148438
2 0.528125 0.428125 0.039583 0.096875
2 0.802083 0.576562 0.137500 0.146875
3 0.128125 0.044531 0.160417 0.060937
3 0.502083 0.137500 0.570833 0.246875
5 0.722917 0.347656 0.537500 0.310937
5 0.444792 0.292969 0.052083 0.039062
5 0.633333 0.346094 0.062500 0.020313
5 0.821875 0.813281 0.331250 0.348438
6 0.736458 0.613281 0.510417 0.539062
7 0.140625 0.423438 0.064583 0.050000
7 0.183333 0.746875 0.333333 0.090625
8 0.171875 0.130469 0.077083 0.104688
8 0.533333 0.516406 0.041667 0.032813
8 0.542708 0.583594 0.114583 0.095312
8 0.200000 0.914062 0.095833 0.040625