1 0.289583 0.042188 0.120833 0.056250
1 0.276042 0.191406 0.118750 0.167187
1 0.232292 0.478125 0.072917 0.018750
1 0.341667 0.832031 0.650000 0.317188
2 0.838542 0.379688 0.302083 0.684375
2 0.868750 0.809375 0.241667 0.203125
2 0.702083 0.779687 0.075000 0.078125
2 0.727083 0.828125 0.050000 0.021875
2 0.738542 0.875781 0.043750 0.020313
2 0.490625 0.966406 0.060417 0.039062
3 0.119792 0.192188 0.214583 0.362500
3 0.576042 0.128125 0.339583 0.231250
3 0.721875 0.024219 0.143750 0.023438
3 0.382292 0.167187 0.085417 0.303125
3 0.558333 0.290625 0.291667 0.159375
3 0.100000 0.481250 0.170833 0.112500
3 0.566667 0.471875 0.304167 0.065625
3 0.391667 0.460156 0.037500 0.017188
3 0.403125 0.623437 0.752083 0.265625
5 0.654167 0.893750 0.670833 0.193750
6 0.543750 0.967969 0.137500 0.042188
6 0.448958 0.971875 0.027083 0.028125
7 0.293750 0.031250 0.054167 0.034375
7 0.397917 0.034375 0.025000 0.037500
8 0.885417 0.080469 0.208333 0.139063
8 0.303125 0.096875 0.139583 0.068750
8 0.467708 0.378906 0.906250 0.214062
8 0.378125 0.487500 0.202083 0.021875
8 0.029167 0.603906 0.025000 0.120313