1 0.501042 0.191406 0.972917 0.360938
1 0.298958 0.417187 0.189583 0.218750
1 0.261458 0.674219 0.214583 0.148438
1 0.292708 0.886719 0.172917 0.204687
2 0.830208 0.153125 0.318750 0.278125
2 0.823958 0.802344 0.331250 0.373437
3 0.120833 0.634375 0.208333 0.709375
3 0.233333 0.355469 0.025000 0.104688
3 0.397917 0.390625 0.087500 0.053125
3 0.552083 0.732031 0.308333 0.223438
3 0.393750 0.826562 0.079167 0.325000
3 0.606250 0.917188 0.383333 0.146875
7 0.379167 0.103906 0.650000 0.176563
7 0.337500 0.363281 0.041667 0.014063
7 0.388542 0.678125 0.027083 0.075000
7 0.284375 0.714063 0.060417 0.018750
8 0.155208 0.391406 0.131250 0.198437
8 0.391667 0.482031 0.641667 0.320312
8 0.339583 0.346875 0.129167 0.028125
8 0.755208 0.507031 0.468750 0.339062
8 0.283333 0.478906 0.025000 0.023438
8 0.290625 0.768750 0.143750 0.053125
8 0.256250 0.958594 0.120833 0.060937