1 0.330208 0.350781 0.631250 0.673438
1 0.342708 0.954688 0.206250 0.071875
3 0.577083 0.485938 0.829167 0.859375
3 0.890625 0.454688 0.197917 0.453125
3 0.086458 0.943750 0.143750 0.087500
5 0.945833 0.737500 0.087500 0.290625
7 0.885417 0.634375 0.133333 0.053125
8 0.526042 0.163281 0.168750 0.035937
8 0.550000 0.211719 0.179167 0.073438
8 0.548958 0.313281 0.272917 0.223438
8 0.355208 0.225781 0.035417 0.045312
8 0.405208 0.247656 0.060417 0.085938
8 0.751042 0.300000 0.043750 0.165625
8 0.609375 0.305469 0.031250 0.042188
8 0.343750 0.345313 0.154167 0.093750
8 0.613542 0.342969 0.018750 0.026562
8 0.108333 0.760938 0.170833 0.281250
8 0.154167 0.690625 0.045833 0.025000
8 0.566667 0.714063 0.141667 0.071875
8 0.148958 0.717187 0.043750 0.012500
8 0.140625 0.736719 0.047917 0.017188
8 0.137500 0.770312 0.045833 0.015625
8 0.555208 0.887500 0.210417 0.200000
8 0.796875 0.889062 0.385417 0.203125
8 0.143750 0.800781 0.041667 0.010937
8 0.189583 0.938281 0.095833 0.104688