1 0.375000 0.227344 0.720833 0.426563
1 0.177083 0.021875 0.087500 0.015625
1 0.214583 0.893750 0.337500 0.193750
2 0.861458 0.453125 0.256250 0.471875
3 0.713542 0.114844 0.547917 0.207813
3 0.453125 0.612500 0.872917 0.396875
3 0.787500 0.890625 0.404167 0.200000
3 0.582292 0.891406 0.164583 0.195312
7 0.910417 0.048438 0.162500 0.068750
8 0.287500 0.084375 0.379167 0.146875
8 0.732292 0.289844 0.272917 0.204687
8 0.496875 0.506250 0.160417 0.081250
8 0.672917 0.781250 0.625000 0.375000
8 0.046875 0.855469 0.064583 0.264062
8 0.452083 0.974219 0.262500 0.026562