1 0.397917 0.290625 0.770833 0.546875
1 0.310417 0.704688 0.237500 0.256250
1 0.502083 0.879687 0.975000 0.218750
2 0.863542 0.339844 0.252083 0.432812
3 0.509375 0.072656 0.964583 0.123438
3 0.663542 0.112500 0.322917 0.040625
3 0.113542 0.674219 0.197917 0.357812
3 0.772917 0.650000 0.433333 0.275000
7 0.210417 0.260937 0.395833 0.212500
8 0.428125 0.430469 0.039583 0.020313
8 0.708333 0.472656 0.412500 0.082812
8 0.539583 0.619531 0.254167 0.370312
8 0.373958 0.470313 0.077083 0.031250
8 0.243750 0.565625 0.075000 0.128125
8 0.392708 0.530469 0.089583 0.035937
8 0.445833 0.560156 0.037500 0.051562
8 0.414583 0.747656 0.266667 0.164062
8 0.483333 0.781250 0.087500 0.028125