1 0.500000 0.665625 0.970833 0.646875
2 0.933333 0.809375 0.112500 0.356250
3 0.502083 0.200781 0.979167 0.373437
3 0.090625 0.460938 0.152083 0.265625
3 0.730208 0.544531 0.522917 0.345313
3 0.422917 0.566406 0.179167 0.185938
7 0.570833 0.496094 0.150000 0.257812
7 0.222917 0.892188 0.416667 0.193750
8 0.493750 0.410938 0.112500 0.090625
8 0.860417 0.473438 0.258333 0.100000
8 0.206250 0.515625 0.075000 0.112500
8 0.440625 0.514844 0.081250 0.067187
8 0.377083 0.517188 0.050000 0.034375
8 0.403125 0.582812 0.135417 0.065625
8 0.387500 0.655469 0.070833 0.039062