1 0.230208 0.121875 0.218750 0.215625
1 0.263542 0.601562 0.122917 0.271875
1 0.390625 0.857812 0.131250 0.259375
2 0.918750 0.538281 0.141667 0.301563
3 0.892708 0.120313 0.193750 0.212500
3 0.114583 0.439844 0.200000 0.557813
3 0.402083 0.274219 0.150000 0.142187
3 0.694792 0.632812 0.593750 0.715625
3 0.408333 0.365625 0.058333 0.031250
3 0.698958 0.421875 0.410417 0.090625
3 0.363542 0.617969 0.181250 0.198437
7 0.371875 0.485156 0.156250 0.079687
7 0.505208 0.795312 0.177083 0.387500
7 0.156250 0.887500 0.283333 0.206250
7 0.418750 0.854688 0.075000 0.125000
8 0.063542 0.127344 0.097917 0.232813
8 0.523958 0.192188 0.397917 0.359375
8 0.779167 0.205469 0.416667 0.379688
8 0.318750 0.375781 0.150000 0.104688
8 0.342708 0.671875 0.081250 0.071875
8 0.276042 0.895312 0.077083 0.015625