1 0.667708 0.050000 0.389583 0.078125
1 0.305208 0.222656 0.539583 0.173437
1 0.219792 0.229687 0.385417 0.146875
1 0.591667 0.304688 0.170833 0.071875
2 0.846875 0.453906 0.289583 0.829688
3 0.467708 0.644531 0.902083 0.689063
6 0.842708 0.920312 0.297917 0.137500
7 0.407292 0.142187 0.789583 0.256250
7 0.692708 0.302344 0.022917 0.079687
8 0.098958 0.382812 0.147917 0.065625
8 0.322917 0.377344 0.108333 0.032813
8 0.480208 0.439844 0.172917 0.135937
8 0.303125 0.422656 0.139583 0.060937
8 0.458333 0.582031 0.170833 0.129688
8 0.645833 0.556250 0.100000 0.031250
8 0.789583 0.575781 0.116667 0.029687
8 0.641667 0.587500 0.095833 0.028125
8 0.661458 0.628906 0.077083 0.048438
8 0.215625 0.721094 0.106250 0.129688
8 0.619792 0.721094 0.143750 0.117188
8 0.770833 0.709375 0.129167 0.081250
8 0.741667 0.828906 0.095833 0.073438
8 0.604167 0.838281 0.129167 0.082812
8 0.285417 0.828125 0.062500 0.021875
8 0.278125 0.863281 0.081250 0.032813
8 0.258333 0.895312 0.112500 0.028125