1 0.830208 0.072656 0.089583 0.123438
1 0.627083 0.092188 0.150000 0.143750
1 0.625000 0.198437 0.141667 0.028125
1 0.606250 0.277344 0.100000 0.089063
1 0.271875 0.589063 0.510417 0.543750
1 0.480208 0.698438 0.743750 0.312500
3 0.794792 0.102344 0.214583 0.182812
3 0.284375 0.118750 0.531250 0.193750
3 0.848958 0.346875 0.285417 0.353125
3 0.713542 0.362500 0.122917 0.325000
7 0.929167 0.070312 0.125000 0.118750
7 0.951042 0.157031 0.072917 0.035937
7 0.283333 0.280469 0.541667 0.189062
7 0.657292 0.280469 0.060417 0.085938
7 0.697917 0.372656 0.062500 0.170313
7 0.503125 0.678906 0.977083 0.623437
8 0.678125 0.043750 0.164583 0.056250
8 0.472917 0.047656 0.145833 0.054688
8 0.168750 0.094531 0.241667 0.126562
8 0.717708 0.141406 0.406250 0.160938
8 0.689583 0.097656 0.108333 0.042188
8 0.485417 0.121875 0.125000 0.031250
8 0.032292 0.164062 0.039583 0.021875
8 0.044792 0.199219 0.056250 0.026562
8 0.621875 0.222656 0.168750 0.032813
8 0.607292 0.332031 0.089583 0.026562
8 0.586458 0.363281 0.135417 0.032813