1 0.280208 0.048438 0.531250 0.071875
1 0.765625 0.052344 0.447917 0.076563
1 0.278125 0.348438 0.527083 0.528125
1 0.438542 0.525781 0.839583 0.720313
1 0.933333 0.386719 0.112500 0.070312
1 0.819792 0.917969 0.172917 0.045312
1 0.656250 0.928125 0.108333 0.046875
1 0.484375 0.952344 0.935417 0.076563
3 0.909375 0.189844 0.164583 0.304688
3 0.614583 0.896875 0.537500 0.137500
3 0.123958 0.910156 0.218750 0.110937
7 0.779167 0.211719 0.204167 0.376563
7 0.201042 0.249219 0.368750 0.223438
7 0.708333 0.211719 0.045833 0.085938
7 0.890625 0.530469 0.202083 0.254688
7 0.462500 0.432812 0.070833 0.031250
7 0.225000 0.493750 0.337500 0.118750
7 0.044792 0.663281 0.047917 0.045312
7 0.937500 0.785156 0.104167 0.276562
7 0.625000 0.955469 0.729167 0.060937
8 0.680208 0.120313 0.135417 0.100000
8 0.562500 0.143750 0.083333 0.068750
8 0.591667 0.296094 0.020833 0.089063
8 0.691667 0.284375 0.075000 0.056250
8 0.769792 0.442188 0.102083 0.040625
8 0.773958 0.486719 0.085417 0.045312
8 0.771875 0.544531 0.035417 0.060937
8 0.910417 0.679688 0.108333 0.025000
8 0.953125 0.707031 0.043750 0.035937
8 0.872917 0.712500 0.087500 0.025000
8 0.859375 0.753125 0.114583 0.050000
8 0.830208 0.803906 0.131250 0.032813
8 0.832292 0.847656 0.127083 0.048438
8 0.561458 0.867969 0.064583 0.045312
8 0.296875 0.907031 0.156250 0.060937
8 0.551042 0.907813 0.085417 0.043750