1 0.863542 0.057813 0.256250 0.093750
1 0.773958 0.239844 0.431250 0.385937
1 0.813542 0.517188 0.339583 0.040625
1 0.490625 0.788281 0.952083 0.401562
3 0.420833 0.280469 0.816667 0.535937
7 0.518750 0.835156 0.941667 0.310937
8 0.818750 0.183594 0.345833 0.279687
8 0.420833 0.138281 0.125000 0.142187
8 0.409375 0.234375 0.156250 0.078125
8 0.426042 0.317188 0.181250 0.090625
8 0.804167 0.412500 0.375000 0.209375
8 0.411458 0.384375 0.202083 0.081250
8 0.476042 0.425000 0.093750 0.043750
8 0.513542 0.480469 0.014583 0.057813
8 0.444792 0.462500 0.106250 0.018750
8 0.447917 0.502344 0.141667 0.057813
8 0.503125 0.602344 0.972917 0.145313
8 0.127083 0.721094 0.120833 0.032813