1 0.502083 0.492969 0.979167 0.960938
1 0.046875 0.335938 0.068750 0.496875
1 0.503125 0.950781 0.977083 0.079687
3 0.265625 0.740625 0.306250 0.403125
3 0.115625 0.725000 0.202083 0.362500
7 0.805208 0.112500 0.189583 0.196875
7 0.309375 0.297656 0.589583 0.564063
7 0.680208 0.046094 0.106250 0.057813
7 0.620833 0.253906 0.041667 0.054688
7 0.892708 0.377344 0.193750 0.198437
7 0.920833 0.558594 0.133333 0.079687
8 0.665625 0.110937 0.114583 0.056250
8 0.686458 0.153906 0.143750 0.076563
8 0.751042 0.353125 0.127083 0.065625
8 0.720833 0.415625 0.154167 0.040625
8 0.788542 0.454688 0.043750 0.034375
8 0.804167 0.743750 0.370833 0.296875