2 0.923958 0.878906 0.135417 0.223438
3 0.627083 0.501563 0.583333 0.975000
3 0.842708 0.425781 0.297917 0.664062
7 0.276042 0.502344 0.527083 0.976562
7 0.678125 0.293750 0.152083 0.290625
7 0.571875 0.217969 0.097917 0.054688
7 0.548958 0.289062 0.077083 0.037500
7 0.531250 0.353906 0.087500 0.051562
7 0.712500 0.872656 0.200000 0.229687
8 0.666667 0.104688 0.079167 0.096875
8 0.560417 0.157031 0.129167 0.070312
8 0.161458 0.353906 0.052083 0.035937
8 0.486458 0.415625 0.177083 0.059375
8 0.465625 0.520312 0.152083 0.093750
8 0.240625 0.582812 0.289583 0.100000
8 0.487500 0.626563 0.045833 0.034375
8 0.112500 0.671094 0.029167 0.085938
8 0.480208 0.700781 0.060417 0.042188
8 0.422917 0.742188 0.116667 0.043750
8 0.433333 0.801562 0.054167 0.031250
8 0.390625 0.950000 0.122917 0.078125