1 0.291667 0.501563 0.550000 0.975000
2 0.826042 0.230469 0.322917 0.439063
2 0.894792 0.465625 0.189583 0.287500
3 0.563542 0.698438 0.260417 0.571875
3 0.736458 0.703125 0.506250 0.571875
7 0.664583 0.221094 0.366667 0.410938
7 0.086458 0.471094 0.127083 0.117188
7 0.454167 0.565625 0.095833 0.159375
7 0.159375 0.772656 0.289583 0.432812
8 0.352083 0.153906 0.066667 0.182812
8 0.196875 0.343750 0.239583 0.084375
8 0.215625 0.474219 0.022917 0.107813
8 0.406250 0.542969 0.041667 0.029687
8 0.329167 0.563281 0.075000 0.035937
8 0.401042 0.574219 0.043750 0.023438
8 0.956250 0.637500 0.058333 0.128125
8 0.394792 0.596875 0.031250 0.021875
8 0.406250 0.672656 0.083333 0.032813
8 0.466667 0.679688 0.029167 0.043750
8 0.427083 0.703906 0.070833 0.026562
8 0.410417 0.764062 0.129167 0.053125
8 0.471875 0.890625 0.143750 0.143750