1 0.403125 0.507812 0.777083 0.821875
2 0.875000 0.384375 0.233333 0.259375
2 0.873958 0.657031 0.235417 0.310937
3 0.790625 0.900781 0.402083 0.179688
3 0.644792 0.903125 0.289583 0.168750
3 0.400000 0.903906 0.166667 0.164062
7 0.502083 0.128125 0.979167 0.234375
7 0.823958 0.211719 0.331250 0.167187
7 0.653125 0.795312 0.593750 0.387500
7 0.063542 0.956250 0.093750 0.068750
7 0.237500 0.984375 0.070833 0.012500
8 0.159375 0.209375 0.047917 0.021875
8 0.336458 0.375000 0.506250 0.325000
8 0.280208 0.657031 0.460417 0.201563
8 0.060417 0.781250 0.045833 0.053125
8 0.193750 0.904687 0.262500 0.171875
8 0.340625 0.959375 0.127083 0.062500