1 0.025000 0.056250 0.020833 0.084375
1 0.676042 0.176563 0.593750 0.325000
1 0.120833 0.291406 0.200000 0.110937
1 0.116667 0.682813 0.204167 0.609375
2 0.815625 0.270313 0.347917 0.518750
3 0.294792 0.600781 0.227083 0.657813
3 0.548958 0.578906 0.502083 0.585938
7 0.771875 0.702344 0.435417 0.573438
7 0.237500 0.622656 0.158333 0.310937
8 0.270833 0.155469 0.500000 0.289062
8 0.105208 0.369531 0.181250 0.095312
8 0.220833 0.405469 0.062500 0.101562
8 0.172917 0.430469 0.029167 0.026562
8 0.144792 0.525781 0.106250 0.048438
8 0.433333 0.885938 0.812500 0.209375