1 0.462500 0.103906 0.895833 0.173437
1 0.388542 0.551562 0.460417 0.243750
1 0.805208 0.693750 0.268750 0.040625
2 0.857292 0.468750 0.260417 0.450000
2 0.953125 0.482031 0.072917 0.310937
3 0.598958 0.055469 0.077083 0.070312
3 0.780208 0.075781 0.406250 0.110937
3 0.084375 0.551562 0.139583 0.300000
7 0.425000 0.280469 0.820833 0.214062
7 0.627083 0.543750 0.345833 0.146875
7 0.501042 0.844531 0.972917 0.292187
8 0.132292 0.044531 0.235417 0.060937
8 0.507292 0.078125 0.127083 0.125000
8 0.943750 0.168750 0.091667 0.143750
8 0.704167 0.456250 0.125000 0.068750
8 0.440625 0.509375 0.047917 0.037500
8 0.404167 0.558594 0.116667 0.064062
8 0.511458 0.683594 0.547917 0.151562