1 0.289583 0.244531 0.537500 0.457813
1 0.588542 0.168750 0.185417 0.306250
1 0.505208 0.641406 0.964583 0.339062
3 0.773958 0.320312 0.410417 0.618750
3 0.836458 0.350000 0.289583 0.628125
3 0.680208 0.225000 0.039583 0.084375
7 0.223958 0.225000 0.414583 0.421875
7 0.722917 0.219531 0.287500 0.339062
7 0.128125 0.603906 0.227083 0.114062
7 0.500000 0.889844 0.970833 0.192188
8 0.927083 0.372656 0.116667 0.189062
8 0.541667 0.341406 0.120833 0.048438
8 0.685417 0.446875 0.125000 0.159375
8 0.538542 0.451562 0.160417 0.128125
8 0.620833 0.607031 0.145833 0.164062