1 0.837500 0.045312 0.300000 0.059375
1 0.328125 0.307031 0.627083 0.329688
1 0.128125 0.496875 0.222917 0.090625
1 0.305208 0.657031 0.572917 0.192188
1 0.501042 0.832031 0.968750 0.192188
1 0.500000 0.913281 0.975000 0.154688
2 0.784375 0.371875 0.410417 0.715625
2 0.898958 0.864844 0.185417 0.251563
7 0.328125 0.136719 0.631250 0.245312
7 0.401042 0.059375 0.502083 0.090625
7 0.425000 0.509375 0.516667 0.275000
7 0.094792 0.562500 0.156250 0.153125
7 0.655208 0.652344 0.614583 0.220312
8 0.203125 0.483594 0.093750 0.032813
8 0.616667 0.586719 0.058333 0.076563
8 0.422917 0.589063 0.112500 0.040625
8 0.175000 0.735938 0.254167 0.053125
8 0.192708 0.935156 0.172917 0.045312