1 0.297917 0.035937 0.237500 0.050000
1 0.478125 0.350000 0.927083 0.384375
1 0.250000 0.703906 0.425000 0.289062
1 0.503125 0.889062 0.977083 0.200000
2 0.759375 0.238281 0.460417 0.454688
3 0.644792 0.592187 0.447917 0.478125
3 0.723958 0.575781 0.535417 0.439063
7 0.228125 0.109375 0.431250 0.190625
7 0.512500 0.118750 0.183333 0.212500
7 0.082292 0.407031 0.135417 0.098437
7 0.298958 0.467969 0.081250 0.032813
7 0.542708 0.664844 0.135417 0.242188
7 0.130208 0.757031 0.231250 0.248438
7 0.450000 0.747656 0.104167 0.092188
7 0.490625 0.813281 0.089583 0.045312
8 0.307292 0.106250 0.231250 0.150000
8 0.310417 0.499219 0.320833 0.201563
8 0.084375 0.550781 0.135417 0.154688
8 0.388542 0.645312 0.131250 0.090625
8 0.669792 0.783594 0.135417 0.064062