1 0.176042 0.120313 0.322917 0.212500
1 0.310417 0.039062 0.341667 0.050000
1 0.586458 0.062500 0.372917 0.093750
1 0.492708 0.811719 0.956250 0.357812
1 0.700000 0.770312 0.350000 0.271875
2 0.856250 0.022656 0.166667 0.017188
2 0.764583 0.429688 0.450000 0.831250
7 0.313542 0.066406 0.068750 0.082812
7 0.339583 0.320312 0.637500 0.534375
7 0.371875 0.091406 0.043750 0.064062
7 0.364583 0.821875 0.695833 0.290625
7 0.898958 0.833594 0.185417 0.314063
7 0.679167 0.939844 0.279167 0.092188
8 0.318750 0.119531 0.087500 0.032813
8 0.200000 0.328906 0.362500 0.164062
8 0.464583 0.530469 0.166667 0.045312
8 0.203125 0.620313 0.372917 0.131250
8 0.493750 0.596094 0.212500 0.082812