1 0.416667 0.205469 0.804167 0.389062
1 0.225000 0.502344 0.420833 0.220312
2 0.865625 0.297656 0.247917 0.417187
2 0.964583 0.406250 0.050000 0.140625
3 0.503125 0.549219 0.972917 0.398438
3 0.696875 0.710938 0.585417 0.559375
7 0.919792 0.051562 0.143750 0.075000
7 0.737500 0.073438 0.062500 0.031250
7 0.554167 0.131250 0.066667 0.062500
7 0.592708 0.638281 0.097917 0.182812
7 0.302083 0.801562 0.575000 0.375000
7 0.515625 0.711719 0.110417 0.079687
8 0.694792 0.744531 0.127083 0.257812
8 0.476042 0.642969 0.093750 0.039062
8 0.545833 0.838281 0.162500 0.070312