1 0.371875 0.267969 0.710417 0.217188
1 0.831250 0.469531 0.245833 0.120313
1 0.305208 0.528125 0.564583 0.190625
1 0.282292 0.670312 0.518750 0.090625
2 0.914583 0.257031 0.150000 0.485938
2 0.766667 0.317969 0.150000 0.154688
2 0.544792 0.523438 0.068750 0.109375
3 0.745833 0.094531 0.345833 0.154688
7 0.247917 0.053125 0.470833 0.078125
7 0.453125 0.163281 0.872917 0.148438
7 0.304167 0.243750 0.045833 0.034375
7 0.052083 0.296875 0.066667 0.068750
7 0.386458 0.295312 0.060417 0.050000
7 0.300000 0.294531 0.045833 0.026562
7 0.296875 0.339062 0.047917 0.031250
7 0.769792 0.696875 0.443750 0.587500
7 0.309375 0.852344 0.577083 0.273438
8 0.602083 0.510938 0.125000 0.034375
8 0.859375 0.657813 0.264583 0.312500