1 0.501042 0.139063 0.977083 0.253125
1 0.815625 0.057813 0.347917 0.090625
1 0.506250 0.201563 0.083333 0.037500
1 0.443750 0.325000 0.108333 0.156250
1 0.386458 0.455469 0.072917 0.060937
1 0.483333 0.643750 0.937500 0.350000
1 0.295833 0.896094 0.562500 0.179688
1 0.546875 0.932813 0.047917 0.043750
2 0.781250 0.818750 0.412500 0.343750
3 0.601042 0.458594 0.385417 0.523438
3 0.718750 0.483594 0.541667 0.479687
7 0.238542 0.292969 0.447917 0.385937
7 0.600000 0.331250 0.154167 0.253125
7 0.496875 0.245312 0.127083 0.065625
7 0.456250 0.894531 0.358333 0.164062
7 0.516667 0.965625 0.137500 0.037500
8 0.415625 0.414062 0.135417 0.043750
8 0.778125 0.430469 0.035417 0.026562
8 0.726042 0.485938 0.035417 0.031250
8 0.116667 0.488281 0.050000 0.020313
8 0.225000 0.543750 0.279167 0.087500
8 0.442708 0.585156 0.081250 0.129688
8 0.218750 0.624219 0.308333 0.092188
8 0.576042 0.668750 0.031250 0.025000
8 0.685417 0.667969 0.033333 0.020313
8 0.794792 0.671094 0.022917 0.023438
8 0.903125 0.671094 0.027083 0.023438
8 0.082292 0.685937 0.052083 0.043750
8 0.259375 0.911719 0.056250 0.092188