1 0.501042 0.267969 0.972917 0.514062
1 0.493750 0.571094 0.116667 0.107813
1 0.533333 0.669531 0.087500 0.029687
1 0.564583 0.758594 0.108333 0.064062
1 0.571875 0.814063 0.077083 0.037500
1 0.611458 0.917969 0.139583 0.139063
3 0.757292 0.613281 0.464583 0.748437
3 0.813542 0.480469 0.339583 0.432812
7 0.353125 0.758594 0.672917 0.460938
7 0.767708 0.739062 0.222917 0.381250
8 0.562500 0.259375 0.087500 0.037500
8 0.525000 0.273438 0.108333 0.018750
8 0.557292 0.325781 0.147917 0.085938
8 0.448958 0.385156 0.172917 0.185938
8 0.111458 0.377344 0.172917 0.107813
8 0.616667 0.392188 0.108333 0.043750
8 0.590625 0.478125 0.289583 0.131250
8 0.582292 0.494531 0.152083 0.051562
8 0.573958 0.582031 0.189583 0.054688
8 0.516667 0.635156 0.150000 0.051562
8 0.648958 0.728906 0.060417 0.135937
8 0.522917 0.700781 0.183333 0.054688
8 0.864583 0.896875 0.083333 0.056250
8 0.966667 0.964063 0.050000 0.046875
8 0.771875 0.971875 0.331250 0.034375