1 0.503125 0.056250 0.977083 0.084375
1 0.330208 0.366406 0.635417 0.398438
2 0.820833 0.300000 0.345833 0.412500
2 0.868750 0.620313 0.229167 0.059375
3 0.714583 0.728906 0.545833 0.517188
3 0.878125 0.714844 0.214583 0.170313
5 0.788542 0.542188 0.402083 0.106250
7 0.421875 0.123438 0.818750 0.190625
7 0.140625 0.322656 0.247917 0.276562
7 0.623958 0.427344 0.189583 0.089063
7 0.436458 0.518750 0.022917 0.028125
7 0.479167 0.593750 0.033333 0.050000
7 0.440625 0.640625 0.081250 0.068750
7 0.294792 0.825000 0.556250 0.328125
7 0.877083 0.894531 0.225000 0.189062
8 0.414583 0.291406 0.245833 0.085938
8 0.413542 0.378125 0.227083 0.075000
8 0.415625 0.549219 0.060417 0.070312
8 0.329167 0.570312 0.183333 0.065625
8 0.123958 0.592187 0.152083 0.037500
8 0.576042 0.682031 0.131250 0.179688
8 0.275000 0.625781 0.058333 0.014063
8 0.189583 0.630469 0.058333 0.010937
8 0.633333 0.845313 0.129167 0.187500