1 0.809375 0.060937 0.114583 0.093750
1 0.389583 0.061719 0.754167 0.092188
1 0.203125 0.261719 0.372917 0.267188
1 0.202083 0.466406 0.370833 0.148438
1 0.386458 0.539844 0.031250 0.042188
1 0.393750 0.611719 0.087500 0.135937
1 0.297917 0.848437 0.466667 0.281250
2 0.914583 0.114062 0.154167 0.200000
3 0.502083 0.512500 0.979167 0.946875
7 0.544792 0.471875 0.077083 0.209375
7 0.221875 0.697656 0.410417 0.573438
7 0.435417 0.539062 0.170833 0.084375
7 0.492708 0.623437 0.077083 0.040625
8 0.457292 0.211719 0.027083 0.042188
8 0.271875 0.285938 0.431250 0.112500
8 0.500000 0.296875 0.016667 0.053125
8 0.435417 0.381250 0.116667 0.065625
8 0.390625 0.425781 0.122917 0.026562
8 0.421875 0.464844 0.110417 0.029687
8 0.578125 0.571094 0.052083 0.107813
8 0.626042 0.786719 0.518750 0.395313