1 0.503125 0.114844 0.968750 0.201563
3 0.685417 0.587500 0.300000 0.790625
3 0.829167 0.571875 0.320833 0.759375
7 0.308333 0.660937 0.587500 0.659375
7 0.667708 0.731250 0.139583 0.315625
7 0.552083 0.662500 0.079167 0.056250
7 0.571875 0.816406 0.081250 0.073438
8 0.523958 0.343750 0.035417 0.056250
8 0.521875 0.394531 0.039583 0.026562
8 0.498958 0.439063 0.093750 0.037500
8 0.584375 0.493750 0.052083 0.103125
8 0.560417 0.594531 0.075000 0.045312
8 0.471875 0.592969 0.085417 0.029687
8 0.550000 0.885156 0.187500 0.145313