1 0.357292 0.484375 0.689583 0.921875
2 0.854167 0.323437 0.275000 0.468750
3 0.707292 0.769531 0.564583 0.439063
3 0.759375 0.678125 0.460417 0.243750
7 0.502083 0.090625 0.979167 0.159375
7 0.078125 0.328125 0.131250 0.421875
7 0.723958 0.489063 0.310417 0.168750
7 0.381250 0.464844 0.025000 0.020313
7 0.417708 0.503906 0.106250 0.060937
7 0.391667 0.722656 0.091667 0.170313
7 0.595833 0.845313 0.200000 0.281250
7 0.495833 0.937500 0.145833 0.106250
7 0.216667 0.946094 0.404167 0.089063
8 0.414583 0.302344 0.454167 0.251563
8 0.205208 0.446875 0.035417 0.056250
8 0.308333 0.720313 0.166667 0.112500
8 0.381250 0.879687 0.229167 0.071875