1 0.820833 0.097656 0.245833 0.167187
1 0.809375 0.264844 0.164583 0.067187
2 0.965625 0.082812 0.043750 0.137500
2 0.940625 0.300000 0.097917 0.078125
3 0.504167 0.642188 0.975000 0.696875
7 0.207292 0.165625 0.385417 0.306250
7 0.738542 0.724219 0.139583 0.320312
7 0.616667 0.757031 0.100000 0.073438
7 0.612500 0.822656 0.175000 0.117188
7 0.691667 0.942187 0.112500 0.090625
8 0.705208 0.150781 0.568750 0.276562
8 0.458333 0.201563 0.070833 0.140625
8 0.575000 0.530469 0.062500 0.114062
8 0.493750 0.632031 0.233333 0.148438