1 0.579167 0.071875 0.104167 0.112500
1 0.328125 0.838281 0.622917 0.301563
3 0.780208 0.501563 0.427083 0.975000
7 0.269792 0.357812 0.510417 0.693750
7 0.553125 0.147656 0.172917 0.042188
7 0.665625 0.667969 0.114583 0.279687
7 0.563542 0.572656 0.110417 0.070312
7 0.928125 0.969531 0.122917 0.045312
8 0.706250 0.092188 0.179167 0.153125
8 0.595833 0.251563 0.275000 0.156250
8 0.586458 0.350000 0.164583 0.040625
8 0.563542 0.389062 0.139583 0.050000
8 0.533333 0.434375 0.170833 0.037500
8 0.509375 0.528125 0.189583 0.159375
8 0.538542 0.687500 0.110417 0.115625