1 0.743750 0.135156 0.491667 0.239063
1 0.381250 0.596094 0.583333 0.176563
1 0.479167 0.794531 0.929167 0.051562
1 0.481250 0.848437 0.929167 0.056250
2 0.946875 0.497656 0.089583 0.517188
2 0.938542 0.850781 0.097917 0.276562
5 0.967708 0.037500 0.043750 0.046875
7 0.276042 0.072656 0.522917 0.123438
7 0.555208 0.038281 0.452083 0.054688
7 0.313542 0.150781 0.602083 0.123438
7 0.536458 0.489844 0.877083 0.551562
7 0.056250 0.453125 0.037500 0.253125
7 0.168750 0.537500 0.154167 0.078125
7 0.642708 0.697656 0.035417 0.051562
7 0.576042 0.708594 0.077083 0.032813
7 0.486458 0.939844 0.939583 0.101562
8 0.694792 0.300000 0.043750 0.025000
8 0.667708 0.315625 0.085417 0.037500
8 0.225000 0.362500 0.100000 0.031250
8 0.220833 0.390625 0.091667 0.034375
8 0.220833 0.470313 0.066667 0.018750