1 0.502083 0.217969 0.975000 0.414062
3 0.748958 0.583594 0.485417 0.814063
3 0.789583 0.481250 0.400000 0.584375
3 0.546875 0.606250 0.081250 0.181250
3 0.460417 0.885938 0.500000 0.206250
7 0.521875 0.417969 0.197917 0.267188
7 0.340625 0.341406 0.077083 0.039062
7 0.217708 0.659375 0.406250 0.487500
8 0.235417 0.185156 0.104167 0.132812
8 0.448958 0.354687 0.077083 0.021875
8 0.393750 0.464062 0.045833 0.021875
8 0.394792 0.553125 0.227083 0.093750
8 0.686458 0.657031 0.231250 0.273438
8 0.588542 0.545312 0.039583 0.031250
8 0.484375 0.578906 0.081250 0.029687
8 0.485417 0.605469 0.070833 0.017188
8 0.514583 0.653906 0.058333 0.026562
8 0.455208 0.660156 0.056250 0.017188
8 0.494792 0.707031 0.127083 0.076563
8 0.690625 0.852344 0.110417 0.135937
8 0.192708 0.925781 0.031250 0.126562
8 0.100000 0.946094 0.170833 0.089063