1 0.234375 0.346875 0.435417 0.228125
1 0.497917 0.835156 0.966667 0.307812
2 0.878125 0.319531 0.222917 0.617188
7 0.762500 0.276562 0.425000 0.531250
7 0.312500 0.147656 0.591667 0.267188
7 0.504167 0.382031 0.112500 0.214062
7 0.504167 0.635938 0.970833 0.165625
7 0.236458 0.953906 0.127083 0.051562
8 0.288542 0.207813 0.056250 0.018750
8 0.205208 0.455469 0.356250 0.195312
8 0.498958 0.450781 0.072917 0.045312
8 0.445833 0.488281 0.179167 0.070312
8 0.708333 0.845313 0.558333 0.290625
8 0.392708 0.750781 0.106250 0.076563
8 0.063542 0.901563 0.097917 0.106250