1 0.502083 0.763281 0.975000 0.317188
3 0.834375 0.497656 0.293750 0.676562
3 0.913542 0.546875 0.152083 0.359375
3 0.886458 0.778906 0.202083 0.104688
6 0.904167 0.250781 0.162500 0.142187
7 0.340625 0.320312 0.647917 0.612500
7 0.711458 0.353906 0.072917 0.026562
7 0.692708 0.423438 0.093750 0.071875
7 0.707292 0.447656 0.047917 0.020313
7 0.069792 0.956250 0.093750 0.068750
8 0.801042 0.097656 0.381250 0.167187
8 0.777083 0.299219 0.112500 0.051562
8 0.677083 0.302344 0.091667 0.045312
8 0.850000 0.417187 0.037500 0.125000
8 0.683333 0.492969 0.087500 0.035937
8 0.710417 0.564844 0.062500 0.048438
8 0.653125 0.611719 0.110417 0.076563
8 0.498958 0.653125 0.093750 0.046875
8 0.640625 0.681250 0.052083 0.050000