1 0.520833 0.209375 0.937500 0.393750
1 0.487500 0.507812 0.083333 0.143750
1 0.500000 0.601562 0.079167 0.040625
1 0.519792 0.828906 0.068750 0.076563
1 0.520833 0.934375 0.941667 0.112500
3 0.613542 0.558594 0.181250 0.670312
3 0.780208 0.375781 0.418750 0.285938
3 0.803125 0.689844 0.381250 0.339062
5 0.823958 0.185156 0.318750 0.185938
7 0.212500 0.108594 0.400000 0.192188
7 0.441667 0.379688 0.158333 0.081250
7 0.290625 0.648438 0.556250 0.578125
7 0.595833 0.739844 0.054167 0.192188
8 0.747917 0.184375 0.125000 0.171875
8 0.507292 0.306250 0.068750 0.093750
8 0.860417 0.311719 0.158333 0.095312
8 0.508333 0.445312 0.075000 0.090625
8 0.469792 0.425000 0.085417 0.025000
8 0.519792 0.549219 0.110417 0.079687
8 0.454167 0.644531 0.141667 0.042188
8 0.496875 0.691406 0.106250 0.085938
8 0.537500 0.886719 0.108333 0.032813