1 0.383333 0.850781 0.741667 0.232813
1 0.450000 0.959375 0.812500 0.056250
2 0.847917 0.828125 0.287500 0.321875
2 0.852083 0.773438 0.070833 0.043750
3 0.838542 0.259375 0.302083 0.487500
3 0.812500 0.544531 0.358333 0.376563
3 0.879167 0.600000 0.225000 0.115625
3 0.833333 0.692969 0.304167 0.070312
5 0.817708 0.851562 0.264583 0.190625
7 0.912500 0.150781 0.158333 0.273438
7 0.687500 0.054688 0.079167 0.078125
7 0.802083 0.073438 0.112500 0.115625
7 0.676042 0.501563 0.022917 0.059375
7 0.955208 0.507812 0.072917 0.068750
7 0.707292 0.568750 0.043750 0.106250
8 0.686458 0.165625 0.172917 0.050000
8 0.690625 0.243750 0.114583 0.081250
8 0.445833 0.378906 0.258333 0.320312
8 0.776042 0.416406 0.102083 0.242188
8 0.642708 0.373437 0.143750 0.106250
8 0.667708 0.446875 0.093750 0.037500
8 0.611458 0.595313 0.139583 0.165625
8 0.890625 0.716406 0.110417 0.054688
8 0.589583 0.796875 0.037500 0.043750
8 0.553125 0.846875 0.081250 0.043750
8 0.361458 0.903125 0.052083 0.043750