1 0.064583 0.296094 0.100000 0.564063
1 0.321875 0.251563 0.531250 0.475000
1 0.748958 0.384375 0.289583 0.196875
1 0.880208 0.598437 0.106250 0.146875
1 0.821875 0.682031 0.281250 0.035937
1 0.783333 0.813281 0.354167 0.239063
1 0.872917 0.854688 0.233333 0.271875
1 0.343750 0.940625 0.637500 0.096875
2 0.939583 0.388281 0.104167 0.123438
2 0.923958 0.517969 0.135417 0.192188
2 0.930208 0.644531 0.122917 0.189062
3 0.454167 0.076563 0.337500 0.128125
3 0.772917 0.139063 0.075000 0.075000
3 0.930208 0.241406 0.118750 0.239063
7 0.559375 0.558594 0.556250 0.142187
7 0.723958 0.864844 0.127083 0.251563
7 0.335417 0.971094 0.375000 0.035937
8 0.839583 0.059375 0.241667 0.087500
8 0.738542 0.086719 0.031250 0.014063
8 0.490625 0.168750 0.047917 0.034375
8 0.793750 0.203125 0.162500 0.053125
8 0.482292 0.439063 0.277083 0.134375
8 0.163542 0.573438 0.281250 0.193750
8 0.552083 0.641406 0.641667 0.082812
8 0.332292 0.785937 0.627083 0.225000
8 0.629167 0.697656 0.095833 0.026562