1 0.366667 0.806250 0.700000 0.365625
2 0.861458 0.894531 0.260417 0.192188
3 0.975000 0.146875 0.029167 0.187500
3 0.769792 0.546094 0.439583 0.576562
3 0.779167 0.707031 0.416667 0.270313
7 0.460417 0.325000 0.887500 0.621875
7 0.748958 0.556250 0.168750 0.253125
7 0.339583 0.735156 0.300000 0.067187
7 0.194792 0.888281 0.360417 0.201563
7 0.681250 0.901563 0.308333 0.125000
8 0.579167 0.097656 0.375000 0.170313
8 0.885417 0.189062 0.208333 0.209375
8 0.718750 0.395313 0.116667 0.053125
8 0.547917 0.661719 0.137500 0.164062