1 0.265625 0.350781 0.497917 0.235937
1 0.330208 0.642188 0.622917 0.175000
2 0.951042 0.908594 0.081250 0.160938
3 0.821875 0.364063 0.339583 0.706250
7 0.467708 0.260156 0.906250 0.489063
7 0.287500 0.525000 0.545833 0.178125
7 0.651042 0.605469 0.018750 0.057813
7 0.622917 0.672656 0.087500 0.067187
7 0.821875 0.848437 0.331250 0.281250
7 0.352083 0.857812 0.666667 0.259375
8 0.505208 0.104688 0.364583 0.121875
8 0.634375 0.444531 0.235417 0.160938
8 0.548958 0.488281 0.114583 0.045312
8 0.608333 0.535937 0.079167 0.046875
8 0.670833 0.556250 0.050000 0.059375
8 0.596875 0.690625 0.068750 0.018750
8 0.601042 0.710156 0.064583 0.017188
8 0.585417 0.725781 0.083333 0.017188