1 0.502083 0.210938 0.975000 0.400000
1 0.304167 0.533594 0.100000 0.051562
1 0.178125 0.546875 0.318750 0.046875
1 0.283333 0.899219 0.183333 0.173437
2 0.750000 0.743750 0.483333 0.493750
3 0.189583 0.276562 0.350000 0.334375
3 0.730208 0.332031 0.518750 0.398438
3 0.263542 0.707812 0.493750 0.275000
3 0.198958 0.875000 0.352083 0.231250
5 0.436458 0.466406 0.060417 0.073438
5 0.383333 0.550000 0.066667 0.050000
5 0.537500 0.643750 0.291667 0.162500
5 0.560417 0.900781 0.245833 0.101562
6 0.458333 0.560937 0.112500 0.175000
6 0.555208 0.921094 0.335417 0.132812
7 0.227083 0.457813 0.287500 0.121875
7 0.352083 0.731250 0.066667 0.028125
8 0.214583 0.218750 0.070833 0.040625
8 0.062500 0.303906 0.095833 0.164062
8 0.320833 0.300000 0.091667 0.121875
8 0.145833 0.342969 0.150000 0.182812
8 0.225000 0.284375 0.066667 0.068750
8 0.523958 0.345313 0.218750 0.184375
8 0.229167 0.342187 0.070833 0.050000
8 0.321875 0.403125 0.077083 0.084375
8 0.436458 0.405469 0.047917 0.020313
8 0.044792 0.427344 0.039583 0.032813
8 0.461458 0.437500 0.089583 0.046875
8 0.135417 0.511719 0.241667 0.095312
8 0.362500 0.610938 0.050000 0.056250
8 0.098958 0.612500 0.035417 0.021875
8 0.100000 0.646094 0.029167 0.014063
8 0.343750 0.675781 0.066667 0.060937
8 0.098958 0.685937 0.027083 0.015625
8 0.102083 0.717187 0.033333 0.015625
8 0.083333 0.747656 0.050000 0.014063
8 0.328125 0.819531 0.077083 0.029687
8 0.353125 0.902344 0.039583 0.132812