1 0.252083 0.189844 0.479167 0.348438
1 0.225000 0.435156 0.395833 0.151562
1 0.231250 0.815625 0.429167 0.353125
2 0.865625 0.881250 0.252083 0.215625
3 0.743750 0.444531 0.491667 0.857812
3 0.205208 0.551562 0.235417 0.181250
3 0.486458 0.555469 0.102083 0.089063
3 0.457292 0.664062 0.035417 0.081250
3 0.642708 0.945312 0.243750 0.090625
3 0.498958 0.955469 0.064583 0.064062
5 0.406250 0.050781 0.079167 0.070312
6 0.493750 0.028125 0.054167 0.025000
6 0.469792 0.132812 0.072917 0.118750
7 0.057292 0.470313 0.085417 0.300000
7 0.262500 0.412500 0.070833 0.043750
8 0.540625 0.060937 0.147917 0.081250
8 0.555208 0.145313 0.135417 0.046875
8 0.501042 0.271875 0.227083 0.168750
8 0.527083 0.446094 0.079167 0.164062
8 0.401042 0.480469 0.072917 0.082812
8 0.385417 0.571875 0.083333 0.056250
8 0.509375 0.613281 0.039583 0.054688
8 0.435417 0.830469 0.200000 0.282813
8 0.610417 0.811719 0.229167 0.210938