1 0.341667 0.139063 0.654167 0.256250
1 0.251042 0.636719 0.472917 0.626563
2 0.808333 0.294531 0.366667 0.557813
3 0.159375 0.242969 0.289583 0.179688
3 0.539583 0.247656 0.062500 0.039062
3 0.587500 0.250000 0.054167 0.031250
3 0.666667 0.253906 0.091667 0.035937
3 0.541667 0.325781 0.066667 0.079687
3 0.623958 0.332031 0.085417 0.067187
3 0.722917 0.339062 0.091667 0.071875
3 0.434375 0.374219 0.110417 0.085938
3 0.681250 0.826562 0.225000 0.325000
3 0.878125 0.805469 0.218750 0.267188
3 0.786458 0.812500 0.218750 0.275000
3 0.356250 0.934375 0.666667 0.109375
5 0.584375 0.177344 0.285417 0.107813
7 0.209375 0.067187 0.102083 0.096875
7 0.378125 0.434375 0.147917 0.068750
8 0.310417 0.082812 0.033333 0.021875
8 0.405208 0.189062 0.089583 0.112500
8 0.398958 0.299219 0.160417 0.076563
8 0.557292 0.585156 0.310417 0.454688
8 0.784375 0.517188 0.410417 0.287500
8 0.525000 0.850000 0.208333 0.056250