1 0.270833 0.341406 0.516667 0.320312
1 0.404167 0.596875 0.779167 0.287500
2 0.841667 0.660156 0.300000 0.379688
2 0.792708 0.897656 0.110417 0.051562
3 0.501042 0.211719 0.977083 0.395313
3 0.943750 0.102344 0.020833 0.035937
3 0.430208 0.859375 0.518750 0.262500
7 0.453125 0.639062 0.627083 0.109375
8 0.934375 0.197656 0.114583 0.251563
8 0.625000 0.366406 0.225000 0.304688
8 0.500000 0.363281 0.095833 0.064062
8 0.810417 0.453125 0.358333 0.109375
8 0.506250 0.445312 0.091667 0.028125
8 0.466667 0.551562 0.037500 0.012500
8 0.777083 0.910937 0.425000 0.156250