1 0.202083 0.809375 0.375000 0.359375
2 0.848958 0.104688 0.285417 0.187500
2 0.843750 0.819531 0.291667 0.339062
3 0.406250 0.329688 0.787500 0.631250
3 0.507292 0.417187 0.152083 0.093750
3 0.576042 0.893750 0.239583 0.190625
5 0.793750 0.650781 0.383333 0.389062
7 0.273958 0.648438 0.097917 0.037500
7 0.398958 0.827344 0.068750 0.073438
7 0.439583 0.818750 0.020833 0.053125
7 0.279167 0.868750 0.037500 0.018750
7 0.314583 0.871094 0.029167 0.020313
7 0.272917 0.915625 0.175000 0.050000
7 0.272917 0.978125 0.120833 0.018750
8 0.698958 0.523438 0.577083 0.815625
8 0.306250 0.309375 0.120833 0.112500
8 0.423958 0.306250 0.077083 0.075000
8 0.420833 0.385937 0.050000 0.078125
8 0.096875 0.519531 0.164583 0.329688
8 0.391667 0.485938 0.070833 0.059375
8 0.526042 0.500781 0.031250 0.023438
8 0.485417 0.533594 0.079167 0.039062
8 0.390625 0.549219 0.072917 0.045312
8 0.484375 0.575000 0.114583 0.040625
8 0.372917 0.610938 0.091667 0.078125
8 0.468750 0.658594 0.095833 0.079687
8 0.503125 0.690625 0.027083 0.040625
8 0.406250 0.901563 0.062500 0.056250
8 0.397917 0.951562 0.108333 0.046875