1 0.245833 0.328906 0.466667 0.635938
2 0.873958 0.100000 0.227083 0.178125
2 0.771875 0.250000 0.364583 0.128125
2 0.555208 0.247656 0.060417 0.057813
2 0.927083 0.280469 0.083333 0.076563
2 0.547917 0.441406 0.191667 0.107813
2 0.607292 0.613281 0.039583 0.095312
2 0.889583 0.778906 0.141667 0.335938
3 0.584375 0.120313 0.302083 0.215625
3 0.343750 0.203125 0.250000 0.143750
3 0.404167 0.414062 0.391667 0.278125
3 0.204167 0.532031 0.325000 0.048438
5 0.413542 0.139063 0.027083 0.078125
5 0.816667 0.281250 0.350000 0.353125
5 0.491667 0.234375 0.087500 0.037500
5 0.562500 0.355469 0.329167 0.173437
5 0.529167 0.614844 0.120833 0.117188
5 0.566667 0.927344 0.175000 0.123438
6 0.788542 0.646875 0.402083 0.687500
7 0.330208 0.026562 0.164583 0.031250
7 0.323958 0.086719 0.114583 0.054688
7 0.382292 0.330469 0.097917 0.117188
7 0.310417 0.812500 0.591667 0.353125
8 0.898958 0.023438 0.047917 0.018750
8 0.453125 0.047656 0.097917 0.051562
8 0.467708 0.160156 0.047917 0.045312
8 0.242708 0.307812 0.181250 0.156250
8 0.673958 0.687500 0.135417 0.243750
8 0.142708 0.701562 0.252083 0.243750
8 0.526042 0.765625 0.118750 0.168750