1 0.064583 0.568750 0.062500 0.046875
1 0.148958 0.837500 0.256250 0.293750
2 0.698958 0.415625 0.585417 0.546875
2 0.308333 0.578906 0.141667 0.079687
3 0.343750 0.164062 0.258333 0.296875
3 0.638542 0.188281 0.702083 0.342187
3 0.670833 0.833594 0.637500 0.310937
5 0.209375 0.552344 0.193750 0.048438
5 0.194792 0.641406 0.206250 0.076563
5 0.413542 0.644531 0.397917 0.079687
5 0.201042 0.850781 0.097917 0.132812
6 0.165625 0.589844 0.039583 0.035937
6 0.296875 0.844531 0.106250 0.285938
7 0.172917 0.089844 0.320833 0.151562
7 0.219792 0.389844 0.406250 0.276562
7 0.057292 0.667969 0.064583 0.029687
8 0.158333 0.059375 0.137500 0.056250
8 0.400000 0.834375 0.129167 0.050000
8 0.427083 0.927344 0.154167 0.126562