2 0.806250 0.678125 0.366667 0.400000
3 0.602083 0.107813 0.029167 0.184375
3 0.861458 0.141406 0.052083 0.185938
3 0.770833 0.137500 0.033333 0.059375
3 0.505208 0.510938 0.972917 0.734375
3 0.241667 0.767969 0.025000 0.132812
3 0.111458 0.775000 0.014583 0.106250
3 0.262500 0.910156 0.491667 0.157812
3 0.729167 0.925781 0.525000 0.129688
7 0.487500 0.048438 0.125000 0.065625
7 0.739583 0.128906 0.062500 0.054688
7 0.512500 0.130469 0.141667 0.032813
7 0.355208 0.707031 0.139583 0.048438
8 0.805208 0.121094 0.122917 0.192188
8 0.507292 0.079687 0.097917 0.043750
8 0.143750 0.675781 0.254167 0.289062
8 0.176042 0.776563 0.118750 0.115625
8 0.396875 0.761719 0.056250 0.054688
8 0.308333 0.772656 0.070833 0.014063
8 0.462500 0.878125 0.208333 0.087500
8 0.254167 0.883594 0.254167 0.089063