1 0.281250 0.707812 0.520833 0.562500
2 0.696875 0.545312 0.581250 0.668750
3 0.246875 0.177344 0.464583 0.326562
3 0.606250 0.146875 0.225000 0.268750
3 0.819792 0.100000 0.335417 0.171875
3 0.500000 0.036719 0.258333 0.042188
3 0.755208 0.224219 0.464583 0.195312
3 0.691667 0.352344 0.170833 0.082812
3 0.333333 0.407813 0.637500 0.131250
3 0.618750 0.675781 0.562500 0.626563
3 0.932292 0.695312 0.110417 0.590625
3 0.130208 0.810937 0.227083 0.362500
3 0.441667 0.666406 0.183333 0.039062
3 0.437500 0.778125 0.187500 0.171875
5 0.354167 0.533594 0.162500 0.060937
6 0.365625 0.581250 0.114583 0.096875
7 0.482292 0.075781 0.247917 0.120313
7 0.205208 0.617188 0.127083 0.018750
8 0.059375 0.105469 0.085417 0.185938
8 0.190625 0.139063 0.181250 0.212500
8 0.458333 0.189844 0.258333 0.173437
8 0.417708 0.313281 0.564583 0.145313
8 0.708333 0.711719 0.204167 0.554688
8 0.192708 0.557813 0.093750 0.065625