1 0.383333 0.104688 0.141667 0.187500
1 0.098958 0.248438 0.172917 0.468750
1 0.304167 0.464062 0.141667 0.287500
1 0.034375 0.551562 0.035417 0.065625
1 0.186458 0.677344 0.343750 0.317188
1 0.248958 0.971094 0.460417 0.035937
2 0.764583 0.456250 0.437500 0.515625
3 0.176042 0.083594 0.277083 0.139063
3 0.467708 0.110937 0.093750 0.190625
3 0.545833 0.202344 0.308333 0.373437
3 0.205208 0.340625 0.193750 0.237500
3 0.462500 0.574219 0.200000 0.070312
3 0.183333 0.575000 0.175000 0.056250
3 0.551042 0.845313 0.881250 0.290625
5 0.646875 0.117969 0.152083 0.164062
5 0.860417 0.185156 0.254167 0.207813
6 0.845833 0.124219 0.291667 0.220312
7 0.230208 0.177344 0.239583 0.126562
7 0.412500 0.229687 0.033333 0.115625
7 0.361458 0.228906 0.052083 0.057813
7 0.030208 0.476562 0.031250 0.065625
7 0.327083 0.678906 0.437500 0.129688
7 0.208333 0.962500 0.158333 0.031250
8 0.352083 0.310156 0.091667 0.095312
8 0.600000 0.417969 0.454167 0.295312
8 0.340625 0.413281 0.052083 0.057813
8 0.138542 0.490625 0.197917 0.121875
8 0.343750 0.510156 0.062500 0.114062
8 0.203125 0.810937 0.118750 0.128125
8 0.064583 0.882031 0.091667 0.179688
8 0.314583 0.832031 0.104167 0.067187
8 0.608333 0.869531 0.079167 0.145313
8 0.337500 0.927344 0.175000 0.110937
8 0.554167 0.903125 0.045833 0.034375
8 0.539583 0.953906 0.100000 0.070312