1 0.136458 0.152344 0.247917 0.276562
1 0.154167 0.753125 0.262500 0.471875
2 0.703125 0.242969 0.572917 0.457813
3 0.381250 0.042969 0.187500 0.054688
3 0.086458 0.172656 0.147917 0.232813
3 0.245833 0.125781 0.037500 0.064062
3 0.343750 0.292969 0.175000 0.073438
3 0.209375 0.280469 0.060417 0.026562
3 0.230208 0.378125 0.385417 0.162500
3 0.443750 0.701562 0.404167 0.575000
3 0.351042 0.448437 0.131250 0.056250
3 0.085417 0.812500 0.137500 0.353125
5 0.677083 0.513281 0.625000 0.304688
5 0.431250 0.962500 0.166667 0.050000
6 0.754167 0.812500 0.475000 0.356250
7 0.213542 0.929688 0.118750 0.028125
8 0.469792 0.171094 0.381250 0.229687
8 0.219792 0.250781 0.043750 0.029687
8 0.065625 0.479687 0.102083 0.096875
8 0.228125 0.478125 0.093750 0.028125
8 0.580208 0.803125 0.106250 0.218750
8 0.767708 0.846094 0.202083 0.279687
8 0.257292 0.765625 0.143750 0.053125