1 0.184375 0.678125 0.339583 0.556250
1 0.206250 0.969531 0.162500 0.035937
2 0.757292 0.300000 0.464583 0.571875
3 0.064583 0.023438 0.091667 0.025000
3 0.421875 0.069531 0.343750 0.110937
3 0.291667 0.177344 0.558333 0.301563
3 0.502083 0.623437 0.491667 0.728125
3 0.500000 0.300781 0.304167 0.051562
3 0.575000 0.375000 0.433333 0.146875
3 0.057292 0.457813 0.077083 0.290625
3 0.718750 0.713281 0.545833 0.548438
3 0.066667 0.928125 0.104167 0.125000
7 0.063542 0.109375 0.052083 0.034375
7 0.294792 0.165625 0.064583 0.046875
7 0.434375 0.593750 0.172917 0.259375
7 0.328125 0.689063 0.072917 0.128125
8 0.245833 0.023438 0.045833 0.018750
8 0.202083 0.043750 0.104167 0.043750
8 0.048958 0.216406 0.056250 0.073438
8 0.145833 0.251563 0.129167 0.084375
8 0.239583 0.254688 0.095833 0.065625
8 0.038542 0.392188 0.047917 0.200000
8 0.240625 0.382812 0.156250 0.050000
8 0.267708 0.459375 0.231250 0.140625
8 0.246875 0.567969 0.156250 0.054688
8 0.271875 0.640625 0.052083 0.025000
8 0.400000 0.807813 0.095833 0.171875
8 0.292708 0.917969 0.118750 0.142187