1 0.281250 0.502344 0.362500 0.976562
2 0.919792 0.568750 0.131250 0.431250
3 0.114583 0.087500 0.195833 0.153125
3 0.630208 0.501563 0.718750 0.978125
3 0.110417 0.757031 0.187500 0.467187
3 0.480208 0.949219 0.089583 0.073438
6 0.925000 0.181250 0.129167 0.340625
7 0.579167 0.921875 0.120833 0.134375
8 0.419792 0.025781 0.064583 0.026562
8 0.318750 0.080469 0.066667 0.048438
8 0.054167 0.353125 0.083333 0.415625
8 0.456250 0.394531 0.133333 0.407813
8 0.313542 0.433594 0.072917 0.032813
8 0.341667 0.637500 0.133333 0.071875
8 0.473958 0.895312 0.135417 0.059375
8 0.302083 0.920312 0.066667 0.028125