1 0.337500 0.171094 0.450000 0.173437
1 0.429167 0.394531 0.170833 0.301563
1 0.381250 0.872656 0.212500 0.229687
2 0.937500 0.342969 0.108333 0.657813
3 0.209375 0.050781 0.164583 0.073438
3 0.838542 0.117969 0.131250 0.145313
3 0.558333 0.566406 0.091667 0.842187
3 0.207292 0.330469 0.377083 0.357812
3 0.768750 0.252344 0.308333 0.204687
3 0.771875 0.425781 0.339583 0.198437
3 0.822917 0.679688 0.325000 0.337500
3 0.791667 0.914844 0.400000 0.142187
3 0.153125 0.931250 0.264583 0.115625
7 0.272917 0.711719 0.516667 0.348438
7 0.500000 0.902344 0.058333 0.167187
8 0.430208 0.071094 0.277083 0.114062
8 0.672917 0.087500 0.216667 0.143750
8 0.047917 0.217969 0.062500 0.076563
8 0.507292 0.298438 0.064583 0.056250
8 0.500000 0.389062 0.125000 0.146875
8 0.029167 0.362500 0.025000 0.078125
8 0.492708 0.534375 0.122917 0.096875
8 0.197917 0.526563 0.187500 0.046875
8 0.143750 0.855469 0.175000 0.045312
8 0.406250 0.916406 0.058333 0.032813