1 0.334375 0.079687 0.631250 0.121875
1 0.371875 0.386719 0.702083 0.129688
1 0.368750 0.466406 0.704167 0.035937
1 0.216667 0.671875 0.395833 0.165625
1 0.326042 0.871094 0.193750 0.229687
2 0.704167 0.366406 0.570833 0.710938
3 0.169792 0.350000 0.306250 0.090625
3 0.041667 0.528906 0.054167 0.104688
3 0.711458 0.527344 0.172917 0.073438
3 0.734375 0.667188 0.502083 0.209375
3 0.534375 0.780469 0.289583 0.414062
3 0.116667 0.838281 0.204167 0.304688
3 0.784375 0.870313 0.410417 0.243750
7 0.394792 0.042188 0.539583 0.059375
7 0.284375 0.201563 0.281250 0.128125
7 0.079167 0.205469 0.045833 0.070312
8 0.535417 0.520312 0.283333 0.093750
8 0.242708 0.525000 0.339583 0.100000
8 0.412500 0.792188 0.066667 0.075000
8 0.433333 0.889062 0.187500 0.200000