1 0.041667 0.196875 0.054167 0.371875
1 0.312500 0.564063 0.208333 0.846875
1 0.041667 0.442969 0.050000 0.114062
2 0.733333 0.230469 0.516667 0.432812
2 0.628125 0.421875 0.031250 0.031250
2 0.957292 0.960938 0.068750 0.056250
3 0.298958 0.069531 0.385417 0.110937
3 0.547917 0.035937 0.491667 0.046875
3 0.159375 0.257812 0.218750 0.281250
3 0.664583 0.571094 0.645833 0.832812
3 0.140625 0.690625 0.247917 0.603125
3 0.456250 0.410938 0.187500 0.043750
7 0.375000 0.582812 0.016667 0.053125
7 0.356250 0.632031 0.079167 0.073438
8 0.302083 0.121094 0.095833 0.026562
8 0.340625 0.258594 0.064583 0.126562
8 0.319792 0.335156 0.056250 0.026562
8 0.310417 0.382031 0.029167 0.017188
8 0.313542 0.464062 0.031250 0.018750
8 0.323958 0.535156 0.110417 0.101562
8 0.357292 0.677344 0.060417 0.029687
8 0.358333 0.775000 0.083333 0.128125
8 0.366667 0.870313 0.095833 0.046875
8 0.383333 0.958594 0.158333 0.064062