1 0.387500 0.137500 0.300000 0.246875
1 0.206250 0.283594 0.066667 0.101562
1 0.110417 0.461719 0.191667 0.092188
1 0.106250 0.528125 0.166667 0.034375
1 0.105208 0.807031 0.181250 0.367188
2 0.644792 0.503125 0.685417 0.975000
5 0.425000 0.308594 0.395833 0.132812
5 0.464583 0.549219 0.495833 0.364063
5 0.175000 0.482812 0.037500 0.056250
5 0.197917 0.678125 0.050000 0.071875
5 0.209375 0.814063 0.210417 0.115625
6 0.767708 0.117188 0.443750 0.209375
6 0.267708 0.510156 0.131250 0.367188
6 0.203125 0.816406 0.239583 0.345313
7 0.244792 0.228125 0.464583 0.434375
7 0.028125 0.465625 0.027083 0.037500
7 0.110417 0.563281 0.187500 0.120313
8 0.288542 0.293750 0.197917 0.143750
8 0.245833 0.386719 0.033333 0.073438
8 0.222917 0.524219 0.058333 0.051562
8 0.043750 0.653125 0.037500 0.025000
8 0.097917 0.707812 0.020833 0.081250
8 0.059375 0.797656 0.068750 0.070312
8 0.069792 0.861719 0.022917 0.020313
8 0.059375 0.957031 0.056250 0.017188
8 0.391667 0.978125 0.062500 0.021875