1 0.291667 0.072656 0.195833 0.120313
1 0.283333 0.187500 0.204167 0.165625
1 0.503125 0.688281 0.181250 0.429688
1 0.503125 0.890625 0.977083 0.200000
2 0.897917 0.111719 0.187500 0.195312
3 0.096875 0.243750 0.168750 0.459375
3 0.732292 0.439844 0.518750 0.854688
3 0.936458 0.361719 0.102083 0.067187
3 0.400000 0.673438 0.070833 0.484375
3 0.336458 0.655469 0.056250 0.139063
3 0.793750 0.737500 0.275000 0.306250
3 0.208333 0.710938 0.195833 0.243750
7 0.504167 0.042188 0.050000 0.053125
7 0.308333 0.297656 0.104167 0.067187
7 0.095833 0.531250 0.162500 0.428125
8 0.514583 0.075000 0.079167 0.056250
8 0.539583 0.116406 0.058333 0.039062
8 0.371875 0.209375 0.097917 0.118750
8 0.661458 0.540625 0.514583 0.587500
8 0.395833 0.288281 0.045833 0.017188
8 0.395833 0.307031 0.050000 0.017188
8 0.896875 0.407813 0.185417 0.221875
8 0.383333 0.653906 0.045833 0.120313
8 0.240625 0.707812 0.118750 0.106250
8 0.711458 0.848437 0.172917 0.090625
8 0.611458 0.884375 0.139583 0.040625