1 0.258333 0.425000 0.483333 0.825000
1 0.387500 0.810937 0.300000 0.293750
1 0.053125 0.917969 0.072917 0.142187
2 0.832292 0.035937 0.139583 0.050000
3 0.745833 0.499219 0.487500 0.973437
3 0.787500 0.321094 0.400000 0.617188
5 0.923958 0.110156 0.135417 0.198437
6 0.567708 0.595313 0.035417 0.046875
7 0.385417 0.061719 0.287500 0.101562
7 0.259375 0.424219 0.089583 0.045312
7 0.252083 0.489063 0.079167 0.037500
7 0.263542 0.714063 0.256250 0.250000
7 0.238542 0.931250 0.306250 0.115625
8 0.445833 0.183594 0.170833 0.189062
8 0.553125 0.244531 0.110417 0.067187
8 0.527083 0.310937 0.175000 0.115625
8 0.355208 0.350781 0.043750 0.029687
8 0.610417 0.423438 0.158333 0.103125
8 0.584375 0.665625 0.360417 0.415625
8 0.735417 0.560937 0.025000 0.043750
8 0.386458 0.621875 0.052083 0.059375
8 0.856250 0.748437 0.079167 0.081250
8 0.122917 0.846094 0.212500 0.151562
8 0.543750 0.921875 0.125000 0.037500
8 0.489583 0.963281 0.208333 0.048438