1 0.284375 0.501563 0.543750 0.981250
1 0.331250 0.123438 0.095833 0.221875
1 0.835417 0.540625 0.308333 0.550000
1 0.525000 0.417969 0.462500 0.139063
1 0.323958 0.648438 0.460417 0.140625
1 0.377083 0.914062 0.529167 0.156250
2 0.888542 0.925781 0.202083 0.129688
3 0.672917 0.405469 0.633333 0.789062
3 0.489583 0.181250 0.345833 0.337500
7 0.235417 0.128906 0.025000 0.035937
7 0.106250 0.373437 0.037500 0.043750
7 0.581250 0.394531 0.395833 0.082812
7 0.243750 0.402344 0.020833 0.029687
7 0.498958 0.660937 0.193750 0.040625
7 0.913542 0.748437 0.152083 0.090625
7 0.475000 0.760938 0.041667 0.037500
8 0.836458 0.088281 0.118750 0.060937
8 0.905208 0.232813 0.114583 0.218750
8 0.632292 0.196094 0.077083 0.117188
8 0.767708 0.326562 0.135417 0.115625
8 0.583333 0.739062 0.125000 0.065625
8 0.536458 0.784375 0.035417 0.018750