1 0.393750 0.132812 0.362500 0.243750
1 0.132292 0.501563 0.235417 0.975000
1 0.617708 0.042188 0.072917 0.059375
1 0.277083 0.553125 0.087500 0.240625
1 0.582292 0.546094 0.093750 0.217188
1 0.284375 0.721094 0.077083 0.092188
1 0.408333 0.900781 0.445833 0.176563
2 0.877083 0.172656 0.225000 0.276562
3 0.859375 0.026562 0.260417 0.025000
3 0.694792 0.039844 0.052083 0.048438
3 0.797917 0.055469 0.233333 0.051562
3 0.539583 0.338281 0.633333 0.179688
3 0.723958 0.635156 0.535417 0.714063
3 0.429167 0.637500 0.333333 0.412500
7 0.577083 0.142969 0.395833 0.126562
7 0.112500 0.121094 0.037500 0.045312
7 0.146875 0.396875 0.035417 0.037500
7 0.232292 0.429688 0.381250 0.031250
7 0.183333 0.624219 0.033333 0.048438
7 0.242708 0.670312 0.327083 0.025000
7 0.458333 0.898438 0.341667 0.096875
7 0.129167 0.927344 0.037500 0.035937
8 0.655208 0.021094 0.056250 0.010937
8 0.671875 0.453125 0.043750 0.031250
8 0.692708 0.582812 0.189583 0.162500
8 0.568750 0.692187 0.066667 0.103125
8 0.848958 0.857031 0.102083 0.257812
8 0.557292 0.827344 0.164583 0.085938
8 0.712500 0.913281 0.141667 0.148438