1 0.277083 0.571875 0.525000 0.834375
1 0.620833 0.232813 0.120833 0.153125
1 0.528125 0.517969 0.472917 0.157812
1 0.194792 0.907031 0.114583 0.167187
2 0.873958 0.550781 0.231250 0.307812
3 0.312500 0.061719 0.600000 0.098437
3 0.818750 0.271875 0.341667 0.293750
3 0.361458 0.288281 0.385417 0.160938
3 0.717708 0.280469 0.010417 0.089063
3 0.821875 0.333594 0.331250 0.189062
3 0.525000 0.725781 0.750000 0.217188
3 0.701042 0.821094 0.581250 0.339062
3 0.597917 0.914062 0.112500 0.150000
3 0.675000 0.913281 0.037500 0.151562
3 0.394792 0.914844 0.281250 0.145313
7 0.364583 0.117969 0.700000 0.204687
7 0.706250 0.200781 0.091667 0.101562
7 0.767708 0.253125 0.077083 0.168750
7 0.545833 0.493750 0.425000 0.103125
7 0.034375 0.494531 0.027083 0.042188
7 0.039583 0.605469 0.037500 0.057813
7 0.036458 0.812500 0.027083 0.034375
7 0.316667 0.899219 0.108333 0.039062
8 0.937500 0.093750 0.100000 0.159375
8 0.779167 0.175000 0.250000 0.200000
8 0.690625 0.314844 0.047917 0.135937
8 0.609375 0.332813 0.106250 0.118750
8 0.740625 0.867969 0.077083 0.154688
8 0.610417 0.916406 0.058333 0.132812