1 0.410417 0.124219 0.795833 0.220312
1 0.097917 0.236719 0.170833 0.395313
1 0.372917 0.585156 0.720833 0.698438
1 0.368750 0.878906 0.708333 0.226562
1 0.402083 0.907031 0.608333 0.167187
2 0.864583 0.100000 0.250000 0.150000
2 0.921875 0.342969 0.077083 0.076563
2 0.959375 0.342187 0.060417 0.075000
2 0.880208 0.496094 0.214583 0.182812
2 0.940625 0.661719 0.097917 0.132812
2 0.856250 0.655469 0.045833 0.110937
2 0.894792 0.828906 0.185417 0.185938
3 0.876042 0.063281 0.131250 0.101562
5 0.739583 0.278125 0.500000 0.256250
5 0.501042 0.240625 0.047917 0.034375
5 0.542708 0.462500 0.102083 0.050000
5 0.747917 0.614844 0.475000 0.320312
6 0.636458 0.425781 0.127083 0.245312
6 0.810417 0.407031 0.241667 0.073438
7 0.331250 0.075000 0.316667 0.128125
7 0.430208 0.306250 0.327083 0.143750
7 0.139583 0.289844 0.045833 0.042188
7 0.172917 0.442188 0.104167 0.118750
7 0.418750 0.517188 0.079167 0.059375
7 0.348958 0.566406 0.122917 0.110937
7 0.150000 0.707031 0.029167 0.035937
7 0.572917 0.906250 0.837500 0.165625
8 0.088542 0.450781 0.143750 0.320312
8 0.500000 0.421094 0.216667 0.073438
8 0.448958 0.692969 0.060417 0.045312
8 0.638542 0.706250 0.114583 0.071875
8 0.469792 0.760156 0.139583 0.045312
8 0.803125 0.802344 0.143750 0.114062
8 0.382292 0.786719 0.060417 0.039062
8 0.632292 0.789062 0.077083 0.043750