1 0.468750 0.502344 0.908333 0.976562
2 0.837500 0.167187 0.308333 0.303125
3 0.466667 0.329688 0.683333 0.628125
3 0.640625 0.342969 0.114583 0.298438
3 0.709375 0.392188 0.152083 0.131250
3 0.698958 0.592969 0.172917 0.182812
5 0.867708 0.366406 0.247917 0.179688
5 0.706250 0.514844 0.162500 0.107813
5 0.777083 0.900000 0.254167 0.128125
6 0.883333 0.568750 0.216667 0.228125
6 0.897917 0.862500 0.187500 0.253125
7 0.344792 0.225000 0.052083 0.065625
7 0.272917 0.244531 0.066667 0.070312
7 0.223958 0.296094 0.031250 0.070312
7 0.345833 0.391406 0.066667 0.051562
7 0.290625 0.454688 0.072917 0.053125
7 0.073958 0.689844 0.110417 0.239063
7 0.414583 0.682813 0.041667 0.034375
7 0.150000 0.730469 0.016667 0.045312
7 0.465625 0.960156 0.372917 0.057813
8 0.601042 0.500000 0.022917 0.075000
8 0.445833 0.501563 0.029167 0.050000
8 0.632292 0.652344 0.247917 0.151562
8 0.482292 0.683594 0.047917 0.048438
8 0.356250 0.685937 0.029167 0.043750
8 0.878125 0.729688 0.222917 0.118750