1 0.081250 0.778906 0.129167 0.426563
2 0.809375 0.306250 0.356250 0.268750
2 0.736458 0.393750 0.039583 0.075000
2 0.467708 0.530469 0.081250 0.123438
2 0.670833 0.551562 0.125000 0.062500
2 0.531250 0.672656 0.058333 0.195312
2 0.454167 0.639062 0.020833 0.093750
2 0.492708 0.671094 0.043750 0.148438
2 0.728125 0.660156 0.035417 0.035937
2 0.817708 0.687500 0.110417 0.065625
2 0.451042 0.699219 0.035417 0.042188
2 0.748958 0.848437 0.477083 0.284375
3 0.262500 0.696875 0.287500 0.268750
3 0.257292 0.808594 0.168750 0.045312
3 0.489583 0.928906 0.258333 0.123438
5 0.680208 0.513281 0.622917 0.439063
5 0.395833 0.602344 0.066667 0.070312
5 0.452083 0.798438 0.154167 0.159375
6 0.664583 0.636719 0.479167 0.367188
6 0.477083 0.589844 0.054167 0.054688
7 0.271875 0.400781 0.510417 0.104688
7 0.232292 0.496875 0.381250 0.084375
7 0.334375 0.832031 0.027083 0.017188
7 0.270833 0.865625 0.029167 0.025000
7 0.242708 0.935156 0.093750 0.110937
7 0.340625 0.928125 0.043750 0.050000
7 0.339583 0.971094 0.041667 0.035937
8 0.282292 0.683594 0.122917 0.126562
8 0.115625 0.871094 0.102083 0.120313