1 0.190625 0.505469 0.335417 0.957812
2 0.823958 0.585938 0.322917 0.406250
3 0.748958 0.274219 0.472917 0.526563
3 0.655208 0.196875 0.193750 0.359375
3 0.477083 0.551562 0.058333 0.100000
3 0.204167 0.667188 0.283333 0.321875
3 0.717708 0.708594 0.531250 0.323437
3 0.889583 0.917188 0.200000 0.140625
7 0.402083 0.103125 0.083333 0.093750
7 0.242708 0.241406 0.231250 0.210938
7 0.389583 0.172656 0.075000 0.032813
7 0.397917 0.214844 0.045833 0.042188
7 0.390625 0.259375 0.068750 0.043750
7 0.391667 0.298438 0.054167 0.031250
7 0.396875 0.329688 0.052083 0.021875
7 0.407292 0.394531 0.135417 0.095312
7 0.268750 0.445312 0.129167 0.100000
7 0.497917 0.446875 0.033333 0.096875
7 0.377083 0.456250 0.062500 0.021875
7 0.387500 0.723437 0.033333 0.031250
7 0.227083 0.907813 0.287500 0.165625
7 0.467708 0.911719 0.014583 0.126562
7 0.417708 0.908594 0.068750 0.042188
8 0.586458 0.183594 0.114583 0.335938
8 0.460417 0.225781 0.062500 0.076563
8 0.484375 0.313281 0.060417 0.054688
8 0.515625 0.375000 0.060417 0.056250
8 0.530208 0.442188 0.039583 0.068750
8 0.401042 0.510156 0.102083 0.039062
8 0.385417 0.585938 0.033333 0.015625
8 0.411458 0.651563 0.056250 0.071875
8 0.712500 0.915625 0.295833 0.146875