1 0.089583 0.413281 0.154167 0.798438
2 0.861458 0.084375 0.260417 0.140625
2 0.961458 0.910937 0.056250 0.115625
3 0.239583 0.116406 0.300000 0.207813
3 0.618750 0.137500 0.220833 0.243750
3 0.527083 0.540625 0.920833 0.896875
3 0.527083 0.364844 0.037500 0.176563
3 0.487500 0.442188 0.037500 0.028125
3 0.276042 0.587500 0.252083 0.228125
3 0.552083 0.600000 0.091667 0.212500
5 0.943750 0.556250 0.091667 0.350000
7 0.434375 0.151562 0.027083 0.015625
7 0.286458 0.348438 0.272917 0.203125
7 0.467708 0.307812 0.089583 0.096875
7 0.504167 0.395313 0.012500 0.078125
8 0.467708 0.072656 0.068750 0.089063
8 0.679167 0.399219 0.425000 0.535937
8 0.582292 0.282813 0.139583 0.143750
8 0.533333 0.538281 0.050000 0.032813
8 0.678125 0.759375 0.206250 0.268750