1 0.414583 0.128906 0.183333 0.229687
1 0.218750 0.410938 0.404167 0.121875
2 0.882292 0.543750 0.218750 0.746875
3 0.158333 0.039844 0.287500 0.057813
3 0.783333 0.093750 0.416667 0.159375
3 0.505208 0.370312 0.160417 0.709375
3 0.719792 0.445312 0.456250 0.559375
3 0.163542 0.472656 0.297917 0.189062
3 0.160417 0.728125 0.287500 0.309375
3 0.396875 0.715625 0.114583 0.031250
3 0.535417 0.855469 0.912500 0.267188
7 0.248958 0.203125 0.464583 0.300000
7 0.514583 0.214062 0.041667 0.131250
7 0.495833 0.339844 0.037500 0.120313
8 0.459375 0.058594 0.135417 0.070312
8 0.466667 0.119531 0.079167 0.029687
8 0.346875 0.163281 0.052083 0.042188
8 0.477083 0.224219 0.020833 0.039062
8 0.329167 0.219531 0.058333 0.023438
8 0.473958 0.314063 0.022917 0.028125
8 0.425000 0.335156 0.112500 0.035937
8 0.286458 0.339062 0.114583 0.018750
8 0.396875 0.396094 0.052083 0.026562
8 0.336458 0.461719 0.035417 0.082812
8 0.403125 0.502344 0.047917 0.032813
8 0.443750 0.553906 0.033333 0.039062
8 0.386458 0.601562 0.135417 0.031250
8 0.415625 0.670312 0.068750 0.050000
8 0.082292 0.842969 0.039583 0.070312
8 0.054167 0.924219 0.075000 0.079687
8 0.042708 0.971875 0.056250 0.034375