1 0.065625 0.428906 0.102083 0.829688
1 0.040625 0.232031 0.052083 0.326562
1 0.033333 0.516406 0.025000 0.164062
1 0.279167 0.700000 0.104167 0.215625
2 0.726042 0.163281 0.527083 0.298438
2 0.729167 0.555469 0.520833 0.867188
3 0.284375 0.167187 0.406250 0.300000
3 0.477083 0.325781 0.291667 0.370312
3 0.206250 0.342187 0.150000 0.050000
3 0.186458 0.659375 0.172917 0.318750
3 0.402083 0.692187 0.137500 0.215625
3 0.442708 0.893750 0.847917 0.190625
5 0.701042 0.196094 0.577083 0.282813
5 0.566667 0.155469 0.354167 0.051562
6 0.727083 0.081250 0.329167 0.134375
7 0.220833 0.430469 0.158333 0.120313
8 0.511458 0.067969 0.064583 0.092188
8 0.328125 0.093750 0.289583 0.100000
8 0.727083 0.245312 0.233333 0.128125
8 0.234375 0.278906 0.060417 0.073438
8 0.047917 0.411719 0.054167 0.182812
8 0.410417 0.511719 0.529167 0.182812
8 0.209375 0.660156 0.043750 0.104688
8 0.331250 0.659375 0.016667 0.084375