1 0.209375 0.042969 0.389583 0.064062
1 0.057292 0.383594 0.085417 0.626563
1 0.344792 0.451562 0.068750 0.137500
2 0.843750 0.803906 0.287500 0.373437
3 0.702083 0.500781 0.579167 0.973437
3 0.201042 0.384375 0.356250 0.659375
3 0.298958 0.081250 0.093750 0.018750
3 0.157292 0.957031 0.281250 0.060937
6 0.653125 0.085156 0.093750 0.145313
7 0.439583 0.242969 0.091667 0.126562
7 0.507292 0.330469 0.052083 0.157812
7 0.181250 0.675000 0.066667 0.037500
7 0.201042 0.841406 0.327083 0.189062
8 0.863542 0.103125 0.122917 0.184375
8 0.734375 0.199219 0.122917 0.367188
8 0.305208 0.071094 0.135417 0.057813
8 0.447917 0.156250 0.087500 0.053125
8 0.294792 0.152344 0.164583 0.042188
8 0.590625 0.251563 0.152083 0.159375
8 0.490625 0.236719 0.085417 0.042188
8 0.397917 0.457031 0.141667 0.173437
8 0.231250 0.586719 0.104167 0.079687
8 0.441667 0.589844 0.054167 0.082812
8 0.320833 0.657031 0.062500 0.079687
8 0.311458 0.735156 0.085417 0.029687
8 0.381250 0.829688 0.079167 0.109375
8 0.405208 0.935156 0.056250 0.023438