1 0.041667 0.117188 0.054167 0.206250
1 0.337500 0.746094 0.366667 0.482812
2 0.889583 0.407813 0.204167 0.787500
2 0.504167 0.167187 0.050000 0.181250
3 0.182292 0.111719 0.277083 0.195312
3 0.770833 0.055469 0.425000 0.082812
3 0.726042 0.535156 0.527083 0.910937
3 0.175000 0.255469 0.279167 0.089063
3 0.170833 0.739062 0.316667 0.465625
7 0.203125 0.403906 0.372917 0.210938
8 0.503125 0.045312 0.072917 0.059375
8 0.425000 0.136719 0.108333 0.085938
8 0.285417 0.189062 0.212500 0.125000
8 0.385417 0.420312 0.170833 0.262500
8 0.541667 0.828125 0.129167 0.312500
8 0.103125 0.859375 0.168750 0.259375