1 0.480208 0.528906 0.935417 0.923438
2 0.876042 0.725000 0.231250 0.531250
2 0.803125 0.970313 0.218750 0.040625
3 0.269792 0.381250 0.339583 0.628125
3 0.530208 0.164844 0.031250 0.107813
3 0.559375 0.617969 0.522917 0.148438
5 0.871875 0.107031 0.235417 0.185938
5 0.776042 0.379688 0.431250 0.356250
6 0.651042 0.214062 0.172917 0.396875
6 0.597917 0.144531 0.066667 0.085938
7 0.273958 0.798438 0.264583 0.178125
8 0.148958 0.087500 0.272917 0.153125
8 0.503125 0.105469 0.381250 0.185938
8 0.635417 0.167969 0.037500 0.151562
8 0.577083 0.127344 0.025000 0.029687
8 0.563542 0.310156 0.068750 0.032813
8 0.500000 0.442969 0.312500 0.192188
8 0.434375 0.597656 0.093750 0.067187
8 0.546875 0.598437 0.093750 0.068750
8 0.450000 0.752344 0.045833 0.048438