1 0.114583 0.074219 0.091667 0.120313
1 0.050000 0.160938 0.070833 0.290625
1 0.079167 0.694531 0.133333 0.464062
2 0.944792 0.141406 0.089583 0.107813
2 0.947917 0.228906 0.083333 0.045312
2 0.956250 0.290625 0.058333 0.043750
2 0.971875 0.389062 0.035417 0.112500
2 0.931250 0.403906 0.016667 0.076563
2 0.942708 0.517969 0.093750 0.045312
2 0.933333 0.596094 0.108333 0.070312
2 0.939583 0.770312 0.083333 0.103125
2 0.845833 0.909375 0.287500 0.162500
3 0.535417 0.410938 0.125000 0.637500
3 0.217708 0.180469 0.260417 0.085938
3 0.293750 0.317969 0.112500 0.060937
3 0.243750 0.603906 0.225000 0.135937
3 0.231250 0.732031 0.245833 0.126562
3 0.504167 0.747656 0.079167 0.060937
3 0.147917 0.865625 0.225000 0.143750
3 0.651042 0.860938 0.093750 0.071875
3 0.489583 0.950000 0.554167 0.081250
5 0.781250 0.110156 0.420833 0.195312
5 0.794792 0.368750 0.389583 0.234375
5 0.778125 0.592969 0.427083 0.220312
5 0.946875 0.643750 0.077083 0.056250
5 0.829167 0.652344 0.150000 0.064062
5 0.761458 0.767969 0.452083 0.148438
7 0.272917 0.074219 0.212500 0.120313
7 0.426042 0.042188 0.056250 0.040625
8 0.510417 0.042188 0.066667 0.053125
8 0.626042 0.058594 0.147917 0.085938
8 0.682292 0.039062 0.052083 0.046875
8 0.428125 0.104688 0.164583 0.084375
8 0.519792 0.295312 0.093750 0.296875
8 0.459375 0.189062 0.093750 0.028125
8 0.220833 0.253906 0.254167 0.070312
8 0.183333 0.383594 0.337500 0.301563
8 0.403125 0.277344 0.093750 0.067187
8 0.367708 0.465625 0.160417 0.100000
8 0.489583 0.462500 0.083333 0.037500
8 0.486458 0.500000 0.022917 0.037500
8 0.373958 0.536719 0.085417 0.054688
8 0.434375 0.557031 0.014583 0.079687
8 0.481250 0.643750 0.054167 0.025000
8 0.478125 0.700000 0.056250 0.025000
8 0.413542 0.764844 0.072917 0.039062
8 0.530208 0.841406 0.164583 0.126562
8 0.352083 0.852344 0.204167 0.135937