1 0.207292 0.514062 0.381250 0.528125
1 0.463542 0.461719 0.102083 0.295312
2 0.936458 0.507812 0.102083 0.431250
3 0.333333 0.263281 0.633333 0.504687
3 0.783333 0.396875 0.416667 0.765625
3 0.607292 0.347656 0.114583 0.417187
3 0.559375 0.670312 0.031250 0.218750
3 0.215625 0.872656 0.393750 0.235937
6 0.812500 0.844531 0.350000 0.289062
7 0.356250 0.628906 0.366667 0.226562
8 0.076042 0.162500 0.127083 0.115625
8 0.190625 0.173437 0.197917 0.112500
8 0.350000 0.177344 0.166667 0.101562
8 0.554167 0.216406 0.170833 0.142187
8 0.531250 0.444531 0.041667 0.017188
8 0.522917 0.532031 0.058333 0.023438
8 0.508333 0.750781 0.087500 0.042188
8 0.918750 0.825000 0.133333 0.150000
8 0.625000 0.888281 0.508333 0.204687