1 0.062500 0.211719 0.095833 0.401562
1 0.262500 0.794531 0.495833 0.392188
2 0.879167 0.157031 0.225000 0.282813
3 0.225000 0.144531 0.341667 0.260937
3 0.755208 0.301563 0.464583 0.571875
3 0.203125 0.440625 0.218750 0.325000
3 0.782292 0.644531 0.406250 0.689063
3 0.438542 0.520312 0.268750 0.159375
3 0.620833 0.623437 0.066667 0.068750
7 0.300000 0.711719 0.125000 0.107813
8 0.464583 0.207031 0.083333 0.126562
8 0.401042 0.355469 0.197917 0.154688
8 0.537500 0.356250 0.070833 0.156250
8 0.545833 0.318750 0.037500 0.071875
8 0.131250 0.539062 0.233333 0.415625
8 0.694792 0.498437 0.343750 0.315625
8 0.595833 0.750000 0.570833 0.303125
8 0.677083 0.945312 0.295833 0.084375