1 0.206250 0.910156 0.387500 0.107813
2 0.848958 0.165625 0.285417 0.303125
3 0.218750 0.121875 0.412500 0.215625
3 0.433333 0.128125 0.041667 0.225000
3 0.610417 0.132812 0.350000 0.234375
3 0.068750 0.327344 0.100000 0.226562
3 0.695833 0.635938 0.516667 0.709375
3 0.772917 0.651563 0.437500 0.675000
3 0.131250 0.560937 0.225000 0.231250
3 0.480208 0.469531 0.039583 0.032813
3 0.430208 0.474219 0.056250 0.035937
3 0.412500 0.589063 0.066667 0.159375
3 0.263542 0.750781 0.239583 0.135937
5 0.920833 0.382812 0.141667 0.140625
7 0.516667 0.423438 0.037500 0.128125
7 0.393750 0.478906 0.133333 0.095312
7 0.213542 0.907813 0.110417 0.050000
8 0.240625 0.346875 0.256250 0.193750
8 0.469792 0.358594 0.206250 0.176563
8 0.169792 0.509375 0.106250 0.115625
8 0.504167 0.515625 0.079167 0.043750
8 0.519792 0.716406 0.352083 0.326562
8 0.071875 0.748437 0.093750 0.115625
8 0.465625 0.891406 0.114583 0.164062