1 0.275000 0.290625 0.520833 0.178125
1 0.330208 0.409375 0.627083 0.043750
1 0.200000 0.450000 0.362500 0.059375
1 0.316667 0.835938 0.204167 0.303125
1 0.646875 0.814063 0.114583 0.128125
2 0.707292 0.421094 0.564583 0.817187
3 0.281250 0.122656 0.533333 0.217188
3 0.560417 0.507812 0.333333 0.143750
3 0.322917 0.713281 0.616667 0.551562
5 0.746875 0.132812 0.485417 0.234375
5 0.702083 0.655469 0.504167 0.223438
5 0.779167 0.894531 0.420833 0.195312
7 0.164583 0.258594 0.033333 0.032813
7 0.421875 0.705469 0.056250 0.173437
8 0.381250 0.554688 0.062500 0.062500
8 0.396875 0.618750 0.060417 0.021875
8 0.364583 0.659375 0.058333 0.031250
8 0.369792 0.848437 0.264583 0.281250
8 0.662500 0.799219 0.175000 0.139063
8 0.440625 0.827344 0.027083 0.032813