1 0.306250 0.116406 0.091667 0.207813
1 0.263542 0.673438 0.422917 0.600000
2 0.791667 0.315625 0.395833 0.596875
3 0.133333 0.181250 0.233333 0.340625
3 0.498958 0.117188 0.235417 0.209375
3 0.851042 0.023438 0.268750 0.018750
3 0.513542 0.502344 0.335417 0.973437
3 0.686458 0.376563 0.502083 0.425000
3 0.129167 0.521094 0.216667 0.301563
3 0.760417 0.714844 0.458333 0.239063
3 0.118750 0.824219 0.208333 0.267188
3 0.813542 0.905469 0.347917 0.164062
7 0.343750 0.325781 0.083333 0.120313
7 0.189583 0.399219 0.258333 0.095312
8 0.532292 0.217969 0.193750 0.104688
8 0.640625 0.310156 0.110417 0.085938
8 0.345833 0.314063 0.037500 0.053125
8 0.360417 0.410938 0.050000 0.021875
8 0.433333 0.567969 0.095833 0.320312
8 0.485417 0.728125 0.083333 0.221875
8 0.373958 0.845313 0.077083 0.037500
8 0.269792 0.957812 0.235417 0.062500
8 0.457292 0.965625 0.110417 0.046875