1 0.214583 0.595313 0.395833 0.790625
2 0.778125 0.502344 0.427083 0.976562
3 0.429167 0.121094 0.825000 0.214062
3 0.547917 0.256250 0.266667 0.087500
3 0.092708 0.250781 0.035417 0.070312
3 0.116667 0.347656 0.200000 0.110937
3 0.131250 0.417187 0.020833 0.028125
5 0.614583 0.516406 0.512500 0.445312
5 0.397917 0.585156 0.075000 0.064062
5 0.643750 0.857812 0.487500 0.262500
5 0.384375 0.825000 0.064583 0.109375
6 0.398958 0.278906 0.043750 0.132812
6 0.493750 0.517969 0.070833 0.076563
6 0.423958 0.642969 0.072917 0.148438
6 0.561458 0.809375 0.318750 0.234375
7 0.226042 0.545312 0.318750 0.075000
7 0.303125 0.841406 0.468750 0.295312
7 0.491667 0.975000 0.133333 0.028125
8 0.178125 0.222656 0.131250 0.067187
8 0.362500 0.226562 0.087500 0.050000
8 0.050000 0.228906 0.058333 0.014063
8 0.061458 0.256250 0.052083 0.018750
8 0.359375 0.271094 0.043750 0.032813
8 0.447917 0.320312 0.087500 0.050000
8 0.342708 0.360156 0.056250 0.017188
8 0.318750 0.400781 0.095833 0.064062
8 0.104167 0.417969 0.033333 0.020313
8 0.255208 0.465625 0.035417 0.021875
8 0.423958 0.733594 0.077083 0.104688
8 0.021875 0.890625 0.018750 0.040625