1 0.507292 0.425781 0.222917 0.414062
1 0.776042 0.464062 0.102083 0.100000
1 0.387500 0.726562 0.741667 0.181250
1 0.850000 0.746875 0.129167 0.046875
1 0.835417 0.771094 0.141667 0.035937
1 0.405208 0.854688 0.656250 0.171875
1 0.369792 0.958594 0.581250 0.064062
2 0.965625 0.468750 0.047917 0.096875
2 0.953125 0.561719 0.068750 0.045312
2 0.945833 0.617969 0.087500 0.026562
2 0.946875 0.700781 0.085417 0.101562
2 0.914583 0.825000 0.087500 0.050000
2 0.877083 0.903125 0.075000 0.056250
3 0.502083 0.357031 0.975000 0.685937
3 0.612500 0.682031 0.025000 0.060937
5 0.796875 0.648438 0.389583 0.459375
5 0.760417 0.942187 0.225000 0.096875
6 0.925000 0.882812 0.133333 0.212500
7 0.781250 0.454688 0.070833 0.043750
7 0.820833 0.795312 0.108333 0.009375
7 0.506250 0.860156 0.683333 0.129688
7 0.810417 0.832812 0.145833 0.046875
8 0.382292 0.289844 0.160417 0.160938
8 0.627083 0.296875 0.175000 0.156250
8 0.187500 0.378125 0.083333 0.025000
8 0.318750 0.390625 0.100000 0.043750
8 0.616667 0.424219 0.079167 0.073438
8 0.188542 0.420312 0.081250 0.021875
8 0.073958 0.425000 0.060417 0.021875
8 0.942708 0.467969 0.047917 0.051562
8 0.630208 0.513281 0.039583 0.089063
8 0.581250 0.567187 0.083333 0.025000
8 0.546875 0.621875 0.127083 0.093750
8 0.878125 0.614062 0.052083 0.028125
8 0.344792 0.653125 0.077083 0.043750
8 0.144792 0.655469 0.064583 0.039062
8 0.878125 0.671094 0.093750 0.045312
8 0.448958 0.729688 0.043750 0.025000