1 0.214583 0.268750 0.395833 0.306250
1 0.058333 0.436719 0.083333 0.204687
1 0.052083 0.603125 0.070833 0.128125
1 0.407292 0.902344 0.139583 0.176563
2 0.764583 0.444531 0.445833 0.507812
3 0.502083 0.117969 0.975000 0.214062
3 0.162500 0.443750 0.125000 0.184375
3 0.602083 0.549219 0.354167 0.351562
3 0.186458 0.628125 0.268750 0.165625
3 0.407292 0.632031 0.068750 0.126562
3 0.750000 0.832812 0.479167 0.315625
3 0.512500 0.841406 0.104167 0.295312
3 0.914583 0.793750 0.150000 0.178125
3 0.445833 0.829688 0.091667 0.175000
3 0.171875 0.903906 0.306250 0.170313
5 0.534375 0.218750 0.081250 0.031250
5 0.487500 0.283594 0.200000 0.095312
5 0.530208 0.360156 0.072917 0.026562
5 0.605208 0.364844 0.085417 0.026562
7 0.290625 0.235156 0.118750 0.098437
7 0.161458 0.278906 0.097917 0.060937
7 0.308333 0.462500 0.162500 0.021875
7 0.270833 0.512500 0.091667 0.015625
7 0.446875 0.671094 0.031250 0.129688
7 0.458333 0.725781 0.025000 0.045312
7 0.038542 0.768750 0.035417 0.090625
8 0.409375 0.437500 0.031250 0.059375
8 0.384375 0.532031 0.102083 0.017188
8 0.383333 0.592187 0.075000 0.106250
8 0.476042 0.664062 0.039583 0.050000
8 0.481250 0.682813 0.041667 0.037500
8 0.313542 0.729688 0.052083 0.015625
8 0.312500 0.777344 0.133333 0.085938
8 0.738542 0.895312 0.289583 0.100000
8 0.489583 0.892188 0.050000 0.037500
8 0.370833 0.894531 0.045833 0.020313