1 0.316667 0.284375 0.300000 0.209375
1 0.039583 0.874219 0.050000 0.229687
1 0.239583 0.897656 0.362500 0.182812
2 0.805208 0.726562 0.368750 0.525000
3 0.502083 0.505469 0.975000 0.604688
3 0.508333 0.816406 0.208333 0.073438
3 0.442708 0.867969 0.064583 0.039062
5 0.625000 0.833594 0.025000 0.035937
5 0.491667 0.848437 0.170833 0.056250
5 0.573958 0.922656 0.239583 0.132812
7 0.158333 0.572656 0.033333 0.029687
7 0.225000 0.589063 0.054167 0.034375
7 0.108333 0.710156 0.070833 0.023438
8 0.151042 0.059375 0.277083 0.096875
8 0.673958 0.081250 0.635417 0.140625
8 0.106250 0.344531 0.183333 0.339062
8 0.528125 0.346094 0.164583 0.317188
8 0.381250 0.328906 0.062500 0.023438
8 0.382292 0.356250 0.064583 0.025000
8 0.434375 0.414844 0.077083 0.051562
8 0.610417 0.783594 0.112500 0.032813
8 0.537500 0.859375 0.300000 0.100000
8 0.400000 0.973437 0.091667 0.028125