1 0.395833 0.114844 0.454167 0.195312
1 0.127083 0.786719 0.220833 0.398438
1 0.446875 0.864844 0.660417 0.057813
2 0.822917 0.750000 0.325000 0.312500
3 0.185417 0.104688 0.345833 0.181250
3 0.778125 0.335938 0.422917 0.643750
3 0.159375 0.391406 0.289583 0.382812
3 0.677083 0.928906 0.229167 0.110937
3 0.243750 0.930469 0.270833 0.073438
3 0.819792 0.947656 0.335417 0.085938
5 0.638542 0.678125 0.185417 0.068750
5 0.740625 0.788281 0.122917 0.085938
7 0.694792 0.321875 0.068750 0.212500
7 0.425000 0.240625 0.058333 0.012500
7 0.356250 0.269531 0.058333 0.029687
7 0.426042 0.267969 0.056250 0.029687
7 0.629167 0.442969 0.033333 0.167187
7 0.396875 0.684375 0.143750 0.143750
7 0.052083 0.933594 0.062500 0.095312
8 0.837500 0.091406 0.137500 0.154688
8 0.717708 0.060937 0.064583 0.090625
8 0.660417 0.100781 0.095833 0.085938
8 0.770833 0.117188 0.095833 0.040625
8 0.628125 0.188281 0.214583 0.064062
8 0.467708 0.329688 0.118750 0.056250
8 0.443750 0.403125 0.162500 0.075000
8 0.502083 0.626563 0.033333 0.050000
8 0.273958 0.646094 0.060417 0.014063
8 0.280208 0.700781 0.039583 0.020313
8 0.268750 0.760938 0.066667 0.028125
8 0.568750 0.811719 0.262500 0.064062
8 0.482292 0.915625 0.077083 0.043750