1 0.116667 0.198437 0.208333 0.368750
1 0.173958 0.098437 0.068750 0.059375
1 0.335417 0.097656 0.195833 0.035937
1 0.188542 0.314844 0.068750 0.045312
1 0.391667 0.403125 0.737500 0.031250
1 0.236458 0.578125 0.443750 0.156250
1 0.079167 0.741406 0.129167 0.170313
2 0.809375 0.303906 0.364583 0.357812
3 0.797917 0.070312 0.383333 0.112500
3 0.618750 0.075000 0.112500 0.118750
3 0.552083 0.276562 0.141667 0.075000
3 0.750000 0.703906 0.479167 0.567187
3 0.204167 0.474219 0.358333 0.104688
3 0.290625 0.819531 0.543750 0.339062
5 0.618750 0.186719 0.241667 0.123438
5 0.733333 0.335938 0.137500 0.093750
7 0.320833 0.045312 0.187500 0.062500
7 0.329167 0.191406 0.183333 0.176563
7 0.114583 0.141406 0.020833 0.051562
7 0.185417 0.207031 0.050000 0.029687
7 0.332292 0.332813 0.181250 0.065625
7 0.089583 0.642188 0.145833 0.168750
7 0.340625 0.611719 0.181250 0.042188
7 0.308333 0.853125 0.083333 0.043750
7 0.218750 0.915625 0.091667 0.150000
7 0.507292 0.928125 0.085417 0.115625
7 0.350000 0.938281 0.237500 0.104688
8 0.480208 0.166406 0.127083 0.301563
8 0.171875 0.059375 0.068750 0.075000
8 0.531250 0.352344 0.291667 0.060937
8 0.408333 0.478125 0.179167 0.121875
8 0.595833 0.602344 0.350000 0.176563
8 0.678125 0.833594 0.377083 0.307812
8 0.852083 0.879687 0.216667 0.212500
8 0.458333 0.802344 0.087500 0.032813
8 0.308333 0.809375 0.083333 0.034375