1 0.401042 0.247656 0.114583 0.029687
1 0.355208 0.278125 0.114583 0.021875
1 0.239583 0.486719 0.029167 0.367188
1 0.168750 0.946875 0.112500 0.084375
1 0.063542 0.950000 0.102083 0.078125
2 0.841667 0.609375 0.295833 0.546875
3 0.814583 0.189844 0.341667 0.354687
3 0.860417 0.185156 0.254167 0.304688
3 0.770833 0.868750 0.362500 0.240625
3 0.170833 0.840625 0.312500 0.125000
3 0.901042 0.942187 0.172917 0.093750
5 0.513542 0.043750 0.035417 0.056250
5 0.589583 0.100781 0.112500 0.129688
5 0.705208 0.316406 0.306250 0.126562
5 0.679167 0.469531 0.279167 0.135937
5 0.864583 0.632812 0.195833 0.128125
6 0.561458 0.278906 0.072917 0.448437
7 0.384375 0.118750 0.277083 0.212500
7 0.350000 0.350000 0.162500 0.078125
7 0.354167 0.508594 0.200000 0.160938
7 0.350000 0.655469 0.187500 0.073438
7 0.494792 0.973437 0.431250 0.028125
8 0.541667 0.444531 0.070833 0.089063
8 0.477083 0.439844 0.041667 0.054688
8 0.178125 0.453125 0.081250 0.021875
8 0.185417 0.522656 0.058333 0.035937
8 0.179167 0.600000 0.091667 0.037500
8 0.586458 0.662500 0.368750 0.084375
8 0.450000 0.842187 0.241667 0.131250