1 0.193750 0.601562 0.245833 0.284375
1 0.275000 0.917969 0.162500 0.142187
2 0.834375 0.079687 0.310417 0.131250
2 0.820833 0.714063 0.333333 0.421875
3 0.566667 0.675781 0.512500 0.623437
3 0.106250 0.495312 0.179167 0.184375
3 0.102083 0.862500 0.175000 0.253125
3 0.868750 0.910937 0.241667 0.159375
6 0.527083 0.190625 0.470833 0.350000
7 0.343750 0.051562 0.037500 0.071875
7 0.162500 0.085938 0.079167 0.053125
7 0.129167 0.250781 0.112500 0.042188
8 0.692708 0.328125 0.593750 0.587500
8 0.304167 0.069531 0.037500 0.029687
8 0.297917 0.092969 0.033333 0.020313
8 0.272917 0.469531 0.095833 0.114062
8 0.050000 0.625000 0.066667 0.259375
8 0.332292 0.599219 0.064583 0.198437
8 0.325000 0.717969 0.100000 0.023438
8 0.275000 0.787500 0.225000 0.115625
8 0.322917 0.943750 0.145833 0.090625