1 0.197917 0.082031 0.345833 0.142187
3 0.807292 0.501563 0.364583 0.975000
3 0.578125 0.374219 0.181250 0.626563
3 0.642708 0.549219 0.022917 0.035937
3 0.655208 0.809375 0.068750 0.018750
3 0.698958 0.933594 0.110417 0.098437
5 0.376042 0.071094 0.139583 0.110937
5 0.401042 0.200781 0.052083 0.120313
5 0.331250 0.267188 0.066667 0.087500
5 0.401042 0.371875 0.089583 0.103125
5 0.322917 0.477344 0.054167 0.082812
5 0.364583 0.588281 0.058333 0.095312
6 0.406250 0.125000 0.041667 0.046875
6 0.390625 0.246094 0.064583 0.182812
7 0.150000 0.054688 0.112500 0.087500
7 0.194792 0.393750 0.352083 0.543750
7 0.658333 0.333594 0.083333 0.082812
7 0.135417 0.617188 0.125000 0.062500
7 0.154167 0.828906 0.279167 0.323437
8 0.531250 0.062500 0.325000 0.100000
8 0.807292 0.039844 0.181250 0.048438
8 0.961458 0.089063 0.052083 0.143750
8 0.769792 0.150000 0.222917 0.140625
8 0.490625 0.192188 0.118750 0.215625
8 0.211458 0.125781 0.035417 0.026562
8 0.247917 0.132031 0.029167 0.017188
8 0.761458 0.292969 0.131250 0.132812
8 0.513542 0.381250 0.110417 0.100000
8 0.753125 0.509375 0.397917 0.275000
8 0.691667 0.406250 0.129167 0.050000
8 0.410417 0.478125 0.158333 0.056250
8 0.467708 0.585938 0.139583 0.131250
8 0.289583 0.645312 0.070833 0.100000
8 0.311458 0.670312 0.056250 0.090625
8 0.754167 0.714844 0.062500 0.132812
8 0.881250 0.771094 0.195833 0.245312
8 0.129167 0.685937 0.075000 0.028125
8 0.593750 0.838281 0.679167 0.301563