1 0.352083 0.193750 0.666667 0.362500
1 0.303125 0.837500 0.122917 0.290625
2 0.917708 0.050781 0.143750 0.073438
2 0.836458 0.448437 0.302083 0.706250
2 0.796875 0.801562 0.039583 0.031250
2 0.825000 0.814063 0.050000 0.034375
2 0.798958 0.856250 0.014583 0.043750
2 0.792708 0.952344 0.022917 0.073438
3 0.417708 0.525000 0.739583 0.312500
3 0.579167 0.832812 0.362500 0.312500
3 0.127083 0.840625 0.216667 0.290625
3 0.547917 0.869531 0.116667 0.232813
3 0.623958 0.785156 0.097917 0.042188
3 0.606250 0.827344 0.116667 0.110937
3 0.744792 0.796875 0.060417 0.037500
3 0.733333 0.828125 0.087500 0.093750
3 0.696875 0.905469 0.156250 0.145313
5 0.669792 0.132031 0.639583 0.235937
5 0.715625 0.860156 0.552083 0.260937
7 0.258333 0.035156 0.104167 0.042188
7 0.110417 0.061719 0.120833 0.073438
7 0.255208 0.109375 0.110417 0.071875
7 0.131250 0.164062 0.091667 0.090625
7 0.255208 0.198437 0.106250 0.065625
7 0.308333 0.310937 0.195833 0.115625
7 0.553125 0.350000 0.043750 0.018750
8 0.551042 0.033594 0.102083 0.042188
8 0.367708 0.312500 0.185417 0.090625
8 0.205208 0.586719 0.222917 0.142187
8 0.367708 0.589844 0.102083 0.095312
8 0.489583 0.621875 0.100000 0.093750
8 0.359375 0.777344 0.102083 0.073438
8 0.369792 0.883594 0.081250 0.067187