1 0.222917 0.214844 0.416667 0.314063
1 0.389583 0.797656 0.108333 0.376563
2 0.885417 0.707031 0.212500 0.479687
3 0.723958 0.497656 0.531250 0.973437
3 0.704167 0.464062 0.287500 0.075000
3 0.645833 0.740625 0.304167 0.496875
3 0.181250 0.786719 0.333333 0.282813
7 0.044792 0.082812 0.064583 0.109375
7 0.318750 0.172656 0.154167 0.135937
7 0.084375 0.214844 0.143750 0.067187
7 0.600000 0.331250 0.083333 0.196875
7 0.420833 0.283594 0.075000 0.079687
7 0.527083 0.279687 0.087500 0.053125
7 0.155208 0.495312 0.277083 0.265625
7 0.337500 0.396094 0.066667 0.039062
7 0.435417 0.516406 0.033333 0.014063
7 0.321875 0.593750 0.068750 0.040625
7 0.128125 0.960938 0.227083 0.059375
8 0.433333 0.169531 0.183333 0.179688
8 0.655208 0.096875 0.064583 0.037500
8 0.602083 0.194531 0.108333 0.026562
8 0.484375 0.318750 0.110417 0.037500
8 0.453125 0.374219 0.102083 0.048438
8 0.847917 0.427344 0.287500 0.085938
8 0.448958 0.421094 0.089583 0.026562
8 0.355208 0.439063 0.035417 0.015625
8 0.465625 0.469531 0.081250 0.045312
8 0.354167 0.466406 0.025000 0.023438
8 0.352083 0.516406 0.029167 0.029687
8 0.334375 0.545312 0.047917 0.021875
8 0.436458 0.577344 0.114583 0.085938
8 0.456250 0.646094 0.062500 0.060937
8 0.469792 0.692969 0.039583 0.032813
8 0.459375 0.719531 0.035417 0.017188
8 0.279167 0.956250 0.091667 0.059375
8 0.439583 0.959375 0.037500 0.037500