1 0.168750 0.437500 0.308333 0.853125
2 0.788542 0.790625 0.402083 0.396875
3 0.428125 0.501563 0.235417 0.971875
3 0.101042 0.315625 0.172917 0.512500
3 0.526042 0.187500 0.214583 0.187500
3 0.754167 0.463281 0.470833 0.507812
3 0.095833 0.690625 0.158333 0.237500
3 0.287500 0.708594 0.050000 0.245312
5 0.553125 0.096094 0.297917 0.160938
5 0.753125 0.154688 0.464583 0.278125
7 0.269792 0.245312 0.118750 0.087500
7 0.283333 0.635938 0.020833 0.109375
7 0.243750 0.617188 0.058333 0.050000
8 0.117708 0.377344 0.118750 0.120313
8 0.378125 0.475781 0.252083 0.267188
8 0.515625 0.859375 0.256250 0.253125