1 0.141667 0.049219 0.254167 0.070312
1 0.148958 0.146094 0.272917 0.157812
1 0.184375 0.607031 0.339583 0.229687
2 0.805208 0.225000 0.372917 0.428125
2 0.806250 0.819531 0.366667 0.339062
3 0.342708 0.164844 0.064583 0.307812
3 0.498958 0.228125 0.310417 0.431250
3 0.704167 0.499219 0.575000 0.707812
3 0.342708 0.701562 0.652083 0.571875
5 0.276042 0.129688 0.035417 0.062500
7 0.273958 0.081250 0.156250 0.131250
7 0.098958 0.114844 0.156250 0.057813
7 0.183333 0.291406 0.337500 0.176563
7 0.188542 0.433594 0.335417 0.110937
8 0.483333 0.398438 0.233333 0.396875
8 0.289583 0.272656 0.091667 0.082812
8 0.315625 0.471094 0.147917 0.060937
8 0.339583 0.547656 0.108333 0.048438
8 0.271875 0.813281 0.143750 0.142187
8 0.100000 0.829688 0.158333 0.150000