1 0.194792 0.188281 0.356250 0.354687
1 0.211458 0.628125 0.393750 0.290625
1 0.162500 0.837500 0.295833 0.215625
1 0.368750 0.932813 0.045833 0.112500
2 0.855208 0.064062 0.272917 0.106250
2 0.870833 0.746875 0.241667 0.484375
3 0.377083 0.292187 0.100000 0.553125
3 0.510417 0.564063 0.254167 0.853125
3 0.722917 0.567187 0.537500 0.840625
3 0.408333 0.548438 0.020833 0.053125
3 0.325000 0.693750 0.020833 0.162500
3 0.198958 0.934375 0.289583 0.112500
7 0.092708 0.159375 0.114583 0.040625
7 0.175000 0.210938 0.120833 0.043750
7 0.081250 0.596094 0.133333 0.029687
7 0.167708 0.677344 0.302083 0.107813
7 0.405208 0.801562 0.035417 0.175000
7 0.352083 0.782813 0.075000 0.015625
7 0.131250 0.833594 0.120833 0.104688
7 0.298958 0.835938 0.185417 0.037500
7 0.356250 0.864062 0.070833 0.018750
8 0.622917 0.052344 0.325000 0.079687
8 0.372917 0.144531 0.041667 0.154688
8 0.348958 0.335938 0.018750 0.043750
8 0.237500 0.335156 0.041667 0.020313
8 0.497917 0.385937 0.045833 0.106250
8 0.309375 0.367969 0.060417 0.029687
8 0.432292 0.487500 0.118750 0.221875
8 0.308333 0.400781 0.054167 0.023438
8 0.318750 0.590625 0.045833 0.025000
8 0.403125 0.949219 0.035417 0.051562