1 0.316667 0.259375 0.325000 0.490625
1 0.336458 0.449219 0.060417 0.026562
1 0.227083 0.866406 0.141667 0.245312
2 0.771875 0.723437 0.439583 0.531250
3 0.670833 0.346875 0.637500 0.671875
3 0.082292 0.210938 0.139583 0.393750
3 0.757292 0.342187 0.464583 0.246875
3 0.085417 0.503906 0.137500 0.198437
3 0.685417 0.567187 0.566667 0.231250
3 0.277083 0.601562 0.045833 0.071875
3 0.319792 0.602344 0.068750 0.060937
3 0.465625 0.831250 0.364583 0.312500
3 0.083333 0.850781 0.137500 0.279687
7 0.198958 0.677344 0.043750 0.017188
8 0.354167 0.249219 0.287500 0.376563
8 0.281250 0.448437 0.058333 0.021875
8 0.304167 0.518750 0.216667 0.112500
8 0.243750 0.716406 0.120833 0.029687
8 0.254167 0.813281 0.116667 0.164062
8 0.405208 0.967187 0.106250 0.040625