1 0.173958 0.721094 0.097917 0.057813
1 0.211458 0.875000 0.335417 0.225000
2 0.700000 0.290625 0.112500 0.118750
2 0.670833 0.470313 0.041667 0.068750
2 0.775000 0.500781 0.133333 0.092188
2 0.698958 0.629687 0.147917 0.028125
2 0.691667 0.679688 0.145833 0.034375
2 0.694792 0.746875 0.168750 0.043750
2 0.877083 0.859375 0.220833 0.159375
2 0.558333 0.912500 0.095833 0.100000
2 0.880208 0.964844 0.218750 0.048438
5 0.556250 0.462500 0.458333 0.209375
5 0.318750 0.548438 0.141667 0.084375
5 0.754167 0.689063 0.470833 0.359375
5 0.304167 0.721875 0.137500 0.087500
5 0.797917 0.812500 0.087500 0.018750
5 0.717708 0.906250 0.518750 0.168750
6 0.883333 0.209375 0.212500 0.253125
6 0.881250 0.470313 0.216667 0.175000
6 0.463542 0.746094 0.202083 0.485938
7 0.268750 0.448437 0.504167 0.425000
7 0.165625 0.819531 0.272917 0.239063
8 0.459375 0.269531 0.397917 0.151562
8 0.668750 0.335156 0.637500 0.242188
8 0.965625 0.485938 0.047917 0.150000
8 0.396875 0.575781 0.131250 0.032813
8 0.405208 0.621094 0.135417 0.045312
8 0.389583 0.643750 0.083333 0.021875