1 0.259375 0.123438 0.185417 0.215625
1 0.147917 0.407813 0.125000 0.346875
2 0.768750 0.025000 0.125000 0.021875
2 0.698958 0.066406 0.197917 0.060937
2 0.677083 0.141406 0.225000 0.029687
2 0.716667 0.610156 0.550000 0.757812
2 0.488542 0.261719 0.097917 0.048438
3 0.054167 0.415625 0.070833 0.331250
3 0.185417 0.475000 0.058333 0.056250
3 0.401042 0.728125 0.243750 0.353125
5 0.717708 0.125781 0.547917 0.229687
5 0.633333 0.189062 0.112500 0.012500
5 0.526042 0.329688 0.647917 0.196875
5 0.242708 0.355469 0.068750 0.010937
5 0.451042 0.615625 0.289583 0.165625
6 0.405208 0.156250 0.177083 0.281250
7 0.146875 0.133594 0.256250 0.239063
7 0.046875 0.671094 0.060417 0.057813
7 0.129167 0.692969 0.087500 0.095312
7 0.139583 0.796094 0.108333 0.079687
7 0.045833 0.825000 0.054167 0.043750
8 0.159375 0.311719 0.072917 0.032813
8 0.186458 0.542188 0.093750 0.031250
8 0.567708 0.771094 0.143750 0.101562
8 0.253125 0.769531 0.081250 0.023438
8 0.247917 0.814063 0.116667 0.025000
8 0.559375 0.856250 0.189583 0.100000
8 0.223958 0.909375 0.068750 0.021875