2 0.927083 0.500000 0.129167 0.978125
3 0.101042 0.123438 0.177083 0.225000
3 0.689583 0.224219 0.412500 0.423438
3 0.412500 0.503125 0.200000 0.975000
3 0.757292 0.573438 0.314583 0.250000
3 0.766667 0.793750 0.308333 0.190625
3 0.109375 0.850781 0.189583 0.279687
3 0.566667 0.808594 0.079167 0.185938
3 0.840625 0.928906 0.177083 0.117188
3 0.684375 0.942969 0.118750 0.092188
3 0.575000 0.948438 0.070833 0.081250
7 0.206250 0.480469 0.379167 0.467187
7 0.426042 0.357031 0.064583 0.185938
7 0.428125 0.543750 0.068750 0.165625
7 0.335417 0.783594 0.141667 0.126562
8 0.326042 0.034375 0.110417 0.037500
8 0.341667 0.075000 0.091667 0.050000
8 0.300000 0.203125 0.129167 0.175000
8 0.413542 0.147656 0.077083 0.060937
8 0.385417 0.273438 0.083333 0.050000
8 0.341667 0.375000 0.095833 0.075000
8 0.326042 0.497656 0.089583 0.020313
8 0.317708 0.545312 0.047917 0.053125
8 0.368750 0.709375 0.066667 0.109375
8 0.319792 0.890625 0.189583 0.081250
8 0.404167 0.952344 0.095833 0.070312