1 0.287500 0.196875 0.183333 0.368750
1 0.196875 0.546094 0.364583 0.307812
2 0.784375 0.371875 0.414583 0.718750
2 0.872917 0.864062 0.237500 0.246875
3 0.143750 0.275000 0.262500 0.521875
3 0.675000 0.496875 0.616667 0.959375
3 0.358333 0.485156 0.054167 0.089063
3 0.139583 0.840625 0.245833 0.300000
7 0.264583 0.018750 0.037500 0.015625
7 0.394792 0.546094 0.014583 0.070312
7 0.192708 0.625000 0.252083 0.156250
7 0.369792 0.644531 0.031250 0.014063
8 0.168750 0.116406 0.062500 0.210938
8 0.360417 0.151562 0.104167 0.187500
8 0.347917 0.232813 0.066667 0.012500
8 0.365625 0.280469 0.031250 0.020313
8 0.332292 0.282031 0.035417 0.020313
8 0.338542 0.357812 0.072917 0.037500
8 0.531250 0.606250 0.041667 0.096875
8 0.364583 0.693750 0.041667 0.012500
8 0.368750 0.732031 0.095833 0.048438
8 0.370833 0.788281 0.083333 0.064062
8 0.408333 0.873437 0.087500 0.065625
8 0.402083 0.947656 0.083333 0.045312