1 0.096875 0.048438 0.156250 0.068750
1 0.350000 0.058594 0.325000 0.089063
1 0.082292 0.132812 0.127083 0.112500
1 0.084375 0.292187 0.135417 0.225000
1 0.380208 0.664062 0.731250 0.471875
1 0.761458 0.487500 0.031250 0.040625
2 0.712500 0.599219 0.558333 0.782813
3 0.693750 0.064844 0.587500 0.098437
3 0.623958 0.128125 0.210417 0.156250
3 0.801042 0.168750 0.381250 0.162500
3 0.035417 0.603906 0.041667 0.264062
3 0.429167 0.603125 0.700000 0.259375
3 0.441667 0.897656 0.091667 0.182812
3 0.612500 0.862500 0.375000 0.103125
3 0.485417 0.882812 0.104167 0.075000
3 0.588542 0.880469 0.168750 0.073438
3 0.118750 0.944531 0.212500 0.092188
3 0.682292 0.953125 0.427083 0.075000
5 0.777083 0.827344 0.170833 0.142187
6 0.475000 0.248438 0.187500 0.140625
7 0.302083 0.212500 0.166667 0.115625
7 0.159375 0.204687 0.122917 0.025000
7 0.157292 0.232813 0.156250 0.028125
7 0.170833 0.255469 0.137500 0.023438
7 0.258333 0.286719 0.050000 0.029687
7 0.314583 0.375781 0.233333 0.089063
8 0.540625 0.621094 0.035417 0.173437
8 0.220833 0.791406 0.050000 0.020313
8 0.351042 0.875000 0.118750 0.059375
8 0.357292 0.950000 0.097917 0.078125