1 0.441667 0.202344 0.850000 0.364063
1 0.286458 0.760938 0.539583 0.453125
1 0.309375 0.604688 0.368750 0.071875
2 0.766667 0.731250 0.450000 0.334375
3 0.280208 0.092188 0.531250 0.153125
3 0.921875 0.292187 0.135417 0.218750
3 0.088542 0.439844 0.143750 0.164062
3 0.741667 0.591406 0.483333 0.107813
3 0.635417 0.915625 0.266667 0.146875
3 0.132292 0.935937 0.197917 0.109375
5 0.555208 0.800000 0.252083 0.081250
5 0.448958 0.943750 0.072917 0.075000
7 0.380208 0.737500 0.289583 0.081250
7 0.066667 0.764062 0.037500 0.062500
7 0.286458 0.936719 0.122917 0.107813
8 0.856250 0.085938 0.270833 0.146875
8 0.531250 0.462500 0.916667 0.184375
8 0.517708 0.575000 0.022917 0.059375
8 0.819792 0.882031 0.314583 0.129688
8 0.873958 0.962500 0.210417 0.056250
8 0.471875 0.966406 0.081250 0.042188
8 0.521875 0.966406 0.022917 0.042188