1 0.305208 0.232813 0.577083 0.440625
1 0.615625 0.036719 0.206250 0.048438
1 0.193750 0.928125 0.358333 0.125000
2 0.901042 0.256250 0.168750 0.203125
2 0.597917 0.340625 0.120833 0.196875
2 0.871875 0.419531 0.097917 0.089063
2 0.635417 0.582812 0.245833 0.393750
2 0.959375 0.485156 0.060417 0.076563
2 0.983333 0.613281 0.008333 0.085938
2 0.854167 0.610156 0.087500 0.067187
2 0.885417 0.735156 0.204167 0.154688
2 0.855208 0.910156 0.272917 0.148438
3 0.677083 0.939063 0.616667 0.100000
3 0.416667 0.960938 0.112500 0.056250
3 0.113542 0.967187 0.193750 0.046875
5 0.704167 0.265625 0.575000 0.509375
5 0.388542 0.530469 0.064583 0.054688
5 0.678125 0.778906 0.618750 0.267188
6 0.733333 0.503125 0.516667 0.565625
7 0.140625 0.075000 0.252083 0.121875
7 0.233333 0.577344 0.437500 0.610938
8 0.623958 0.431250 0.043750 0.093750
8 0.544792 0.407031 0.047917 0.039062
8 0.487500 0.517969 0.137500 0.098437
8 0.418750 0.600781 0.216667 0.120313
8 0.323958 0.978125 0.127083 0.021875