1 0.460417 0.122656 0.891667 0.214062
1 0.273958 0.602344 0.518750 0.776563
2 0.865625 0.239844 0.252083 0.267188
2 0.938542 0.424219 0.102083 0.067187
2 0.542708 0.429688 0.035417 0.071875
2 0.562500 0.550781 0.062500 0.176563
2 0.919792 0.541406 0.139583 0.092188
2 0.523958 0.632031 0.043750 0.107813
2 0.708333 0.586719 0.075000 0.017188
2 0.836458 0.766406 0.302083 0.301563
3 0.714583 0.869531 0.554167 0.235937
3 0.500000 0.873437 0.158333 0.225000
3 0.214583 0.888281 0.195833 0.201563
5 0.660417 0.249219 0.466667 0.192188
5 0.698958 0.522656 0.581250 0.454688
5 0.440625 0.509375 0.077083 0.081250
6 0.523958 0.392188 0.035417 0.118750
6 0.614583 0.547656 0.254167 0.292187
7 0.175000 0.106250 0.316667 0.171875
7 0.268750 0.510156 0.433333 0.423438
7 0.029167 0.390625 0.025000 0.043750
7 0.027083 0.451562 0.020833 0.068750
7 0.023958 0.542188 0.014583 0.109375
8 0.518750 0.446094 0.020833 0.032813
8 0.544792 0.485938 0.022917 0.053125
8 0.436458 0.565625 0.147917 0.062500
8 0.382292 0.796875 0.077083 0.031250
8 0.372917 0.884375 0.091667 0.103125
8 0.466667 0.918750 0.104167 0.140625