1 0.223958 0.200000 0.418750 0.087500
1 0.715625 0.587500 0.552083 0.809375
1 0.061458 0.545312 0.093750 0.656250
1 0.482292 0.232031 0.081250 0.020313
1 0.305208 0.788281 0.472917 0.176563
2 0.545833 0.774219 0.058333 0.132812
3 0.502083 0.114062 0.975000 0.200000
3 0.627083 0.592969 0.216667 0.795312
3 0.309375 0.493750 0.427083 0.434375
3 0.295833 0.921875 0.562500 0.134375
5 0.821875 0.342969 0.322917 0.392188
5 0.470833 0.668750 0.162500 0.109375
5 0.878125 0.798438 0.214583 0.365625
7 0.063542 0.056250 0.085417 0.081250
7 0.455208 0.112500 0.072917 0.056250
7 0.261458 0.284375 0.193750 0.084375
7 0.135417 0.314844 0.170833 0.045312
7 0.390625 0.307031 0.027083 0.023438
7 0.044792 0.450000 0.035417 0.025000
7 0.057292 0.578125 0.035417 0.021875
7 0.078125 0.621875 0.035417 0.040625
7 0.037500 0.789062 0.020833 0.034375
8 0.319792 0.081250 0.068750 0.062500
8 0.422917 0.229687 0.250000 0.112500
8 0.121875 0.245312 0.131250 0.028125
8 0.465625 0.550781 0.139583 0.185938
8 0.266667 0.660937 0.066667 0.084375
8 0.354167 0.658594 0.100000 0.076563
8 0.365625 0.786719 0.056250 0.020313
8 0.622917 0.890625 0.112500 0.187500