1 0.111458 0.216406 0.189583 0.407813
1 0.431250 0.033594 0.075000 0.032813
1 0.284375 0.179688 0.314583 0.240625
2 0.848958 0.546094 0.285417 0.323437
3 0.463542 0.157812 0.064583 0.284375
3 0.510417 0.166406 0.133333 0.301563
3 0.504167 0.566406 0.975000 0.851562
3 0.936458 0.424219 0.110417 0.154688
3 0.472917 0.369531 0.037500 0.014063
3 0.668750 0.853906 0.120833 0.267188
5 0.544792 0.327344 0.177083 0.095312
5 0.662500 0.327344 0.179167 0.082812
5 0.584375 0.416406 0.277083 0.073438
6 0.835417 0.856250 0.304167 0.265625
7 0.282292 0.071094 0.385417 0.114062
7 0.317708 0.141406 0.114583 0.032813
7 0.063542 0.170313 0.031250 0.046875
7 0.040625 0.228125 0.014583 0.034375
7 0.082292 0.405469 0.047917 0.029687
7 0.405208 0.934375 0.227083 0.109375
8 0.770833 0.212500 0.441667 0.396875
8 0.428125 0.053125 0.077083 0.043750
8 0.539583 0.796875 0.212500 0.093750
8 0.916667 0.832812 0.141667 0.121875
8 0.245833 0.812500 0.108333 0.071875
8 0.254167 0.878906 0.079167 0.054688
8 0.556250 0.908594 0.200000 0.085938
8 0.792708 0.900781 0.035417 0.035937
8 0.263542 0.929688 0.039583 0.031250
8 0.566667 0.957812 0.054167 0.021875