1 0.101042 0.332031 0.168750 0.635938
2 0.810417 0.342969 0.350000 0.570312
2 0.910417 0.482812 0.100000 0.034375
2 0.781250 0.517188 0.054167 0.034375
2 0.806250 0.557813 0.070833 0.034375
2 0.872917 0.587500 0.108333 0.040625
3 0.366667 0.478906 0.700000 0.932813
3 0.880208 0.091406 0.222917 0.154688
3 0.630208 0.668750 0.243750 0.271875
3 0.761458 0.672656 0.456250 0.264062
5 0.806250 0.540625 0.341667 0.165625
7 0.919792 0.053125 0.127083 0.078125
7 0.354167 0.048438 0.137500 0.056250
7 0.064583 0.453125 0.020833 0.037500
7 0.526042 0.600781 0.022917 0.089063
8 0.696875 0.096094 0.110417 0.073438
8 0.927083 0.150000 0.095833 0.059375
8 0.532292 0.189844 0.106250 0.135937
8 0.659375 0.195312 0.172917 0.134375
8 0.504167 0.793750 0.975000 0.381250
8 0.260417 0.670312 0.179167 0.087500