1 0.319792 0.271094 0.602083 0.520312
1 0.037500 0.109375 0.045833 0.190625
1 0.504167 0.282031 0.137500 0.139063
1 0.567708 0.357031 0.035417 0.023438
1 0.229167 0.571094 0.429167 0.235937
1 0.223958 0.789844 0.418750 0.264062
2 0.735417 0.296875 0.508333 0.571875
2 0.528125 0.026562 0.027083 0.028125
2 0.506250 0.550781 0.191667 0.167187
3 0.712500 0.718750 0.550000 0.396875
3 0.846875 0.645312 0.285417 0.121875
3 0.307292 0.645312 0.264583 0.068750
3 0.563542 0.972656 0.156250 0.026562
3 0.742708 0.971094 0.089583 0.023438
5 0.512500 0.228125 0.304167 0.175000
6 0.508333 0.304688 0.250000 0.196875
7 0.294792 0.527344 0.281250 0.117188
8 0.520833 0.689844 0.187500 0.273438
8 0.652083 0.682813 0.083333 0.118750
8 0.636458 0.782031 0.043750 0.057813
8 0.245833 0.807813 0.066667 0.059375
8 0.195833 0.899219 0.362500 0.179688