1 0.223958 0.089063 0.397917 0.056250
1 0.728125 0.313281 0.460417 0.351562
1 0.220833 0.211719 0.400000 0.079687
1 0.214583 0.284375 0.391667 0.065625
1 0.127083 0.416406 0.220833 0.220312
1 0.152083 0.600000 0.245833 0.131250
1 0.315625 0.826562 0.114583 0.328125
2 0.822917 0.071875 0.337500 0.115625
2 0.794792 0.496875 0.385417 0.684375
3 0.472917 0.102344 0.050000 0.123438
3 0.501042 0.253906 0.035417 0.067187
3 0.445833 0.604688 0.116667 0.253125
3 0.687500 0.737500 0.600000 0.503125
3 0.137500 0.821875 0.245833 0.334375
3 0.377083 0.850781 0.033333 0.151562
5 0.761458 0.120313 0.460417 0.209375
7 0.218750 0.150781 0.400000 0.132812
7 0.147917 0.351562 0.216667 0.078125
7 0.048958 0.528906 0.064583 0.023438
7 0.219792 0.613281 0.335417 0.104688
8 0.265625 0.049219 0.222917 0.070312
8 0.460417 0.261719 0.158333 0.492188
8 0.577083 0.064062 0.070833 0.093750
8 0.313542 0.160156 0.081250 0.045312
8 0.254167 0.229687 0.054167 0.021875
8 0.308333 0.426563 0.216667 0.300000
8 0.378125 0.529687 0.064583 0.037500
8 0.337500 0.742969 0.075000 0.092188
8 0.356250 0.895312 0.037500 0.040625
8 0.557292 0.936719 0.268750 0.104688
8 0.366667 0.950000 0.041667 0.037500