1 0.205208 0.500000 0.381250 0.971875
1 0.145833 0.807031 0.158333 0.139063
2 0.821875 0.288281 0.335417 0.414062
3 0.136458 0.348438 0.247917 0.668750
3 0.698958 0.378125 0.585417 0.731250
3 0.681250 0.688281 0.616667 0.604688
3 0.325000 0.433594 0.062500 0.048438
3 0.458333 0.899219 0.108333 0.176563
7 0.618750 0.592187 0.108333 0.084375
7 0.611458 0.764062 0.097917 0.215625
7 0.255208 0.804688 0.302083 0.156250
7 0.561458 0.832031 0.202083 0.204687
8 0.348958 0.038281 0.089583 0.045312
8 0.475000 0.045312 0.050000 0.059375
8 0.382292 0.205469 0.060417 0.042188
8 0.392708 0.399219 0.139583 0.304688
8 0.086458 0.485156 0.143750 0.154688
8 0.318750 0.476562 0.066667 0.050000
8 0.614583 0.726562 0.608333 0.356250
8 0.334375 0.765625 0.122917 0.068750
8 0.728125 0.867188 0.435417 0.240625
8 0.559375 0.815625 0.056250 0.034375
8 0.293750 0.917188 0.404167 0.146875