1 0.325000 0.539062 0.620833 0.068750
1 0.323958 0.693750 0.614583 0.165625
1 0.353125 0.879687 0.147917 0.212500
2 0.651042 0.645312 0.060417 0.065625
3 0.764583 0.330469 0.454167 0.639062
3 0.602083 0.407031 0.120833 0.320312
3 0.527083 0.833594 0.104167 0.310937
3 0.743750 0.835938 0.495833 0.309375
3 0.143750 0.873437 0.258333 0.234375
7 0.613542 0.326562 0.252083 0.356250
7 0.253125 0.242969 0.477083 0.176563
7 0.298958 0.535156 0.047917 0.017188
8 0.598958 0.054688 0.143750 0.078125
8 0.458333 0.253125 0.158333 0.106250
8 0.747917 0.303906 0.070833 0.067187
8 0.684375 0.318750 0.064583 0.062500
8 0.541667 0.346094 0.066667 0.092188
8 0.748958 0.357812 0.064583 0.034375
8 0.744792 0.399219 0.072917 0.032813
8 0.734375 0.446094 0.081250 0.035937
8 0.837500 0.642969 0.300000 0.407813
8 0.713542 0.495312 0.081250 0.059375
8 0.690625 0.542969 0.072917 0.029687
8 0.670833 0.575000 0.075000 0.031250
8 0.293750 0.635156 0.033333 0.017188
8 0.471875 0.762500 0.081250 0.171875
8 0.463542 0.906250 0.147917 0.162500
8 0.404167 0.842969 0.037500 0.023438