1 0.318750 0.247656 0.366667 0.460938
1 0.233333 0.760156 0.437500 0.332813
2 0.735417 0.726562 0.512500 0.528125
3 0.101042 0.232813 0.172917 0.437500
3 0.433333 0.326562 0.833333 0.625000
3 0.878125 0.085938 0.210417 0.140625
3 0.775000 0.284375 0.420833 0.275000
3 0.734375 0.482031 0.510417 0.114062
3 0.601042 0.584375 0.372917 0.090625
3 0.405208 0.717187 0.143750 0.071875
3 0.135417 0.846094 0.237500 0.285938
3 0.534375 0.866406 0.427083 0.245312
3 0.412500 0.782031 0.141667 0.060937
3 0.331250 0.917969 0.037500 0.067187
7 0.312500 0.332813 0.170833 0.046875
7 0.475000 0.421094 0.058333 0.095312
7 0.292708 0.975000 0.060417 0.028125
8 0.436458 0.246875 0.227083 0.250000
8 0.343750 0.413281 0.183333 0.132812
8 0.313542 0.510938 0.139583 0.090625
8 0.463542 0.647656 0.027083 0.029687
8 0.471875 0.695312 0.022917 0.040625
8 0.289583 0.795312 0.091667 0.200000
8 0.288542 0.925000 0.047917 0.050000
8 0.737500 0.973437 0.129167 0.031250
8 0.350000 0.974219 0.033333 0.026562