1 0.093750 0.263281 0.083333 0.223438
1 0.148958 0.630469 0.264583 0.026562
1 0.228125 0.742969 0.422917 0.185938
2 0.758333 0.373437 0.450000 0.700000
3 0.448958 0.069531 0.768750 0.114062
3 0.207292 0.110156 0.202083 0.076563
3 0.446875 0.130469 0.052083 0.045312
3 0.407292 0.130469 0.031250 0.042188
3 0.462500 0.175781 0.145833 0.132812
3 0.455208 0.289062 0.139583 0.100000
3 0.427083 0.337500 0.041667 0.153125
3 0.578125 0.341406 0.264583 0.157812
3 0.212500 0.461719 0.187500 0.145313
3 0.412500 0.590625 0.045833 0.212500
3 0.506250 0.647656 0.195833 0.145313
5 0.566667 0.438281 0.275000 0.120313
5 0.786458 0.821875 0.410417 0.337500
5 0.525000 0.777344 0.204167 0.185938
6 0.746875 0.877344 0.327083 0.229687
7 0.392708 0.353906 0.052083 0.048438
7 0.245833 0.689844 0.150000 0.064062
8 0.107292 0.467187 0.047917 0.018750
8 0.539583 0.548438 0.233333 0.118750
8 0.137500 0.566406 0.245833 0.092188