1 0.514583 0.271094 0.204167 0.517188
1 0.585417 0.244531 0.016667 0.035937
3 0.756250 0.500781 0.454167 0.973437
3 0.638542 0.092188 0.156250 0.153125
3 0.214583 0.782031 0.395833 0.414062
7 0.213542 0.265625 0.389583 0.503125
7 0.667708 0.260937 0.085417 0.209375
7 0.579167 0.231250 0.120833 0.078125
8 0.204167 0.246875 0.370833 0.215625
8 0.576042 0.167187 0.114583 0.034375
8 0.279167 0.426563 0.216667 0.125000
8 0.491667 0.466406 0.141667 0.114062
8 0.515625 0.604688 0.118750 0.062500
8 0.488542 0.708594 0.122917 0.135937
8 0.475000 0.875000 0.145833 0.081250