1 0.353125 0.288281 0.677083 0.554688
1 0.131250 0.660156 0.229167 0.176563
1 0.443750 0.780469 0.333333 0.414062
1 0.120833 0.910937 0.212500 0.156250
3 0.784375 0.502344 0.418750 0.976562
3 0.859375 0.160156 0.260417 0.292187
3 0.222917 0.171094 0.416667 0.276562
3 0.217708 0.414844 0.389583 0.223438
8 0.637500 0.067187 0.137500 0.096875
8 0.590625 0.139063 0.152083 0.068750
8 0.562500 0.192969 0.116667 0.092188
8 0.520833 0.280469 0.158333 0.126562
8 0.493750 0.359375 0.058333 0.028125
8 0.505208 0.415625 0.168750 0.090625
8 0.497917 0.477344 0.054167 0.023438
8 0.515625 0.514062 0.039583 0.015625
8 0.520833 0.600781 0.166667 0.067187
8 0.151042 0.779687 0.268750 0.421875
8 0.611458 0.785156 0.185417 0.410938