1 0.116667 0.398438 0.204167 0.775000
1 0.507292 0.060937 0.089583 0.090625
1 0.458333 0.185938 0.116667 0.143750
1 0.348958 0.816406 0.664583 0.107813
2 0.818750 0.228125 0.341667 0.362500
2 0.664583 0.731250 0.283333 0.225000
3 0.546875 0.181250 0.164583 0.331250
3 0.806250 0.053906 0.370833 0.076563
3 0.745833 0.123438 0.354167 0.137500
3 0.263542 0.210938 0.297917 0.165625
3 0.671875 0.228125 0.310417 0.131250
3 0.600000 0.318750 0.241667 0.090625
3 0.514583 0.485156 0.125000 0.264062
3 0.259375 0.632031 0.147917 0.089063
3 0.726042 0.807813 0.514583 0.362500
3 0.521875 0.715625 0.189583 0.115625
3 0.228125 0.692969 0.214583 0.042188
3 0.876042 0.882031 0.222917 0.207813
7 0.296875 0.085938 0.210417 0.125000
7 0.537500 0.124219 0.020833 0.120313
7 0.480208 0.135937 0.089583 0.059375
7 0.513542 0.180469 0.018750 0.089063
7 0.066667 0.467187 0.104167 0.346875
7 0.157292 0.732031 0.056250 0.026562
7 0.233333 0.734375 0.058333 0.028125
7 0.302083 0.735938 0.054167 0.031250
8 0.467708 0.210938 0.081250 0.037500
8 0.455208 0.267188 0.039583 0.012500
8 0.404167 0.360938 0.108333 0.040625
8 0.503125 0.371875 0.102083 0.034375
8 0.765625 0.497656 0.452083 0.267188
8 0.336458 0.434375 0.043750 0.084375
8 0.189583 0.512500 0.075000 0.162500
8 0.498958 0.501563 0.047917 0.140625
8 0.412500 0.544531 0.083333 0.089063
8 0.952083 0.724219 0.070833 0.114062
8 0.826042 0.837500 0.327083 0.300000
8 0.397917 0.715625 0.058333 0.025000
8 0.210417 0.927344 0.162500 0.082812