1 0.045833 0.223438 0.062500 0.418750
1 0.309375 0.238281 0.564583 0.448437
1 0.230208 0.525000 0.402083 0.121875
2 0.796875 0.557031 0.385417 0.389062
3 0.738542 0.282813 0.506250 0.543750
3 0.403125 0.432031 0.506250 0.076563
3 0.614583 0.528125 0.308333 0.115625
3 0.557292 0.739844 0.252083 0.495312
3 0.743750 0.789062 0.483333 0.400000
7 0.373958 0.299219 0.422917 0.123438
7 0.502083 0.713281 0.054167 0.148438
7 0.541667 0.828125 0.045833 0.175000
7 0.153125 0.867188 0.272917 0.243750
7 0.345833 0.876563 0.062500 0.225000
7 0.432292 0.830469 0.139583 0.064062
8 0.075000 0.146094 0.104167 0.270313
8 0.570833 0.167969 0.220833 0.289062
8 0.393750 0.153906 0.145833 0.076563
8 0.385417 0.605469 0.104167 0.042188
8 0.432292 0.653125 0.047917 0.031250
8 0.352083 0.679688 0.041667 0.028125
8 0.493750 0.947656 0.158333 0.045312