1 0.351042 0.446094 0.677083 0.864062
1 0.502083 0.921094 0.979167 0.139063
2 0.817708 0.500781 0.347917 0.817187
3 0.546875 0.042969 0.060417 0.054688
3 0.780208 0.853906 0.418750 0.270313
4 0.784375 0.157031 0.414583 0.292187
7 0.333333 0.127344 0.441667 0.220312
7 0.264583 0.325000 0.250000 0.109375
7 0.267708 0.446094 0.243750 0.092188
7 0.312500 0.694531 0.529167 0.267188
7 0.640625 0.877344 0.314583 0.101562
7 0.876042 0.922656 0.214583 0.098437
7 0.669792 0.956250 0.114583 0.065625
8 0.632292 0.281250 0.172917 0.159375
8 0.646875 0.419531 0.181250 0.170313
8 0.684375 0.593750 0.106250 0.109375
8 0.361458 0.820312 0.285417 0.187500
8 0.840625 0.842969 0.081250 0.107813