1 0.501042 0.128906 0.972917 0.235937
1 0.188542 0.366406 0.347917 0.173437
1 0.271875 0.464062 0.514583 0.056250
1 0.302083 0.632812 0.575000 0.031250
1 0.303125 0.819531 0.577083 0.339062
2 0.784375 0.571094 0.406250 0.664062
2 0.522917 0.599219 0.041667 0.035937
3 0.408333 0.572656 0.183333 0.089063
4 0.616667 0.866406 0.745833 0.248438
4 0.381250 0.983594 0.066667 0.007812
5 0.610417 0.470313 0.566667 0.306250
7 0.153125 0.041406 0.281250 0.060937
7 0.551042 0.067187 0.185417 0.103125
7 0.875000 0.060156 0.087500 0.029687
7 0.362500 0.226562 0.691667 0.159375
7 0.159375 0.364844 0.285417 0.117188
7 0.273958 0.503125 0.518750 0.062500
7 0.105208 0.896094 0.181250 0.189062
8 0.896875 0.225781 0.189583 0.189062
8 0.210417 0.546094 0.116667 0.045312
8 0.366667 0.881250 0.200000 0.212500