1 0.339583 0.504687 0.650000 0.781250
1 0.270833 0.904687 0.512500 0.084375
2 0.810417 0.525000 0.358333 0.312500
2 0.746875 0.848437 0.489583 0.281250
2 0.601042 0.797656 0.039583 0.051562
3 0.635417 0.360938 0.345833 0.325000
4 0.503125 0.269531 0.977083 0.510938
4 0.901042 0.689844 0.177083 0.107813
5 0.627083 0.722656 0.391667 0.251563
7 0.362500 0.207031 0.291667 0.107813
7 0.195833 0.302344 0.141667 0.104688
7 0.200000 0.400781 0.133333 0.089063
7 0.203125 0.484375 0.122917 0.078125
7 0.207292 0.554688 0.114583 0.065625
7 0.252083 0.729688 0.100000 0.028125
7 0.251042 0.782031 0.089583 0.064062
7 0.292708 0.962500 0.452083 0.056250
8 0.566667 0.089063 0.304167 0.146875
8 0.456250 0.281250 0.116667 0.034375
8 0.454167 0.320312 0.083333 0.040625
8 0.438542 0.405469 0.097917 0.057813
8 0.430208 0.442188 0.081250 0.025000
8 0.244792 0.610156 0.027083 0.023438
8 0.246875 0.686719 0.035417 0.014063