1 0.260417 0.077344 0.491667 0.129688
1 0.311458 0.474219 0.597917 0.767188
1 0.492708 0.918750 0.956250 0.115625
2 0.801042 0.578125 0.381250 0.762500
3 0.530208 0.078125 0.056250 0.121875
3 0.483333 0.254688 0.033333 0.168750
3 0.530208 0.442969 0.231250 0.217188
3 0.698958 0.753125 0.456250 0.331250
4 0.769792 0.207031 0.443750 0.392188
7 0.228125 0.046875 0.264583 0.065625
7 0.437500 0.058594 0.116667 0.035937
7 0.296875 0.231250 0.339583 0.150000
7 0.355208 0.429688 0.118750 0.025000
7 0.194792 0.442969 0.064583 0.048438
7 0.263542 0.449219 0.068750 0.057813
7 0.140625 0.440625 0.043750 0.037500
7 0.370833 0.525781 0.058333 0.020313
7 0.276042 0.703125 0.385417 0.181250
7 0.198958 0.930469 0.368750 0.120313
8 0.305208 0.374219 0.077083 0.045312
8 0.402083 0.380469 0.058333 0.042188
8 0.415625 0.514062 0.031250 0.056250
8 0.563542 0.834375 0.102083 0.165625
8 0.419792 0.801562 0.202083 0.084375