1 0.117708 0.098437 0.206250 0.168750
1 0.390625 0.107031 0.335417 0.185938
1 0.696875 0.117969 0.477083 0.207813
1 0.466667 0.046875 0.108333 0.028125
1 0.453125 0.082031 0.077083 0.057813
1 0.396875 0.742969 0.760417 0.495312
2 0.883333 0.703125 0.212500 0.568750
3 0.259375 0.114062 0.152083 0.206250
3 0.511458 0.117969 0.135417 0.210938
3 0.559375 0.132812 0.139583 0.087500
4 0.686458 0.924219 0.414583 0.129688
4 0.445833 0.929688 0.075000 0.118750
5 0.825000 0.282031 0.333333 0.535937
6 0.767708 0.701562 0.210417 0.318750
7 0.366667 0.175000 0.066667 0.025000
7 0.407292 0.382031 0.785417 0.257812
7 0.216667 0.771875 0.333333 0.190625
7 0.581250 0.861719 0.275000 0.085938
7 0.796875 0.866406 0.018750 0.029687
7 0.269792 0.932031 0.127083 0.095312
8 0.433333 0.072656 0.208333 0.114062
8 0.389583 0.135156 0.133333 0.051562
8 0.428125 0.189844 0.052083 0.064062
8 0.223958 0.387500 0.060417 0.096875
8 0.400000 0.387500 0.058333 0.040625
8 0.247917 0.586719 0.158333 0.107813
8 0.701042 0.589063 0.064583 0.062500
8 0.640625 0.759375 0.068750 0.078125
8 0.542708 0.945312 0.143750 0.084375