1 0.332292 0.167969 0.639583 0.307812
1 0.242708 0.865625 0.456250 0.184375
2 0.768750 0.486719 0.445833 0.948438
3 0.408333 0.256250 0.137500 0.121875
3 0.377083 0.852344 0.120833 0.139063
4 0.463542 0.568750 0.797917 0.818750
7 0.256250 0.218750 0.200000 0.087500
7 0.169792 0.538281 0.310417 0.467187
7 0.225000 0.822656 0.195833 0.089063
8 0.541667 0.167187 0.083333 0.050000
8 0.321875 0.296094 0.047917 0.051562
8 0.313542 0.517969 0.131250 0.298438
8 0.321875 0.705469 0.114583 0.098437
8 0.332292 0.820312 0.031250 0.053125
8 0.294792 0.869531 0.077083 0.042188