1 0.279167 0.036719 0.116667 0.045312
1 0.253125 0.151562 0.139583 0.165625
1 0.276042 0.650000 0.518750 0.678125
2 0.766667 0.264844 0.450000 0.507812
4 0.657292 0.732812 0.668750 0.515625
5 0.651042 0.164062 0.352083 0.296875
6 0.486458 0.246094 0.372917 0.460938
6 0.609375 0.044531 0.189583 0.057813
6 0.667708 0.117188 0.056250 0.056250
7 0.100000 0.250000 0.170833 0.471875
7 0.229167 0.059375 0.245833 0.090625
7 0.298958 0.196875 0.089583 0.096875
7 0.047917 0.902344 0.066667 0.173437
8 0.229167 0.277344 0.220833 0.114062
8 0.630208 0.384375 0.152083 0.090625
8 0.279167 0.375781 0.154167 0.064062
8 0.339583 0.656250 0.158333 0.271875