1 0.502083 0.501563 0.975000 0.975000
2 0.800000 0.644531 0.375000 0.689063
3 0.516667 0.736719 0.258333 0.192188
3 0.147917 0.882031 0.054167 0.220312
4 0.533333 0.890625 0.387500 0.193750
5 0.567708 0.432031 0.477083 0.426563
7 0.138542 0.084375 0.247917 0.084375
7 0.045833 0.116406 0.066667 0.057813
8 0.896875 0.307031 0.177083 0.201563
8 0.558333 0.291406 0.137500 0.129688
8 0.528125 0.528906 0.043750 0.089063
8 0.551042 0.645312 0.160417 0.078125
8 0.252083 0.778906 0.075000 0.032813
8 0.098958 0.811719 0.106250 0.023438
8 0.293750 0.835156 0.112500 0.039062
8 0.096875 0.836719 0.106250 0.020313
8 0.275000 0.914062 0.158333 0.146875
8 0.114583 0.851562 0.058333 0.012500
8 0.105208 0.878125 0.060417 0.012500
8 0.092708 0.897656 0.097917 0.017188
8 0.090625 0.912500 0.093750 0.018750
8 0.097917 0.928906 0.087500 0.023438
8 0.101042 0.958594 0.068750 0.023438