1 0.345833 0.153906 0.658333 0.279687
1 0.239583 0.776563 0.450000 0.425000
2 0.803125 0.512500 0.372917 0.628125
2 0.823958 0.778125 0.139583 0.125000
2 0.886458 0.869531 0.202083 0.054688
2 0.912500 0.946094 0.154167 0.089063
3 0.260417 0.105469 0.066667 0.182812
3 0.360417 0.410938 0.691667 0.300000
4 0.778125 0.181250 0.427083 0.334375
5 0.735417 0.803125 0.504167 0.225000
6 0.694792 0.722656 0.589583 0.532813
7 0.130208 0.089844 0.235417 0.151562
7 0.270833 0.592187 0.104167 0.043750
8 0.656250 0.147656 0.100000 0.095312
8 0.046875 0.364063 0.064583 0.150000
8 0.337500 0.312500 0.079167 0.034375
8 0.190625 0.378906 0.143750 0.139063
8 0.353125 0.427344 0.047917 0.048438
8 0.384375 0.564844 0.060417 0.017188
8 0.373958 0.588281 0.093750 0.020313
8 0.102083 0.750000 0.179167 0.306250
8 0.412500 0.739062 0.091667 0.131250
8 0.130208 0.971875 0.072917 0.037500
8 0.419792 0.971094 0.135417 0.035937