1 0.212500 0.173437 0.391667 0.318750
1 0.769792 0.057031 0.443750 0.085938
1 0.671875 0.067187 0.635417 0.103125
1 0.094792 0.532813 0.160417 0.371875
1 0.185417 0.911719 0.341667 0.157812
2 0.805208 0.399219 0.368750 0.620313
2 0.916667 0.889062 0.150000 0.203125
3 0.573958 0.211719 0.427083 0.354687
3 0.314583 0.855469 0.041667 0.070312
4 0.501042 0.646094 0.972917 0.682813
5 0.782292 0.957031 0.356250 0.064062
7 0.264583 0.192188 0.266667 0.118750
7 0.198958 0.836719 0.056250 0.020313
7 0.089583 0.982031 0.150000 0.017188
8 0.409375 0.108594 0.068750 0.104688
8 0.382292 0.156250 0.039583 0.025000
8 0.358333 0.271094 0.050000 0.039062
8 0.303125 0.472656 0.239583 0.167187
8 0.317708 0.614844 0.210417 0.251563
8 0.258333 0.526563 0.033333 0.040625
8 0.197917 0.601562 0.062500 0.128125
8 0.188542 0.703125 0.056250 0.071875
8 0.290625 0.853906 0.027083 0.042188