1 0.504167 0.502344 0.975000 0.976562
2 0.859375 0.150000 0.260417 0.271875
2 0.880208 0.574219 0.222917 0.348438
3 0.502083 0.359375 0.070833 0.065625
3 0.622917 0.443750 0.304167 0.234375
3 0.071875 0.664844 0.110417 0.367188
3 0.758333 0.852344 0.458333 0.226562
4 0.720833 0.161719 0.441667 0.289062
5 0.889583 0.365625 0.204167 0.212500
5 0.691667 0.657813 0.533333 0.300000
7 0.159375 0.271875 0.247917 0.434375
8 0.812500 0.359375 0.291667 0.162500
8 0.508333 0.380469 0.091667 0.107813
8 0.491667 0.463281 0.133333 0.051562
8 0.601042 0.487500 0.039583 0.084375
8 0.494792 0.517188 0.114583 0.062500
8 0.896875 0.760938 0.172917 0.021875
8 0.748958 0.766406 0.168750 0.020313
8 0.570833 0.835938 0.137500 0.143750
8 0.872917 0.849219 0.166667 0.114062
8 0.710417 0.866406 0.066667 0.082812