1 0.371875 0.476562 0.714583 0.925000
1 0.253125 0.949219 0.477083 0.082812
2 0.845833 0.292969 0.291667 0.557813
3 0.639583 0.268750 0.262500 0.184375
3 0.440625 0.812500 0.060417 0.090625
4 0.606250 0.657813 0.770833 0.662500
4 0.627083 0.625781 0.070833 0.042188
6 0.463542 0.952344 0.118750 0.073438
7 0.475000 0.238281 0.083333 0.070312
7 0.098958 0.495312 0.168750 0.428125
7 0.326042 0.727344 0.077083 0.035937
7 0.408333 0.754687 0.041667 0.025000
8 0.660417 0.262500 0.087500 0.096875
8 0.717708 0.275781 0.043750 0.089063
8 0.522917 0.300781 0.029167 0.029687
8 0.637500 0.323437 0.070833 0.040625
8 0.551042 0.607812 0.447917 0.484375
8 0.350000 0.753906 0.066667 0.017188
8 0.389583 0.797656 0.054167 0.020313
8 0.380208 0.972656 0.081250 0.032813