1 0.282292 0.123438 0.535417 0.218750
1 0.212500 0.639062 0.391667 0.703125
2 0.757292 0.333594 0.464583 0.635938
2 0.811458 0.843750 0.360417 0.293750
4 0.666667 0.606250 0.645833 0.715625
4 0.255208 0.796875 0.139583 0.365625
5 0.358333 0.969531 0.237500 0.042188
7 0.066667 0.800781 0.104167 0.379688
8 0.311458 0.094531 0.189583 0.164062
8 0.508333 0.105469 0.258333 0.185938
8 0.283333 0.225781 0.433333 0.092188
8 0.435417 0.435156 0.104167 0.273438
8 0.347917 0.524219 0.050000 0.045312
8 0.368750 0.763281 0.145833 0.364063