1 0.506250 0.154688 0.183333 0.278125
1 0.231250 0.628906 0.433333 0.504687
1 0.178125 0.853906 0.264583 0.270313
2 0.819792 0.488281 0.327083 0.589063
2 0.911458 0.941406 0.160417 0.098437
3 0.213542 0.774219 0.393750 0.432812
3 0.316667 0.960938 0.012500 0.046875
4 0.694792 0.651563 0.589583 0.675000
7 0.213542 0.200000 0.397917 0.375000
8 0.509375 0.053125 0.068750 0.081250
8 0.560417 0.062500 0.050000 0.100000
8 0.607292 0.163281 0.314583 0.301563
8 0.831250 0.142187 0.316667 0.259375
8 0.494792 0.344531 0.239583 0.123438
8 0.373958 0.583594 0.035417 0.029687
8 0.378125 0.622656 0.035417 0.039062
8 0.373958 0.744531 0.093750 0.204687
8 0.293750 0.758594 0.025000 0.020313
8 0.372917 0.867188 0.100000 0.090625
8 0.381250 0.937500 0.133333 0.103125