1 0.091667 0.295312 0.145833 0.425000
1 0.505208 0.828906 0.972917 0.320312
2 0.753125 0.383594 0.481250 0.739062
3 0.125000 0.060156 0.212500 0.092188
3 0.272917 0.482812 0.191667 0.046875
3 0.268750 0.592969 0.500000 0.164062
4 0.712500 0.259375 0.525000 0.490625
4 0.595833 0.263281 0.629167 0.495312
7 0.534375 0.696875 0.160417 0.068750
8 0.253125 0.092188 0.110417 0.143750
8 0.148958 0.150000 0.031250 0.025000
8 0.242708 0.193750 0.089583 0.090625
8 0.227083 0.258594 0.091667 0.057813
8 0.233333 0.285156 0.087500 0.039062
8 0.225000 0.385156 0.120833 0.157812
8 0.276042 0.604688 0.068750 0.018750