1 0.501042 0.776563 0.972917 0.231250
2 0.886458 0.557031 0.197917 0.398438
3 0.075000 0.060937 0.120833 0.096875
3 0.306250 0.076563 0.333333 0.128125
3 0.421875 0.388281 0.810417 0.392188
4 0.503125 0.203906 0.977083 0.379688
7 0.435417 0.445312 0.175000 0.093750
7 0.170833 0.522656 0.308333 0.164062
7 0.170833 0.759375 0.312500 0.075000
7 0.504167 0.932031 0.975000 0.114062
8 0.266667 0.074219 0.316667 0.126562
8 0.540625 0.076563 0.147917 0.128125
8 0.268750 0.236719 0.291667 0.132812
8 0.551042 0.269531 0.172917 0.151562
8 0.129167 0.326562 0.220833 0.025000
8 0.405208 0.346875 0.035417 0.021875
8 0.664583 0.417187 0.054167 0.040625
8 0.708333 0.488281 0.066667 0.076563
8 0.780208 0.502344 0.060417 0.095312
8 0.538542 0.489844 0.047917 0.060937
8 0.518750 0.557813 0.091667 0.059375
8 0.836458 0.682813 0.202083 0.118750