1 0.243750 0.403125 0.454167 0.278125
1 0.352083 0.763281 0.679167 0.445312
1 0.262500 0.567969 0.066667 0.048438
1 0.715625 0.910156 0.072917 0.145313
1 0.633333 0.912500 0.100000 0.140625
2 0.918750 0.169531 0.141667 0.310937
2 0.842708 0.858594 0.297917 0.260937
3 0.325000 0.126562 0.620833 0.215625
3 0.594792 0.906250 0.281250 0.165625
4 0.504167 0.396094 0.970833 0.767188
7 0.229167 0.046094 0.429167 0.064062
7 0.442708 0.253125 0.143750 0.050000
7 0.323958 0.872656 0.172917 0.107813
7 0.116667 0.939063 0.204167 0.103125
8 0.593750 0.199219 0.083333 0.179688
8 0.243750 0.235156 0.037500 0.014063
8 0.388542 0.296094 0.102083 0.067187
8 0.162500 0.342187 0.208333 0.103125
8 0.401042 0.469531 0.135417 0.195312
8 0.156250 0.560937 0.283333 0.162500
8 0.420833 0.591406 0.170833 0.089063
8 0.394792 0.615625 0.047917 0.037500
8 0.432292 0.714063 0.147917 0.087500
8 0.158333 0.708594 0.270833 0.060937
8 0.581250 0.814063 0.058333 0.043750
8 0.445833 0.848437 0.041667 0.059375
8 0.637500 0.909375 0.079167 0.128125