1 0.257292 0.202344 0.489583 0.376563
2 0.761458 0.208594 0.460417 0.389062
2 0.629167 0.179688 0.045833 0.053125
3 0.327083 0.688281 0.620833 0.604688
4 0.621875 0.087500 0.243750 0.143750
5 0.513542 0.216406 0.422917 0.307812
5 0.646875 0.677344 0.039583 0.076563
6 0.804167 0.603125 0.375000 0.768750
6 0.757292 0.705469 0.243750 0.135937
6 0.783333 0.785156 0.179167 0.104688
7 0.192708 0.362500 0.293750 0.078125
7 0.361458 0.623437 0.097917 0.068750
7 0.628125 0.849219 0.227083 0.195312
7 0.864583 0.830469 0.237500 0.160938
7 0.333333 0.862500 0.112500 0.118750
8 0.439583 0.199219 0.133333 0.164062
8 0.061458 0.493750 0.093750 0.178125
8 0.172917 0.503906 0.095833 0.160938
8 0.388542 0.514844 0.043750 0.107813
8 0.726042 0.695312 0.389583 0.400000
8 0.332292 0.747656 0.064583 0.079687
8 0.137500 0.900781 0.091667 0.179688
8 0.822917 0.899219 0.129167 0.110937
8 0.325000 0.954688 0.137500 0.059375