1 0.319792 0.310156 0.610417 0.592187
1 0.217708 0.593750 0.227083 0.065625
1 0.239583 0.708594 0.445833 0.089063
1 0.239583 0.865625 0.450000 0.246875
2 0.803125 0.500000 0.377083 0.978125
3 0.390625 0.576562 0.072917 0.103125
4 0.567708 0.494531 0.722917 0.642188
5 0.540625 0.875000 0.468750 0.228125
5 0.382292 0.935937 0.256250 0.109375
7 0.087500 0.315625 0.141667 0.206250
7 0.154167 0.545312 0.112500 0.084375
7 0.276042 0.553906 0.122917 0.057813
7 0.202083 0.714844 0.270833 0.060937
7 0.214583 0.933594 0.137500 0.114062
8 0.627083 0.104688 0.129167 0.115625
8 0.364583 0.367188 0.162500 0.275000
8 0.447917 0.471875 0.033333 0.062500
8 0.357292 0.598437 0.031250 0.056250
8 0.307292 0.599219 0.039583 0.035937
8 0.221875 0.653906 0.414583 0.101562
8 0.409375 0.868750 0.118750 0.143750