1 0.254167 0.137500 0.483333 0.253125
1 0.233333 0.542188 0.433333 0.243750
1 0.129167 0.721094 0.225000 0.098437
2 0.720833 0.627344 0.541667 0.723437
2 0.513542 0.585156 0.031250 0.039062
3 0.453125 0.075000 0.089583 0.125000
3 0.376042 0.887500 0.718750 0.206250
4 0.743750 0.233594 0.495833 0.445312
5 0.394792 0.299219 0.206250 0.079687
5 0.552083 0.508594 0.458333 0.223438
7 0.386458 0.044531 0.064583 0.057813
7 0.181250 0.131250 0.337500 0.190625
7 0.139583 0.584375 0.245833 0.168750
8 0.515625 0.039062 0.039583 0.046875
8 0.422917 0.057031 0.029167 0.067187
8 0.230208 0.375781 0.427083 0.157812
8 0.405208 0.353125 0.202083 0.109375
8 0.332292 0.498437 0.118750 0.084375
8 0.540625 0.550781 0.043750 0.035937
8 0.483333 0.709375 0.170833 0.109375
8 0.709375 0.734375 0.156250 0.162500
8 0.323958 0.717969 0.168750 0.095312
8 0.269792 0.792188 0.272917 0.034375
8 0.114583 0.819531 0.087500 0.023438
8 0.281250 0.825000 0.075000 0.025000
8 0.231250 0.871094 0.095833 0.079687
8 0.037500 0.896094 0.037500 0.035937
8 0.291667 0.949219 0.050000 0.082812
8 0.211458 0.949219 0.064583 0.076563