1 0.345833 0.532031 0.662500 0.917188
2 0.920833 0.293750 0.137500 0.356250
3 0.790625 0.236719 0.285417 0.220312
3 0.534375 0.755469 0.035417 0.057813
4 0.488542 0.467187 0.272917 0.368750
4 0.762500 0.647656 0.454167 0.682813
6 0.913542 0.063281 0.152083 0.098437
7 0.457292 0.078125 0.885417 0.128125
7 0.529167 0.197656 0.312500 0.123438
7 0.650000 0.249219 0.066667 0.039062
7 0.410417 0.717187 0.170833 0.075000
7 0.316667 0.918750 0.516667 0.131250
7 0.279167 0.978125 0.416667 0.021875
8 0.681250 0.164844 0.029167 0.039062
8 0.642708 0.282031 0.039583 0.023438
8 0.505208 0.414062 0.222917 0.190625
8 0.493750 0.590625 0.200000 0.184375
8 0.508333 0.725000 0.050000 0.078125