1 0.423958 0.085938 0.818750 0.143750
1 0.266667 0.698438 0.495833 0.118750
1 0.191667 0.875781 0.354167 0.229687
2 0.880208 0.494531 0.222917 0.960938
2 0.869792 0.237500 0.102083 0.100000
2 0.940625 0.868750 0.102083 0.243750
3 0.723958 0.934375 0.318750 0.112500
4 0.729167 0.620313 0.450000 0.593750
4 0.385417 0.753906 0.058333 0.026562
4 0.470833 0.925000 0.195833 0.075000
5 0.773958 0.182812 0.360417 0.256250
7 0.280208 0.372656 0.527083 0.551562
7 0.488542 0.969531 0.222917 0.042188
8 0.427083 0.791406 0.300000 0.223438
8 0.743750 0.943750 0.095833 0.075000