1 0.315625 0.097656 0.597917 0.167187
1 0.171875 0.496875 0.310417 0.256250
1 0.383333 0.802344 0.737500 0.373437
2 0.801042 0.122656 0.381250 0.217188
2 0.866667 0.727344 0.250000 0.526563
3 0.559375 0.079687 0.264583 0.134375
4 0.661458 0.572656 0.660417 0.814063
7 0.085417 0.310937 0.141667 0.290625
7 0.119792 0.886719 0.210417 0.207813
8 0.414583 0.037500 0.070833 0.050000
8 0.614583 0.045312 0.075000 0.059375
8 0.459375 0.040625 0.031250 0.015625
8 0.457292 0.089063 0.039583 0.078125
8 0.405208 0.094531 0.064583 0.064062
8 0.598958 0.096875 0.064583 0.053125
8 0.278125 0.376563 0.247917 0.421875