1 0.331250 0.180469 0.629167 0.310937
1 0.103125 0.633594 0.168750 0.154688
2 0.797917 0.395313 0.387500 0.768750
3 0.451042 0.382812 0.493750 0.143750
3 0.065625 0.383594 0.097917 0.126562
3 0.503125 0.662500 0.972917 0.656250
3 0.506250 0.962500 0.033333 0.040625
7 0.376042 0.124219 0.697917 0.220312
7 0.168750 0.355469 0.075000 0.035937
7 0.215625 0.843750 0.402083 0.293750
7 0.336458 0.928906 0.327083 0.123438
8 0.126042 0.408594 0.222917 0.151562
8 0.442708 0.397656 0.160417 0.123438
8 0.307292 0.400000 0.147917 0.118750
8 0.569792 0.400000 0.164583 0.106250
8 0.317708 0.625000 0.285417 0.240625
8 0.452083 0.807031 0.108333 0.148438
8 0.511458 0.929688 0.052083 0.056250
8 0.544792 0.974219 0.060417 0.029687