1 0.452083 0.502344 0.875000 0.976562
1 0.362500 0.358594 0.470833 0.635938
1 0.277083 0.703906 0.304167 0.057813
2 0.946875 0.074219 0.089583 0.120313
2 0.909375 0.249219 0.160417 0.370312
2 0.946875 0.468750 0.081250 0.103125
2 0.881250 0.921875 0.216667 0.134375
3 0.743750 0.217188 0.262500 0.196875
4 0.436458 0.433594 0.168750 0.376563
4 0.704167 0.634375 0.575000 0.709375
7 0.697917 0.046094 0.479167 0.064062
7 0.594792 0.144531 0.156250 0.070312
7 0.278125 0.339062 0.102083 0.062500
7 0.269792 0.475781 0.089583 0.057813
8 0.634375 0.187500 0.060417 0.031250
8 0.922917 0.307812 0.116667 0.240625
8 0.560417 0.334375 0.166667 0.234375
8 0.469792 0.500000 0.072917 0.134375
8 0.445833 0.643750 0.050000 0.159375