1 0.220833 0.475000 0.408333 0.403125
1 0.260417 0.835156 0.491667 0.310937
2 0.866667 0.321875 0.245833 0.612500
2 0.963542 0.957031 0.052083 0.064062
3 0.456250 0.170313 0.870833 0.312500
4 0.645833 0.645312 0.687500 0.681250
4 0.350000 0.585156 0.120833 0.129688
8 0.581250 0.084375 0.091667 0.059375
8 0.304167 0.077344 0.108333 0.029687
8 0.309375 0.171094 0.081250 0.054688
8 0.594792 0.168750 0.014583 0.037500
8 0.562500 0.210938 0.033333 0.025000
8 0.323958 0.224219 0.056250 0.048438
8 0.566667 0.238281 0.041667 0.026562
8 0.417708 0.513281 0.239583 0.360938