1 0.484375 0.485156 0.943750 0.942187
2 0.948958 0.585156 0.081250 0.270313
2 0.957292 0.814844 0.064583 0.129688
3 0.582292 0.064062 0.052083 0.096875
3 0.808333 0.651563 0.362500 0.253125
4 0.783333 0.276562 0.408333 0.531250
7 0.428125 0.076563 0.102083 0.084375
7 0.517708 0.610156 0.235417 0.092188
7 0.619792 0.667969 0.072917 0.039062
7 0.618750 0.732812 0.095833 0.084375
7 0.837500 0.889844 0.070833 0.054688
8 0.531250 0.054688 0.112500 0.084375
8 0.567708 0.326562 0.197917 0.440625
8 0.656250 0.605469 0.037500 0.120313