1 0.502083 0.083594 0.975000 0.139063
1 0.357292 0.357812 0.685417 0.090625
1 0.386458 0.664844 0.739583 0.410938
1 0.202083 0.937500 0.341667 0.103125
1 0.425000 0.923438 0.066667 0.068750
1 0.408333 0.960156 0.033333 0.051562
2 0.871875 0.749219 0.231250 0.320312
3 0.777083 0.380469 0.425000 0.457813
3 0.696875 0.737500 0.264583 0.196875
3 0.573958 0.700000 0.018750 0.031250
4 0.502083 0.913281 0.975000 0.154688
7 0.489583 0.202344 0.954167 0.285938
7 0.313542 0.426563 0.593750 0.078125
7 0.462500 0.750000 0.283333 0.178125
8 0.760417 0.392188 0.104167 0.187500
8 0.818750 0.381250 0.020833 0.128125
8 0.846875 0.483594 0.122917 0.060937
8 0.555208 0.527344 0.139583 0.139063
8 0.562500 0.682813 0.100000 0.087500