1 0.352083 0.334375 0.670833 0.093750
1 0.342708 0.439844 0.652083 0.167187
1 0.340625 0.620313 0.647917 0.112500
1 0.303125 0.688281 0.577083 0.035937
1 0.702083 0.867188 0.125000 0.056250
2 0.843750 0.493750 0.291667 0.959375
3 0.647917 0.488281 0.220833 0.154688
5 0.682292 0.235937 0.306250 0.218750
5 0.742708 0.703906 0.372917 0.285938
7 0.434375 0.162500 0.839583 0.300000
7 0.091667 0.187500 0.154167 0.209375
7 0.117708 0.511719 0.206250 0.195312
7 0.375000 0.514844 0.295833 0.182812
7 0.434375 0.813281 0.331250 0.189062
7 0.140625 0.824219 0.256250 0.189062
7 0.464583 0.942187 0.900000 0.093750
8 0.541667 0.491406 0.029167 0.029687
8 0.535417 0.529687 0.058333 0.025000
8 0.626042 0.720313 0.127083 0.112500