1 0.465625 0.164062 0.902083 0.300000
1 0.256250 0.377344 0.479167 0.192188
1 0.288542 0.732812 0.547917 0.512500
2 0.737500 0.540625 0.508333 0.896875
3 0.452083 0.778906 0.266667 0.367188
4 0.659375 0.850781 0.493750 0.276562
7 0.271875 0.359375 0.447917 0.059375
7 0.264583 0.460156 0.454167 0.089063
7 0.220833 0.651563 0.316667 0.112500
7 0.190625 0.844531 0.302083 0.101562
8 0.577083 0.167187 0.554167 0.237500
8 0.513542 0.298438 0.264583 0.128125
8 0.381250 0.686719 0.025000 0.060937
8 0.348958 0.846094 0.039583 0.073438
8 0.323958 0.917188 0.047917 0.053125