1 0.394792 0.380469 0.760417 0.739062
1 0.736458 0.141406 0.118750 0.048438
1 0.500000 0.860938 0.970833 0.259375
2 0.896875 0.225000 0.193750 0.425000
2 0.840625 0.250781 0.077083 0.029687
3 0.416667 0.609375 0.504167 0.206250
4 0.802083 0.676562 0.375000 0.578125
5 0.759375 0.181250 0.143750 0.050000
5 0.783333 0.297656 0.254167 0.157812
6 0.730208 0.327344 0.256250 0.289062
6 0.601042 0.350000 0.031250 0.078125
7 0.431250 0.125000 0.287500 0.221875
7 0.610417 0.121094 0.091667 0.210938
7 0.525000 0.249219 0.154167 0.079687
7 0.254167 0.608594 0.037500 0.032813
8 0.720833 0.089844 0.104167 0.057813
8 0.810417 0.098437 0.095833 0.059375
8 0.622917 0.227344 0.054167 0.092188
8 0.797917 0.329688 0.054167 0.015625
8 0.795833 0.356250 0.054167 0.012500
8 0.762500 0.398438 0.112500 0.056250
8 0.586458 0.410156 0.056250 0.029687
8 0.145833 0.526563 0.091667 0.046875
8 0.333333 0.550000 0.050000 0.053125
8 0.238542 0.553125 0.081250 0.056250
8 0.407292 0.567969 0.047917 0.082812
8 0.479167 0.564844 0.050000 0.067187
8 0.560417 0.566406 0.062500 0.057813
8 0.633333 0.614062 0.054167 0.146875
8 0.545833 0.608594 0.070833 0.054688
8 0.471875 0.622656 0.056250 0.042188
8 0.395833 0.657813 0.066667 0.081250
8 0.228125 0.656250 0.072917 0.065625
8 0.318750 0.661719 0.054167 0.067187
8 0.551042 0.671094 0.064583 0.073438
8 0.469792 0.671094 0.052083 0.054688
8 0.662500 0.779687 0.275000 0.178125