1 0.504167 0.167969 0.975000 0.314063
1 0.242708 0.702344 0.452083 0.576562
2 0.954167 0.502344 0.070833 0.157812
2 0.875000 0.514062 0.037500 0.121875
2 0.696875 0.530469 0.047917 0.060937
2 0.880208 0.791406 0.222917 0.398438
3 0.278125 0.374219 0.527083 0.151562
4 0.615625 0.781250 0.352083 0.415625
5 0.795833 0.513281 0.383333 0.195312
6 0.964583 0.150781 0.050000 0.154688
6 0.768750 0.320312 0.441667 0.371875
7 0.519792 0.184375 0.422917 0.234375
7 0.544792 0.509375 0.239583 0.112500
8 0.900000 0.295312 0.175000 0.181250
8 0.644792 0.335938 0.202083 0.221875
8 0.566667 0.322656 0.020833 0.085938
8 0.529167 0.392188 0.070833 0.046875
8 0.079167 0.411719 0.104167 0.042188
8 0.195833 0.419531 0.041667 0.051562
8 0.279167 0.415625 0.062500 0.034375
8 0.362500 0.409375 0.066667 0.021875
8 0.442708 0.421875 0.072917 0.040625
8 0.421875 0.765625 0.135417 0.178125