1 0.491667 0.496875 0.954167 0.962500
1 0.395833 0.835156 0.679167 0.307812
2 0.951042 0.773438 0.077083 0.306250
3 0.250000 0.155469 0.091667 0.282813
3 0.395833 0.445312 0.050000 0.196875
3 0.329167 0.607812 0.058333 0.146875
3 0.415625 0.783594 0.039583 0.157812
3 0.326042 0.792188 0.052083 0.168750
3 0.861458 0.901563 0.260417 0.178125
4 0.751042 0.605469 0.468750 0.560937
5 0.821875 0.250781 0.339583 0.201563
7 0.148958 0.032813 0.114583 0.043750
7 0.797917 0.073438 0.379167 0.118750
7 0.186458 0.178125 0.106250 0.131250
7 0.208333 0.253125 0.083333 0.062500
7 0.334375 0.389062 0.068750 0.062500
7 0.345833 0.485938 0.070833 0.062500
7 0.367708 0.518750 0.031250 0.028125
7 0.281250 0.565625 0.041667 0.037500
7 0.288542 0.638281 0.056250 0.082812
7 0.689583 0.666406 0.075000 0.123438
7 0.045833 0.769531 0.062500 0.142187
7 0.295833 0.731250 0.045833 0.037500
7 0.375000 0.728906 0.037500 0.029687
7 0.380208 0.783594 0.035417 0.073438
7 0.285417 0.787500 0.054167 0.075000
7 0.379167 0.835938 0.029167 0.031250
7 0.285417 0.853125 0.050000 0.050000
7 0.711458 0.918750 0.110417 0.037500
7 0.464583 0.964844 0.512500 0.048438
8 0.712500 0.282813 0.170833 0.137500
8 0.671875 0.491406 0.168750 0.242188
8 0.631250 0.751563 0.133333 0.200000