1 0.461458 0.495312 0.897917 0.968750
1 0.271875 0.025781 0.214583 0.026562
2 0.950000 0.709375 0.075000 0.106250
3 0.603125 0.051562 0.222917 0.078125
3 0.663542 0.198437 0.031250 0.109375
3 0.530208 0.871875 0.918750 0.234375
4 0.822917 0.235937 0.337500 0.443750
5 0.817708 0.539844 0.343750 0.170313
6 0.827083 0.638281 0.325000 0.110937
7 0.436458 0.042188 0.110417 0.053125
7 0.468750 0.071094 0.058333 0.039062
7 0.061458 0.092188 0.035417 0.043750
7 0.369792 0.171094 0.143750 0.129688
7 0.558333 0.208594 0.166667 0.067187
7 0.622917 0.516406 0.050000 0.051562
7 0.557292 0.603125 0.060417 0.059375
7 0.357292 0.688281 0.206250 0.226562
8 0.085417 0.116406 0.137500 0.204687
8 0.616667 0.348438 0.166667 0.231250
8 0.655208 0.644531 0.043750 0.051562
8 0.780208 0.723437 0.039583 0.018750
8 0.847917 0.867188 0.054167 0.075000
8 0.837500 0.894531 0.029167 0.064062
8 0.695833 0.932031 0.191667 0.089063