1 0.308333 0.501563 0.587500 0.981250
1 0.522917 0.665625 0.129167 0.075000
2 0.861458 0.757812 0.256250 0.381250
3 0.635417 0.864062 0.712500 0.246875
4 0.719792 0.356250 0.535417 0.690625
4 0.613542 0.193750 0.081250 0.093750
5 0.666667 0.465625 0.150000 0.106250
6 0.600000 0.376563 0.137500 0.181250
6 0.533333 0.720313 0.308333 0.071875
7 0.322917 0.407813 0.208333 0.162500
7 0.505208 0.375000 0.052083 0.078125
7 0.051042 0.466406 0.068750 0.067187
7 0.509375 0.559375 0.493750 0.078125
7 0.030208 0.549219 0.031250 0.023438
7 0.528125 0.764062 0.610417 0.062500
7 0.356250 0.869531 0.129167 0.095312
7 0.350000 0.950781 0.141667 0.076563
8 0.605208 0.174219 0.231250 0.317188
8 0.693750 0.603906 0.120833 0.039062
8 0.336458 0.678906 0.106250 0.167187
8 0.829167 0.867188 0.187500 0.200000
8 0.673958 0.834375 0.110417 0.109375
8 0.518750 0.865625 0.116667 0.137500
8 0.678125 0.931250 0.139583 0.090625
8 0.548958 0.957031 0.081250 0.048438