1 0.387500 0.514844 0.733333 0.948438
1 0.032292 0.917969 0.031250 0.145313
2 0.863542 0.207031 0.256250 0.392188
3 0.691667 0.271875 0.208333 0.181250
3 0.615625 0.922656 0.060417 0.098437
4 0.793750 0.673438 0.395833 0.634375
4 0.545833 0.393750 0.116667 0.053125
7 0.425000 0.033594 0.820833 0.045312
7 0.461458 0.286719 0.118750 0.057813
7 0.482292 0.860156 0.122917 0.054688
8 0.742708 0.085156 0.131250 0.073438
8 0.593750 0.225000 0.033333 0.046875
8 0.569792 0.285938 0.085417 0.021875
8 0.590625 0.338281 0.027083 0.051562
8 0.551042 0.535156 0.122917 0.248438
8 0.548958 0.757812 0.118750 0.231250
8 0.577083 0.907031 0.041667 0.073438