1 0.359375 0.468750 0.689583 0.915625
1 0.293750 0.838281 0.295833 0.082812
1 0.121875 0.843750 0.035417 0.081250
1 0.270833 0.888281 0.345833 0.051562
2 0.776042 0.500781 0.422917 0.973437
3 0.580208 0.495312 0.189583 0.146875
4 0.608333 0.232813 0.575000 0.437500
7 0.358333 0.063281 0.083333 0.073438
7 0.384375 0.090625 0.043750 0.021875
7 0.442708 0.476562 0.072917 0.021875
7 0.411458 0.490625 0.122917 0.040625
7 0.383333 0.814063 0.283333 0.071875
7 0.419792 0.918750 0.810417 0.137500
8 0.411458 0.042188 0.047917 0.046875
8 0.415625 0.203125 0.097917 0.268750
8 0.695833 0.444531 0.079167 0.198437
8 0.481250 0.449219 0.033333 0.039062
8 0.483333 0.513281 0.037500 0.067187
8 0.400000 0.517188 0.100000 0.021875
8 0.254167 0.644531 0.041667 0.039062
8 0.314583 0.639062 0.033333 0.025000
8 0.317708 0.717187 0.039583 0.040625
8 0.539583 0.840625 0.170833 0.084375