1 0.234375 0.432812 0.431250 0.287500
1 0.292708 0.846875 0.556250 0.287500
2 0.835417 0.586719 0.300000 0.554688
3 0.571875 0.646094 0.281250 0.182812
4 0.811458 0.895312 0.360417 0.187500
5 0.710417 0.453125 0.204167 0.228125
7 0.406250 0.104688 0.783333 0.181250
7 0.815625 0.237500 0.347917 0.190625
7 0.340625 0.275000 0.647917 0.103125
7 0.154167 0.554688 0.279167 0.437500
7 0.560417 0.614844 0.066667 0.039062
7 0.613542 0.768750 0.085417 0.046875
7 0.600000 0.807813 0.112500 0.031250
7 0.351042 0.971094 0.577083 0.039062
8 0.758333 0.053125 0.145833 0.078125
8 0.772917 0.306250 0.250000 0.065625
8 0.477083 0.437500 0.266667 0.259375
8 0.639583 0.427344 0.166667 0.160938
8 0.381250 0.650781 0.112500 0.179688
8 0.478125 0.581250 0.060417 0.028125
8 0.710417 0.605469 0.058333 0.079687
8 0.657292 0.646094 0.072917 0.154688
8 0.487500 0.618750 0.054167 0.034375
8 0.492708 0.685156 0.031250 0.089063
8 0.576042 0.671875 0.043750 0.059375
8 0.598958 0.873437 0.102083 0.081250
8 0.541667 0.928906 0.208333 0.067187