1 0.292708 0.136719 0.556250 0.245312
1 0.423958 0.771875 0.814583 0.437500
2 0.640625 0.474219 0.085417 0.101562
2 0.901042 0.798438 0.181250 0.381250
3 0.591667 0.721875 0.583333 0.337500
4 0.792708 0.317969 0.393750 0.607812
7 0.339583 0.336719 0.650000 0.157812
7 0.272917 0.655469 0.083333 0.082812
7 0.193750 0.757031 0.116667 0.151562
8 0.575000 0.083594 0.137500 0.142187
8 0.294792 0.292969 0.556250 0.029687
8 0.135417 0.335938 0.241667 0.046875
8 0.509375 0.449219 0.252083 0.067187
8 0.216667 0.451562 0.279167 0.062500
8 0.296875 0.624219 0.039583 0.060937
8 0.218750 0.733594 0.104167 0.020313
8 0.280208 0.842969 0.077083 0.070312