1 0.343750 0.654687 0.658333 0.150000
1 0.502083 0.858594 0.975000 0.260937
2 0.904167 0.600000 0.170833 0.587500
2 0.782292 0.650781 0.231250 0.176563
5 0.936458 0.044531 0.110417 0.060937
5 0.887500 0.247656 0.204167 0.176563
7 0.454167 0.355469 0.879167 0.260937
7 0.286458 0.540625 0.539583 0.059375
7 0.846875 0.542188 0.239583 0.043750
7 0.387500 0.598437 0.675000 0.065625
7 0.247917 0.688281 0.116667 0.054688
8 0.891667 0.150781 0.200000 0.260937
8 0.163542 0.289844 0.293750 0.132812
8 0.401042 0.303906 0.127083 0.045312
8 0.533333 0.326562 0.129167 0.081250
8 0.673958 0.311719 0.122917 0.045312
8 0.385417 0.346094 0.137500 0.035937
8 0.679167 0.347656 0.100000 0.032813
8 0.798958 0.353906 0.077083 0.029687
8 0.253125 0.415625 0.172917 0.121875
8 0.073958 0.382812 0.118750 0.046875
8 0.467708 0.417969 0.227083 0.110937
8 0.677083 0.388281 0.104167 0.045312
8 0.773958 0.410938 0.110417 0.068750
8 0.109375 0.421875 0.114583 0.046875
8 0.667708 0.429688 0.097917 0.031250
8 0.686458 0.492188 0.352083 0.081250
8 0.635417 0.538281 0.237500 0.054688
8 0.603125 0.703125 0.106250 0.087500
8 0.284375 0.854688 0.068750 0.050000