1 0.285417 0.029687 0.250000 0.031250
1 0.268750 0.228125 0.504167 0.106250
1 0.277083 0.506250 0.525000 0.428125
2 0.833333 0.500781 0.316667 0.973437
4 0.550000 0.561719 0.212500 0.207813
5 0.567708 0.285156 0.318750 0.123438
5 0.788542 0.285156 0.147917 0.057813
5 0.689583 0.657813 0.295833 0.515625
7 0.407292 0.936719 0.564583 0.104688
8 0.528125 0.060156 0.243750 0.089063
8 0.613542 0.153125 0.106250 0.068750
8 0.175000 0.266406 0.104167 0.010937
8 0.590625 0.489063 0.435417 0.356250
8 0.771875 0.526563 0.047917 0.050000
8 0.767708 0.629687 0.056250 0.153125
8 0.577083 0.789062 0.129167 0.162500
8 0.750000 0.857812 0.054167 0.125000
8 0.482292 0.946875 0.102083 0.050000
8 0.075000 0.958594 0.112500 0.060937
8 0.362500 0.955469 0.091667 0.042188
8 0.600000 0.967187 0.075000 0.031250
8 0.240625 0.971875 0.110417 0.037500
8 0.496875 0.977344 0.085417 0.023438
8 0.352083 0.982812 0.104167 0.012500