1 0.409375 0.192188 0.789583 0.331250
1 0.204167 0.424219 0.375000 0.154688
1 0.275000 0.688281 0.516667 0.114062
1 0.242708 0.880469 0.456250 0.217188
2 0.829167 0.473438 0.316667 0.656250
2 0.610417 0.621875 0.162500 0.125000
5 0.612500 0.412500 0.237500 0.146875
5 0.665625 0.735938 0.485417 0.131250
5 0.813542 0.927344 0.122917 0.123438
7 0.434375 0.081250 0.843750 0.134375
8 0.925000 0.073438 0.133333 0.125000
8 0.901042 0.149219 0.085417 0.057813
8 0.556250 0.335938 0.166667 0.134375
8 0.688542 0.318750 0.156250 0.090625
8 0.373958 0.341406 0.114583 0.126562
8 0.466667 0.413281 0.325000 0.242188
8 0.602083 0.573438 0.112500 0.053125
8 0.191667 0.725000 0.191667 0.037500
8 0.638542 0.873437 0.502083 0.231250