1 0.501042 0.502344 0.972917 0.976562
1 0.388542 0.386719 0.681250 0.739062
2 0.884375 0.656250 0.210417 0.315625
3 0.726042 0.632812 0.181250 0.159375
4 0.750000 0.290625 0.483333 0.556250
4 0.538542 0.338281 0.189583 0.557813
4 0.528125 0.137500 0.052083 0.043750
4 0.528125 0.291406 0.043750 0.064062
7 0.485417 0.049219 0.237500 0.073438
7 0.282292 0.347656 0.256250 0.401562
7 0.602083 0.587500 0.091667 0.028125
7 0.506250 0.641406 0.308333 0.117188
7 0.261458 0.863281 0.447917 0.157812
7 0.267708 0.968750 0.497917 0.037500
8 0.554167 0.312500 0.129167 0.387500
8 0.793750 0.739844 0.129167 0.082812
8 0.931250 0.753125 0.045833 0.071875