1 0.255208 0.351562 0.477083 0.387500
1 0.168750 0.190625 0.250000 0.059375
1 0.165625 0.234375 0.277083 0.065625
1 0.484375 0.252344 0.077083 0.035937
1 0.128125 0.770312 0.227083 0.440625
1 0.103125 0.833594 0.177083 0.314063
2 0.732292 0.221875 0.510417 0.412500
2 0.691667 0.086719 0.200000 0.142187
3 0.420833 0.204687 0.225000 0.165625
4 0.606250 0.635156 0.487500 0.707812
4 0.303125 0.790625 0.118750 0.400000
4 0.317708 0.658594 0.043750 0.045312
4 0.326042 0.800000 0.031250 0.065625
5 0.758333 0.557031 0.466667 0.810937
7 0.136458 0.410156 0.214583 0.104688
7 0.269792 0.571875 0.214583 0.090625
7 0.091667 0.839063 0.154167 0.303125
8 0.310417 0.207031 0.020833 0.051562
8 0.627083 0.529687 0.225000 0.368750
8 0.362500 0.807813 0.141667 0.359375