1 0.352083 0.393750 0.670833 0.331250
1 0.362500 0.772656 0.695833 0.423438
1 0.305208 0.867188 0.289583 0.118750
1 0.375000 0.959375 0.662500 0.059375
2 0.794792 0.602344 0.389583 0.460938
2 0.806250 0.585938 0.245833 0.346875
2 0.705208 0.857812 0.022917 0.034375
3 0.721875 0.227344 0.539583 0.289062
3 0.579167 0.823438 0.275000 0.178125
4 0.712500 0.964063 0.087500 0.050000
5 0.852083 0.885156 0.270833 0.204687
7 0.238542 0.143750 0.447917 0.175000
7 0.319792 0.278906 0.277083 0.089063
7 0.338542 0.642188 0.489583 0.193750
8 0.521875 0.183594 0.172917 0.179688
8 0.677083 0.480469 0.083333 0.070312