1 0.305208 0.066406 0.585417 0.110937
1 0.147917 0.250000 0.250000 0.321875
1 0.304167 0.700781 0.579167 0.573438
2 0.786458 0.612500 0.410417 0.753125
3 0.779167 0.126562 0.420833 0.225000
4 0.327083 0.248438 0.091667 0.296875
4 0.634375 0.440625 0.485417 0.662500
5 0.695833 0.757031 0.425000 0.192188
7 0.111458 0.198437 0.193750 0.256250
7 0.303125 0.415625 0.177083 0.084375
7 0.211458 0.561719 0.156250 0.104688
7 0.205208 0.692969 0.152083 0.107813
7 0.208333 0.841406 0.162500 0.135937
8 0.404167 0.210156 0.137500 0.217188
8 0.371875 0.349219 0.089583 0.132812