1 0.344792 0.057813 0.660417 0.087500
1 0.151042 0.253906 0.256250 0.395313
1 0.226042 0.342187 0.256250 0.146875
1 0.243750 0.696875 0.458333 0.584375
2 0.757292 0.496094 0.460417 0.970313
3 0.538542 0.185938 0.322917 0.221875
3 0.360417 0.279687 0.020833 0.334375
3 0.427083 0.835938 0.050000 0.081250
4 0.684375 0.792969 0.477083 0.395313
5 0.513542 0.471094 0.206250 0.048438
7 0.228125 0.148438 0.135417 0.121875
7 0.312500 0.229687 0.066667 0.071875
7 0.322917 0.477344 0.475000 0.132812
7 0.237500 0.745313 0.270833 0.150000
8 0.338542 0.087500 0.064583 0.012500
8 0.337500 0.108594 0.066667 0.023438
8 0.607292 0.166406 0.114583 0.107813
8 0.483333 0.143750 0.079167 0.046875
8 0.351042 0.254688 0.031250 0.065625
8 0.606250 0.255469 0.041667 0.057813
8 0.519792 0.371875 0.293750 0.165625
8 0.415625 0.873437 0.039583 0.053125
8 0.440625 0.933594 0.060417 0.110937