1 0.225000 0.310937 0.425000 0.593750
1 0.589583 0.062500 0.295833 0.093750
1 0.412500 0.664062 0.275000 0.106250
1 0.394792 0.720313 0.681250 0.209375
1 0.056250 0.811719 0.083333 0.351562
1 0.279167 0.907813 0.491667 0.165625
2 0.910417 0.119531 0.154167 0.210938
2 0.857292 0.750000 0.264583 0.478125
3 0.563542 0.552344 0.031250 0.085938
4 0.710417 0.429688 0.562500 0.675000
5 0.705208 0.897656 0.306250 0.182812
6 0.656250 0.796875 0.216667 0.050000
6 0.580208 0.957812 0.056250 0.062500
7 0.472917 0.514844 0.166667 0.070312
7 0.383333 0.784375 0.145833 0.084375
7 0.237500 0.780469 0.116667 0.057813
7 0.504167 0.785156 0.066667 0.039062
7 0.380208 0.933594 0.343750 0.114062
8 0.733333 0.056250 0.112500 0.081250
8 0.798958 0.058594 0.052083 0.085938
8 0.563542 0.298438 0.147917 0.325000
8 0.048958 0.500781 0.068750 0.304688
8 0.553125 0.489844 0.043750 0.048438
8 0.527083 0.543750 0.058333 0.021875
8 0.507292 0.567187 0.081250 0.031250
8 0.539583 0.853125 0.033333 0.053125
8 0.546875 0.916406 0.018750 0.060937