1 0.406250 0.439063 0.783333 0.850000
1 0.484375 0.575000 0.535417 0.043750
1 0.457292 0.673438 0.243750 0.153125
2 0.844792 0.428906 0.289583 0.735938
4 0.752083 0.117188 0.479167 0.206250
5 0.669792 0.338281 0.272917 0.164062
6 0.645833 0.237500 0.212500 0.056250
6 0.650000 0.424219 0.245833 0.142187
7 0.216667 0.203125 0.125000 0.071875
7 0.371875 0.217188 0.152083 0.096875
7 0.497917 0.228906 0.075000 0.042188
7 0.368750 0.416406 0.345833 0.214062
7 0.452083 0.457813 0.116667 0.040625
8 0.522917 0.296094 0.033333 0.051562
8 0.619792 0.625000 0.102083 0.075000
8 0.754167 0.833594 0.470833 0.054688