1 0.205208 0.254688 0.377083 0.478125
1 0.039583 0.492188 0.037500 0.112500
1 0.463542 0.739062 0.893750 0.496875
2 0.922917 0.070312 0.133333 0.112500
2 0.906250 0.761719 0.166667 0.451562
4 0.487500 0.198437 0.216667 0.365625
4 0.778125 0.372656 0.427083 0.685937
7 0.356250 0.415625 0.345833 0.078125
7 0.467708 0.466406 0.147917 0.073438
7 0.363542 0.832812 0.314583 0.281250
8 0.556250 0.153906 0.141667 0.207813
8 0.468750 0.131250 0.037500 0.096875
8 0.538542 0.348438 0.106250 0.159375
8 0.481250 0.307812 0.016667 0.065625
8 0.560417 0.492969 0.037500 0.039062