1 0.471875 0.428906 0.914583 0.829688
1 0.317708 0.912500 0.606250 0.153125
2 0.882292 0.492969 0.218750 0.957812
3 0.695833 0.347656 0.225000 0.148438
3 0.572917 0.821094 0.025000 0.089063
4 0.476042 0.569531 0.172917 0.310937
4 0.767708 0.709375 0.435417 0.562500
7 0.440625 0.074219 0.756250 0.126562
7 0.329167 0.325000 0.387500 0.109375
7 0.528125 0.337500 0.047917 0.021875
7 0.358333 0.760938 0.320833 0.075000
7 0.464583 0.810937 0.158333 0.084375
8 0.465625 0.207031 0.085417 0.067187
8 0.765625 0.251563 0.110417 0.043750
8 0.593750 0.295312 0.016667 0.040625
8 0.573958 0.340625 0.047917 0.046875
8 0.575000 0.402344 0.054167 0.070312
8 0.534375 0.525000 0.114583 0.165625
8 0.465625 0.503125 0.031250 0.068750
8 0.521875 0.685937 0.093750 0.159375
8 0.468750 0.653906 0.016667 0.057813
8 0.555208 0.835938 0.031250 0.040625