1 0.386458 0.185938 0.739583 0.212500
1 0.059375 0.342187 0.085417 0.062500
1 0.391667 0.684375 0.737500 0.612500
1 0.695833 0.589063 0.375000 0.043750
2 0.876042 0.689844 0.218750 0.467187
3 0.698958 0.710156 0.210417 0.132812
4 0.484375 0.886719 0.156250 0.204687
4 0.789583 0.889062 0.400000 0.200000
5 0.848958 0.244531 0.285417 0.467187
7 0.381250 0.048438 0.737500 0.068750
7 0.234375 0.208594 0.289583 0.154688
7 0.443750 0.445312 0.650000 0.175000
7 0.345833 0.709375 0.387500 0.125000
8 0.460417 0.272656 0.045833 0.023438
8 0.408333 0.271875 0.041667 0.018750
8 0.476042 0.589063 0.089583 0.062500
8 0.581250 0.711719 0.037500 0.048438
8 0.578125 0.769531 0.047917 0.067187
8 0.548958 0.904687 0.114583 0.171875