1 0.334375 0.118750 0.639583 0.187500
1 0.255208 0.752344 0.472917 0.073438
1 0.293750 0.875781 0.554167 0.229687
2 0.739583 0.500781 0.504167 0.973437
2 0.527083 0.046875 0.295833 0.062500
4 0.618750 0.938281 0.454167 0.098437
5 0.500000 0.490625 0.433333 0.193750
6 0.377083 0.399219 0.725000 0.485938
7 0.252083 0.409375 0.116667 0.181250
7 0.461458 0.597656 0.118750 0.020313
7 0.265625 0.664844 0.502083 0.142187
7 0.425000 0.881250 0.045833 0.018750
8 0.061458 0.060156 0.068750 0.054688
8 0.313542 0.256250 0.077083 0.081250
8 0.051042 0.335156 0.060417 0.110937
8 0.059375 0.444531 0.064583 0.085938
8 0.283333 0.464062 0.058333 0.106250
8 0.058333 0.527344 0.037500 0.073438
8 0.228125 0.536719 0.114583 0.064062
8 0.540625 0.570312 0.110417 0.031250