1 0.403125 0.134375 0.781250 0.240625
1 0.300000 0.319531 0.566667 0.123438
2 0.870833 0.150781 0.241667 0.273438
5 0.923958 0.512500 0.131250 0.081250
6 0.503125 0.586719 0.977083 0.670312
7 0.430208 0.206250 0.735417 0.159375
7 0.436458 0.475000 0.156250 0.053125
7 0.084375 0.540625 0.127083 0.053125
7 0.272917 0.753125 0.145833 0.203125
7 0.054167 0.860938 0.075000 0.096875
8 0.852083 0.388281 0.270833 0.245312
8 0.540625 0.422656 0.147917 0.073438
8 0.089583 0.464062 0.141667 0.115625
8 0.297917 0.475000 0.066667 0.134375
8 0.634375 0.446094 0.010417 0.045312
8 0.691667 0.515625 0.104167 0.181250
8 0.583333 0.578125 0.137500 0.103125
8 0.281250 0.642969 0.125000 0.076563
8 0.856250 0.759375 0.133333 0.200000
8 0.640625 0.739062 0.235417 0.053125
8 0.337500 0.832031 0.033333 0.089063
8 0.762500 0.811719 0.100000 0.045312