1 0.501042 0.128906 0.972917 0.229687
1 0.225000 0.286719 0.416667 0.085938
1 0.212500 0.632031 0.391667 0.523438
1 0.127083 0.603906 0.162500 0.079687
1 0.257292 0.930469 0.485417 0.120313
2 0.825000 0.864062 0.329167 0.250000
3 0.693750 0.249219 0.120833 0.067187
3 0.796875 0.544531 0.385417 0.489063
3 0.462500 0.623437 0.350000 0.225000
4 0.604167 0.271875 0.045833 0.062500
4 0.677083 0.518750 0.516667 0.487500
4 0.579167 0.853906 0.354167 0.270313
6 0.821875 0.378906 0.335417 0.401562
7 0.132292 0.068750 0.235417 0.040625
7 0.073958 0.146094 0.118750 0.082812
7 0.233333 0.438281 0.416667 0.226562
7 0.230208 0.610938 0.085417 0.050000
7 0.242708 0.693750 0.077083 0.028125
7 0.218750 0.782813 0.091667 0.065625
7 0.192708 0.975781 0.239583 0.029687
8 0.533333 0.360156 0.170833 0.235937
8 0.735417 0.321875 0.204167 0.115625
8 0.269792 0.544531 0.052083 0.035937
8 0.254167 0.640625 0.066667 0.053125