1 0.142708 0.213281 0.252083 0.095312
1 0.084375 0.264062 0.122917 0.084375
1 0.222917 0.472656 0.412500 0.370312
1 0.298958 0.818750 0.568750 0.343750
2 0.857292 0.457813 0.260417 0.515625
3 0.553125 0.299219 0.568750 0.317188
4 0.725000 0.121094 0.533333 0.214062
4 0.696875 0.723437 0.589583 0.534375
7 0.244792 0.085156 0.460417 0.142187
7 0.169792 0.155469 0.064583 0.035937
7 0.182292 0.276562 0.127083 0.071875
7 0.204167 0.393750 0.120833 0.034375
7 0.163542 0.528125 0.114583 0.078125
7 0.153125 0.795312 0.268750 0.096875
8 0.270833 0.147656 0.145833 0.073438
8 0.243750 0.296094 0.062500 0.067187
8 0.185417 0.341406 0.037500 0.054688