1 0.319792 0.224219 0.610417 0.426563
1 0.353125 0.932813 0.677083 0.112500
2 0.791667 0.501563 0.395833 0.968750
3 0.095833 0.426563 0.158333 0.346875
3 0.585417 0.775000 0.408333 0.228125
4 0.535417 0.274219 0.233333 0.223438
4 0.543750 0.485156 0.391667 0.354687
6 0.843750 0.107813 0.287500 0.187500
7 0.194792 0.110937 0.277083 0.193750
7 0.251042 0.303125 0.089583 0.046875
7 0.235417 0.417969 0.083333 0.035937
7 0.228125 0.475781 0.072917 0.039062
7 0.190625 0.760156 0.339583 0.270313
7 0.334375 0.768750 0.114583 0.034375
8 0.311458 0.405469 0.110417 0.251563
8 0.806250 0.454688 0.170833 0.203125
8 0.408333 0.653906 0.087500 0.132812
8 0.378125 0.749219 0.093750 0.045312
8 0.659375 0.791406 0.114583 0.073438
8 0.496875 0.813281 0.110417 0.110937
8 0.383333 0.803125 0.037500 0.037500