1 0.521875 0.082812 0.935417 0.137500
1 0.353125 0.489844 0.672917 0.704688
2 0.832292 0.701562 0.314583 0.578125
3 0.682292 0.283594 0.618750 0.470313
3 0.154167 0.828906 0.275000 0.320312
4 0.695833 0.771094 0.483333 0.439063
7 0.086458 0.024219 0.147917 0.026562
7 0.103125 0.067187 0.181250 0.053125
7 0.120833 0.109375 0.212500 0.046875
7 0.150000 0.353125 0.266667 0.165625
7 0.312500 0.529687 0.229167 0.181250
7 0.360417 0.705469 0.091667 0.048438
7 0.354167 0.818750 0.079167 0.040625
7 0.348958 0.882812 0.072917 0.053125
7 0.401042 0.946875 0.072917 0.043750
8 0.246875 0.170313 0.139583 0.059375
8 0.368750 0.211719 0.050000 0.020313
8 0.328125 0.385156 0.114583 0.060937
8 0.855208 0.396875 0.272917 0.084375
8 0.429167 0.803906 0.133333 0.276562
8 0.934375 0.786719 0.110417 0.164062
8 0.119792 0.727344 0.081250 0.039062
8 0.225000 0.748437 0.104167 0.068750
8 0.103125 0.775781 0.106250 0.092188
8 0.260417 0.782813 0.029167 0.034375
8 0.097917 0.924219 0.108333 0.107813
8 0.229167 0.942187 0.050000 0.068750