1 0.194792 0.183594 0.360417 0.339062
1 0.418750 0.426563 0.108333 0.134375
1 0.188542 0.619531 0.339583 0.085938
1 0.193750 0.682031 0.350000 0.039062
1 0.503125 0.901563 0.972917 0.175000
2 0.754167 0.251563 0.454167 0.481250
3 0.486458 0.287500 0.210417 0.178125
3 0.672917 0.700781 0.633333 0.479687
4 0.414583 0.106250 0.695833 0.184375
5 0.446875 0.492969 0.414583 0.245312
6 0.678125 0.679688 0.610417 0.353125
7 0.322917 0.266406 0.133333 0.073438
7 0.182292 0.457813 0.314583 0.240625
7 0.291667 0.768750 0.550000 0.143750
8 0.329167 0.061719 0.058333 0.092188
8 0.402083 0.071875 0.070833 0.103125
8 0.364583 0.135937 0.041667 0.059375
8 0.366667 0.210156 0.062500 0.014063
8 0.396875 0.316406 0.035417 0.089063
8 0.361458 0.287500 0.047917 0.021875
8 0.666667 0.625000 0.112500 0.237500
8 0.459375 0.578125 0.035417 0.062500
8 0.525000 0.580469 0.116667 0.051562
8 0.494792 0.636719 0.077083 0.042188
8 0.542708 0.760938 0.035417 0.071875