1 0.293750 0.229687 0.554167 0.175000
1 0.228125 0.806250 0.427083 0.165625
1 0.270833 0.926562 0.512500 0.125000
2 0.951042 0.260937 0.068750 0.090625
2 0.931250 0.555469 0.104167 0.154688
2 0.910417 0.850781 0.158333 0.279687
3 0.501042 0.108594 0.977083 0.195312
4 0.657292 0.582031 0.664583 0.810937
6 0.459375 0.859375 0.135417 0.206250
7 0.144792 0.219531 0.093750 0.082812
7 0.202083 0.431250 0.291667 0.196875
7 0.210417 0.625000 0.270833 0.203125
7 0.183333 0.801562 0.091667 0.078125
7 0.072917 0.814844 0.087500 0.073438
7 0.358333 0.885156 0.083333 0.032813
8 0.773958 0.437500 0.431250 0.296875
8 0.617708 0.328906 0.027083 0.017188
8 0.725000 0.335156 0.120833 0.010937
8 0.401042 0.421094 0.114583 0.170313
8 0.381250 0.528125 0.070833 0.084375
8 0.412500 0.790625 0.029167 0.040625
8 0.422917 0.832812 0.033333 0.040625
8 0.419792 0.909375 0.035417 0.096875