1 0.231250 0.438281 0.433333 0.754687
1 0.502083 0.896875 0.970833 0.184375
2 0.758333 0.446875 0.466667 0.865625
3 0.432292 0.685156 0.052083 0.045312
4 0.555208 0.505469 0.710417 0.864062
4 0.396875 0.250781 0.031250 0.095312
7 0.284375 0.037500 0.539583 0.046875
7 0.052083 0.125000 0.075000 0.056250
7 0.147917 0.138281 0.087500 0.073438
7 0.173958 0.416406 0.310417 0.420312
7 0.188542 0.713281 0.106250 0.095312
7 0.072917 0.720313 0.104167 0.065625
7 0.327083 0.752344 0.100000 0.020313
7 0.345833 0.772656 0.041667 0.026562
8 0.595833 0.069531 0.054167 0.064062
8 0.919792 0.294531 0.135417 0.385937
8 0.429167 0.262500 0.095833 0.162500
8 0.409375 0.696094 0.052083 0.029687
8 0.476042 0.790625 0.285417 0.168750