1 0.346875 0.693750 0.656250 0.309375
2 0.819792 0.857812 0.339583 0.265625
3 0.417708 0.882812 0.689583 0.212500
3 0.065625 0.917969 0.018750 0.135937
5 0.713542 0.564844 0.497917 0.329688
5 0.964583 0.571094 0.050000 0.026562
6 0.505208 0.325781 0.972917 0.623437
7 0.207292 0.134375 0.264583 0.218750
7 0.128125 0.333594 0.110417 0.210938
7 0.313542 0.326562 0.077083 0.146875
7 0.184375 0.325000 0.052083 0.034375
8 0.418750 0.175000 0.191667 0.237500
8 0.543750 0.140625 0.012500 0.106250
8 0.214583 0.275000 0.133333 0.078125
8 0.380208 0.343750 0.089583 0.200000
8 0.428125 0.343750 0.081250 0.193750
8 0.280208 0.476562 0.206250 0.225000
8 0.356250 0.446094 0.062500 0.085938
8 0.231250 0.492969 0.112500 0.026562
8 0.382292 0.542969 0.056250 0.110937
8 0.839583 0.660156 0.295833 0.220312
8 0.703125 0.758594 0.022917 0.035937