1 0.436458 0.381250 0.252083 0.212500
1 0.385417 0.660156 0.183333 0.070312
1 0.180208 0.864844 0.327083 0.248438
2 0.779167 0.521094 0.416667 0.648438
4 0.164583 0.123438 0.304167 0.225000
4 0.712500 0.181250 0.558333 0.334375
4 0.661458 0.829688 0.656250 0.321875
5 0.483333 0.560937 0.412500 0.184375
7 0.144792 0.433594 0.256250 0.554688
8 0.053125 0.044531 0.077083 0.060937
8 0.418750 0.142187 0.204167 0.259375
8 0.053125 0.064844 0.077083 0.045312
8 0.417708 0.280469 0.064583 0.026562
8 0.576042 0.516406 0.081250 0.051562
8 0.309375 0.815625 0.189583 0.240625