1 0.126042 0.078125 0.222917 0.118750
1 0.167708 0.269531 0.306250 0.223438
1 0.346875 0.664844 0.668750 0.564063
2 0.853125 0.828125 0.272917 0.318750
3 0.651042 0.205469 0.681250 0.382812
4 0.650000 0.557031 0.679167 0.335938
4 0.679167 0.892969 0.308333 0.189062
7 0.122917 0.043750 0.187500 0.059375
7 0.094792 0.359375 0.106250 0.031250
7 0.150000 0.523438 0.245833 0.196875
7 0.239583 0.942969 0.450000 0.092188
8 0.231250 0.093750 0.325000 0.159375
8 0.162500 0.160156 0.300000 0.085938
8 0.265625 0.236719 0.135417 0.054688
8 0.679167 0.479687 0.075000 0.128125
8 0.643750 0.671094 0.137500 0.060937
8 0.325000 0.675000 0.100000 0.056250
8 0.177083 0.682813 0.033333 0.043750
8 0.635417 0.746875 0.191667 0.081250
8 0.653125 0.817187 0.147917 0.065625