1 0.225000 0.271094 0.416667 0.514062
1 0.406250 0.642969 0.229167 0.120313
1 0.141667 0.825000 0.250000 0.081250
1 0.094792 0.877344 0.160417 0.039062
2 0.758333 0.366406 0.462500 0.701562
3 0.470833 0.422656 0.183333 0.157812
3 0.673958 0.838281 0.627083 0.295312
4 0.573958 0.176563 0.685417 0.328125
7 0.107292 0.167187 0.177083 0.262500
7 0.305208 0.411719 0.122917 0.042188
7 0.372917 0.433594 0.029167 0.020313
7 0.379167 0.462500 0.033333 0.021875
7 0.272917 0.614844 0.516667 0.204687
7 0.196875 0.746094 0.360417 0.104688
7 0.239583 0.814063 0.091667 0.056250
7 0.533333 0.942969 0.166667 0.089063
7 0.412500 0.945312 0.125000 0.059375
8 0.368750 0.077344 0.087500 0.123438
8 0.316667 0.216406 0.112500 0.151562
8 0.571875 0.402344 0.089583 0.095312
8 0.372917 0.846875 0.541667 0.187500