1 0.428125 0.070312 0.181250 0.115625
1 0.230208 0.256250 0.431250 0.262500
1 0.193750 0.687500 0.358333 0.603125
2 0.756250 0.502344 0.470833 0.976562
3 0.362500 0.443750 0.062500 0.103125
3 0.562500 0.904687 0.258333 0.168750
4 0.531250 0.467187 0.620833 0.768750
7 0.258333 0.096094 0.487500 0.164062
7 0.289583 0.469531 0.116667 0.048438
7 0.044792 0.484375 0.060417 0.068750
7 0.122917 0.485156 0.087500 0.051562
7 0.307292 0.493750 0.056250 0.021875
7 0.100000 0.712500 0.170833 0.262500
7 0.353125 0.950781 0.189583 0.076563
8 0.537500 0.044531 0.054167 0.057813
8 0.804167 0.201563 0.270833 0.340625
8 0.539583 0.119531 0.054167 0.045312
8 0.321875 0.425781 0.043750 0.054688
8 0.331250 0.645312 0.137500 0.315625
8 0.291667 0.770312 0.041667 0.034375
8 0.678125 0.881250 0.127083 0.168750
8 0.435417 0.872656 0.037500 0.060937
8 0.400000 0.898438 0.041667 0.015625