2 0.901042 0.219531 0.181250 0.417187
3 0.502083 0.564844 0.979167 0.664062
3 0.278125 0.683594 0.014583 0.142187
7 0.418750 0.128906 0.808333 0.229687
7 0.157292 0.662500 0.277083 0.371875
7 0.503125 0.885156 0.977083 0.210938
8 0.741667 0.220312 0.295833 0.243750
8 0.572917 0.289844 0.129167 0.110937
8 0.363542 0.314844 0.106250 0.089063
8 0.472917 0.312500 0.104167 0.075000
8 0.146875 0.323437 0.081250 0.087500
8 0.248958 0.323437 0.077083 0.078125
8 0.885417 0.417187 0.191667 0.125000
8 0.766667 0.421875 0.179167 0.131250
8 0.387500 0.597656 0.262500 0.454688
8 0.521875 0.435937 0.135417 0.134375
8 0.640625 0.438281 0.164583 0.114062
8 0.757292 0.630469 0.256250 0.214062
8 0.886458 0.624219 0.206250 0.204687
8 0.591667 0.651563 0.200000 0.231250