1 0.248958 0.170313 0.468750 0.312500
1 0.050000 0.419531 0.070833 0.526563
1 0.308333 0.339844 0.304167 0.020313
1 0.137500 0.542188 0.112500 0.225000
1 0.598958 0.532031 0.277083 0.204687
1 0.422917 0.859375 0.800000 0.262500
2 0.931250 0.525000 0.116667 0.203125
2 0.825000 0.589063 0.054167 0.050000
2 0.878125 0.759375 0.222917 0.353125
3 0.545833 0.306250 0.083333 0.156250
4 0.771875 0.281250 0.439583 0.540625
4 0.380208 0.096094 0.118750 0.164062
5 0.854167 0.422656 0.270833 0.414062
7 0.150000 0.031250 0.254167 0.034375
7 0.279167 0.250000 0.375000 0.115625
7 0.486458 0.346875 0.031250 0.046875
7 0.407292 0.568750 0.735417 0.475000
7 0.326042 0.892188 0.297917 0.196875
7 0.696875 0.857031 0.047917 0.026562
8 0.518750 0.125781 0.187500 0.226562
8 0.497917 0.279687 0.037500 0.059375
8 0.793750 0.385156 0.187500 0.267188
8 0.670833 0.704688 0.212500 0.050000