1 0.338542 0.145313 0.647917 0.221875
1 0.213542 0.571875 0.397917 0.621875
2 0.827083 0.385156 0.329167 0.742188
2 0.916667 0.850000 0.141667 0.190625
3 0.576042 0.271094 0.256250 0.179688
3 0.479167 0.833594 0.083333 0.157812
3 0.718750 0.961719 0.541667 0.057813
4 0.355208 0.531250 0.168750 0.387500
4 0.695833 0.667188 0.475000 0.618750
4 0.791667 0.730469 0.120833 0.079687
4 0.806250 0.865625 0.058333 0.171875
5 0.831250 0.812500 0.316667 0.300000
7 0.565625 0.165625 0.227083 0.028125
7 0.214583 0.243750 0.400000 0.125000
7 0.135417 0.542188 0.220833 0.187500
7 0.240625 0.796094 0.364583 0.104688
7 0.281250 0.940625 0.508333 0.100000
7 0.266667 0.979688 0.250000 0.018750
8 0.401042 0.219531 0.031250 0.079687
8 0.436458 0.217969 0.043750 0.073438
8 0.563542 0.245312 0.077083 0.056250
8 0.713542 0.255469 0.047917 0.079687
8 0.436458 0.306250 0.060417 0.093750
8 0.556250 0.300000 0.066667 0.075000
8 0.678125 0.356250 0.043750 0.071875
8 0.434375 0.559375 0.156250 0.393750
8 0.431250 0.762500 0.016667 0.025000
8 0.432292 0.804688 0.031250 0.056250