1 0.095833 0.151562 0.162500 0.281250
1 0.204167 0.499219 0.379167 0.729688
1 0.450000 0.212500 0.145833 0.125000
1 0.487500 0.328906 0.091667 0.079687
1 0.402083 0.336719 0.041667 0.076563
1 0.458333 0.400000 0.137500 0.021875
1 0.504167 0.915625 0.975000 0.150000
2 0.823958 0.124219 0.172917 0.220312
2 0.792708 0.285156 0.047917 0.045312
4 0.577083 0.435156 0.825000 0.842187
4 0.741667 0.307031 0.066667 0.082812
4 0.632292 0.312500 0.122917 0.081250
4 0.544792 0.324219 0.022917 0.076563
7 0.218750 0.702344 0.262500 0.207813
8 0.947917 0.213281 0.087500 0.398438
8 0.566667 0.317969 0.562500 0.167187
8 0.186458 0.430469 0.068750 0.260937
8 0.566667 0.395313 0.100000 0.031250
8 0.395833 0.560156 0.183333 0.095312
8 0.407292 0.654687 0.206250 0.121875
8 0.445833 0.760156 0.150000 0.167187