1 0.246875 0.590625 0.464583 0.731250
1 0.185417 0.552344 0.341667 0.295312
1 0.252083 0.727344 0.179167 0.157812
2 0.783333 0.735938 0.416667 0.509375
3 0.503125 0.107031 0.977083 0.185938
3 0.460417 0.538281 0.133333 0.104688
3 0.454167 0.695312 0.245833 0.193750
3 0.358333 0.874219 0.608333 0.229687
4 0.683333 0.886719 0.333333 0.204687
5 0.525000 0.680469 0.229167 0.151562
6 0.723958 0.334375 0.531250 0.306250
7 0.395833 0.195312 0.175000 0.040625
7 0.145833 0.337500 0.087500 0.209375
7 0.287500 0.343750 0.208333 0.206250
7 0.169792 0.499219 0.139583 0.035937
7 0.160417 0.537500 0.133333 0.043750
8 0.669792 0.225000 0.210417 0.078125
8 0.376042 0.221094 0.043750 0.045312
8 0.906250 0.315625 0.162500 0.221875
8 0.420833 0.250000 0.187500 0.062500
8 0.529167 0.255469 0.025000 0.070312
8 0.514583 0.312500 0.016667 0.056250
8 0.355208 0.376563 0.206250 0.156250
8 0.563542 0.445312 0.272917 0.265625
8 0.571875 0.603906 0.068750 0.051562
8 0.323958 0.741406 0.085417 0.110937
8 0.436458 0.827344 0.022917 0.048438
8 0.319792 0.864844 0.085417 0.110937
8 0.065625 0.903125 0.052083 0.162500
8 0.138542 0.906250 0.072917 0.168750
8 0.246875 0.931250 0.031250 0.031250
8 0.235417 0.967969 0.054167 0.023438