1 0.434375 0.140625 0.835417 0.212500
1 0.431250 0.235156 0.833333 0.251563
1 0.133333 0.571094 0.233333 0.235937
1 0.133333 0.774219 0.229167 0.160938
1 0.338542 0.764844 0.139583 0.032813
2 0.719792 0.454688 0.539583 0.859375
4 0.758333 0.886719 0.462500 0.207813
7 0.126042 0.378906 0.218750 0.142187
7 0.140625 0.882031 0.256250 0.060937
7 0.071875 0.948438 0.114583 0.084375
8 0.468750 0.469531 0.791667 0.370312
8 0.389583 0.665625 0.341667 0.159375
8 0.314583 0.785937 0.204167 0.093750
8 0.365625 0.871875 0.497917 0.225000
8 0.207292 0.907031 0.089583 0.020313
8 0.500000 0.931250 0.154167 0.065625