1 0.386458 0.238281 0.743750 0.448437
1 0.370833 0.418750 0.104167 0.112500
1 0.457292 0.417969 0.031250 0.048438
1 0.198958 0.525781 0.360417 0.123438
1 0.338542 0.896094 0.647917 0.154688
2 0.921875 0.267188 0.131250 0.181250
3 0.707292 0.149219 0.564583 0.270313
4 0.688542 0.665625 0.606250 0.646875
6 0.559375 0.796875 0.122917 0.140625
7 0.190625 0.082031 0.272917 0.142187
7 0.461458 0.372656 0.522917 0.107813
7 0.266667 0.717969 0.500000 0.260937
7 0.406250 0.807813 0.204167 0.087500
7 0.342708 0.957812 0.656250 0.065625
8 0.580208 0.109375 0.135417 0.146875
8 0.764583 0.074219 0.141667 0.073438
8 0.725000 0.152344 0.070833 0.092188
8 0.708333 0.182812 0.204167 0.153125
8 0.882292 0.173437 0.147917 0.134375
8 0.423958 0.193750 0.027083 0.031250
8 0.804167 0.327344 0.133333 0.110937
8 0.255208 0.488281 0.272917 0.151562
8 0.512500 0.539844 0.220833 0.245312
8 0.485417 0.439844 0.033333 0.020313
8 0.513542 0.734375 0.031250 0.071875
8 0.481250 0.762500 0.041667 0.037500
8 0.533333 0.825000 0.016667 0.037500
8 0.476042 0.835938 0.093750 0.046875
8 0.086458 0.889062 0.131250 0.096875
8 0.228125 0.889844 0.127083 0.095312
8 0.367708 0.885156 0.114583 0.089063