1 0.331250 0.214062 0.629167 0.315625
1 0.086458 0.449219 0.131250 0.226562
1 0.330208 0.746094 0.627083 0.489063
2 0.848958 0.671094 0.285417 0.632812
3 0.504167 0.439063 0.541667 0.356250
4 0.782292 0.200000 0.418750 0.371875
7 0.177083 0.812500 0.204167 0.184375
8 0.350000 0.104688 0.645833 0.181250
8 0.619792 0.265625 0.077083 0.040625
8 0.197917 0.339062 0.108333 0.153125
8 0.202083 0.477344 0.095833 0.042188
8 0.211458 0.489063 0.085417 0.021875
8 0.223958 0.521875 0.047917 0.021875
8 0.486458 0.556250 0.052083 0.031250
8 0.596875 0.553125 0.060417 0.021875
8 0.346875 0.552344 0.077083 0.014063
8 0.220833 0.569531 0.037500 0.032813
8 0.690625 0.571094 0.056250 0.032813
8 0.556250 0.675000 0.420833 0.068750
8 0.717708 0.840625 0.314583 0.296875
8 0.137500 0.982031 0.062500 0.017188