1 0.251042 0.423438 0.468750 0.803125
1 0.504167 0.900000 0.975000 0.175000
2 0.855208 0.730469 0.264583 0.214062
3 0.513542 0.139063 0.172917 0.225000
3 0.626042 0.742969 0.264583 0.135937
4 0.660417 0.339844 0.666667 0.654687
7 0.281250 0.174219 0.333333 0.189062
7 0.146875 0.460156 0.260417 0.182812
7 0.384375 0.764844 0.239583 0.104688
7 0.134375 0.877344 0.243750 0.070312
7 0.157292 0.950000 0.289583 0.081250
8 0.309375 0.060156 0.077083 0.054688
8 0.390625 0.055469 0.093750 0.023438
8 0.387500 0.175781 0.095833 0.123438
8 0.372917 0.137500 0.041667 0.012500
8 0.431250 0.443750 0.220833 0.384375
8 0.686458 0.722656 0.056250 0.079687
8 0.465625 0.709375 0.127083 0.031250
8 0.502083 0.789844 0.058333 0.035937