1 0.279167 0.235156 0.525000 0.298438
1 0.182292 0.380469 0.331250 0.448437
1 0.516667 0.308594 0.058333 0.057813
1 0.095833 0.652344 0.154167 0.076563
1 0.328125 0.689063 0.172917 0.031250
1 0.248958 0.853125 0.468750 0.271875
2 0.770833 0.369531 0.437500 0.510938
2 0.900000 0.828906 0.179167 0.320312
3 0.492708 0.419531 0.177083 0.142187
4 0.851042 0.230469 0.268750 0.123438
4 0.567708 0.639844 0.843750 0.698438
7 0.193750 0.383594 0.287500 0.410938
8 0.692708 0.084375 0.152083 0.137500
8 0.488542 0.285156 0.110417 0.142187
8 0.388542 0.378125 0.072917 0.046875
8 0.381250 0.435156 0.066667 0.035937
8 0.470833 0.607031 0.070833 0.135937
8 0.542708 0.870313 0.110417 0.203125