1 0.344792 0.073438 0.377083 0.118750
1 0.213542 0.618750 0.193750 0.309375
1 0.501042 0.844531 0.972917 0.139063
2 0.789583 0.273438 0.045833 0.100000
2 0.894792 0.478906 0.189583 0.307812
3 0.544792 0.064062 0.189583 0.103125
4 0.866667 0.182812 0.250000 0.337500
6 0.618750 0.610938 0.629167 0.318750
7 0.409375 0.036719 0.068750 0.042188
7 0.392708 0.135156 0.502083 0.051562
7 0.506250 0.405469 0.770833 0.082812
7 0.196875 0.527344 0.031250 0.064062
7 0.209375 0.710156 0.031250 0.076563
7 0.430208 0.805469 0.660417 0.057813
8 0.660417 0.104688 0.170833 0.178125
8 0.327083 0.245312 0.291667 0.225000
8 0.401042 0.155469 0.064583 0.039062
8 0.454167 0.162500 0.058333 0.053125
8 0.213542 0.156250 0.064583 0.037500
8 0.516667 0.164844 0.075000 0.051562
8 0.032292 0.186719 0.039583 0.089063
8 0.841667 0.220312 0.091667 0.093750
8 0.617708 0.284375 0.247917 0.171875
8 0.817708 0.347656 0.064583 0.060937
8 0.640625 0.463281 0.031250 0.054688
8 0.217708 0.483594 0.064583 0.045312
8 0.369792 0.535937 0.089583 0.131250
8 0.567708 0.539062 0.177083 0.134375
8 0.851042 0.559375 0.160417 0.068750
8 0.240625 0.574219 0.122917 0.023438
8 0.460417 0.640625 0.062500 0.071875
8 0.361458 0.677344 0.089583 0.129688
8 0.585417 0.688281 0.141667 0.145313
8 0.387500 0.676562 0.050000 0.065625
8 0.463542 0.707812 0.068750 0.059375
8 0.261458 0.737500 0.081250 0.053125