1 0.290625 0.310937 0.552083 0.596875
1 0.551042 0.605469 0.056250 0.020313
1 0.360417 0.779687 0.687500 0.106250
2 0.873958 0.939844 0.231250 0.098437
3 0.331250 0.643750 0.629167 0.171875
4 0.662500 0.492188 0.637500 0.950000
7 0.336458 0.553906 0.102083 0.054688
7 0.397917 0.905469 0.762500 0.173437
8 0.479167 0.555469 0.041667 0.020313
8 0.441667 0.644531 0.087500 0.029687
8 0.356250 0.664844 0.054167 0.017188
8 0.465625 0.685156 0.047917 0.029687
8 0.271875 0.691406 0.043750 0.014063
8 0.484375 0.785156 0.039583 0.017188