1 0.370833 0.122656 0.712500 0.114062
1 0.314583 0.281250 0.591667 0.275000
1 0.652083 0.350781 0.095833 0.042188
1 0.298958 0.692187 0.560417 0.421875
1 0.278125 0.939844 0.527083 0.101562
2 0.869792 0.045312 0.135417 0.062500
2 0.841667 0.282813 0.295833 0.537500
3 0.644792 0.035937 0.231250 0.040625
3 0.544792 0.886719 0.077083 0.185938
4 0.728125 0.744531 0.527083 0.489063
5 0.644792 0.278906 0.277083 0.101562
6 0.628125 0.218750 0.256250 0.103125
6 0.565625 0.251563 0.064583 0.028125
6 0.620833 0.340625 0.241667 0.115625
6 0.563542 0.300000 0.060417 0.025000
7 0.338542 0.288281 0.222917 0.142187
7 0.356250 0.536719 0.537500 0.173437
7 0.417708 0.908594 0.227083 0.085938
8 0.587500 0.956250 0.079167 0.065625