1 0.503125 0.211719 0.972917 0.395313
1 0.062500 0.426563 0.083333 0.075000
1 0.423958 0.576562 0.810417 0.090625
1 0.354167 0.765625 0.675000 0.312500
1 0.695833 0.811719 0.116667 0.054688
1 0.738542 0.926562 0.077083 0.118750
2 0.867708 0.467187 0.227083 0.087500
2 0.860417 0.713281 0.258333 0.551562
3 0.631250 0.449219 0.237500 0.089063
5 0.685417 0.726562 0.325000 0.109375
6 0.663542 0.743750 0.314583 0.268750
6 0.589583 0.697656 0.062500 0.029687
6 0.587500 0.752344 0.070833 0.029687
7 0.276042 0.442188 0.385417 0.087500
7 0.323958 0.756250 0.227083 0.143750
7 0.357292 0.946875 0.685417 0.084375
8 0.219792 0.142187 0.406250 0.256250
8 0.513542 0.428906 0.022917 0.026562
8 0.511458 0.460938 0.027083 0.028125
8 0.761458 0.477344 0.097917 0.035937
8 0.518750 0.478125 0.025000 0.018750
8 0.482292 0.666406 0.060417 0.039062