1 0.394792 0.382031 0.685417 0.742188
1 0.094792 0.502344 0.160417 0.976562
1 0.388542 0.921094 0.481250 0.073438
3 0.764583 0.533594 0.104167 0.173437
4 0.809375 0.500000 0.368750 0.978125
4 0.625000 0.203125 0.154167 0.381250
4 0.600000 0.657813 0.216667 0.209375
7 0.617708 0.454688 0.268750 0.103125
7 0.403125 0.782031 0.443750 0.104688
7 0.094792 0.772656 0.031250 0.039062
8 0.768750 0.229687 0.291667 0.437500
8 0.716667 0.503906 0.033333 0.023438
8 0.705208 0.548438 0.043750 0.065625
8 0.623958 0.703125 0.156250 0.225000
8 0.403125 0.853125 0.452083 0.100000