1 0.346875 0.084375 0.668750 0.140625
1 0.672917 0.067969 0.037500 0.104688
1 0.310417 0.197656 0.591667 0.198437
1 0.604167 0.176563 0.091667 0.050000
1 0.397917 0.489063 0.762500 0.290625
1 0.810417 0.422656 0.050000 0.117188
1 0.122917 0.834375 0.204167 0.065625
1 0.381250 0.924219 0.287500 0.126562
2 0.766667 0.501563 0.450000 0.975000
3 0.729167 0.733594 0.416667 0.507812
7 0.404167 0.330469 0.779167 0.057813
7 0.121875 0.723437 0.214583 0.165625
7 0.123958 0.935156 0.218750 0.110937
8 0.173958 0.175000 0.039583 0.021875
8 0.459375 0.255469 0.227083 0.117188
8 0.387500 0.489844 0.270833 0.176563
8 0.529167 0.509375 0.070833 0.096875
8 0.390625 0.724219 0.314583 0.285938
8 0.548958 0.921094 0.022917 0.054688