1 0.542708 0.114062 0.106250 0.196875
1 0.642708 0.109375 0.206250 0.187500
1 0.239583 0.171094 0.450000 0.145313
1 0.289583 0.375000 0.545833 0.328125
1 0.262500 0.664844 0.491667 0.242188
1 0.480208 0.621875 0.043750 0.153125
2 0.806250 0.531250 0.370833 0.918750
4 0.630208 0.492969 0.481250 0.514062
5 0.579167 0.833594 0.316667 0.142187
6 0.555208 0.754687 0.243750 0.025000
6 0.215625 0.878125 0.397917 0.225000
6 0.586458 0.939844 0.264583 0.098437
7 0.275000 0.117969 0.520833 0.214062
7 0.243750 0.285938 0.141667 0.121875
7 0.292708 0.470313 0.214583 0.078125
7 0.256250 0.642969 0.179167 0.170313
7 0.389583 0.896094 0.100000 0.114062
8 0.790625 0.140625 0.202083 0.159375
8 0.676042 0.206250 0.131250 0.081250
8 0.788542 0.242969 0.139583 0.076563
8 0.519792 0.236719 0.097917 0.048438
8 0.923958 0.685156 0.131250 0.170313
8 0.407292 0.963281 0.106250 0.051562