1 0.266667 0.207813 0.508333 0.387500
1 0.323958 0.814063 0.606250 0.196875
2 0.825000 0.464062 0.329167 0.771875
4 0.687500 0.204687 0.604167 0.375000
5 0.579167 0.482812 0.316667 0.153125
6 0.558333 0.398438 0.262500 0.025000
6 0.360417 0.567969 0.687500 0.357812
7 0.263542 0.061719 0.264583 0.101562
7 0.231250 0.264062 0.191667 0.200000
7 0.217708 0.455469 0.035417 0.026562
7 0.384375 0.528125 0.118750 0.100000
7 0.502083 0.911719 0.975000 0.157812
8 0.960417 0.356250 0.058333 0.143750
8 0.410417 0.613281 0.091667 0.085938
8 0.207292 0.689063 0.093750 0.059375
8 0.116667 0.700781 0.050000 0.035937