1 0.397917 0.550781 0.754167 0.873437
2 0.919792 0.672656 0.131250 0.432812
2 0.748958 0.939063 0.481250 0.100000
3 0.758333 0.675781 0.225000 0.139063
4 0.798958 0.311719 0.385417 0.595313
4 0.579167 0.449219 0.170833 0.442188
7 0.589583 0.202344 0.083333 0.026562
7 0.297917 0.429688 0.154167 0.196875
7 0.473958 0.532031 0.039583 0.048438
7 0.606250 0.639844 0.108333 0.032813
8 0.591667 0.285156 0.087500 0.142187
8 0.539583 0.283594 0.029167 0.048438
8 0.485417 0.340625 0.025000 0.043750
8 0.605208 0.478906 0.110417 0.210938
8 0.892708 0.585156 0.114583 0.129688
8 0.460417 0.650000 0.058333 0.043750
8 0.644792 0.678906 0.031250 0.045312
8 0.669792 0.692969 0.022917 0.035937