1 0.504167 0.111719 0.975000 0.195312
1 0.318750 0.462500 0.495833 0.153125
1 0.577083 0.486719 0.100000 0.110937
1 0.118750 0.671875 0.062500 0.281250
1 0.325000 0.671875 0.383333 0.275000
1 0.547917 0.676562 0.079167 0.275000
1 0.598958 0.678125 0.035417 0.268750
1 0.302083 0.901563 0.437500 0.175000
1 0.073958 0.904687 0.093750 0.175000
1 0.553125 0.901563 0.089583 0.171875
2 0.801042 0.675781 0.385417 0.429688
4 0.779167 0.874219 0.425000 0.232813
6 0.664583 0.293750 0.654167 0.328125
7 0.308333 0.312500 0.062500 0.034375
7 0.337500 0.470313 0.375000 0.106250
7 0.326042 0.672656 0.335417 0.248438
7 0.300000 0.907031 0.387500 0.154688
8 0.281250 0.187500 0.129167 0.062500
8 0.179167 0.260156 0.320833 0.114062
8 0.771875 0.357031 0.097917 0.160938
8 0.705208 0.372656 0.022917 0.035937
8 0.589583 0.396094 0.025000 0.067187
8 0.634375 0.612500 0.018750 0.043750