1 0.356250 0.502344 0.683333 0.976562
2 0.851042 0.882812 0.277083 0.212500
3 0.661458 0.742188 0.239583 0.168750
4 0.756250 0.411719 0.462500 0.795312
4 0.466667 0.393750 0.191667 0.606250
7 0.528125 0.050000 0.102083 0.034375
7 0.144792 0.377344 0.177083 0.279687
7 0.360417 0.523438 0.037500 0.059375
7 0.502083 0.686719 0.120833 0.029687
8 0.521875 0.202344 0.135417 0.185938
8 0.514583 0.405469 0.125000 0.173437
8 0.539583 0.533594 0.075000 0.192188
8 0.541667 0.729688 0.029167 0.046875
8 0.566667 0.767969 0.016667 0.048438