1 0.201042 0.055469 0.368750 0.082812
1 0.503125 0.542188 0.977083 0.893750
1 0.617708 0.588281 0.056250 0.070312
1 0.634375 0.657813 0.056250 0.037500
1 0.597917 0.741406 0.229167 0.192188
2 0.805208 0.478906 0.368750 0.929688
4 0.580208 0.274219 0.731250 0.520312
5 0.541667 0.599219 0.391667 0.189062
6 0.596875 0.766406 0.377083 0.239063
7 0.313542 0.089844 0.118750 0.104688
7 0.095833 0.278125 0.154167 0.121875
7 0.094792 0.437500 0.156250 0.146875
7 0.364583 0.835156 0.191667 0.076563
8 0.676042 0.760156 0.139583 0.095312