1 0.373958 0.037500 0.114583 0.053125
1 0.235417 0.305469 0.445833 0.582812
1 0.288542 0.115625 0.060417 0.203125
1 0.369792 0.107031 0.097917 0.076563
1 0.376042 0.189062 0.093750 0.065625
1 0.307292 0.602344 0.585417 0.042188
1 0.369792 0.899219 0.714583 0.104688
1 0.732292 0.926562 0.114583 0.125000
1 0.366667 0.934375 0.704167 0.115625
2 0.787500 0.764844 0.408333 0.451562
4 0.618750 0.381250 0.745833 0.740625
5 0.497917 0.438281 0.270833 0.145313
6 0.475000 0.331250 0.116667 0.118750
6 0.522917 0.542188 0.237500 0.100000
7 0.089583 0.086719 0.154167 0.151562
7 0.382292 0.307031 0.118750 0.035937
7 0.341667 0.530469 0.141667 0.051562
7 0.332292 0.680469 0.631250 0.151562
7 0.358333 0.818750 0.691667 0.200000
8 0.602083 0.516406 0.108333 0.051562