1 0.191667 0.193750 0.350000 0.353125
1 0.236458 0.569531 0.443750 0.220312
1 0.498958 0.567969 0.110417 0.204687
2 0.782292 0.308594 0.414583 0.589063
3 0.409375 0.543750 0.039583 0.203125
3 0.267708 0.797656 0.506250 0.245312
4 0.244792 0.039844 0.218750 0.051562
4 0.585417 0.252344 0.554167 0.479687
5 0.778125 0.597656 0.418750 0.095312
6 0.830208 0.689063 0.318750 0.190625
6 0.685417 0.944531 0.108333 0.060937
7 0.208333 0.507812 0.387500 0.303125
7 0.550000 0.960156 0.137500 0.054688
8 0.350000 0.040625 0.079167 0.056250
8 0.741667 0.814063 0.500000 0.353125
8 0.442708 0.768750 0.089583 0.171875
8 0.336458 0.777344 0.089583 0.176563
8 0.209375 0.787500 0.118750 0.181250
8 0.932292 0.722656 0.114583 0.048438
8 0.076042 0.799219 0.093750 0.195312
8 0.937500 0.777344 0.104167 0.010937
8 0.921875 0.799219 0.135417 0.032813
8 0.909375 0.834375 0.164583 0.025000