1 0.196875 0.353906 0.368750 0.685937
1 0.184375 0.842187 0.339583 0.293750
2 0.807292 0.503125 0.368750 0.978125
3 0.526042 0.385156 0.281250 0.192188
4 0.251042 0.555469 0.281250 0.282813
4 0.601042 0.725781 0.606250 0.526563
5 0.647917 0.189062 0.491667 0.350000
5 0.431250 0.127344 0.179167 0.223438
7 0.139583 0.040625 0.179167 0.059375
7 0.316667 0.397656 0.066667 0.026562
8 0.547917 0.070312 0.208333 0.109375
8 0.567708 0.191406 0.364583 0.132812
8 0.372917 0.389844 0.045833 0.042188
8 0.410417 0.398438 0.020833 0.050000
8 0.348958 0.419531 0.068750 0.017188
8 0.303125 0.616406 0.147917 0.167187