1 0.311458 0.526563 0.593750 0.928125
2 0.815625 0.528125 0.347917 0.918750
3 0.502083 0.840625 0.279167 0.218750
4 0.216667 0.936719 0.300000 0.104688
4 0.498958 0.952344 0.289583 0.070312
5 0.564583 0.525000 0.520833 0.606250
7 0.113542 0.406250 0.177083 0.334375
7 0.291667 0.864062 0.070833 0.034375
8 0.448958 0.294531 0.143750 0.223438
8 0.471875 0.521094 0.177083 0.164062
8 0.518750 0.655469 0.354167 0.132812
8 0.352083 0.740625 0.041667 0.093750
8 0.352083 0.846875 0.045833 0.043750
8 0.335417 0.882812 0.087500 0.028125