1 0.251042 0.100000 0.477083 0.168750
2 0.695833 0.667188 0.591667 0.646875
3 0.676042 0.182812 0.627083 0.337500
3 0.281250 0.552344 0.533333 0.323437
6 0.318750 0.915625 0.558333 0.150000
7 0.190625 0.057813 0.356250 0.093750
7 0.175000 0.199219 0.320833 0.085938
7 0.059375 0.437500 0.039583 0.046875
7 0.152083 0.449219 0.041667 0.039062
7 0.158333 0.487500 0.029167 0.031250
7 0.148958 0.525781 0.047917 0.042188
7 0.139583 0.595313 0.070833 0.062500
7 0.130208 0.641406 0.077083 0.070312
7 0.269792 0.828906 0.510417 0.089063
8 0.502083 0.126562 0.033333 0.071875
8 0.386458 0.232031 0.114583 0.120313
8 0.230208 0.296094 0.110417 0.026562
8 0.238542 0.435937 0.056250 0.046875
8 0.321875 0.482031 0.072917 0.139063
8 0.394792 0.481250 0.060417 0.128125
8 0.481250 0.450000 0.083333 0.059375
8 0.231250 0.503906 0.070833 0.089063
8 0.485417 0.583594 0.212500 0.195312
8 0.316667 0.623437 0.066667 0.118750
8 0.383333 0.621094 0.054167 0.114062
8 0.236458 0.585938 0.052083 0.040625
8 0.300000 0.918750 0.095833 0.071875