1 0.388542 0.093750 0.747917 0.159375
1 0.658333 0.035156 0.279167 0.039062
1 0.338542 0.203906 0.652083 0.232813
1 0.311458 0.632031 0.593750 0.551562
1 0.184375 0.938281 0.339583 0.107813
2 0.792708 0.365625 0.397917 0.700000
3 0.413542 0.299219 0.614583 0.242188
3 0.383333 0.910156 0.087500 0.160938
4 0.705208 0.745313 0.572917 0.490625
7 0.530208 0.088281 0.610417 0.148438
7 0.039583 0.271875 0.050000 0.184375
7 0.187500 0.570312 0.341667 0.287500
7 0.412500 0.860938 0.058333 0.096875
7 0.313542 0.962500 0.093750 0.037500