1 0.310417 0.207813 0.591667 0.387500
1 0.176042 0.686719 0.318750 0.101562
1 0.503125 0.848437 0.977083 0.278125
2 0.813542 0.468750 0.352083 0.800000
3 0.593750 0.371094 0.229167 0.210938
4 0.612500 0.128125 0.754167 0.234375
4 0.483333 0.294531 0.033333 0.057813
5 0.585417 0.597656 0.520833 0.304688
7 0.365625 0.303906 0.052083 0.039062
7 0.228125 0.511719 0.422917 0.242188
7 0.111458 0.813281 0.193750 0.079687
7 0.605208 0.810937 0.064583 0.018750
7 0.378125 0.940625 0.727083 0.096875
8 0.375000 0.107813 0.166667 0.193750
8 0.434375 0.329688 0.077083 0.018750
8 0.479167 0.453125 0.054167 0.103125