1 0.427083 0.261719 0.820833 0.120313
1 0.388542 0.374219 0.747917 0.223438
1 0.379167 0.950000 0.416667 0.084375
2 0.919792 0.296875 0.139583 0.187500
2 0.911458 0.750781 0.152083 0.064062
3 0.342708 0.666406 0.656250 0.354687
7 0.665625 0.150781 0.647917 0.279687
7 0.402083 0.131250 0.775000 0.234375
7 0.160417 0.193750 0.295833 0.062500
7 0.326042 0.212500 0.022917 0.059375
7 0.048958 0.564063 0.068750 0.081250
7 0.052083 0.657031 0.075000 0.107813
7 0.068750 0.913281 0.104167 0.157812
8 0.739583 0.549219 0.500000 0.485938
8 0.243750 0.653125 0.137500 0.296875
8 0.657292 0.533594 0.081250 0.057813
8 0.381250 0.553906 0.162500 0.092188
8 0.359375 0.603906 0.102083 0.051562
8 0.407292 0.629687 0.147917 0.046875
8 0.419792 0.641406 0.114583 0.017188
8 0.416667 0.667188 0.154167 0.031250
8 0.419792 0.697656 0.143750 0.039062
8 0.439583 0.742188 0.162500 0.075000
8 0.056250 0.765625 0.079167 0.115625
8 0.413542 0.729688 0.052083 0.031250
8 0.355208 0.741406 0.064583 0.042188
8 0.546875 0.889844 0.885417 0.189062