1 0.379167 0.292187 0.729167 0.556250
1 0.401042 0.088281 0.052083 0.060937
1 0.755208 0.216406 0.039583 0.060937
1 0.061458 0.489063 0.089583 0.584375
1 0.643750 0.799219 0.416667 0.382812
1 0.818750 0.744531 0.120833 0.035937
2 0.878125 0.371094 0.227083 0.714063
2 0.977083 0.221094 0.029167 0.098437
3 0.681250 0.464844 0.575000 0.301563
4 0.321875 0.080469 0.285417 0.132812
4 0.656250 0.046875 0.133333 0.062500
4 0.602083 0.110937 0.041667 0.046875
4 0.658333 0.119531 0.045833 0.045312
5 0.798958 0.288281 0.122917 0.095312
6 0.852083 0.858594 0.279167 0.264062
7 0.569792 0.285938 0.197917 0.093750
7 0.367708 0.464844 0.072917 0.070312
7 0.358333 0.546094 0.091667 0.082812
7 0.637500 0.773438 0.245833 0.165625
8 0.578125 0.100000 0.506250 0.175000
8 0.759375 0.048438 0.052083 0.065625
8 0.728125 0.307812 0.043750 0.056250
8 0.756250 0.310937 0.041667 0.053125
8 0.260417 0.427344 0.058333 0.057813
8 0.336458 0.678125 0.127083 0.028125
8 0.303125 0.730469 0.202083 0.067187
8 0.343750 0.786719 0.125000 0.029687
8 0.719792 0.859375 0.093750 0.165625
8 0.364583 0.910937 0.095833 0.037500
8 0.356250 0.950781 0.108333 0.026562
8 0.692708 0.967969 0.102083 0.045312
8 0.888542 0.969531 0.060417 0.045312