1 0.366667 0.665625 0.704167 0.643750
2 0.850000 0.750000 0.283333 0.481250
3 0.720833 0.371094 0.541667 0.285938
3 0.648958 0.890625 0.302083 0.196875
7 0.501042 0.104688 0.972917 0.181250
7 0.567708 0.283594 0.131250 0.054688
7 0.452083 0.297656 0.245833 0.070312
7 0.571875 0.389062 0.068750 0.121875
7 0.420833 0.399219 0.100000 0.060937
7 0.195833 0.476562 0.091667 0.053125
7 0.156250 0.796875 0.283333 0.390625
8 0.242708 0.275781 0.206250 0.139063
8 0.613542 0.384375 0.022917 0.084375
8 0.466667 0.384375 0.141667 0.053125
8 0.686458 0.626563 0.097917 0.093750
8 0.496875 0.845313 0.039583 0.100000
8 0.520833 0.848437 0.033333 0.106250
8 0.646875 0.929688 0.047917 0.096875
8 0.484375 0.948438 0.077083 0.065625
8 0.394792 0.930469 0.085417 0.023438