1 0.271875 0.408594 0.518750 0.789062
1 0.090625 0.396094 0.056250 0.410938
1 0.028125 0.744531 0.027083 0.232813
1 0.270833 0.894531 0.500000 0.189062
2 0.866667 0.163281 0.245833 0.292187
2 0.889583 0.872656 0.204167 0.232813
3 0.670833 0.117188 0.254167 0.178125
3 0.354167 0.400000 0.045833 0.396875
3 0.494792 0.717187 0.027083 0.040625
3 0.371875 0.915625 0.585417 0.150000
4 0.689583 0.588281 0.595833 0.801562
4 0.400000 0.524219 0.041667 0.170313
7 0.262500 0.067187 0.116667 0.112500
7 0.522917 0.059375 0.104167 0.087500
7 0.217708 0.394531 0.247917 0.398438
7 0.255208 0.708594 0.172917 0.120313
8 0.545833 0.088281 0.062500 0.060937
8 0.494792 0.264844 0.097917 0.054688
8 0.475000 0.474219 0.162500 0.385937
8 0.466667 0.661719 0.037500 0.026562
8 0.468750 0.695312 0.037500 0.037500