1 0.357292 0.381250 0.685417 0.559375
1 0.347917 0.823438 0.666667 0.331250
2 0.833333 0.589844 0.291667 0.420312
3 0.637500 0.414844 0.625000 0.379688
3 0.630208 0.828125 0.206250 0.162500
4 0.682292 0.216406 0.168750 0.129688
4 0.683333 0.863281 0.616667 0.254688
7 0.502083 0.096875 0.979167 0.171875
7 0.264583 0.271875 0.166667 0.118750
7 0.236458 0.375781 0.156250 0.051562
7 0.262500 0.476562 0.129167 0.100000
7 0.473958 0.675000 0.452083 0.090625
7 0.491667 0.795312 0.095833 0.084375
7 0.235417 0.845313 0.116667 0.100000
8 0.639583 0.261719 0.145833 0.095312
8 0.284375 0.402344 0.085417 0.029687
8 0.307292 0.444531 0.039583 0.017188
8 0.529167 0.857031 0.037500 0.032813
8 0.511458 0.980469 0.093750 0.020313