1 0.403125 0.277344 0.777083 0.523438
1 0.372917 0.761719 0.708333 0.457813
2 0.891667 0.178906 0.195833 0.335938
2 0.905208 0.314844 0.172917 0.317188
3 0.732292 0.090625 0.360417 0.156250
3 0.713542 0.249219 0.293750 0.201563
4 0.527083 0.429688 0.416667 0.281250
4 0.650000 0.412500 0.195833 0.121875
4 0.704167 0.481250 0.300000 0.237500
4 0.790625 0.699219 0.402083 0.582812
4 0.556250 0.535156 0.025000 0.079687
7 0.190625 0.890625 0.352083 0.203125
8 0.159375 0.126562 0.293750 0.231250
8 0.537500 0.342969 0.050000 0.029687
8 0.403125 0.378125 0.039583 0.037500
8 0.531250 0.482812 0.066667 0.168750
8 0.591667 0.712500 0.237500 0.318750