1 0.101042 0.082812 0.177083 0.143750
1 0.356250 0.060937 0.325000 0.090625
1 0.258333 0.186719 0.487500 0.204687
1 0.194792 0.583594 0.356250 0.417187
1 0.503125 0.906250 0.977083 0.168750
2 0.827083 0.467969 0.320833 0.264062
3 0.594792 0.046094 0.127083 0.067187
3 0.621875 0.345313 0.131250 0.215625
4 0.821875 0.208594 0.339583 0.395313
5 0.603125 0.567187 0.243750 0.106250
6 0.596875 0.503906 0.252083 0.114062
6 0.652083 0.569531 0.054167 0.070312
6 0.587500 0.664844 0.220833 0.179688
7 0.422917 0.166406 0.495833 0.151562
7 0.226042 0.373437 0.327083 0.159375
7 0.047917 0.339844 0.037500 0.079687
7 0.393750 0.544531 0.062500 0.054688
7 0.436458 0.579688 0.031250 0.012500
8 0.536458 0.283594 0.085417 0.095312
8 0.490625 0.357812 0.127083 0.190625
8 0.533333 0.401562 0.075000 0.050000
8 0.835417 0.643750 0.312500 0.268750
8 0.405208 0.647656 0.089583 0.120313
8 0.470833 0.642188 0.062500 0.071875