1 0.500000 0.060156 0.966667 0.092188
1 0.405208 0.551562 0.785417 0.875000
1 0.112500 0.650781 0.191667 0.676562
1 0.584375 0.953906 0.197917 0.070312
2 0.890625 0.435156 0.202083 0.635938
2 0.957292 0.903906 0.068750 0.173437
3 0.730208 0.439063 0.164583 0.159375
3 0.655208 0.871094 0.039583 0.076563
4 0.702083 0.742969 0.575000 0.492188
5 0.761458 0.310156 0.372917 0.298438
7 0.490625 0.449219 0.077083 0.095312
7 0.579167 0.446094 0.095833 0.051562
7 0.384375 0.634375 0.118750 0.159375
7 0.548958 0.852344 0.139583 0.070312
7 0.430208 0.980469 0.102083 0.017188
8 0.643750 0.407813 0.029167 0.034375
8 0.613542 0.483594 0.039583 0.029687
8 0.531250 0.918750 0.233333 0.106250