1 0.256250 0.302344 0.483333 0.576562
1 0.508333 0.083594 0.091667 0.073438
1 0.047917 0.622656 0.066667 0.385937
1 0.319792 0.792188 0.610417 0.396875
1 0.641667 0.945312 0.050000 0.084375
2 0.906250 0.307031 0.162500 0.357812
2 0.825000 0.871094 0.333333 0.242188
3 0.777083 0.103906 0.233333 0.182812
3 0.532292 0.557813 0.052083 0.121875
4 0.628125 0.507031 0.722917 0.810937
5 0.892708 0.067969 0.202083 0.110937
7 0.496875 0.067969 0.335417 0.110937
7 0.221875 0.290625 0.172917 0.215625
7 0.416667 0.553125 0.162500 0.087500
7 0.494792 0.589844 0.035417 0.032813
7 0.276042 0.680469 0.118750 0.057813
7 0.272917 0.853906 0.316667 0.120313
7 0.266667 0.952344 0.333333 0.076563
8 0.610417 0.089844 0.104167 0.082812
8 0.673958 0.151562 0.139583 0.075000
8 0.513542 0.508594 0.018750 0.039062
8 0.501042 0.539844 0.047917 0.010937
8 0.513542 0.561719 0.022917 0.029687
8 0.386458 0.607031 0.239583 0.101562