1 0.378125 0.281250 0.714583 0.534375
1 0.043750 0.335938 0.058333 0.546875
1 0.156250 0.633594 0.279167 0.160938
1 0.601042 0.603906 0.164583 0.076563
1 0.665625 0.602344 0.052083 0.073438
2 0.838542 0.467969 0.306250 0.651563
3 0.555208 0.814844 0.868750 0.351562
4 0.805208 0.088281 0.377083 0.154688
7 0.322917 0.181250 0.425000 0.337500
7 0.352083 0.456250 0.104167 0.090625
7 0.260417 0.454688 0.058333 0.056250
7 0.325000 0.614062 0.108333 0.050000
8 0.454167 0.508594 0.345833 0.270313
8 0.662500 0.526563 0.100000 0.068750
8 0.755208 0.604688 0.118750 0.081250
8 0.091667 0.850781 0.154167 0.276562