1 0.354167 0.269531 0.675000 0.514062
1 0.245833 0.759375 0.462500 0.459375
2 0.926042 0.529687 0.131250 0.496875
2 0.745833 0.930469 0.166667 0.114062
2 0.913542 0.935156 0.147917 0.107813
3 0.816667 0.201563 0.345833 0.306250
3 0.551042 0.920312 0.218750 0.137500
4 0.498958 0.346875 0.214583 0.275000
4 0.717708 0.580469 0.531250 0.648438
7 0.415625 0.592969 0.068750 0.014063
8 0.667708 0.197656 0.077083 0.239063
8 0.614583 0.279687 0.062500 0.075000
8 0.491667 0.422656 0.162500 0.292187
8 0.452083 0.600000 0.025000 0.040625
8 0.552083 0.789844 0.020833 0.067187
8 0.844792 0.917188 0.064583 0.078125
8 0.834375 0.966406 0.047917 0.045312