1 0.290625 0.342969 0.552083 0.657813
1 0.585417 0.552344 0.025000 0.092188
1 0.581250 0.640625 0.016667 0.053125
1 0.482292 0.829688 0.931250 0.318750
2 0.790625 0.389844 0.393750 0.751563
3 0.568750 0.553125 0.125000 0.118750
4 0.629167 0.268750 0.420833 0.506250
7 0.218750 0.901563 0.408333 0.178125
7 0.766667 0.885156 0.070833 0.017188
8 0.422917 0.086719 0.108333 0.148438
8 0.427083 0.161719 0.045833 0.048438
8 0.515625 0.284375 0.027083 0.103125
8 0.404167 0.345313 0.087500 0.162500
8 0.483333 0.521875 0.058333 0.053125
8 0.754167 0.800000 0.400000 0.128125