1 0.308333 0.500781 0.587500 0.976562
2 0.826042 0.499219 0.327083 0.976562
2 0.635417 0.966406 0.037500 0.039062
5 0.632292 0.396875 0.552083 0.762500
7 0.063542 0.265625 0.089583 0.325000
7 0.160417 0.526563 0.270833 0.181250
7 0.077083 0.652344 0.120833 0.073438
7 0.257292 0.815625 0.485417 0.250000
7 0.617708 0.962500 0.152083 0.053125
8 0.554167 0.248438 0.125000 0.153125
8 0.527083 0.414062 0.125000 0.112500
8 0.523958 0.557031 0.106250 0.126562
8 0.416667 0.791406 0.266667 0.073438
8 0.677083 0.856250 0.250000 0.184375