1 0.502083 0.127344 0.970833 0.226562
1 0.180208 0.410156 0.314583 0.110937
2 0.951042 0.222656 0.072917 0.070312
2 0.804167 0.491406 0.320833 0.210938
2 0.668750 0.563281 0.075000 0.101562
2 0.968750 0.750781 0.041667 0.223438
3 0.206250 0.289062 0.295833 0.246875
3 0.326042 0.836719 0.143750 0.120313
5 0.711458 0.746094 0.560417 0.482812
7 0.240625 0.634375 0.443750 0.328125
8 0.188542 0.143750 0.343750 0.171875
8 0.657292 0.360156 0.664583 0.248438
8 0.114583 0.332031 0.170833 0.064062
8 0.908333 0.496094 0.162500 0.204687
8 0.360417 0.692969 0.125000 0.076563
8 0.645833 0.743750 0.379167 0.175000
8 0.195833 0.818750 0.120833 0.309375
8 0.322917 0.895312 0.195833 0.171875