1 0.213542 0.232031 0.393750 0.429688
1 0.185417 0.536719 0.333333 0.182812
1 0.213542 0.927344 0.393750 0.123438
2 0.705208 0.502344 0.568750 0.973437
5 0.563542 0.364844 0.372917 0.698438
5 0.419792 0.099219 0.052083 0.076563
5 0.467708 0.934375 0.102083 0.103125
6 0.739583 0.317969 0.325000 0.420312
6 0.477083 0.661719 0.229167 0.382812
7 0.289583 0.041406 0.250000 0.051562
7 0.276042 0.300781 0.247917 0.289062
7 0.260417 0.520312 0.208333 0.090625
7 0.214583 0.746875 0.291667 0.231250
7 0.254167 0.960156 0.279167 0.057813
8 0.480208 0.093750 0.185417 0.156250
8 0.458333 0.232031 0.120833 0.129688
8 0.432292 0.349219 0.106250 0.107813
8 0.597917 0.362500 0.145833 0.103125
8 0.453125 0.467969 0.118750 0.126562
8 0.483333 0.583594 0.166667 0.164062