1 0.236458 0.077344 0.443750 0.132812
1 0.473958 0.052344 0.035417 0.079687
2 0.736458 0.076563 0.502083 0.128125
2 0.793750 0.428906 0.395833 0.648438
2 0.940625 0.886719 0.097917 0.204687
5 0.529167 0.267969 0.545833 0.351562
5 0.400000 0.676562 0.416667 0.625000
6 0.746875 0.762500 0.489583 0.456250
7 0.403125 0.071875 0.031250 0.021875
8 0.078125 0.026562 0.031250 0.031250
8 0.139583 0.034375 0.033333 0.040625
8 0.185417 0.046875 0.033333 0.034375
8 0.415625 0.205469 0.214583 0.095312
8 0.209375 0.337500 0.039583 0.050000
8 0.314583 0.571875 0.195833 0.143750
8 0.577083 0.886719 0.262500 0.201563