1 0.280208 0.028125 0.181250 0.028125
1 0.201042 0.523438 0.368750 0.190625
1 0.394792 0.454688 0.018750 0.050000
1 0.234375 0.547656 0.285417 0.020313
1 0.066667 0.785156 0.100000 0.107813
2 0.472917 0.253906 0.070833 0.201563
2 0.452083 0.544531 0.162500 0.210938
3 0.241667 0.219531 0.450000 0.410938
5 0.677083 0.501563 0.629167 0.978125
6 0.546875 0.435937 0.177083 0.356250
7 0.139583 0.459375 0.079167 0.043750
7 0.242708 0.517188 0.289583 0.040625
7 0.307292 0.778125 0.389583 0.368750
8 0.278125 0.260937 0.310417 0.209375
8 0.436458 0.392969 0.139583 0.082812
8 0.505208 0.388281 0.031250 0.073438
8 0.084375 0.717969 0.068750 0.026562
8 0.058333 0.924219 0.087500 0.045312