1 0.182292 0.122656 0.335417 0.217188
1 0.452083 0.029687 0.066667 0.034375
1 0.429167 0.091406 0.054167 0.048438
1 0.132292 0.628906 0.231250 0.029687
1 0.139583 0.816406 0.245833 0.348438
2 0.703125 0.231250 0.568750 0.431250
2 0.835417 0.830469 0.308333 0.317188
5 0.348958 0.247656 0.352083 0.245312
5 0.426042 0.471875 0.222917 0.062500
5 0.230208 0.533594 0.043750 0.020313
5 0.491667 0.777344 0.495833 0.426563
5 0.327083 0.863281 0.212500 0.254688
6 0.450000 0.083594 0.216667 0.139063
6 0.766667 0.522656 0.445833 0.607812
6 0.634375 0.750781 0.068750 0.095312
7 0.832292 0.446094 0.231250 0.270313
7 0.539583 0.540625 0.383333 0.190625
8 0.563542 0.412500 0.093750 0.075000
8 0.786458 0.426563 0.106250 0.050000
8 0.285417 0.567187 0.200000 0.175000
8 0.706250 0.707031 0.154167 0.198437