1 0.201042 0.142969 0.272917 0.264062
1 0.121875 0.326562 0.214583 0.134375
1 0.125000 0.534375 0.216667 0.128125
1 0.227083 0.764844 0.429167 0.454688
2 0.681250 0.599219 0.616667 0.785937
2 0.394792 0.615625 0.102083 0.046875
3 0.119792 0.566406 0.022917 0.070312
5 0.609375 0.303125 0.760417 0.581250
6 0.701042 0.692187 0.506250 0.506250
6 0.740625 0.485156 0.047917 0.017188
7 0.118750 0.424219 0.204167 0.082812
7 0.684375 0.567969 0.164583 0.207813
7 0.085417 0.943750 0.145833 0.096875
8 0.046875 0.343750 0.022917 0.028125
8 0.259375 0.455469 0.193750 0.145313
8 0.560417 0.544531 0.104167 0.154688
8 0.513542 0.542188 0.081250 0.134375
8 0.423958 0.682813 0.310417 0.109375
8 0.646875 0.765625 0.106250 0.081250
8 0.477083 0.758594 0.050000 0.032813