1 0.331250 0.275781 0.625000 0.517188
1 0.328125 0.762500 0.614583 0.456250
2 0.892708 0.032031 0.193750 0.035937
2 0.773958 0.578906 0.335417 0.479687
3 0.632292 0.323437 0.247917 0.171875
5 0.793750 0.179688 0.391667 0.328125
5 0.861458 0.835156 0.260417 0.292187
5 0.775000 0.900000 0.270833 0.181250
7 0.336458 0.821875 0.514583 0.234375
7 0.559375 0.739844 0.047917 0.070312
7 0.162500 0.826562 0.170833 0.178125
7 0.356250 0.944531 0.579167 0.089063
8 0.634375 0.092188 0.318750 0.146875
8 0.128125 0.295312 0.227083 0.256250
8 0.317708 0.318750 0.072917 0.150000
8 0.505208 0.267969 0.035417 0.017188
8 0.502083 0.339062 0.054167 0.100000
8 0.471875 0.356250 0.022917 0.037500
8 0.839583 0.590625 0.304167 0.459375
8 0.561458 0.473438 0.247917 0.143750
8 0.591667 0.814844 0.179167 0.304688