1 0.284375 0.374219 0.535417 0.726562
2 0.755208 0.455469 0.472917 0.882812
2 0.507292 0.105469 0.047917 0.070312
3 0.498958 0.859375 0.964583 0.262500
5 0.587500 0.449219 0.370833 0.423438
6 0.681250 0.646875 0.320833 0.184375
7 0.178125 0.171875 0.102083 0.103125
7 0.175000 0.566406 0.320833 0.485938
8 0.270833 0.133594 0.029167 0.020313
8 0.530208 0.443750 0.135417 0.162500
8 0.557292 0.664062 0.156250 0.125000
8 0.588542 0.884375 0.172917 0.050000
8 0.197917 0.901563 0.212500 0.065625
8 0.419792 0.896875 0.156250 0.046875