1 0.176042 0.104688 0.322917 0.075000
1 0.221875 0.264062 0.414583 0.296875
1 0.548958 0.295312 0.097917 0.246875
1 0.237500 0.495312 0.437500 0.150000
1 0.304167 0.628906 0.245833 0.076563
2 0.828125 0.167969 0.322917 0.307812
2 0.630208 0.278125 0.127083 0.278125
2 0.828125 0.766406 0.322917 0.257812
2 0.817708 0.944531 0.343750 0.095312
5 0.471875 0.089844 0.264583 0.148438
5 0.814583 0.431250 0.350000 0.334375
5 0.684375 0.660156 0.543750 0.482812
6 0.789583 0.071094 0.295833 0.110937
7 0.206250 0.059375 0.291667 0.090625
7 0.115625 0.108594 0.160417 0.051562
7 0.100000 0.316406 0.170833 0.154688
7 0.093750 0.665625 0.158333 0.131250
7 0.268750 0.685937 0.295833 0.075000
8 0.632292 0.078125 0.068750 0.125000
8 0.686458 0.032031 0.077083 0.032813
8 0.398958 0.308594 0.152083 0.151562