1 0.252083 0.285156 0.075000 0.270313
1 0.348958 0.737500 0.264583 0.484375
2 0.776042 0.136719 0.268750 0.245312
2 0.837500 0.170313 0.308333 0.312500
2 0.538542 0.064844 0.264583 0.095312
2 0.958333 0.419531 0.066667 0.120313
2 0.761458 0.767969 0.460417 0.439063
3 0.581250 0.962500 0.579167 0.056250
5 0.575000 0.191406 0.366667 0.229687
5 0.347917 0.282813 0.175000 0.281250
5 0.721875 0.437500 0.539583 0.331250
5 0.388542 0.347656 0.122917 0.098437
5 0.359375 0.458594 0.135417 0.067187
5 0.331250 0.516406 0.116667 0.054688
5 0.615625 0.741406 0.547917 0.198437
5 0.295833 0.727344 0.091667 0.079687
6 0.444792 0.515625 0.106250 0.234375
6 0.369792 0.543750 0.056250 0.081250
6 0.710417 0.653125 0.504167 0.281250
6 0.391667 0.699219 0.104167 0.251563
7 0.219792 0.058594 0.347917 0.085938
7 0.241667 0.135156 0.112500 0.057813
7 0.247917 0.456250 0.095833 0.059375
8 0.500000 0.514844 0.037500 0.073438
8 0.552083 0.622656 0.087500 0.214062
8 0.495833 0.592187 0.033333 0.078125
8 0.465625 0.693750 0.060417 0.109375
8 0.412500 0.682031 0.033333 0.076563
8 0.355208 0.671094 0.018750 0.029687
8 0.435417 0.739062 0.045833 0.112500