1 0.270833 0.153906 0.512500 0.279687
1 0.230208 0.475000 0.418750 0.181250
1 0.301042 0.699219 0.556250 0.239063
1 0.323958 0.898438 0.614583 0.181250
2 0.752083 0.292969 0.475000 0.557813
3 0.736458 0.548438 0.322917 0.206250
5 0.603125 0.360938 0.335417 0.215625
5 0.788542 0.775781 0.406250 0.429688
6 0.464583 0.082812 0.200000 0.134375
7 0.257292 0.330469 0.477083 0.098437
7 0.148958 0.575000 0.264583 0.087500
7 0.298958 0.835156 0.568750 0.101562
8 0.316667 0.060156 0.087500 0.092188
8 0.477083 0.071094 0.100000 0.029687
8 0.466667 0.113281 0.116667 0.039062
8 0.460417 0.590625 0.345833 0.243750