1 0.097917 0.127344 0.162500 0.176563
1 0.207292 0.418750 0.381250 0.287500
1 0.198958 0.649219 0.368750 0.185938
2 0.814583 0.677344 0.345833 0.435937
5 0.561458 0.143750 0.122917 0.043750
5 0.688542 0.511719 0.606250 0.626563
5 0.404167 0.500000 0.137500 0.225000
6 0.808333 0.163281 0.366667 0.295312
6 0.798958 0.879687 0.381250 0.221875
7 0.359375 0.254688 0.693750 0.431250
7 0.611458 0.095312 0.164583 0.084375
7 0.332292 0.817969 0.639583 0.220312
7 0.309375 0.931250 0.589583 0.118750
8 0.705208 0.101562 0.060417 0.046875
8 0.479167 0.404687 0.250000 0.293750
8 0.697917 0.474219 0.054167 0.051562
8 0.440625 0.610938 0.247917 0.150000
8 0.691667 0.965625 0.133333 0.050000