1 0.166667 0.554688 0.304167 0.165625
1 0.211458 0.759375 0.389583 0.237500
1 0.246875 0.929688 0.456250 0.118750
1 0.076042 0.896094 0.122917 0.032813
2 0.800000 0.346094 0.379167 0.660937
2 0.933333 0.706250 0.112500 0.171875
2 0.885417 0.788281 0.087500 0.029687
2 0.857292 0.803125 0.056250 0.018750
2 0.793750 0.910156 0.391667 0.157812
2 0.528125 0.938281 0.131250 0.101562
5 0.622917 0.571875 0.566667 0.503125
5 0.337500 0.592969 0.075000 0.157812
5 0.492708 0.869531 0.077083 0.026562
6 0.761458 0.153906 0.431250 0.279687
6 0.770833 0.838281 0.433333 0.285938
7 0.281250 0.158594 0.537500 0.289062
7 0.301042 0.399219 0.568750 0.232813
7 0.170833 0.734375 0.250000 0.143750
7 0.348958 0.867188 0.477083 0.209375
7 0.584375 0.855469 0.097917 0.095312
8 0.460417 0.030469 0.179167 0.035937
8 0.653125 0.083594 0.147917 0.135937
8 0.571875 0.042188 0.031250 0.021875
8 0.554167 0.065625 0.279167 0.062500
8 0.434375 0.556250 0.197917 0.125000
8 0.429167 0.624219 0.170833 0.160938