1 0.303125 0.113281 0.581250 0.198437
1 0.604167 0.072656 0.029167 0.114062
1 0.600000 0.168750 0.020833 0.037500
1 0.142708 0.742188 0.256250 0.028125
1 0.156250 0.831250 0.287500 0.153125
1 0.242708 0.941406 0.452083 0.098437
2 0.790625 0.329688 0.402083 0.631250
2 0.855208 0.392969 0.268750 0.414062
5 0.529167 0.227344 0.333333 0.242188
5 0.646875 0.785937 0.689583 0.409375
6 0.562500 0.472656 0.200000 0.179688
7 0.139583 0.072656 0.254167 0.123438
7 0.272917 0.310937 0.516667 0.312500
7 0.295833 0.590625 0.558333 0.284375
8 0.610417 0.359375 0.170833 0.071875
8 0.423958 0.473438 0.106250 0.162500
8 0.361458 0.747656 0.202083 0.157812