1 0.228125 0.262500 0.418750 0.490625
2 0.779167 0.115625 0.420833 0.203125
2 0.619792 0.423438 0.114583 0.075000
2 0.726042 0.741406 0.527083 0.495312
2 0.287500 0.949219 0.083333 0.082812
2 0.440625 0.954688 0.072917 0.068750
3 0.204167 0.711719 0.383333 0.401562
5 0.518750 0.225000 0.175000 0.284375
5 0.775000 0.335156 0.433333 0.464062
5 0.539583 0.503125 0.308333 0.131250
5 0.607292 0.592187 0.181250 0.018750
5 0.353125 0.656250 0.018750 0.106250
5 0.620833 0.730469 0.329167 0.170313
5 0.544792 0.836719 0.122917 0.042188
5 0.513542 0.875781 0.314583 0.079687
6 0.553125 0.716406 0.397917 0.326562
7 0.295833 0.280469 0.262500 0.267188
8 0.466667 0.099219 0.216667 0.148438
8 0.375000 0.232813 0.120833 0.071875
8 0.422917 0.316406 0.041667 0.067187
8 0.364583 0.371094 0.129167 0.057813
8 0.346875 0.476562 0.118750 0.121875
8 0.087500 0.757812 0.050000 0.021875
8 0.201042 0.762500 0.039583 0.021875