1 0.397917 0.398438 0.762500 0.775000
1 0.459375 0.341406 0.289583 0.042188
2 0.689583 0.192188 0.150000 0.350000
2 0.833333 0.209375 0.058333 0.118750
2 0.775000 0.311719 0.045833 0.070312
2 0.911458 0.428125 0.156250 0.075000
3 0.501042 0.828125 0.972917 0.321875
4 0.905208 0.341406 0.131250 0.126562
4 0.789583 0.614844 0.137500 0.167187
5 0.808333 0.058594 0.104167 0.089063
5 0.940625 0.209375 0.097917 0.390625
5 0.805208 0.136719 0.093750 0.095312
6 0.814583 0.256250 0.183333 0.243750
7 0.475000 0.175000 0.320833 0.318750
7 0.721875 0.448437 0.052083 0.018750
7 0.234375 0.741406 0.085417 0.060937
7 0.484375 0.890625 0.068750 0.053125
7 0.613542 0.890625 0.139583 0.043750
8 0.039583 0.100000 0.025000 0.053125
8 0.782292 0.198437 0.052083 0.021875
8 0.797917 0.207031 0.058333 0.023438
8 0.737500 0.259375 0.041667 0.081250
8 0.808333 0.239844 0.029167 0.035937
8 0.770833 0.262500 0.058333 0.025000
8 0.469792 0.439844 0.031250 0.017188
8 0.497917 0.772656 0.266667 0.067187
8 0.342708 0.874219 0.127083 0.089063