1 0.427083 0.213281 0.304167 0.395313
1 0.181250 0.553125 0.329167 0.103125
1 0.154167 0.646875 0.275000 0.103125
2 0.773958 0.060156 0.435417 0.098437
2 0.639583 0.767188 0.091667 0.175000
2 0.415625 0.865625 0.214583 0.246875
2 0.552083 0.931250 0.079167 0.118750
4 0.780208 0.517969 0.410417 0.429688
4 0.537500 0.599219 0.204167 0.320312
5 0.650000 0.452344 0.679167 0.798438
5 0.882292 0.625781 0.206250 0.307812
5 0.660417 0.612500 0.204167 0.218750
6 0.807292 0.829688 0.364583 0.321875
6 0.601042 0.933594 0.056250 0.114062
8 0.581250 0.353906 0.283333 0.264062
8 0.577083 0.792188 0.091667 0.046875
8 0.592708 0.846094 0.089583 0.060937
8 0.639583 0.941406 0.079167 0.098437
8 0.533333 0.959375 0.062500 0.062500