1 0.293750 0.419531 0.558333 0.407813
1 0.436458 0.804688 0.239583 0.212500
2 0.633333 0.121875 0.058333 0.209375
2 0.676042 0.064062 0.064583 0.096875
2 0.711458 0.096094 0.106250 0.160938
2 0.959375 0.639062 0.056250 0.143750
2 0.598958 0.864062 0.072917 0.087500
3 0.391667 0.467187 0.295833 0.243750
5 0.784375 0.095312 0.131250 0.168750
5 0.759375 0.571875 0.464583 0.618750
6 0.840625 0.335938 0.297917 0.650000
6 0.686458 0.221875 0.139583 0.100000
6 0.828125 0.918750 0.322917 0.146875
7 0.417708 0.182812 0.381250 0.103125
7 0.293750 0.293750 0.079167 0.068750
7 0.389583 0.302344 0.087500 0.073438
7 0.137500 0.795312 0.245833 0.218750
7 0.441667 0.798438 0.129167 0.143750
8 0.629167 0.255469 0.050000 0.017188
8 0.512500 0.621094 0.083333 0.060937
8 0.264583 0.754687 0.037500 0.025000
8 0.203125 0.936719 0.102083 0.035937
8 0.748958 0.960156 0.047917 0.054688