1 0.064583 0.167969 0.104167 0.307812
1 0.187500 0.212500 0.170833 0.090625
1 0.232292 0.545312 0.431250 0.425000
2 0.792708 0.125000 0.393750 0.228125
2 0.529167 0.108594 0.145833 0.135937
2 0.595833 0.530469 0.070833 0.110937
2 0.617708 0.921875 0.089583 0.125000
3 0.363542 0.561719 0.385417 0.273438
5 0.706250 0.348438 0.562500 0.471875
5 0.802083 0.866406 0.375000 0.248438
6 0.921875 0.460938 0.139583 0.228125
6 0.966667 0.718750 0.037500 0.034375
7 0.346875 0.078125 0.247917 0.128125
7 0.375000 0.219531 0.258333 0.114062
7 0.222917 0.389062 0.091667 0.065625
7 0.320833 0.392969 0.087500 0.067187
7 0.103125 0.915625 0.177083 0.150000
8 0.970833 0.489063 0.041667 0.090625
8 0.659375 0.489844 0.043750 0.054688
8 0.683333 0.496875 0.020833 0.050000
8 0.641667 0.531250 0.079167 0.084375
8 0.926042 0.545312 0.064583 0.065625
8 0.509375 0.560156 0.093750 0.073438
8 0.952083 0.582812 0.075000 0.050000
8 0.620833 0.582812 0.083333 0.031250
8 0.920833 0.643750 0.137500 0.121875
8 0.580208 0.646875 0.143750 0.087500
8 0.832292 0.657031 0.089583 0.067187
8 0.751042 0.656250 0.181250 0.059375
8 0.631250 0.730469 0.083333 0.139063
8 0.753125 0.733594 0.131250 0.079687
8 0.854167 0.753125 0.100000 0.100000
8 0.935417 0.810156 0.108333 0.207813
8 0.503125 0.727344 0.110417 0.032813
8 0.727083 0.828906 0.100000 0.107813
8 0.653125 0.842969 0.039583 0.067187
8 0.443750 0.924219 0.183333 0.129688
8 0.203125 0.909375 0.043750 0.025000