1 0.472917 0.800781 0.916667 0.376563
2 0.887500 0.301563 0.204167 0.575000
3 0.478125 0.349219 0.922917 0.670312
3 0.878125 0.789844 0.218750 0.389062
7 0.229167 0.392969 0.062500 0.060937
7 0.311458 0.400000 0.056250 0.059375
7 0.183333 0.514844 0.083333 0.057813
7 0.271875 0.539062 0.077083 0.081250
7 0.363542 0.529687 0.064583 0.059375
7 0.364583 0.581250 0.062500 0.053125
7 0.420833 0.768750 0.383333 0.187500
8 0.717708 0.210156 0.335417 0.182812
8 0.340625 0.164062 0.068750 0.075000
8 0.188542 0.202344 0.081250 0.060937
8 0.135417 0.422656 0.075000 0.079687
8 0.300000 0.456250 0.045833 0.031250
8 0.080208 0.560156 0.081250 0.064062
8 0.852083 0.743750 0.150000 0.137500
8 0.697917 0.968750 0.083333 0.043750