1 0.222917 0.551562 0.416667 0.418750
2 0.887500 0.051562 0.204167 0.075000
2 0.907292 0.160156 0.164583 0.117188
2 0.808333 0.320312 0.104167 0.062500
2 0.750000 0.588281 0.087500 0.039062
2 0.787500 0.671875 0.083333 0.065625
2 0.717708 0.819531 0.543750 0.342187
5 0.762500 0.195312 0.462500 0.334375
5 0.873958 0.428906 0.227083 0.476562
5 0.419792 0.458594 0.043750 0.132812
5 0.717708 0.734375 0.518750 0.265625
5 0.383333 0.807813 0.270833 0.362500
6 0.635417 0.423438 0.416667 0.675000
7 0.403125 0.192969 0.781250 0.364063
7 0.071875 0.588281 0.110417 0.170313
8 0.345833 0.766406 0.129167 0.114062
8 0.351042 0.860938 0.089583 0.103125
8 0.292708 0.939063 0.102083 0.093750