1 0.137500 0.152344 0.241667 0.276562
1 0.456250 0.083594 0.408333 0.142187
1 0.454167 0.809375 0.541667 0.312500
1 0.762500 0.977344 0.312500 0.023438
2 0.961458 0.116406 0.060417 0.117188
2 0.967708 0.225781 0.043750 0.051562
2 0.895833 0.441406 0.187500 0.348438
2 0.906250 0.873437 0.170833 0.231250
3 0.575000 0.458594 0.591667 0.526563
5 0.773958 0.136719 0.214583 0.245312
5 0.854167 0.594531 0.270833 0.448437
6 0.926042 0.128906 0.131250 0.229687
6 0.931250 0.212500 0.120833 0.115625
6 0.855208 0.281250 0.043750 0.059375
7 0.366667 0.021875 0.075000 0.018750
7 0.442708 0.021094 0.064583 0.017188
7 0.503125 0.021875 0.043750 0.018750
7 0.516667 0.542969 0.029167 0.026562
7 0.609375 0.575781 0.060417 0.054688
7 0.506250 0.574219 0.045833 0.032813
7 0.622917 0.635938 0.033333 0.037500
7 0.488542 0.978906 0.231250 0.023438
8 0.862500 0.121875 0.079167 0.062500
8 0.641667 0.122656 0.041667 0.042188
8 0.665625 0.164844 0.014583 0.054688
8 0.806250 0.198437 0.045833 0.093750
8 0.822917 0.204687 0.037500 0.100000
8 0.854167 0.189062 0.020833 0.062500
8 0.861458 0.226562 0.022917 0.062500
8 0.494792 0.295312 0.068750 0.131250
8 0.428125 0.296875 0.060417 0.131250
8 0.372917 0.298438 0.050000 0.128125
8 0.611458 0.314063 0.022917 0.078125
8 0.557292 0.429688 0.143750 0.131250
8 0.451042 0.435937 0.064583 0.121875
8 0.378125 0.439063 0.064583 0.115625
8 0.363542 0.598437 0.068750 0.184375
8 0.447917 0.536719 0.029167 0.035937
8 0.447917 0.578906 0.029167 0.023438