1 0.171875 0.500000 0.314583 0.978125
1 0.472917 0.919531 0.358333 0.135937
1 0.632292 0.982031 0.064583 0.010937
2 0.893750 0.183594 0.191667 0.242188
2 0.935417 0.708594 0.108333 0.170313
4 0.710417 0.423438 0.116667 0.131250
4 0.784375 0.503125 0.031250 0.025000
5 0.803125 0.611719 0.372917 0.754687
6 0.495833 0.497656 0.504167 0.714063
6 0.902083 0.867188 0.179167 0.243750
7 0.531250 0.055469 0.916667 0.089063
7 0.389583 0.128906 0.141667 0.026562
7 0.544792 0.320312 0.039583 0.025000
7 0.471875 0.337500 0.052083 0.025000
7 0.548958 0.353906 0.031250 0.023438
7 0.477083 0.363281 0.037500 0.017188
7 0.481250 0.385937 0.037500 0.021875
7 0.550000 0.392969 0.033333 0.035937
7 0.470833 0.427344 0.054167 0.057813
7 0.540625 0.490625 0.056250 0.040625
7 0.546875 0.532813 0.035417 0.031250
7 0.047917 0.811719 0.045833 0.082812
8 0.325000 0.236719 0.066667 0.151562
8 0.391667 0.235937 0.062500 0.150000
8 0.464583 0.235937 0.062500 0.150000
8 0.402083 0.392188 0.066667 0.137500
8 0.338542 0.395313 0.060417 0.140625
8 0.351042 0.539844 0.060417 0.120313
8 0.412500 0.564063 0.041667 0.018750
8 0.540625 0.571094 0.043750 0.032813
8 0.364583 0.664062 0.050000 0.112500
8 0.421875 0.664062 0.056250 0.115625
8 0.479167 0.613281 0.041667 0.010937
8 0.486458 0.632031 0.039583 0.014063
8 0.486458 0.668750 0.031250 0.021875
8 0.487500 0.689063 0.029167 0.015625
8 0.753125 0.754687 0.027083 0.081250
8 0.378125 0.778906 0.043750 0.098437
8 0.488542 0.776563 0.047917 0.093750
8 0.860417 0.951562 0.104167 0.078125
8 0.775000 0.955469 0.033333 0.060937
8 0.612500 0.958594 0.116667 0.060937
8 0.860417 0.965625 0.050000 0.050000
8 0.932292 0.971094 0.043750 0.042188