1 0.902083 0.214062 0.162500 0.309375
1 0.498958 0.410938 0.847917 0.687500
1 0.083333 0.211719 0.133333 0.273438
1 0.163542 0.632031 0.293750 0.717187
1 0.461458 0.872656 0.335417 0.232813
2 0.920833 0.228906 0.137500 0.320312
2 0.797917 0.419531 0.066667 0.057813
2 0.852083 0.801562 0.266667 0.375000
5 0.875000 0.689844 0.233333 0.598437
5 0.709375 0.521875 0.172917 0.187500
5 0.693750 0.705469 0.195833 0.145313
5 0.701042 0.895312 0.156250 0.187500
6 0.685417 0.773438 0.100000 0.065625
6 0.838542 0.892188 0.160417 0.193750
7 0.588542 0.240625 0.156250 0.134375
7 0.334375 0.243750 0.177083 0.137500
7 0.797917 0.207031 0.041667 0.017188
7 0.458333 0.457031 0.112500 0.051562
7 0.044792 0.490625 0.031250 0.059375
7 0.506250 0.590625 0.233333 0.065625
7 0.469792 0.716406 0.085417 0.029687
7 0.607292 0.755469 0.060417 0.057813
7 0.609375 0.803125 0.056250 0.034375
7 0.500000 0.918750 0.266667 0.143750
7 0.215625 0.928906 0.027083 0.064062
8 0.461458 0.216406 0.043750 0.026562
8 0.665625 0.491406 0.043750 0.023438
8 0.634375 0.682813 0.039583 0.034375
8 0.752083 0.847656 0.058333 0.104688
8 0.731250 0.892969 0.037500 0.089063
8 0.717708 0.892188 0.027083 0.059375