1 0.082292 0.246094 0.139583 0.470313
1 0.287500 0.230469 0.312500 0.123438
2 0.750000 0.172656 0.479167 0.323437
2 0.914583 0.409375 0.150000 0.100000
2 0.850000 0.492969 0.075000 0.023438
3 0.333333 0.621875 0.333333 0.153125
5 0.654167 0.371094 0.675000 0.717187
5 0.426042 0.313281 0.122917 0.207813
5 0.458333 0.307031 0.033333 0.020313
5 0.428125 0.528906 0.114583 0.085938
5 0.455208 0.667969 0.147917 0.129688
5 0.493750 0.890625 0.204167 0.196875
6 0.694792 0.601562 0.589583 0.778125
6 0.584375 0.271094 0.064583 0.032813
7 0.323958 0.167969 0.256250 0.057813
7 0.278125 0.278906 0.156250 0.045312
7 0.238542 0.415625 0.447917 0.250000
7 0.154167 0.576562 0.054167 0.028125
7 0.122917 0.744531 0.070833 0.048438
7 0.282292 0.880469 0.539583 0.220312
7 0.543750 0.824219 0.041667 0.032813
7 0.469792 0.832812 0.077083 0.037500
7 0.553125 0.864844 0.043750 0.017188
7 0.478125 0.871094 0.072917 0.017188
7 0.556250 0.881250 0.037500 0.015625
7 0.484375 0.894531 0.072917 0.032813
7 0.567708 0.916406 0.035417 0.023438
7 0.491667 0.934375 0.079167 0.043750
7 0.518750 0.973437 0.170833 0.031250
8 0.066667 0.174219 0.108333 0.232813
8 0.419792 0.431250 0.102083 0.018750
8 0.505208 0.471094 0.085417 0.076563
8 0.488542 0.518750 0.152083 0.021875
8 0.137500 0.620313 0.075000 0.046875