1 0.247917 0.207031 0.470833 0.385937
1 0.246875 0.675000 0.468750 0.628125
2 0.659375 0.561719 0.656250 0.842187
2 0.348958 0.262500 0.035417 0.050000
3 0.357292 0.532031 0.264583 0.170313
5 0.663542 0.194531 0.656250 0.367188
5 0.557292 0.565625 0.318750 0.146875
5 0.722917 0.917188 0.533333 0.146875
6 0.778125 0.664844 0.410417 0.335938
7 0.142708 0.316406 0.135417 0.085938
7 0.079167 0.534375 0.129167 0.068750
7 0.105208 0.676562 0.177083 0.028125
7 0.093750 0.815625 0.154167 0.090625
8 0.779167 0.600781 0.100000 0.157812
8 0.746875 0.669531 0.156250 0.157812
8 0.616667 0.746094 0.083333 0.173437