1 0.310417 0.348438 0.591667 0.668750
1 0.241667 0.756250 0.045833 0.068750
1 0.178125 0.903125 0.306250 0.175000
2 0.686458 0.800000 0.610417 0.381250
3 0.210417 0.744531 0.008333 0.123438
3 0.279167 0.778125 0.012500 0.075000
3 0.309375 0.780469 0.056250 0.070312
5 0.789583 0.139844 0.400000 0.257812
5 0.440625 0.242188 0.210417 0.162500
5 0.396875 0.406250 0.164583 0.109375
5 0.626042 0.700000 0.731250 0.565625
5 0.366667 0.499219 0.141667 0.085938
5 0.350000 0.576562 0.112500 0.062500
5 0.328125 0.649219 0.127083 0.101562
5 0.309375 0.727344 0.081250 0.035937
6 0.659375 0.431250 0.660417 0.815625
6 0.479167 0.759375 0.158333 0.040625
7 0.141667 0.296094 0.250000 0.126562
7 0.154167 0.467969 0.254167 0.139063
7 0.165625 0.586719 0.164583 0.051562
7 0.157292 0.954688 0.139583 0.071875
8 0.266667 0.706250 0.020833 0.040625
8 0.072917 0.789844 0.116667 0.135937
8 0.185417 0.747656 0.041667 0.014063