1 0.139583 0.081250 0.250000 0.134375
1 0.275000 0.359375 0.520833 0.406250
1 0.501042 0.772656 0.972917 0.429688
2 0.788542 0.242969 0.406250 0.448437
5 0.717708 0.044531 0.547917 0.067187
5 0.677083 0.593750 0.625000 0.334375
6 0.467708 0.117188 0.385417 0.209375
7 0.060417 0.032813 0.095833 0.043750
7 0.251042 0.043750 0.085417 0.056250
7 0.153125 0.133594 0.277083 0.142187
7 0.229167 0.093750 0.029167 0.046875
8 0.528125 0.108594 0.102083 0.123438
8 0.270833 0.098437 0.058333 0.075000
8 0.630208 0.126562 0.093750 0.115625
8 0.571875 0.262500 0.118750 0.115625
8 0.579167 0.389062 0.133333 0.100000