1 0.390625 0.075000 0.752083 0.121875
1 0.262500 0.733594 0.500000 0.426563
2 0.873958 0.076563 0.235417 0.125000
2 0.767708 0.199219 0.110417 0.060937
5 0.750000 0.227344 0.479167 0.410938
5 0.501042 0.467969 0.189583 0.260937
5 0.754167 0.730469 0.475000 0.517188
5 0.472917 0.632031 0.150000 0.101562
5 0.460417 0.717969 0.137500 0.095312
6 0.714583 0.560937 0.441667 0.787500
6 0.936458 0.452344 0.106250 0.032813
7 0.330208 0.303906 0.631250 0.429688
7 0.276042 0.618750 0.168750 0.112500
7 0.281250 0.817969 0.225000 0.101562
8 0.369792 0.674219 0.031250 0.020313
8 0.333333 0.680469 0.025000 0.023438