1 0.393750 0.107031 0.758333 0.192188
1 0.175000 0.426563 0.312500 0.287500
1 0.269792 0.793750 0.510417 0.390625
2 0.879167 0.131250 0.225000 0.240625
2 0.528125 0.297656 0.085417 0.076563
2 0.513542 0.368750 0.031250 0.037500
2 0.509375 0.445312 0.018750 0.021875
3 0.631250 0.949219 0.216667 0.079687
5 0.818750 0.261719 0.337500 0.126562
5 0.700000 0.269531 0.366667 0.092188
5 0.422917 0.454688 0.220833 0.237500
5 0.508333 0.704688 0.191667 0.109375
5 0.576042 0.832031 0.247917 0.167187
6 0.751042 0.631250 0.481250 0.715625
7 0.664583 0.067187 0.045833 0.021875
7 0.248958 0.284375 0.327083 0.225000
7 0.089583 0.495312 0.104167 0.159375
7 0.254167 0.494531 0.070833 0.148438
7 0.078125 0.701562 0.122917 0.181250
7 0.237500 0.671875 0.158333 0.106250
7 0.305208 0.800781 0.297917 0.123438
8 0.051042 0.277344 0.068750 0.229687
8 0.435417 0.239844 0.166667 0.095312
8 0.588542 0.597656 0.322917 0.157812