1 0.326042 0.301563 0.614583 0.303125
1 0.385417 0.462500 0.345833 0.056250
1 0.294792 0.568750 0.560417 0.212500
1 0.405208 0.740625 0.118750 0.128125
2 0.732292 0.277344 0.202083 0.042188
2 0.772917 0.563281 0.429167 0.404687
3 0.712500 0.752344 0.558333 0.476562
5 0.436458 0.175000 0.397917 0.096875
5 0.576042 0.239063 0.339583 0.053125
5 0.740625 0.327344 0.489583 0.082812
6 0.730208 0.164062 0.518750 0.300000
6 0.393750 0.075781 0.120833 0.117188
7 0.188542 0.066406 0.306250 0.104688
7 0.158333 0.156250 0.075000 0.046875
7 0.327083 0.338281 0.604167 0.282813
7 0.203125 0.834375 0.377083 0.309375
8 0.373958 0.628906 0.185417 0.123438
8 0.461458 0.871094 0.260417 0.195312