1 0.300000 0.303906 0.562500 0.585938
1 0.216667 0.134375 0.150000 0.065625
2 0.735417 0.433594 0.500000 0.389062
3 0.381250 0.144531 0.187500 0.082812
3 0.734375 0.753125 0.506250 0.381250
3 0.553125 0.773438 0.035417 0.025000
5 0.460417 0.094531 0.095833 0.157812
5 0.715625 0.142187 0.547917 0.246875
6 0.745833 0.096875 0.495833 0.171875
7 0.302083 0.297656 0.312500 0.270313
7 0.232292 0.519531 0.152083 0.110937
7 0.480208 0.630469 0.043750 0.123438
7 0.502083 0.793750 0.975000 0.390625
8 0.596875 0.068750 0.047917 0.093750
8 0.543750 0.771094 0.183333 0.126562