1 0.257292 0.210938 0.472917 0.187500
1 0.239583 0.313281 0.441667 0.104688
2 0.880208 0.077344 0.218750 0.126562
2 0.513542 0.047656 0.152083 0.064062
3 0.442708 0.743750 0.210417 0.384375
5 0.783333 0.237500 0.416667 0.450000
5 0.479167 0.144531 0.166667 0.176563
5 0.458333 0.725000 0.133333 0.184375
5 0.932292 0.935156 0.118750 0.110937
6 0.721875 0.517188 0.539583 0.937500
7 0.162500 0.203906 0.170833 0.123438
7 0.293750 0.661719 0.554167 0.657813
7 0.235417 0.717969 0.279167 0.123438
8 0.471875 0.520312 0.260417 0.118750
8 0.309375 0.621875 0.077083 0.009375
8 0.313542 0.639844 0.085417 0.010937
8 0.580208 0.764844 0.072917 0.148438
8 0.378125 0.867969 0.027083 0.076563