1 0.590625 0.056250 0.589583 0.090625
1 0.269792 0.221875 0.510417 0.415625
1 0.061458 0.332031 0.102083 0.301563
1 0.227083 0.704688 0.420833 0.565625
1 0.370833 0.499219 0.341667 0.076563
2 0.883333 0.178125 0.216667 0.328125
2 0.939583 0.514062 0.083333 0.065625
2 0.815625 0.775781 0.347917 0.426563
3 0.533333 0.186719 0.620833 0.329688
3 0.489583 0.492188 0.108333 0.025000
3 0.480208 0.550781 0.089583 0.039062
3 0.486458 0.621875 0.068750 0.021875
3 0.528125 0.829688 0.214583 0.318750
5 0.803125 0.428906 0.372917 0.273438
5 0.568750 0.387500 0.091667 0.078125
5 0.541667 0.464062 0.083333 0.056250
5 0.703125 0.662500 0.389583 0.175000
5 0.486458 0.666406 0.068750 0.079687
5 0.651042 0.681250 0.047917 0.034375
5 0.644792 0.754687 0.318750 0.043750
6 0.692708 0.284375 0.031250 0.031250
6 0.734375 0.552344 0.427083 0.329688
7 0.394792 0.441406 0.385417 0.076563
7 0.346875 0.580469 0.343750 0.057813
7 0.261458 0.806250 0.264583 0.271875
8 0.054167 0.526563 0.070833 0.184375
8 0.419792 0.636719 0.068750 0.064062
8 0.411458 0.863281 0.047917 0.010937
8 0.398958 0.950000 0.068750 0.012500
8 0.391667 0.982812 0.075000 0.012500