1 0.120833 0.109375 0.204167 0.165625
1 0.229167 0.224219 0.333333 0.117188
1 0.339583 0.614062 0.645833 0.746875
2 0.822917 0.051562 0.337500 0.081250
2 0.968750 0.182812 0.045833 0.034375
2 0.825000 0.857812 0.183333 0.118750
2 0.891667 0.969531 0.191667 0.039062
3 0.352083 0.740625 0.641667 0.384375
5 0.469792 0.039062 0.160417 0.053125
5 0.793750 0.257812 0.395833 0.490625
5 0.526042 0.114062 0.106250 0.131250
5 0.472917 0.364844 0.154167 0.085938
5 0.525000 0.491406 0.120833 0.095312
5 0.554167 0.649219 0.137500 0.129688
5 0.816667 0.863281 0.345833 0.248438
6 0.758333 0.489063 0.462500 0.875000
7 0.295833 0.096094 0.362500 0.139063
7 0.387500 0.208594 0.320833 0.204687
7 0.228125 0.211719 0.064583 0.026562
7 0.236458 0.275000 0.181250 0.046875
7 0.276042 0.459375 0.177083 0.112500
8 0.613542 0.358594 0.052083 0.076563
8 0.630208 0.414062 0.052083 0.087500
8 0.601042 0.419531 0.027083 0.042188