1 0.503125 0.550000 0.977083 0.881250
1 0.073958 0.611719 0.118750 0.757812
1 0.450000 0.796875 0.425000 0.387500
1 0.648958 0.685937 0.027083 0.018750
1 0.644792 0.745313 0.035417 0.025000
2 0.946875 0.568750 0.085417 0.078125
2 0.887500 0.632812 0.041667 0.031250
2 0.728125 0.756250 0.106250 0.034375
2 0.719792 0.821875 0.118750 0.093750
3 0.814583 0.385937 0.350000 0.315625
5 0.813542 0.620313 0.352083 0.137500
5 0.692708 0.725781 0.197917 0.123438
5 0.684375 0.914844 0.185417 0.148438
6 0.883333 0.823438 0.212500 0.331250
7 0.502083 0.082812 0.979167 0.143750
7 0.338542 0.224219 0.427083 0.051562
7 0.383333 0.423438 0.195833 0.125000
7 0.447917 0.644531 0.137500 0.067187
7 0.451042 0.748437 0.143750 0.084375
8 0.612500 0.381250 0.095833 0.084375
8 0.636458 0.494531 0.027083 0.057813
8 0.496875 0.670312 0.052083 0.031250