1 0.503125 0.500000 0.977083 0.978125
1 0.836458 0.155469 0.139583 0.076563
1 0.783333 0.312500 0.008333 0.053125
1 0.453125 0.314844 0.072917 0.010937
1 0.743750 0.400781 0.100000 0.092188
2 0.966667 0.109375 0.045833 0.025000
2 0.903125 0.192188 0.172917 0.109375
2 0.891667 0.617969 0.200000 0.735938
6 0.737500 0.266406 0.508333 0.420312
7 0.041667 0.025781 0.058333 0.029687
7 0.138542 0.901563 0.243750 0.178125
8 0.558333 0.204687 0.154167 0.112500
8 0.470833 0.303906 0.183333 0.079687
8 0.488542 0.358594 0.131250 0.026562
8 0.481250 0.393750 0.129167 0.028125