1 0.110417 0.414844 0.191667 0.801562
1 0.303125 0.282031 0.277083 0.532813
1 0.273958 0.681250 0.352083 0.253125
1 0.471875 0.889062 0.914583 0.206250
2 0.822917 0.263281 0.333333 0.504687
2 0.972917 0.599219 0.037500 0.101562
2 0.846875 0.820312 0.289583 0.340625
3 0.568750 0.119531 0.204167 0.214062
3 0.494792 0.264844 0.056250 0.051562
3 0.489583 0.417969 0.062500 0.101562
5 0.597917 0.221094 0.287500 0.051562
5 0.723958 0.518750 0.535417 0.562500
5 0.486458 0.325000 0.068750 0.081250
5 0.488542 0.481250 0.085417 0.043750
5 0.502083 0.519531 0.100000 0.051562
5 0.512500 0.563281 0.112500 0.054688
5 0.493750 0.639844 0.095833 0.095312
6 0.601042 0.422656 0.177083 0.295312
7 0.303125 0.191406 0.152083 0.095312
7 0.452083 0.171094 0.041667 0.045312
7 0.108333 0.200781 0.029167 0.035937
7 0.312500 0.310937 0.145833 0.084375
7 0.436458 0.373437 0.047917 0.037500
7 0.312500 0.422656 0.133333 0.076563
7 0.429167 0.441406 0.054167 0.045312
7 0.139583 0.487500 0.029167 0.028125
7 0.418750 0.535156 0.054167 0.054688
7 0.335417 0.704688 0.250000 0.175000
7 0.373958 0.918750 0.447917 0.140625
7 0.786458 0.939063 0.056250 0.021875
8 0.464583 0.057813 0.045833 0.059375
8 0.363542 0.537500 0.081250 0.059375