1 0.401042 0.745313 0.772917 0.490625
2 0.909375 0.263281 0.160417 0.195312
2 0.942708 0.483594 0.097917 0.220312
2 0.883333 0.865625 0.216667 0.250000
5 0.866667 0.092188 0.250000 0.162500
5 0.593750 0.066406 0.291667 0.101562
5 0.725000 0.357812 0.529167 0.240625
5 0.739583 0.645312 0.500000 0.275000
5 0.678125 0.805469 0.447917 0.164062
5 0.466667 0.767969 0.045833 0.051562
6 0.773958 0.492969 0.427083 0.273438
6 0.512500 0.546094 0.062500 0.104688
6 0.515625 0.675000 0.060417 0.056250
6 0.723958 0.838281 0.181250 0.020313
7 0.385417 0.255469 0.745833 0.485938
7 0.197917 0.624219 0.258333 0.110937
7 0.196875 0.892188 0.322917 0.196875
8 0.712500 0.064062 0.250000 0.106250
8 0.472917 0.359375 0.166667 0.171875
8 0.492708 0.467187 0.056250 0.050000
8 0.556250 0.513281 0.062500 0.123438
8 0.621875 0.495312 0.039583 0.075000
8 0.566667 0.617969 0.070833 0.089063
8 0.492708 0.635156 0.081250 0.117188
8 0.934375 0.757031 0.110417 0.220312
8 0.477083 0.722656 0.062500 0.032813
8 0.718750 0.875000 0.129167 0.053125