1 0.245833 0.060156 0.466667 0.098437
1 0.203125 0.379688 0.377083 0.046875
1 0.504167 0.708594 0.975000 0.564063
1 0.507292 0.634375 0.664583 0.034375
1 0.833333 0.717187 0.037500 0.031250
1 0.776042 0.725781 0.081250 0.032813
1 0.640625 0.751563 0.031250 0.050000
1 0.832292 0.781250 0.039583 0.075000
1 0.794792 0.800781 0.097917 0.098437
1 0.739583 0.789062 0.033333 0.056250
1 0.655208 0.829688 0.043750 0.081250
1 0.723958 0.835156 0.035417 0.014063
1 0.862500 0.840625 0.050000 0.025000
2 0.948958 0.071094 0.085417 0.110937
2 0.943750 0.281250 0.091667 0.125000
2 0.765625 0.549219 0.447917 0.339062
2 0.941667 0.784375 0.095833 0.153125
2 0.877083 0.781250 0.045833 0.084375
2 0.878125 0.838281 0.035417 0.020313
2 0.954167 0.896875 0.070833 0.053125
5 0.710417 0.107813 0.562500 0.187500
5 0.709375 0.274219 0.564583 0.210938
5 0.570833 0.478125 0.270833 0.115625
5 0.708333 0.794531 0.562500 0.220312
7 0.640625 0.232031 0.506250 0.329688
7 0.200000 0.221875 0.370833 0.262500
7 0.880208 0.282031 0.035417 0.095312
7 0.436458 0.414062 0.843750 0.028125
7 0.372917 0.504687 0.320833 0.156250
7 0.436458 0.654687 0.835417 0.068750
7 0.661458 0.710938 0.222917 0.037500
7 0.741667 0.788281 0.029167 0.051562
8 0.180208 0.650781 0.056250 0.014063
8 0.340625 0.731250 0.047917 0.021875
8 0.510417 0.771094 0.054167 0.073438
8 0.215625 0.784375 0.047917 0.040625