1 0.203125 0.405469 0.372917 0.589063
1 0.328125 0.747656 0.618750 0.173437
1 0.841667 0.947656 0.183333 0.079687
1 0.566667 0.960156 0.491667 0.057813
2 0.754167 0.651563 0.475000 0.609375
2 0.557292 0.540625 0.089583 0.028125
2 0.747917 0.817187 0.483333 0.334375
3 0.213542 0.181250 0.372917 0.159375
3 0.291667 0.616406 0.433333 0.151562
3 0.535417 0.883594 0.225000 0.123438
3 0.391667 0.901563 0.062500 0.103125
5 0.367708 0.035156 0.097917 0.045312
5 0.394792 0.021094 0.043750 0.017188
5 0.650000 0.318750 0.683333 0.612500
5 0.358333 0.164844 0.133333 0.085938
5 0.336458 0.334375 0.085417 0.071875
5 0.332292 0.428906 0.060417 0.073438
6 0.473958 0.317969 0.281250 0.367188
7 0.195833 0.034375 0.362500 0.046875
7 0.165625 0.408594 0.260417 0.198437
7 0.334375 0.831250 0.643750 0.121875
7 0.487500 0.943750 0.666667 0.093750
8 0.389583 0.353906 0.037500 0.060937
8 0.319792 0.481250 0.052083 0.028125