1 0.200000 0.358594 0.366667 0.092188
1 0.193750 0.707812 0.358333 0.259375
1 0.562500 0.775000 0.120833 0.125000
1 0.460417 0.785937 0.058333 0.106250
1 0.589583 0.874219 0.137500 0.032813
1 0.470833 0.882812 0.050000 0.018750
1 0.346875 0.943750 0.664583 0.093750
2 0.797917 0.580469 0.383333 0.817187
2 0.815625 0.280469 0.052083 0.085938
2 0.617708 0.378125 0.052083 0.018750
2 0.631250 0.405469 0.079167 0.023438
2 0.620833 0.464844 0.070833 0.054688
2 0.595833 0.508594 0.041667 0.014063
3 0.215625 0.490625 0.402083 0.181250
3 0.513542 0.967187 0.535417 0.046875
5 0.651042 0.198437 0.668750 0.371875
5 0.633333 0.570312 0.637500 0.353125
5 0.625000 0.429688 0.079167 0.018750
5 0.603125 0.492188 0.052083 0.015625
5 0.363542 0.532813 0.106250 0.053125
6 0.633333 0.074219 0.108333 0.020313
6 0.580208 0.147656 0.177083 0.110937
6 0.585417 0.243750 0.104167 0.065625
6 0.529167 0.242969 0.029167 0.057813
6 0.490625 0.303906 0.060417 0.060937
6 0.676042 0.304688 0.043750 0.028125
6 0.567708 0.320312 0.102083 0.050000
6 0.665625 0.382031 0.085417 0.054688
6 0.532292 0.453125 0.122917 0.165625
6 0.453125 0.429688 0.072917 0.087500
6 0.489583 0.580469 0.037500 0.042188
6 0.385417 0.596875 0.020833 0.062500
6 0.547917 0.824219 0.341667 0.189062
7 0.223958 0.164062 0.414583 0.300000
8 0.429167 0.501563 0.129167 0.056250
8 0.360417 0.764062 0.066667 0.028125
8 0.630208 0.816406 0.093750 0.060937
8 0.388542 0.846875 0.047917 0.037500
8 0.348958 0.864844 0.110417 0.057813