1 0.476042 0.500781 0.927083 0.979688
2 0.804167 0.229687 0.370833 0.437500
2 0.829167 0.783594 0.325000 0.414062
3 0.546875 0.241406 0.143750 0.114062
3 0.468750 0.240625 0.012500 0.096875
3 0.471875 0.362500 0.018750 0.103125
3 0.520833 0.365625 0.070833 0.087500
3 0.477083 0.510156 0.016667 0.110937
3 0.517708 0.514062 0.056250 0.093750
3 0.583333 0.734375 0.162500 0.034375
5 0.679167 0.289844 0.391667 0.054688
5 0.529167 0.312500 0.141667 0.046875
5 0.491667 0.437500 0.070833 0.059375
5 0.733333 0.514844 0.508333 0.204687
5 0.536458 0.615625 0.093750 0.043750
5 0.840625 0.637500 0.152083 0.043750
5 0.603125 0.663281 0.189583 0.067187
6 0.665625 0.424219 0.268750 0.226562
6 0.928125 0.415625 0.068750 0.034375
6 0.939583 0.517969 0.025000 0.060937
6 0.707292 0.629687 0.152083 0.046875
7 0.359375 0.041406 0.281250 0.054688
7 0.406250 0.096094 0.337500 0.020313
7 0.370833 0.170313 0.166667 0.031250
7 0.141667 0.227344 0.020833 0.029687
7 0.367708 0.414062 0.068750 0.062500
7 0.182292 0.632031 0.018750 0.029687
7 0.398958 0.650781 0.152083 0.035937
7 0.401042 0.830469 0.256250 0.098437
7 0.402083 0.960938 0.325000 0.059375
8 0.431250 0.243750 0.066667 0.021875
8 0.463542 0.575781 0.027083 0.029687
8 0.729167 0.869531 0.045833 0.014063