1 0.037500 0.560156 0.041667 0.435937
1 0.207292 0.586719 0.343750 0.276562
2 0.964583 0.081250 0.050000 0.140625
2 0.882292 0.085156 0.081250 0.142187
2 0.848958 0.198437 0.281250 0.062500
2 0.679167 0.200000 0.029167 0.056250
2 0.955208 0.332031 0.072917 0.176563
2 0.863542 0.334375 0.085417 0.175000
2 0.798958 0.692187 0.377083 0.518750
3 0.702083 0.947656 0.579167 0.085938
5 0.796875 0.113281 0.385417 0.204687
5 0.796875 0.328906 0.385417 0.214062
5 0.746875 0.497656 0.243750 0.060937
5 0.597917 0.622656 0.495833 0.160938
6 0.707292 0.289062 0.477083 0.546875
6 0.465625 0.499219 0.102083 0.098437
6 0.454167 0.632812 0.054167 0.015625
6 0.533333 0.682031 0.179167 0.032813
7 0.178125 0.096875 0.314583 0.171875
7 0.402083 0.132812 0.129167 0.109375
7 0.251042 0.272656 0.427083 0.189062
7 0.216667 0.574219 0.133333 0.082812
7 0.392708 0.594531 0.039583 0.042188
7 0.371875 0.790625 0.714583 0.193750
7 0.381250 0.903125 0.725000 0.109375
8 0.367708 0.093750 0.443750 0.159375
8 0.444792 0.210938 0.122917 0.159375
8 0.403125 0.494531 0.047917 0.082812