1 0.209375 0.491406 0.385417 0.204687
2 0.711458 0.420312 0.556250 0.812500
3 0.152083 0.073438 0.162500 0.125000
3 0.371875 0.067187 0.152083 0.109375
3 0.139583 0.266406 0.187500 0.157812
5 0.364583 0.246094 0.158333 0.085938
5 0.550000 0.340625 0.445833 0.200000
5 0.650000 0.313281 0.054167 0.014063
5 0.515625 0.374219 0.027083 0.048438
5 0.571875 0.511719 0.560417 0.192188
5 0.751042 0.694531 0.443750 0.226562
5 0.785417 0.903906 0.391667 0.173437
6 0.572917 0.259375 0.262500 0.040625
6 0.455208 0.379688 0.118750 0.093750
6 0.509375 0.764844 0.197917 0.448437
7 0.165625 0.465625 0.114583 0.056250
7 0.162500 0.521875 0.120833 0.059375
7 0.261458 0.746875 0.335417 0.106250
7 0.271875 0.928906 0.368750 0.126562
8 0.267708 0.281250 0.022917 0.043750
8 0.263542 0.314063 0.027083 0.028125
8 0.333333 0.678906 0.383333 0.204687
8 0.415625 0.862500 0.110417 0.187500