1 0.429167 0.358594 0.833333 0.695312
1 0.169792 0.885938 0.310417 0.078125
2 0.694792 0.500000 0.593750 0.978125
3 0.344792 0.791406 0.118750 0.110937
3 0.136458 0.806250 0.072917 0.115625
3 0.139583 0.955469 0.187500 0.070312
5 0.678125 0.252344 0.489583 0.239063
5 0.494792 0.523438 0.447917 0.206250
5 0.589583 0.900781 0.620833 0.176563
6 0.729167 0.239063 0.058333 0.028125
6 0.579167 0.335938 0.358333 0.212500
6 0.498958 0.589063 0.210417 0.175000
7 0.110417 0.189844 0.195833 0.101562
7 0.404167 0.412500 0.025000 0.046875
7 0.132292 0.503125 0.139583 0.143750
8 0.348958 0.304688 0.252083 0.228125
8 0.335417 0.551562 0.112500 0.046875
8 0.358333 0.621875 0.062500 0.087500
8 0.220833 0.678125 0.037500 0.025000