1 0.098958 0.292187 0.164583 0.562500
1 0.201042 0.050781 0.056250 0.048438
1 0.602083 0.139063 0.070833 0.031250
1 0.259375 0.264844 0.335417 0.117188
1 0.705208 0.385156 0.106250 0.039062
1 0.726042 0.446875 0.068750 0.025000
1 0.504167 0.760938 0.975000 0.371875
2 0.797917 0.369531 0.387500 0.710938
3 0.546875 0.045312 0.168750 0.065625
3 0.584375 0.229687 0.168750 0.134375
4 0.715625 0.204687 0.085417 0.106250
5 0.759375 0.274219 0.410417 0.245312
6 0.742708 0.450781 0.247917 0.104688
7 0.326042 0.049219 0.185417 0.042188
7 0.393750 0.142187 0.525000 0.134375
7 0.068750 0.144531 0.033333 0.023438
7 0.242708 0.236719 0.127083 0.042188
7 0.384375 0.264062 0.131250 0.071875
7 0.234375 0.288281 0.114583 0.051562
7 0.516667 0.342187 0.162500 0.062500
7 0.382292 0.342187 0.043750 0.050000
7 0.202083 0.453906 0.341667 0.264062
7 0.556250 0.411719 0.170833 0.064062
7 0.588542 0.540625 0.531250 0.090625
7 0.503125 0.935937 0.977083 0.106250
8 0.440625 0.041406 0.056250 0.051562
8 0.615625 0.320312 0.102083 0.059375
8 0.465625 0.449219 0.364583 0.248438
8 0.426042 0.658594 0.052083 0.032813
8 0.364583 0.660156 0.045833 0.032813
8 0.160417 0.702344 0.129167 0.085938
8 0.270833 0.710156 0.066667 0.064062
8 0.365625 0.732031 0.047917 0.039062
8 0.426042 0.737500 0.052083 0.018750