1 0.153125 0.342969 0.277083 0.657813
1 0.135417 0.525000 0.241667 0.928125
1 0.325000 0.275000 0.316667 0.125000
1 0.102083 0.711719 0.175000 0.554688
1 0.061458 0.836719 0.093750 0.307812
2 0.789583 0.099219 0.270833 0.173437
2 0.978125 0.175000 0.022917 0.034375
2 0.906250 0.925000 0.162500 0.128125
3 0.576042 0.374219 0.197917 0.323437
3 0.397917 0.764062 0.012500 0.062500
3 0.487500 0.760156 0.016667 0.057813
5 0.829167 0.250781 0.316667 0.479687
5 0.682292 0.305469 0.077083 0.139063
5 0.536458 0.565625 0.122917 0.075000
5 0.770833 0.801562 0.437500 0.378125
5 0.518750 0.646875 0.100000 0.059375
5 0.507292 0.700000 0.097917 0.059375
6 0.787500 0.605469 0.400000 0.626563
6 0.445833 0.682813 0.020833 0.034375
6 0.458333 0.718750 0.033333 0.031250
7 0.369792 0.049219 0.177083 0.076563
7 0.406250 0.144531 0.120833 0.064062
7 0.319792 0.155469 0.077083 0.039062
7 0.235417 0.279687 0.083333 0.046875
7 0.281250 0.544531 0.054167 0.023438
7 0.376042 0.696094 0.085417 0.048438
7 0.408333 0.898438 0.229167 0.178125
8 0.491667 0.262500 0.054167 0.012500
8 0.466667 0.300781 0.091667 0.064062
8 0.482292 0.359375 0.068750 0.021875
8 0.390625 0.366406 0.081250 0.020313
8 0.456250 0.435937 0.079167 0.059375
8 0.345833 0.450000 0.116667 0.059375
8 0.751042 0.575781 0.156250 0.276562
8 0.446875 0.503125 0.089583 0.071875
8 0.659375 0.760938 0.156250 0.315625
8 0.445833 0.708594 0.020833 0.026562
8 0.457292 0.760938 0.060417 0.040625
8 0.539583 0.783594 0.054167 0.085938
8 0.364583 0.769531 0.058333 0.020313
8 0.500000 0.863281 0.075000 0.073438