1 0.287500 0.121094 0.525000 0.214062
1 0.233333 0.424219 0.441667 0.648438
1 0.527083 0.401562 0.141667 0.040625
1 0.321875 0.766406 0.560417 0.448437
2 0.566667 0.161719 0.087500 0.148438
2 0.805208 0.780469 0.372917 0.420312
3 0.456250 0.421094 0.033333 0.076563
3 0.282292 0.436719 0.018750 0.104688
5 0.532292 0.054688 0.235417 0.084375
5 0.944792 0.330469 0.089583 0.176563
5 0.538542 0.507812 0.206250 0.146875
5 0.826042 0.597656 0.331250 0.323437
6 0.787500 0.303906 0.400000 0.579688
7 0.246875 0.339844 0.181250 0.070312
7 0.414583 0.785156 0.554167 0.407813
8 0.687500 0.154688 0.137500 0.275000
8 0.733333 0.296875 0.120833 0.165625
8 0.468750 0.319531 0.220833 0.126562
8 0.401042 0.446875 0.110417 0.081250
8 0.215625 0.458594 0.118750 0.045312
8 0.550000 0.839844 0.275000 0.070312