1 0.044792 0.222656 0.060417 0.417187
1 0.314583 0.339062 0.491667 0.650000
1 0.080208 0.727344 0.127083 0.526563
1 0.279167 0.910937 0.291667 0.156250
2 0.943750 0.900781 0.095833 0.104688
3 0.257292 0.721094 0.193750 0.092188
5 0.838542 0.249219 0.302083 0.476562
5 0.582292 0.140625 0.135417 0.190625
5 0.556250 0.341406 0.116667 0.164062
5 0.530208 0.474219 0.106250 0.082812
5 0.791667 0.674219 0.395833 0.404687
5 0.520833 0.553906 0.091667 0.045312
5 0.504167 0.635938 0.091667 0.125000
5 0.494792 0.733594 0.089583 0.092188
5 0.471875 0.836719 0.085417 0.079687
5 0.773958 0.903125 0.431250 0.168750
5 0.463542 0.903125 0.068750 0.093750
6 0.652083 0.500781 0.333333 0.973437
8 0.113542 0.448437 0.197917 0.050000
8 0.521875 0.524219 0.268750 0.039062
8 0.469792 0.788281 0.218750 0.039062