1 0.172917 0.124219 0.312500 0.220312
1 0.164583 0.237500 0.291667 0.056250
1 0.219792 0.555469 0.406250 0.064062
1 0.378125 0.571094 0.143750 0.023438
1 0.132292 0.646875 0.227083 0.112500
1 0.186458 0.835156 0.339583 0.220312
1 0.313542 0.880469 0.597917 0.220312
2 0.977083 0.566406 0.029167 0.092188
2 0.717708 0.830469 0.543750 0.320312
3 0.085417 0.385937 0.137500 0.275000
3 0.330208 0.396094 0.160417 0.251563
3 0.298958 0.655469 0.060417 0.135937
3 0.388542 0.641406 0.177083 0.092188
5 0.389583 0.050000 0.137500 0.071875
5 0.813542 0.135937 0.347917 0.240625
5 0.384375 0.185156 0.135417 0.182812
5 0.365625 0.359375 0.135417 0.168750
5 0.659375 0.567187 0.660417 0.518750
6 0.610417 0.343750 0.404167 0.662500
7 0.101042 0.965625 0.122917 0.050000
8 0.218750 0.300781 0.095833 0.045312
8 0.235417 0.351562 0.050000 0.015625
8 0.247917 0.672656 0.058333 0.014063
8 0.254167 0.687500 0.058333 0.009375
8 0.256250 0.706250 0.058333 0.015625