1 0.212500 0.078125 0.379167 0.128125
1 0.442708 0.080469 0.131250 0.129688
1 0.033333 0.169531 0.033333 0.207813
1 0.139583 0.213281 0.158333 0.189062
1 0.198958 0.321875 0.293750 0.040625
1 0.185417 0.686719 0.308333 0.201563
1 0.198958 0.889062 0.364583 0.200000
1 0.402083 0.890625 0.133333 0.196875
3 0.322917 0.217969 0.204167 0.170313
3 0.288542 0.708594 0.185417 0.139063
5 0.586458 0.137500 0.364583 0.250000
5 0.746875 0.032031 0.131250 0.039062
5 0.439583 0.268750 0.129167 0.081250
5 0.394792 0.315625 0.110417 0.071875
5 0.389583 0.671875 0.133333 0.143750
5 0.532292 0.844531 0.327083 0.289062
5 0.679167 0.958594 0.216667 0.060937
6 0.677083 0.500000 0.625000 0.978125
7 0.220833 0.366406 0.341667 0.070312
7 0.218750 0.455469 0.304167 0.120313
7 0.203125 0.544531 0.327083 0.070312
8 0.184375 0.168750 0.072917 0.037500
8 0.203125 0.245312 0.022917 0.040625
8 0.072917 0.442188 0.108333 0.128125
8 0.329167 0.457031 0.075000 0.026562
8 0.179167 0.673438 0.041667 0.053125
8 0.188542 0.739062 0.035417 0.062500