1 0.128125 0.502344 0.227083 0.976562
1 0.490625 0.342969 0.706250 0.423438
1 0.506250 0.771094 0.575000 0.435937
1 0.315625 0.569531 0.114583 0.023438
2 0.897917 0.153125 0.187500 0.278125
2 0.891667 0.558594 0.183333 0.048438
2 0.921875 0.699219 0.135417 0.164062
2 0.872917 0.889844 0.216667 0.198437
3 0.521875 0.082031 0.831250 0.135937
3 0.425000 0.486719 0.137500 0.101562
3 0.596875 0.493750 0.072917 0.018750
5 0.642708 0.305469 0.122917 0.095312
5 0.833333 0.415625 0.316667 0.281250
5 0.944792 0.293750 0.089583 0.025000
5 0.628125 0.371875 0.110417 0.034375
5 0.604167 0.452344 0.091667 0.064062
5 0.591667 0.519531 0.066667 0.042188
5 0.588542 0.662500 0.068750 0.081250
5 0.773958 0.725000 0.422917 0.190625
5 0.935417 0.907813 0.108333 0.168750
6 0.797917 0.579688 0.375000 0.346875
6 0.796875 0.467969 0.043750 0.070312
7 0.445833 0.356250 0.158333 0.050000
7 0.177083 0.447656 0.029167 0.026562
7 0.458333 0.692187 0.112500 0.071875
7 0.130208 0.759375 0.027083 0.028125
7 0.492708 0.796875 0.122917 0.075000
7 0.562500 0.921875 0.450000 0.121875
8 0.271875 0.591406 0.427083 0.179688