1 0.279167 0.181250 0.529167 0.334375
1 0.367708 0.696094 0.543750 0.176563
1 0.439583 0.875781 0.258333 0.076563
5 0.673958 0.134375 0.318750 0.246875
5 0.619792 0.365625 0.264583 0.200000
5 0.567708 0.549219 0.247917 0.201563
6 0.786458 0.500781 0.410417 0.979688
7 0.253125 0.419531 0.468750 0.179688
7 0.243750 0.559375 0.404167 0.087500
7 0.252083 0.645312 0.116667 0.040625
7 0.322917 0.743750 0.120833 0.059375
7 0.356250 0.889062 0.095833 0.031250
7 0.390625 0.940625 0.268750 0.081250
8 0.601042 0.619531 0.039583 0.010937
8 0.811458 0.814844 0.302083 0.345313
8 0.171875 0.819531 0.314583 0.342187
8 0.354167 0.673438 0.037500 0.031250
8 0.400000 0.665625 0.033333 0.018750
8 0.679167 0.907813 0.020833 0.087500
8 0.698958 0.928906 0.018750 0.073438