1 0.321875 0.221094 0.610417 0.410938
2 0.779167 0.778906 0.241667 0.192188
2 0.677083 0.916406 0.091667 0.039062
2 0.939583 0.957812 0.104167 0.065625
5 0.559375 0.096875 0.252083 0.168750
5 0.818750 0.144531 0.341667 0.260937
5 0.518750 0.235156 0.254167 0.154688
5 0.470833 0.353125 0.200000 0.118750
5 0.435417 0.440625 0.170833 0.090625
5 0.765625 0.781250 0.443750 0.412500
5 0.397917 0.682813 0.120833 0.090625
5 0.573958 0.857812 0.427083 0.240625
6 0.719792 0.485156 0.543750 0.629687
7 0.179167 0.025781 0.125000 0.029687
7 0.313542 0.032031 0.097917 0.042188
7 0.064583 0.070312 0.104167 0.078125
7 0.189583 0.083594 0.108333 0.076563
7 0.306250 0.093750 0.100000 0.071875
7 0.201042 0.344531 0.135417 0.089063
7 0.265625 0.502344 0.447917 0.160938
7 0.253125 0.746094 0.472917 0.179688
8 0.044792 0.396094 0.056250 0.048438
8 0.098958 0.537500 0.164583 0.246875
8 0.034375 0.685156 0.035417 0.026562