1 0.112500 0.024219 0.137500 0.020313
1 0.245833 0.265625 0.462500 0.496875
2 0.721875 0.503125 0.539583 0.978125
2 0.613542 0.565625 0.060417 0.043750
5 0.433333 0.236719 0.275000 0.070312
5 0.445833 0.295312 0.329167 0.096875
5 0.495833 0.376563 0.341667 0.090625
5 0.541667 0.534375 0.391667 0.225000
5 0.315625 0.475000 0.052083 0.056250
5 0.326042 0.543750 0.064583 0.071875
5 0.346875 0.643750 0.056250 0.084375
5 0.518750 0.707812 0.091667 0.081250
5 0.596875 0.823438 0.435417 0.290625
5 0.362500 0.761719 0.062500 0.110937
6 0.475000 0.648438 0.312500 0.500000
6 0.631250 0.577344 0.104167 0.076563
7 0.142708 0.178125 0.260417 0.334375
7 0.169792 0.492188 0.189583 0.081250
7 0.295833 0.775000 0.558333 0.428125
8 0.340625 0.050781 0.318750 0.079687
8 0.214583 0.400781 0.237500 0.095312
8 0.051042 0.570312 0.068750 0.168750