1 0.408333 0.203125 0.458333 0.384375
1 0.588542 0.206250 0.252083 0.387500
1 0.221875 0.614062 0.410417 0.262500
2 0.742708 0.272656 0.497917 0.523438
2 0.901042 0.630469 0.172917 0.176563
2 0.646875 0.855469 0.077083 0.023438
2 0.938542 0.920312 0.102083 0.140625
5 0.537500 0.440625 0.441667 0.134375
5 0.702083 0.666406 0.570833 0.314063
5 0.378125 0.796875 0.118750 0.168750
5 0.746875 0.902344 0.481250 0.176563
5 0.393750 0.950781 0.100000 0.079687
6 0.493750 0.503906 0.075000 0.060937
6 0.509375 0.772656 0.218750 0.432812
7 0.153125 0.167187 0.281250 0.312500
7 0.518750 0.157812 0.041667 0.018750
7 0.134375 0.564063 0.239583 0.168750
7 0.212500 0.858594 0.391667 0.257812
8 0.201042 0.432812 0.372917 0.209375