1 0.297917 0.124219 0.570833 0.223438
1 0.186458 0.344531 0.339583 0.095312
1 0.176042 0.746875 0.322917 0.440625
1 0.179167 0.851562 0.329167 0.278125
2 0.687500 0.500000 0.608333 0.978125
3 0.270833 0.286719 0.508333 0.132812
3 0.181250 0.456250 0.333333 0.140625
3 0.176042 0.671094 0.277083 0.092188
5 0.579167 0.040625 0.233333 0.050000
5 0.603125 0.449219 0.443750 0.235937
5 0.385417 0.414844 0.062500 0.098437
5 0.357292 0.582812 0.056250 0.075000
5 0.587500 0.697656 0.416667 0.170313
5 0.342708 0.650000 0.056250 0.059375
5 0.541667 0.810937 0.337500 0.106250
5 0.482292 0.900000 0.297917 0.112500
6 0.586458 0.569531 0.406250 0.273438
6 0.437500 0.792188 0.066667 0.056250
6 0.405208 0.877344 0.043750 0.048438
7 0.244792 0.062500 0.281250 0.075000
7 0.186458 0.553125 0.172917 0.053125
7 0.141667 0.781250 0.070833 0.090625
7 0.221875 0.779687 0.064583 0.084375
8 0.407292 0.169531 0.143750 0.060937
8 0.404167 0.587500 0.020833 0.090625
8 0.446875 0.616406 0.043750 0.079687
8 0.358333 0.735156 0.075000 0.042188
8 0.359375 0.803125 0.081250 0.028125