1 0.154167 0.132031 0.200000 0.235937
1 0.136458 0.277344 0.239583 0.064062
1 0.128125 0.376563 0.222917 0.143750
1 0.201042 0.601562 0.368750 0.303125
1 0.231250 0.900781 0.437500 0.179688
2 0.728125 0.233594 0.527083 0.439063
2 0.494792 0.272656 0.056250 0.035937
2 0.912500 0.503125 0.158333 0.062500
2 0.831250 0.571094 0.075000 0.026562
2 0.837500 0.614844 0.066667 0.023438
3 0.268750 0.236719 0.033333 0.445312
3 0.192708 0.770312 0.339583 0.093750
5 0.689583 0.604688 0.604167 0.762500
5 0.385417 0.360156 0.079167 0.132812
5 0.602083 0.397656 0.100000 0.110937
5 0.408333 0.395313 0.037500 0.031250
5 0.403125 0.555469 0.152083 0.260937
5 0.420833 0.560937 0.029167 0.031250
5 0.460417 0.842969 0.091667 0.182812
6 0.593750 0.588281 0.358333 0.514062
6 0.604167 0.428906 0.050000 0.051562
6 0.923958 0.833594 0.081250 0.117188
6 0.945833 0.957031 0.087500 0.070312
6 0.646875 0.950000 0.047917 0.043750
7 0.172917 0.066406 0.137500 0.082812
7 0.157292 0.171875 0.068750 0.065625
7 0.247917 0.342969 0.041667 0.035937
7 0.177083 0.359375 0.079167 0.062500
7 0.247917 0.388281 0.037500 0.042188
7 0.248958 0.418750 0.031250 0.015625
7 0.247917 0.446875 0.050000 0.034375
7 0.197917 0.526563 0.166667 0.059375
7 0.201042 0.592187 0.185417 0.078125
7 0.338542 0.746875 0.052083 0.037500
7 0.269792 0.764844 0.031250 0.023438
7 0.217708 0.896094 0.102083 0.048438
8 0.459375 0.388281 0.043750 0.064062
8 0.123958 0.415625 0.047917 0.021875
8 0.371875 0.450781 0.056250 0.048438
8 0.521875 0.513281 0.077083 0.095312
8 0.376042 0.529687 0.060417 0.050000
8 0.401042 0.560156 0.018750 0.032813
8 0.580208 0.580469 0.027083 0.057813
8 0.359375 0.626563 0.039583 0.046875
8 0.504167 0.653906 0.050000 0.064062
8 0.690625 0.710156 0.072917 0.123438
8 0.495833 0.732812 0.095833 0.090625
8 0.190625 0.771094 0.064583 0.045312
8 0.111458 0.778125 0.085417 0.050000
8 0.660417 0.785937 0.033333 0.046875
8 0.746875 0.900000 0.127083 0.181250
8 0.697917 0.912500 0.108333 0.156250
8 0.583333 0.886719 0.154167 0.098437
8 0.578125 0.960156 0.085417 0.054688
8 0.871875 0.967969 0.118750 0.045312