1 0.404167 0.103125 0.775000 0.178125
1 0.167708 0.678906 0.302083 0.079687
2 0.843750 0.500781 0.295833 0.979688
2 0.802083 0.901563 0.195833 0.175000
5 0.783333 0.485156 0.333333 0.342187
7 0.179167 0.413281 0.329167 0.448437
7 0.316667 0.845313 0.600000 0.287500
7 0.682292 0.732812 0.160417 0.025000
8 0.614583 0.450000 0.641667 0.703125
8 0.780208 0.467969 0.064583 0.229687
8 0.257292 0.546875 0.064583 0.028125
8 0.760417 0.614062 0.045833 0.025000
8 0.680208 0.899219 0.064583 0.160938
8 0.609375 0.892188 0.039583 0.062500
8 0.609375 0.941406 0.039583 0.051562