1 0.341667 0.500781 0.658333 0.979688
2 0.851042 0.082031 0.277083 0.135937
2 0.962500 0.812500 0.054167 0.059375
2 0.945833 0.914844 0.083333 0.123438
3 0.552083 0.147656 0.283333 0.164062
3 0.675000 0.721875 0.195833 0.356250
5 0.836458 0.177344 0.306250 0.170313
5 0.646875 0.233594 0.085417 0.104688
5 0.852083 0.287500 0.270833 0.178125
5 0.654167 0.510938 0.087500 0.106250
5 0.685417 0.723437 0.108333 0.134375
6 0.823958 0.567187 0.331250 0.750000
7 0.440625 0.034375 0.047917 0.043750
7 0.493750 0.044531 0.054167 0.051562
7 0.500000 0.354687 0.087500 0.050000
7 0.425000 0.351562 0.058333 0.037500
7 0.471875 0.455469 0.156250 0.082812
7 0.528125 0.753906 0.668750 0.467187
8 0.357292 0.048438 0.031250 0.065625
8 0.230208 0.337500 0.352083 0.250000
8 0.816667 0.565625 0.158333 0.215625
8 0.919792 0.591406 0.068750 0.107813
8 0.796875 0.707031 0.064583 0.060937
8 0.773958 0.796875 0.093750 0.125000