1 0.501042 0.129688 0.972917 0.237500
1 0.052083 0.403906 0.070833 0.170313
1 0.303125 0.750781 0.577083 0.482812
1 0.098958 0.574219 0.093750 0.070312
1 0.104167 0.638281 0.075000 0.048438
2 0.964583 0.064844 0.050000 0.070312
2 0.940625 0.157812 0.097917 0.034375
2 0.881250 0.336719 0.029167 0.020313
2 0.634375 0.457031 0.072917 0.170313
2 0.853125 0.412500 0.060417 0.046875
2 0.944792 0.425781 0.089583 0.064062
2 0.929167 0.515625 0.125000 0.065625
2 0.707292 0.675781 0.110417 0.192188
2 0.790625 0.899219 0.397917 0.182812
5 0.886458 0.242188 0.210417 0.303125
5 0.596875 0.394531 0.077083 0.107813
5 0.914583 0.453906 0.154167 0.126562
5 0.858333 0.443750 0.062500 0.015625
5 0.552083 0.509375 0.066667 0.068750
5 0.927083 0.573438 0.129167 0.078125
5 0.523958 0.577344 0.047917 0.054688
5 0.760417 0.792188 0.454167 0.181250
5 0.514583 0.765625 0.050000 0.103125
6 0.752083 0.557813 0.470833 0.621875
6 0.892708 0.285156 0.022917 0.064062
7 0.122917 0.096875 0.220833 0.137500
7 0.350000 0.106250 0.150000 0.118750
7 0.747917 0.189844 0.045833 0.035937
7 0.373958 0.314063 0.614583 0.153125
7 0.357292 0.457031 0.464583 0.095312
7 0.075000 0.514844 0.120833 0.060937
7 0.333333 0.564063 0.379167 0.071875
7 0.293750 0.696875 0.429167 0.171875
7 0.104167 0.668750 0.154167 0.050000
7 0.271875 0.832031 0.089583 0.060937
7 0.026042 0.820312 0.022917 0.025000
7 0.386458 0.952344 0.414583 0.076563
8 0.666667 0.324219 0.083333 0.101562
8 0.559375 0.602344 0.081250 0.060937
8 0.601042 0.634375 0.047917 0.100000
8 0.493750 0.687500 0.058333 0.012500
8 0.610417 0.736719 0.016667 0.032813
8 0.592708 0.773438 0.052083 0.018750