1 0.344792 0.100000 0.660417 0.175000
1 0.227083 0.240625 0.116667 0.096875
1 0.304167 0.775000 0.575000 0.165625
2 0.673958 0.110156 0.627083 0.192188
2 0.480208 0.299219 0.068750 0.142187
2 0.379167 0.473438 0.062500 0.078125
2 0.461458 0.536719 0.056250 0.167187
2 0.885417 0.775781 0.079167 0.098437
3 0.134375 0.062500 0.127083 0.046875
3 0.338542 0.092969 0.143750 0.048438
3 0.092708 0.237500 0.156250 0.115625
3 0.364583 0.275781 0.150000 0.151562
3 0.153125 0.573438 0.122917 0.284375
3 0.390625 0.610938 0.218750 0.190625
3 0.423958 0.537500 0.027083 0.040625
3 0.042708 0.631250 0.043750 0.156250
5 0.704167 0.182812 0.566667 0.087500
5 0.387500 0.392969 0.066667 0.089063
5 0.309375 0.494531 0.127083 0.048438
5 0.402083 0.526563 0.033333 0.075000
5 0.440625 0.613281 0.093750 0.073438
5 0.516667 0.737500 0.141667 0.121875
5 0.602083 0.886719 0.158333 0.173437
6 0.702083 0.596094 0.579167 0.782813
6 0.684375 0.880469 0.081250 0.020313
6 0.752083 0.972656 0.083333 0.023438
7 0.100000 0.025781 0.100000 0.029687
7 0.238542 0.110156 0.306250 0.060937
7 0.129167 0.407031 0.141667 0.051562
7 0.243750 0.629687 0.187500 0.171875
7 0.085417 0.635938 0.095833 0.062500
7 0.043750 0.783594 0.054167 0.079687
7 0.178125 0.776563 0.127083 0.065625
7 0.284375 0.857812 0.539583 0.078125
7 0.369792 0.919531 0.710417 0.139063
8 0.268750 0.328125 0.295833 0.159375
8 0.556250 0.301563 0.079167 0.031250
8 0.555208 0.344531 0.031250 0.048438
8 0.537500 0.505469 0.116667 0.154688
8 0.294792 0.662500 0.072917 0.056250
8 0.542708 0.714844 0.031250 0.082812
8 0.752083 0.883594 0.325000 0.210938