1 0.113542 0.370312 0.189583 0.709375
1 0.286458 0.246094 0.397917 0.204687
1 0.286458 0.657031 0.531250 0.660937
1 0.368750 0.938281 0.145833 0.051562
2 0.792708 0.150781 0.393750 0.279687
2 0.863542 0.217969 0.256250 0.307812
2 0.597917 0.482031 0.050000 0.148438
2 0.889583 0.621875 0.183333 0.053125
2 0.911458 0.950781 0.156250 0.079687
2 0.809375 0.952344 0.085417 0.073438
5 0.546875 0.041406 0.160417 0.051562
5 0.704167 0.317188 0.575000 0.462500
5 0.894792 0.587500 0.168750 0.025000
5 0.477083 0.625000 0.191667 0.050000
5 0.712500 0.799219 0.550000 0.317188
5 0.487500 0.689063 0.208333 0.087500
5 0.505208 0.805469 0.247917 0.104688
6 0.579167 0.251563 0.054167 0.050000
6 0.591667 0.342187 0.108333 0.034375
6 0.757292 0.628125 0.464583 0.453125
6 0.671875 0.942969 0.035417 0.029687
7 0.130208 0.025781 0.014583 0.029687
7 0.398958 0.088281 0.393750 0.148438
7 0.331250 0.178125 0.125000 0.043750
7 0.350000 0.234375 0.233333 0.071875
7 0.351042 0.440625 0.089583 0.075000
7 0.240625 0.437500 0.106250 0.059375
7 0.068750 0.506250 0.016667 0.034375
7 0.668750 0.650781 0.033333 0.014063
7 0.369792 0.699219 0.439583 0.082812
7 0.681250 0.694531 0.054167 0.042188
7 0.707292 0.776563 0.043750 0.096875
7 0.366667 0.849219 0.525000 0.129688
7 0.403125 0.975781 0.610417 0.032813
8 0.516667 0.159375 0.045833 0.046875
8 0.315625 0.268750 0.072917 0.031250
8 0.236458 0.292187 0.114583 0.025000
8 0.314583 0.313281 0.075000 0.039062
8 0.526042 0.423438 0.039583 0.040625
8 0.558333 0.470313 0.045833 0.068750
8 0.348958 0.533594 0.081250 0.032813
8 0.215625 0.553125 0.122917 0.059375
8 0.683333 0.646094 0.179167 0.210938
8 0.341667 0.614062 0.091667 0.037500
8 0.667708 0.744531 0.072917 0.132812
8 0.235417 0.757812 0.133333 0.050000
8 0.200000 0.940625 0.187500 0.056250