1 0.343750 0.289844 0.658333 0.267188
1 0.345833 0.827344 0.662500 0.326562
2 0.831250 0.427344 0.316667 0.401562
2 0.832292 0.825781 0.310417 0.326562
5 0.772917 0.187500 0.433333 0.346875
5 0.611458 0.535937 0.397917 0.271875
5 0.619792 0.867188 0.422917 0.246875
6 0.634375 0.283594 0.210417 0.204687
6 0.907292 0.471875 0.160417 0.209375
6 0.953125 0.582812 0.068750 0.250000
7 0.330208 0.117969 0.635417 0.207813
7 0.198958 0.277344 0.268750 0.173437
7 0.313542 0.537500 0.585417 0.353125
8 0.715625 0.121875 0.177083 0.134375
8 0.513542 0.267969 0.093750 0.082812
8 0.564583 0.485938 0.129167 0.103125
8 0.932292 0.513281 0.110417 0.139063
8 0.858333 0.633594 0.137500 0.129688
8 0.145833 0.771875 0.154167 0.078125
8 0.138542 0.872656 0.239583 0.104688
8 0.558333 0.889062 0.108333 0.093750
8 0.140625 0.956250 0.139583 0.068750