1 0.501042 0.500000 0.977083 0.978125
2 0.936458 0.769531 0.093750 0.073438
2 0.766667 0.788281 0.091667 0.076563
2 0.822917 0.903906 0.329167 0.173437
3 0.564583 0.896094 0.354167 0.182812
5 0.882292 0.651563 0.210417 0.356250
7 0.175000 0.418750 0.320833 0.265625
7 0.505208 0.358594 0.168750 0.101562
7 0.457292 0.501563 0.156250 0.109375
7 0.451042 0.595313 0.089583 0.062500
7 0.176042 0.719531 0.160417 0.064062
7 0.183333 0.856250 0.191667 0.078125
7 0.348958 0.846875 0.135417 0.046875
7 0.392708 0.897656 0.035417 0.035937
7 0.181250 0.958594 0.216667 0.051562
8 0.666667 0.518750 0.645833 0.700000
8 0.398958 0.950781 0.022917 0.054688