1 0.223958 0.239063 0.414583 0.456250
1 0.251042 0.860938 0.468750 0.256250
2 0.729167 0.502344 0.516667 0.976562
3 0.571875 0.099219 0.331250 0.173437
3 0.333333 0.602344 0.266667 0.345313
5 0.622917 0.376563 0.591667 0.606250
5 0.463542 0.903125 0.364583 0.165625
6 0.507292 0.452344 0.222917 0.226562
7 0.333333 0.103906 0.204167 0.098437
7 0.237500 0.209375 0.316667 0.125000
7 0.290625 0.373437 0.289583 0.131250
7 0.139583 0.606250 0.241667 0.200000
8 0.119792 0.486719 0.206250 0.095312
8 0.118750 0.723437 0.208333 0.062500
8 0.398958 0.965625 0.064583 0.043750