1 0.398958 0.185156 0.764583 0.348438
1 0.261458 0.715625 0.493750 0.284375
1 0.240625 0.960938 0.452083 0.059375
2 0.835417 0.214844 0.312500 0.398438
5 0.602083 0.458594 0.441667 0.239063
5 0.803125 0.494531 0.377083 0.276562
5 0.461458 0.514844 0.077083 0.060937
5 0.783333 0.632812 0.404167 0.125000
5 0.820833 0.725781 0.329167 0.126562
5 0.432292 0.770312 0.139583 0.106250
5 0.482292 0.909375 0.093750 0.131250
6 0.697917 0.709375 0.445833 0.562500
7 0.214583 0.023438 0.129167 0.025000
7 0.307292 0.343750 0.589583 0.515625
7 0.625000 0.121875 0.045833 0.028125
7 0.205208 0.641406 0.043750 0.029687
7 0.140625 0.640625 0.043750 0.025000
7 0.261458 0.643750 0.047917 0.025000
7 0.160417 0.983594 0.125000 0.017188