1 0.257292 0.128125 0.443750 0.228125
1 0.425000 0.652344 0.820833 0.670312
2 0.887500 0.761719 0.200000 0.282813
2 0.926042 0.956250 0.127083 0.071875
3 0.572917 0.617188 0.383333 0.396875
5 0.513542 0.299219 0.177083 0.289062
5 0.587500 0.516406 0.158333 0.164062
5 0.820833 0.924219 0.337500 0.129688
6 0.732292 0.390625 0.518750 0.756250
7 0.145833 0.054688 0.145833 0.059375
7 0.259375 0.292187 0.435417 0.084375
7 0.382292 0.777344 0.114583 0.092188
8 0.031250 0.120313 0.037500 0.212500
8 0.480208 0.076563 0.268750 0.121875
8 0.373958 0.483594 0.043750 0.045312
8 0.372917 0.537500 0.054167 0.025000
8 0.358333 0.578125 0.083333 0.053125
8 0.378125 0.660937 0.077083 0.068750