1 0.497917 0.663281 0.966667 0.442188
2 0.827083 0.935156 0.325000 0.107813
3 0.808333 0.398438 0.366667 0.768750
3 0.076042 0.617188 0.072917 0.128125
3 0.378125 0.610156 0.014583 0.110937
7 0.408333 0.235937 0.783333 0.450000
7 0.723958 0.193750 0.039583 0.034375
7 0.607292 0.442969 0.106250 0.073438
7 0.472917 0.805469 0.104167 0.054688
8 0.731250 0.175781 0.395833 0.229687
8 0.707292 0.453906 0.097917 0.229687
8 0.583333 0.585938 0.075000 0.062500
8 0.318750 0.614844 0.083333 0.054688
8 0.650000 0.626563 0.033333 0.062500
8 0.686458 0.637500 0.031250 0.075000