1 0.394792 0.362500 0.760417 0.696875
1 0.252083 0.747656 0.470833 0.054688
1 0.211458 0.811719 0.385417 0.073438
2 0.902083 0.043750 0.079167 0.059375
2 0.885417 0.496094 0.200000 0.282813
3 0.755208 0.791406 0.464583 0.389062
3 0.070833 0.720313 0.058333 0.081250
3 0.325000 0.720313 0.025000 0.059375
5 0.780208 0.159375 0.418750 0.296875
5 0.591667 0.110937 0.137500 0.125000
5 0.761458 0.326562 0.452083 0.053125
6 0.776042 0.120313 0.247917 0.215625
7 0.346875 0.092188 0.222917 0.153125
7 0.356250 0.257031 0.158333 0.145313
7 0.343750 0.420312 0.212500 0.134375
7 0.308333 0.907813 0.583333 0.159375
8 0.501042 0.689844 0.168750 0.164062
8 0.047917 0.695312 0.058333 0.037500
8 0.273958 0.702344 0.093750 0.023438
8 0.497917 0.801562 0.191667 0.065625
8 0.612500 0.939844 0.220833 0.095312
8 0.755208 0.947656 0.106250 0.079687