1 0.196875 0.500000 0.368750 0.978125
1 0.248958 0.548438 0.043750 0.084375
2 0.773958 0.249219 0.435417 0.476562
3 0.609375 0.248438 0.568750 0.471875
3 0.144792 0.525781 0.152083 0.073438
3 0.357292 0.545312 0.164583 0.096875
5 0.864583 0.653906 0.254167 0.467187
6 0.696875 0.681250 0.527083 0.618750
7 0.312500 0.074219 0.179167 0.114062
7 0.247917 0.292969 0.212500 0.095312
7 0.279167 0.374219 0.095833 0.051562
7 0.222917 0.850000 0.383333 0.278125
8 0.335417 0.208594 0.141667 0.070312
8 0.328125 0.260156 0.114583 0.026562
8 0.475000 0.682813 0.379167 0.356250
8 0.535417 0.927344 0.045833 0.123438
8 0.397917 0.944531 0.020833 0.045312