1 0.294792 0.263281 0.556250 0.498437
1 0.572917 0.374219 0.041667 0.273438
1 0.771875 0.647656 0.435417 0.270313
1 0.503125 0.752344 0.977083 0.473438
2 0.820833 0.302344 0.341667 0.301563
2 0.781250 0.494531 0.420833 0.510938
5 0.818750 0.061719 0.341667 0.095312
5 0.438542 0.071875 0.052083 0.109375
5 0.735417 0.121875 0.408333 0.093750
5 0.648958 0.200781 0.368750 0.064062
6 0.622917 0.108594 0.316667 0.192188
7 0.273958 0.206250 0.443750 0.387500
7 0.333333 0.572656 0.629167 0.079687
7 0.346875 0.782031 0.668750 0.310937
7 0.853125 0.800000 0.085417 0.025000
8 0.467708 0.160938 0.027083 0.053125