1 0.357292 0.500781 0.685417 0.979688
2 0.765625 0.232813 0.452083 0.443750
3 0.378125 0.887500 0.064583 0.206250
3 0.410417 0.824219 0.066667 0.064062
3 0.437500 0.964844 0.054167 0.048438
5 0.732292 0.446094 0.514583 0.382812
5 0.430208 0.392188 0.085417 0.096875
6 0.716667 0.638281 0.533333 0.704688
6 0.416667 0.360156 0.112500 0.107813
6 0.973958 0.932031 0.027083 0.114062
7 0.178125 0.028125 0.156250 0.034375
7 0.219792 0.086719 0.147917 0.092188
7 0.307292 0.213281 0.443750 0.082812
7 0.311458 0.348438 0.152083 0.075000
7 0.277083 0.477344 0.275000 0.048438
7 0.229167 0.656250 0.120833 0.068750
7 0.107292 0.657813 0.106250 0.062500
7 0.182292 0.746094 0.152083 0.089063
7 0.179167 0.911719 0.129167 0.076563
8 0.543750 0.428125 0.075000 0.156250
8 0.410417 0.529687 0.091667 0.143750
8 0.480208 0.498437 0.027083 0.071875
8 0.481250 0.627344 0.079167 0.179688
8 0.528125 0.642969 0.031250 0.145313
8 0.436458 0.649219 0.031250 0.064062
8 0.553125 0.841406 0.331250 0.295312
8 0.894792 0.867188 0.185417 0.246875
8 0.319792 0.866406 0.072917 0.020313
8 0.310417 0.885938 0.070833 0.015625
8 0.366667 0.914062 0.020833 0.056250