1 0.218750 0.478906 0.408333 0.139063
1 0.321875 0.783594 0.606250 0.173437
1 0.146875 0.921094 0.264583 0.135937
2 0.865625 0.245312 0.247917 0.462500
2 0.863542 0.615625 0.252083 0.512500
2 0.794792 0.562500 0.147917 0.143750
5 0.647917 0.532813 0.458333 0.450000
5 0.453125 0.512500 0.047917 0.096875
6 0.758333 0.120313 0.375000 0.209375
6 0.784375 0.836719 0.410417 0.304688
7 0.325000 0.119531 0.616667 0.210938
7 0.441667 0.239063 0.850000 0.209375
7 0.232292 0.378906 0.435417 0.079687
7 0.162500 0.474219 0.291667 0.092188
7 0.205208 0.578125 0.381250 0.065625
7 0.206250 0.675000 0.379167 0.062500
7 0.185417 0.802344 0.062500 0.039062
7 0.247917 0.801562 0.058333 0.037500
7 0.313542 0.796875 0.056250 0.031250
7 0.435417 0.914844 0.312500 0.151562
7 0.489583 0.941406 0.254167 0.095312
7 0.103125 0.968750 0.181250 0.046875
8 0.526042 0.457031 0.197917 0.254688
8 0.462500 0.637500 0.141667 0.143750
8 0.691667 0.851562 0.104167 0.143750
8 0.565625 0.939063 0.177083 0.084375