1 0.323958 0.180469 0.622917 0.335938
1 0.239583 0.601562 0.445833 0.137500
1 0.175000 0.878125 0.320833 0.225000
2 0.836458 0.223438 0.310417 0.425000
2 0.630208 0.142187 0.210417 0.253125
2 0.730208 0.433594 0.089583 0.067187
2 0.503125 0.563281 0.085417 0.132812
2 0.875000 0.919531 0.225000 0.135937
2 0.676042 0.936719 0.260417 0.104688
5 0.617708 0.587500 0.743750 0.740625
5 0.308333 0.837500 0.112500 0.121875
5 0.471875 0.950781 0.368750 0.076563
6 0.428125 0.164844 0.306250 0.223438
7 0.036458 0.128906 0.047917 0.070312
7 0.158333 0.135156 0.112500 0.079687
7 0.230208 0.214062 0.093750 0.059375
7 0.190625 0.425000 0.352083 0.134375
7 0.108333 0.596094 0.187500 0.104688
7 0.175000 0.749219 0.320833 0.064062
7 0.102083 0.878906 0.050000 0.045312
7 0.112500 0.961719 0.179167 0.057813