1 0.343750 0.044531 0.629167 0.060937
1 0.280208 0.398438 0.527083 0.175000
1 0.179167 0.817187 0.325000 0.343750
2 0.846875 0.446094 0.277083 0.348438
2 0.758333 0.642188 0.454167 0.690625
5 0.544792 0.031250 0.314583 0.037500
5 0.721875 0.164062 0.527083 0.300000
5 0.571875 0.646875 0.535417 0.493750
5 0.627083 0.947656 0.587500 0.082812
6 0.408333 0.507031 0.054167 0.042188
6 0.420833 0.664062 0.079167 0.028125
6 0.564583 0.893750 0.308333 0.165625
7 0.305208 0.063281 0.585417 0.098437
7 0.291667 0.201563 0.558333 0.253125
7 0.147917 0.394531 0.216667 0.135937
7 0.197917 0.542188 0.366667 0.121875
7 0.194792 0.622656 0.356250 0.029687
7 0.164583 0.702344 0.054167 0.032813
7 0.291667 0.753125 0.037500 0.034375
7 0.184375 0.839844 0.156250 0.148438
8 0.285417 0.955469 0.075000 0.020313
8 0.287500 0.976562 0.070833 0.018750