1 0.139583 0.047656 0.250000 0.073438
1 0.165625 0.588281 0.302083 0.567187
2 0.850000 0.092188 0.283333 0.156250
2 0.928125 0.232813 0.118750 0.075000
2 0.917708 0.367969 0.143750 0.139063
2 0.657292 0.370312 0.093750 0.078125
2 0.700000 0.442969 0.095833 0.032813
2 0.879167 0.821875 0.187500 0.078125
3 0.375000 0.517969 0.170833 0.395313
3 0.426042 0.941406 0.227083 0.098437
5 0.335417 0.042188 0.095833 0.062500
5 0.632292 0.092969 0.552083 0.154688
5 0.696875 0.444531 0.589583 0.689063
5 0.350000 0.309375 0.091667 0.071875
5 0.366667 0.442188 0.112500 0.096875
5 0.400000 0.624219 0.129167 0.132812
5 0.432292 0.852344 0.164583 0.182812
5 0.888542 0.919531 0.202083 0.135937
6 0.583333 0.525781 0.408333 0.929688
7 0.116667 0.024219 0.195833 0.020313
7 0.197917 0.118750 0.370833 0.106250
7 0.200000 0.231250 0.370833 0.156250
7 0.129167 0.515625 0.229167 0.146875
7 0.115625 0.950000 0.202083 0.075000
8 0.063542 0.383594 0.097917 0.254688
8 0.350000 0.377344 0.087500 0.042188
8 0.253125 0.375781 0.064583 0.029687
8 0.273958 0.431250 0.043750 0.037500
8 0.282292 0.536719 0.039583 0.042188
8 0.269792 0.632031 0.077083 0.017188
8 0.270833 0.647656 0.079167 0.014063
8 0.081250 0.675000 0.070833 0.059375