1777366014855 0.00058 0
1777366023753 0.00064 1
1777366032524 0.00066 2
1777366041047 0.00068 3
1777366049637 0.00061 4
1777366058403 0.00068 5
1777366067108 0.00068 6
1777366075741 0.00066 7
1777366084253 0.00056 8
1777366092915 0.00069 9
1777366101448 0.00068 10
1777366109963 0.00063 11
1777366118644 0.00066 12
1777366127210 0.00076 13
1777366135895 0.00058 14
1777366144423 0.0006 15
1777366152939 0.00073 16
1777366161436 0.00055 17
1777366170075 0.0007 18
1777366178734 0.00066 19
1777366187285 0.00068 20
1777366196103 0.00071 21
1777366204722 0.00069 22
1777366213204 0.00074 23
1777366221685 0.00069 24
1777366230188 0.00069 25
1777366238725 0.00074 26
1777366247270 0.00066 27
1777366255842 0.00057 28
1777366264489 0.00074 29
1777366273091 0.00068 30
1777366281522 0.00068 31
1777366290440 0.00067 32
1777366298928 0.00059 33
1777366307535 0.00063 34
1777366316110 0.00068 35
1777366324584 0.00067 36
1777366333092 0.00068 37
1777366341628 0.00068 38
1777366350128 0.00067 39
1777366358673 0.00069 40
1777366367135 0.00068 41
1777366375651 0.00067 42
1777366384393 0.00067 43
1777366393005 0.00067 44
1777366401548 0.00056 45
1777366410111 0.00068 46
1777366418984 0.00067 47
1777366427711 0.00058 48
1777366436190 0.00066 49
1777366456682 0.06403 50
1777366469335 0.09912 51
1777366482304 0.10843 52
1777366494988 0.11653 53
1777366507698 0.12131 54
1777366520471 0.11744 55
1777366533148 0.12012 56
1777366545844 0.11802 57
1777366558450 0.11545 58
1777366571470 0.12111 59
1777366584088 0.11999 60
1777366596900 0.11491 61
1777366609800 0.1131 62
1777366622489 0.11452 63
1777366635031 0.10977 64
1777366647530 0.11583 65
1777366660114 0.10823 66
1777366672687 0.11274 67
1777366685273 0.11517 68
1777366697880 0.11108 69
1777366710429 0.11311 70
1777366723587 0.10774 71
1777366736303 0.11167 72
1777366749020 0.10602 73
1777366761832 0.10946 74
1777366774724 0.10559 75
1777366787401 0.1034 76
1777366800263 0.10214 77
1777366812731 0.10128 78
1777366825264 0.10424 79
1777366837929 0.0975 80
1777366850701 0.10603 81
1777366863337 0.09957 82
1777366875986 0.10345 83
1777366888776 0.09858 84
1777366901478 0.09795 85
1777366913953 0.09623 86
1777366926497 0.09055 87
1777366939183 0.09754 88
1777366951990 0.09327 89
1777366964472 0.08842 90
1777366977167 0.08955 91
1777366989828 0.08959 92
1777367002598 0.08935 93
1777367015235 0.0891 94
1777367027632 0.09179 95
1777367040267 0.08885 96
1777367053044 0.09066 97
1777367065800 0.08801 98
1777367078462 0.08517 99
1777367091034 0.08598 100
1777367104092 0.0886 101
1777367116846 0.08874 102
1777367129295 0.08547 103
1777367141866 0.08915 104
1777367154442 0.08981 105
1777367167145 0.08497 106
1777367179929 0.08295 107
1777367192718 0.08569 108
1777367205721 0.08153 109
1777367218548 0.08623 110
1777367231057 0.08558 111
1777367243772 0.08841 112
1777367256663 0.08313 113
1777367269727 0.08374 114
1777367282480 0.07996 115
1777367295172 0.07836 116
1777367307710 0.08174 117
1777367320470 0.085 118
1777367333346 0.08407 119
1777367346035 0.07975 120
1777367358730 0.07995 121
1777367371296 0.0787 122
1777367383871 0.08018 123
1777367396395 0.07808 124
1777367408927 0.07891 125
1777367421660 0.0791 126
1777367434390 0.07895 127
1777367447062 0.07947 128
1777367459793 0.07918 129
1777367472493 0.08058 130
1777367485386 0.07828 131
1777367498244 0.07758 132
1777367511166 0.08077 133
1777367523936 0.0771 134
1777367536742 0.07849 135
1777367549205 0.07546 136
1777367561772 0.07638 137
1777367574594 0.07893 138
1777367587398 0.07708 139
1777367600731 0.07623 140
1777367613380 0.07642 141
1777367626019 0.07651 142
1777367638742 0.07486 143
1777367652146 0.07502 144
1777367664788 0.07584 145
1777367677472 0.07637 146
1777367690030 0.07609 147
1777367702986 0.07512 148
1777367715713 0.07498 149
1777367720029 0.1153085148532353 149
