1777366014855 0.0 0
1777366023753 6e-05 1
1777366032524 6e-05 2
1777366041047 0.0 3
1777366049637 6e-05 4
1777366058403 6e-05 5
1777366067108 6e-05 6
1777366075741 6e-05 7
1777366084253 6e-05 8
1777366092915 6e-05 9
1777366101448 6e-05 10
1777366109963 6e-05 11
1777366118644 6e-05 12
1777366127210 6e-05 13
1777366135895 0.0 14
1777366144423 0.0 15
1777366152939 6e-05 16
1777366161436 6e-05 17
1777366170075 6e-05 18
1777366178734 6e-05 19
1777366187285 6e-05 20
1777366196103 6e-05 21
1777366204722 6e-05 22
1777366213204 6e-05 23
1777366221685 6e-05 24
1777366230188 6e-05 25
1777366238725 6e-05 26
1777366247270 6e-05 27
1777366255842 6e-05 28
1777366264489 6e-05 29
1777366273091 6e-05 30
1777366281522 6e-05 31
1777366290440 6e-05 32
1777366298928 3e-05 33
1777366307535 0.0 34
1777366316110 6e-05 35
1777366324584 6e-05 36
1777366333092 0.0 37
1777366341628 6e-05 38
1777366350128 0.0 39
1777366358673 6e-05 40
1777366367135 6e-05 41
1777366375651 6e-05 42
1777366384393 6e-05 43
1777366393005 6e-05 44
1777366401548 6e-05 45
1777366410111 6e-05 46
1777366418984 6e-05 47
1777366427711 6e-05 48
1777366436190 6e-05 49
1777366456682 0.01086 50
1777366469335 0.02312 51
1777366482304 0.03038 52
1777366494988 0.0369 53
1777366507698 0.04358 54
1777366520471 0.04195 55
1777366533148 0.04748 56
1777366545844 0.05117 57
1777366558450 0.0507 58
1777366571470 0.05595 59
1777366584088 0.05734 60
1777366596900 0.05767 61
1777366609800 0.05751 62
1777366622489 0.06069 63
1777366635031 0.05617 64
1777366647530 0.06145 65
1777366660114 0.0571 66
1777366672687 0.06056 67
1777366685273 0.06301 68
1777366697880 0.05991 69
1777366710429 0.06183 70
1777366723587 0.0598 71
1777366736303 0.06201 72
1777366749020 0.05962 73
1777366761832 0.06148 74
1777366774724 0.05973 75
1777366787401 0.05699 76
1777366800263 0.05671 77
1777366812731 0.0568 78
1777366825264 0.05718 79
1777366837929 0.05493 80
1777366850701 0.05989 81
1777366863337 0.05521 82
1777366875986 0.0599 83
1777366888776 0.05619 84
1777366901478 0.05748 85
1777366913953 0.05601 86
1777366926497 0.0521 87
1777366939183 0.05696 88
1777366951990 0.05378 89
1777366964472 0.05128 90
1777366977167 0.05104 91
1777366989828 0.05206 92
1777367002598 0.05454 93
1777367015235 0.05174 94
1777367027632 0.05266 95
1777367040267 0.05226 96
1777367053044 0.05262 97
1777367065800 0.05092 98
1777367078462 0.05025 99
1777367091034 0.05032 100
1777367104092 0.05138 101
1777367116846 0.05201 102
1777367129295 0.05004 103
1777367141866 0.05226 104
1777367154442 0.05187 105
1777367167145 0.04956 106
1777367179929 0.05053 107
1777367192718 0.05147 108
1777367205721 0.04939 109
1777367218548 0.05103 110
1777367231057 0.05009 111
1777367243772 0.05208 112
1777367256663 0.04827 113
1777367269727 0.05148 114
1777367282480 0.04793 115
1777367295172 0.04692 116
1777367307710 0.04887 117
1777367320470 0.04997 118
1777367333346 0.05005 119
1777367346035 0.04785 120
1777367358730 0.04698 121
1777367371296 0.04861 122
1777367383871 0.04799 123
1777367396395 0.04673 124
1777367408927 0.04773 125
1777367421660 0.04668 126
1777367434390 0.0486 127
1777367447062 0.04976 128
1777367459793 0.04877 129
1777367472493 0.0493 130
1777367485386 0.04777 131
1777367498244 0.04798 132
1777367511166 0.04805 133
1777367523936 0.04683 134
1777367536742 0.048 135
1777367549205 0.0464 136
1777367561772 0.0467 137
1777367574594 0.04764 138
1777367587398 0.04756 139
1777367600731 0.0474 140
1777367613380 0.04653 141
1777367626019 0.04788 142
1777367638742 0.04543 143
1777367652146 0.04605 144
1777367664788 0.04651 145
1777367677472 0.04689 146
1777367690030 0.04761 147
1777367702986 0.04694 148
1777367715713 0.04673 149
1777367720029 0.06304716103710106 149
