1777366014855 1e-05 0
1777366023753 0.00063 1
1777366032524 0.00063 2
1777366041047 1e-05 3
1777366049637 0.00063 4
1777366058403 0.00063 5
1777366067108 0.00063 6
1777366075741 0.00063 7
1777366084253 0.00063 8
1777366092915 0.00063 9
1777366101448 0.00063 10
1777366109963 0.00063 11
1777366118644 0.00063 12
1777366127210 0.00063 13
1777366135895 1e-05 14
1777366144423 1e-05 15
1777366152939 0.00063 16
1777366161436 0.00063 17
1777366170075 0.00063 18
1777366178734 0.00063 19
1777366187285 0.00063 20
1777366196103 0.00063 21
1777366204722 0.00063 22
1777366213204 0.00063 23
1777366221685 0.00063 24
1777366230188 0.00063 25
1777366238725 0.00063 26
1777366247270 0.00063 27
1777366255842 0.00063 28
1777366264489 0.00063 29
1777366273091 0.00063 30
1777366281522 0.00063 31
1777366290440 0.00063 32
1777366298928 0.00032 33
1777366307535 1e-05 34
1777366316110 0.00063 35
1777366324584 0.00063 36
1777366333092 1e-05 37
1777366341628 0.00063 38
1777366350128 1e-05 39
1777366358673 0.00063 40
1777366367135 0.00063 41
1777366375651 0.00063 42
1777366384393 0.00063 43
1777366393005 0.00063 44
1777366401548 0.00063 45
1777366410111 0.00063 46
1777366418984 0.00063 47
1777366427711 0.00063 48
1777366436190 0.00063 49
1777366456682 0.04464 50
1777366469335 0.08136 51
1777366482304 0.09898 52
1777366494988 0.11463 53
1777366507698 0.12792 54
1777366520471 0.12561 55
1777366533148 0.13203 56
1777366545844 0.13994 57
1777366558450 0.13655 58
1777366571470 0.1476 59
1777366584088 0.14528 60
1777366596900 0.14664 61
1777366609800 0.14211 62
1777366622489 0.1535 63
1777366635031 0.14084 64
1777366647530 0.15113 65
1777366660114 0.14041 66
1777366672687 0.14809 67
1777366685273 0.15331 68
1777366697880 0.14792 69
1777366710429 0.15048 70
1777366723587 0.14746 71
1777366736303 0.15223 72
1777366749020 0.1455 73
1777366761832 0.15135 74
1777366774724 0.14453 75
1777366787401 0.13975 76
1777366800263 0.13743 77
1777366812731 0.14102 78
1777366825264 0.14301 79
1777366837929 0.1345 80
1777366850701 0.14518 81
1777366863337 0.13611 82
1777366875986 0.14467 83
1777366888776 0.13845 84
1777366901478 0.14221 85
1777366913953 0.13531 86
1777366926497 0.13055 87
1777366939183 0.13746 88
1777366951990 0.13526 89
1777366964472 0.12514 90
1777366977167 0.12599 91
1777366989828 0.13166 92
1777367002598 0.13337 93
1777367015235 0.12504 94
1777367027632 0.13103 95
1777367040267 0.12779 96
1777367053044 0.13212 97
1777367065800 0.12945 98
1777367078462 0.12669 99
1777367091034 0.12776 100
1777367104092 0.12683 101
1777367116846 0.13022 102
1777367129295 0.12333 103
1777367141866 0.1294 104
1777367154442 0.12972 105
1777367167145 0.12681 106
1777367179929 0.12357 107
1777367192718 0.13026 108
1777367205721 0.12708 109
1777367218548 0.12244 110
1777367231057 0.12015 111
1777367243772 0.12892 112
1777367256663 0.1216 113
1777367269727 0.12571 114
1777367282480 0.11691 115
1777367295172 0.11643 116
1777367307710 0.12106 117
1777367320470 0.124 118
1777367333346 0.12586 119
1777367346035 0.12047 120
1777367358730 0.11903 121
1777367371296 0.11971 122
1777367383871 0.12141 123
1777367396395 0.11446 124
1777367408927 0.11823 125
1777367421660 0.11716 126
1777367434390 0.11715 127
1777367447062 0.12196 128
1777367459793 0.11938 129
1777367472493 0.11963 130
1777367485386 0.1159 131
1777367498244 0.11921 132
1777367511166 0.11902 133
1777367523936 0.11555 134
1777367536742 0.11735 135
1777367549205 0.11348 136
1777367561772 0.11379 137
1777367574594 0.11709 138
1777367587398 0.11771 139
1777367600731 0.11619 140
1777367613380 0.11567 141
1777367626019 0.11601 142
1777367638742 0.11152 143
1777367652146 0.11384 144
1777367664788 0.11351 145
1777367677472 0.11403 146
1777367690030 0.11489 147
1777367702986 0.11477 148
1777367715713 0.11397 149
1777367720029 0.15349555004377582 149
