1777366014855 0.00094 0
1777366023753 0.00143 1
1777366032524 0.00138 2
1777366041047 0.00118 3
1777366049637 0.00145 4
1777366058403 0.00108 5
1777366067108 0.0014 6
1777366075741 0.00116 7
1777366084253 0.00146 8
1777366092915 0.00181 9
1777366101448 0.00139 10
1777366109963 0.00173 11
1777366118644 0.00148 12
1777366127210 0.00133 13
1777366135895 0.00116 14
1777366144423 0.00158 15
1777366152939 0.00133 16
1777366161436 0.00135 17
1777366170075 0.00113 18
1777366178734 0.00132 19
1777366187285 0.00115 20
1777366196103 0.00111 21
1777366204722 0.00134 22
1777366213204 0.00143 23
1777366221685 0.00144 24
1777366230188 0.0013 25
1777366238725 0.00129 26
1777366247270 0.00141 27
1777366255842 0.00137 28
1777366264489 0.00115 29
1777366273091 0.00105 30
1777366281522 0.00135 31
1777366290440 0.00115 32
1777366298928 0.0015 33
1777366307535 0.00138 34
1777366316110 0.00105 35
1777366324584 0.00144 36
1777366333092 0.00151 37
1777366341628 0.00126 38
1777366350128 0.00107 39
1777366358673 0.00157 40
1777366367135 0.00143 41
1777366375651 0.00114 42
1777366384393 0.00157 43
1777366393005 0.00131 44
1777366401548 0.00134 45
1777366410111 0.00147 46
1777366418984 0.00117 47
1777366427711 0.00162 48
1777366436190 0.00153 49
1777366456682 0.14235 50
1777366469335 0.17491 51
1777366482304 0.10154 52
1777366494988 0.08716 53
1777366507698 0.08597 54
1777366520471 0.09721 55
1777366533148 0.1114 56
1777366545844 0.11532 57
1777366558450 0.12933 58
1777366571470 0.12395 59
1777366584088 0.14345 60
1777366596900 0.13551 61
1777366609800 0.13808 62
1777366622489 0.1603 63
1777366635031 0.14056 64
1777366647530 0.15723 65
1777366660114 0.15523 66
1777366672687 0.15728 67
1777366685273 0.16287 68
1777366697880 0.16474 69
1777366710429 0.17392 70
1777366723587 0.16371 71
1777366736303 0.16312 72
1777366749020 0.17086 73
1777366761832 0.1712 74
1777366774724 0.18451 75
1777366787401 0.17776 76
1777366800263 0.18501 77
1777366812731 0.18614 78
1777366825264 0.18626 79
1777366837929 0.20101 80
1777366850701 0.20135 81
1777366863337 0.19233 82
1777366875986 0.18789 83
1777366888776 0.19513 84
1777366901478 0.18609 85
1777366913953 0.19513 86
1777366926497 0.20599 87
1777366939183 0.20552 88
1777366951990 0.1961 89
1777366964472 0.20739 90
1777366977167 0.20567 91
1777366989828 0.21349 92
1777367002598 0.21415 93
1777367015235 0.21279 94
1777367027632 0.20426 95
1777367040267 0.22143 96
1777367053044 0.20319 97
1777367065800 0.21233 98
1777367078462 0.22414 99
1777367091034 0.22685 100
1777367104092 0.23089 101
1777367116846 0.22162 102
1777367129295 0.22545 103
1777367141866 0.21488 104
1777367154442 0.2232 105
1777367167145 0.23283 106
1777367179929 0.22949 107
1777367192718 0.24404 108
1777367205721 0.23134 109
1777367218548 0.22932 110
1777367231057 0.24833 111
1777367243772 0.24377 112
1777367256663 0.22901 113
1777367269727 0.24943 114
1777367282480 0.23825 115
1777367295172 0.24004 116
1777367307710 0.23801 117
1777367320470 0.24235 118
1777367333346 0.23643 119
1777367346035 0.25487 120
1777367358730 0.23985 121
1777367371296 0.2396 122
1777367383871 0.24838 123
1777367396395 0.24667 124
1777367408927 0.24879 125
1777367421660 0.24372 126
1777367434390 0.24651 127
1777367447062 0.25258 128
1777367459793 0.2519 129
1777367472493 0.25244 130
1777367485386 0.2498 131
1777367498244 0.25895 132
1777367511166 0.2511 133
1777367523936 0.2612 134
1777367536742 0.25387 135
1777367549205 0.26286 136
1777367561772 0.26112 137
1777367574594 0.25617 138
1777367587398 0.25768 139
1777367600731 0.25776 140
1777367613380 0.25703 141
1777367626019 0.26445 142
1777367638742 0.26533 143
1777367652146 0.26331 144
1777367664788 0.26208 145
1777367677472 0.26547 146
1777367690030 0.26318 147
1777367702986 0.2669 148
1777367715713 0.26571 149
1777367720029 0.1626202508635314 149
