1777366014855 0.02343 0
1777366023753 0.02329 1
1777366032524 0.02467 2
1777366041047 0.0217 3
1777366049637 0.02199 4
1777366058403 0.02237 5
1777366067108 0.02146 6
1777366075741 0.02069 7
1777366084253 0.02255 8
1777366092915 0.02194 9
1777366101448 0.02028 10
1777366109963 0.02205 11
1777366118644 0.02162 12
1777366127210 0.02203 13
1777366135895 0.02289 14
1777366144423 0.02414 15
1777366152939 0.0219 16
1777366161436 0.02132 17
1777366170075 0.0231 18
1777366178734 0.02112 19
1777366187285 0.02194 20
1777366196103 0.02258 21
1777366204722 0.02214 22
1777366213204 0.02143 23
1777366221685 0.02251 24
1777366230188 0.02197 25
1777366238725 0.02159 26
1777366247270 0.02248 27
1777366255842 0.02283 28
1777366264489 0.02155 29
1777366273091 0.02358 30
1777366281522 0.02135 31
1777366290440 0.02268 32
1777366298928 0.02254 33
1777366307535 0.02286 34
1777366316110 0.02135 35
1777366324584 0.02114 36
1777366333092 0.0229 37
1777366341628 0.02172 38
1777366350128 0.0225 39
1777366358673 0.02263 40
1777366367135 0.02148 41
1777366375651 0.02143 42
1777366384393 0.0222 43
1777366393005 0.02113 44
1777366401548 0.02247 45
1777366410111 0.02184 46
1777366418984 0.02097 47
1777366427711 0.0225 48
1777366436190 0.02177 49
1777366456682 0.31459 50
1777366469335 0.1912 51
1777366482304 0.19187 52
1777366494988 0.12555 53
1777366507698 0.12144 54
1777366520471 0.13516 55
1777366533148 0.15213 56
1777366545844 0.15293 57
1777366558450 0.16627 58
1777366571470 0.15902 59
1777366584088 0.18292 60
1777366596900 0.17309 61
1777366609800 0.1761 62
1777366622489 0.19463 63
1777366635031 0.17796 64
1777366647530 0.19385 65
1777366660114 0.19556 66
1777366672687 0.19763 67
1777366685273 0.19797 68
1777366697880 0.20394 69
1777366710429 0.217 70
1777366723587 0.20189 71
1777366736303 0.19447 72
1777366749020 0.20791 73
1777366761832 0.20836 74
1777366774724 0.22376 75
1777366787401 0.21681 76
1777366800263 0.23096 77
1777366812731 0.22804 78
1777366825264 0.22817 79
1777366837929 0.24582 80
1777366850701 0.24558 81
1777366863337 0.23678 82
1777366875986 0.2281 83
1777366888776 0.23486 84
1777366901478 0.22555 85
1777366913953 0.23987 86
1777366926497 0.24736 87
1777366939183 0.24632 88
1777366951990 0.23073 89
1777366964472 0.25115 90
1777366977167 0.24718 91
1777366989828 0.2533 92
1777367002598 0.2499 93
1777367015235 0.25184 94
1777367027632 0.24075 95
1777367040267 0.26348 96
1777367053044 0.24412 97
1777367065800 0.24673 98
1777367078462 0.2608 99
1777367091034 0.26405 100
1777367104092 0.26988 101
1777367116846 0.26004 102
1777367129295 0.26674 103
1777367141866 0.25545 104
1777367154442 0.26353 105
1777367167145 0.27043 106
1777367179929 0.26528 107
1777367192718 0.28211 108
1777367205721 0.26879 109
1777367218548 0.27379 110
1777367231057 0.29477 111
1777367243772 0.28134 112
1777367256663 0.267 113
1777367269727 0.29148 114
1777367282480 0.27781 115
1777367295172 0.27909 116
1777367307710 0.27808 117
1777367320470 0.28386 118
1777367333346 0.27456 119
1777367346035 0.29554 120
1777367358730 0.28039 121
1777367371296 0.27543 122
1777367383871 0.28659 123
1777367396395 0.28991 124
1777367408927 0.28872 125
1777367421660 0.28489 126
1777367434390 0.28624 127
1777367447062 0.29316 128
1777367459793 0.29097 129
1777367472493 0.29108 130
1777367485386 0.29148 131
1777367498244 0.29814 132
1777367511166 0.28908 133
1777367523936 0.30318 134
1777367536742 0.29136 135
1777367549205 0.30189 136
1777367561772 0.3031 137
1777367574594 0.30016 138
1777367587398 0.29802 139
1777367600731 0.2975 140
1777367613380 0.30137 141
1777367626019 0.30576 142
1777367638742 0.30821 143
1777367652146 0.30273 144
1777367664788 0.30524 145
1777367677472 0.30786 146
1777367690030 0.30634 147
1777367702986 0.31023 148
1777367715713 0.30623 149
1777367720029 0.1977500379212319 149
