1777366014855 0.01512 0
1777366023753 0.01579 1
1777366032524 0.01697 2
1777366041047 0.01473 3
1777366049637 0.01543 4
1777366058403 0.01482 5
1777366067108 0.01554 6
1777366075741 0.0141 7
1777366084253 0.01509 8
1777366092915 0.01502 9
1777366101448 0.01494 10
1777366109963 0.015 11
1777366118644 0.01429 12
1777366127210 0.01554 13
1777366135895 0.01542 14
1777366144423 0.01572 15
1777366152939 0.01517 16
1777366161436 0.01443 17
1777366170075 0.01639 18
1777366178734 0.01481 19
1777366187285 0.0152 20
1777366196103 0.01599 21
1777366204722 0.01467 22
1777366213204 0.01503 23
1777366221685 0.01582 24
1777366230188 0.01561 25
1777366238725 0.0149 26
1777366247270 0.01572 27
1777366255842 0.01601 28
1777366264489 0.01521 29
1777366273091 0.01555 30
1777366281522 0.01476 31
1777366290440 0.01521 32
1777366298928 0.0149 33
1777366307535 0.0151 34
1777366316110 0.01427 35
1777366324584 0.01486 36
1777366333092 0.01589 37
1777366341628 0.01551 38
1777366350128 0.01432 39
1777366358673 0.01509 40
1777366367135 0.0149 41
1777366375651 0.01452 42
1777366384393 0.0151 43
1777366393005 0.01451 44
1777366401548 0.01532 45
1777366410111 0.01523 46
1777366418984 0.01441 47
1777366427711 0.01472 48
1777366436190 0.01449 49
1777366456682 0.12669 50
1777366469335 0.34029 51
1777366482304 0.37792 52
1777366494988 0.46354 53
1777366507698 0.47894 54
1777366520471 0.46711 55
1777366533148 0.4323 56
1777366545844 0.45587 57
1777366558450 0.41631 58
1777366571470 0.45887 59
1777366584088 0.41297 60
1777366596900 0.41907 61
1777366609800 0.39977 62
1777366622489 0.41217 63
1777366635031 0.40738 64
1777366647530 0.40275 65
1777366660114 0.3953 66
1777366672687 0.4141 67
1777366685273 0.4032 68
1777366697880 0.38423 69
1777366710429 0.37345 70
1777366723587 0.38995 71
1777366736303 0.37592 72
1777366749020 0.37019 73
1777366761832 0.38295 74
1777366774724 0.35835 75
1777366787401 0.36619 76
1777366800263 0.34559 77
1777366812731 0.34101 78
1777366825264 0.35659 79
1777366837929 0.33461 80
1777366850701 0.34938 81
1777366863337 0.32873 82
1777366875986 0.34524 83
1777366888776 0.34259 84
1777366901478 0.3456 85
1777366913953 0.33505 86
1777366926497 0.32106 87
1777366939183 0.32458 88
1777366951990 0.32255 89
1777366964472 0.30156 90
1777366977167 0.31599 91
1777366989828 0.2996 92
1777367002598 0.30693 93
1777367015235 0.29947 94
1777367027632 0.31284 95
1777367040267 0.30101 96
1777367053044 0.30096 97
1777367065800 0.29832 98
1777367078462 0.28468 99
1777367091034 0.28175 100
1777367104092 0.29407 101
1777367116846 0.29272 102
1777367129295 0.28355 103
1777367141866 0.29178 104
1777367154442 0.28917 105
1777367167145 0.28581 106
1777367179929 0.27197 107
1777367192718 0.28253 108
1777367205721 0.27257 109
1777367218548 0.27519 110
1777367231057 0.27889 111
1777367243772 0.27424 112
1777367256663 0.2825 113
1777367269727 0.27884 114
1777367282480 0.26194 115
1777367295172 0.26497 116
1777367307710 0.26675 117
1777367320470 0.26719 118
1777367333346 0.27164 119
1777367346035 0.26274 120
1777367358730 0.26078 121
1777367371296 0.2579 122
1777367383871 0.26068 123
1777367396395 0.25522 124
1777367408927 0.25618 125
1777367421660 0.25698 126
1777367434390 0.25611 127
1777367447062 0.25092 128
1777367459793 0.24854 129
1777367472493 0.26005 130
1777367485386 0.24711 131
1777367498244 0.25024 132
1777367511166 0.25528 133
1777367523936 0.2487 134
1777367536742 0.25012 135
1777367549205 0.24362 136
1777367561772 0.24583 137
1777367574594 0.25157 138
1777367587398 0.25267 139
1777367600731 0.24554 140
1777367613380 0.25375 141
1777367626019 0.23923 142
1777367638742 0.2427 143
1777367652146 0.23957 144
1777367664788 0.24505 145
1777367677472 0.24027 146
1777367690030 0.23807 147
1777367702986 0.23841 148
1777367715713 0.23595 149
1777367720029 0.4034580273852515 149
