1777361118543 0.00206 0
1777361127316 0.00212 1
1777361135925 0.00201 2
1777361144710 0.00203 3
1777361153430 0.00204 4
1777361162121 0.00207 5
1777361170780 0.00203 6
1777361181599 0.002 7
1777361190367 0.00208 8
1777361199490 0.0021 9
1777361208107 0.00204 10
1777361216745 0.00207 11
1777361225332 0.00202 12
1777361234011 0.00212 13
1777361242581 0.00176 14
1777361251231 0.00222 15
1777361259704 0.00205 16
1777361268239 0.00204 17
1777361276821 0.00213 18
1777361285335 0.00205 19
1777361293908 0.00202 20
1777361302739 0.00218 21
1777361311269 0.00211 22
1777361319833 0.00202 23
1777361328609 0.0021 24
1777361337063 0.00208 25
1777361345695 0.00205 26
1777361354275 0.00203 27
1777361362868 0.00209 28
1777361371374 0.00208 29
1777361379970 0.00209 30
1777361388444 0.00209 31
1777361396927 0.00209 32
1777361405421 0.00176 33
1777361414262 0.00206 34
1777361422899 0.00209 35
1777361431546 0.00202 36
1777361440136 0.00211 37
1777361448784 0.00209 38
1777361457462 0.00204 39
1777361466137 0.00208 40
1777361474737 0.00209 41
1777361483290 0.00202 42
1777361491769 0.00201 43
1777361500211 0.00203 44
1777361508642 0.0021 45
1777361517531 0.00207 46
1777361526260 0.00207 47
1777361534686 0.00206 48
1777361543353 0.00205 49
1777361564190 0.12497 50
1777361576981 0.17564 51
