1777361118543 1e-05 0
1777361127316 0.00063 1
1777361135925 0.00063 2
1777361144710 1e-05 3
1777361153430 0.00063 4
1777361162121 0.00063 5
1777361170780 0.00063 6
1777361181599 0.00063 7
1777361190367 0.00063 8
1777361199490 0.00063 9
1777361208107 0.00063 10
1777361216745 0.00063 11
1777361225332 0.00063 12
1777361234011 0.00063 13
1777361242581 1e-05 14
1777361251231 1e-05 15
1777361259704 0.00063 16
1777361268239 0.00063 17
1777361276821 0.00063 18
1777361285335 0.00063 19
1777361293908 0.00063 20
1777361302739 0.00063 21
1777361311269 0.00063 22
1777361319833 0.00063 23
1777361328609 0.00063 24
1777361337063 0.00063 25
1777361345695 0.00063 26
1777361354275 0.00063 27
1777361362868 0.00063 28
1777361371374 0.00063 29
1777361379970 0.00063 30
1777361388444 0.00063 31
1777361396927 0.00063 32
1777361405421 0.00032 33
1777361414262 1e-05 34
1777361422899 0.00063 35
1777361431546 0.00063 36
1777361440136 1e-05 37
1777361448784 0.00063 38
1777361457462 1e-05 39
1777361466137 0.00063 40
1777361474737 0.00063 41
1777361483290 0.00063 42
1777361491769 0.00063 43
1777361500211 0.00063 44
1777361508642 0.00063 45
1777361517531 0.00063 46
1777361526260 0.00063 47
1777361534686 0.00063 48
1777361543353 0.00063 49
1777361564190 0.04464 50
1777361576981 0.08136 51
