1777361118543 0.00058 0
1777361127316 0.00064 1
1777361135925 0.00066 2
1777361144710 0.00068 3
1777361153430 0.00061 4
1777361162121 0.00068 5
1777361170780 0.00068 6
1777361181599 0.00066 7
1777361190367 0.00056 8
1777361199490 0.00069 9
1777361208107 0.00068 10
1777361216745 0.00063 11
1777361225332 0.00066 12
1777361234011 0.00076 13
1777361242581 0.00058 14
1777361251231 0.0006 15
1777361259704 0.00073 16
1777361268239 0.00055 17
1777361276821 0.0007 18
1777361285335 0.00066 19
1777361293908 0.00068 20
1777361302739 0.00071 21
1777361311269 0.00069 22
1777361319833 0.00074 23
1777361328609 0.00069 24
1777361337063 0.00069 25
1777361345695 0.00074 26
1777361354275 0.00066 27
1777361362868 0.00057 28
1777361371374 0.00074 29
1777361379970 0.00068 30
1777361388444 0.00068 31
1777361396927 0.00067 32
1777361405421 0.00059 33
1777361414262 0.00063 34
1777361422899 0.00068 35
1777361431546 0.00067 36
1777361440136 0.00068 37
1777361448784 0.00068 38
1777361457462 0.00067 39
1777361466137 0.00069 40
1777361474737 0.00068 41
1777361483290 0.00067 42
1777361491769 0.00067 43
1777361500211 0.00067 44
1777361508642 0.00056 45
1777361517531 0.00068 46
1777361526260 0.00067 47
1777361534686 0.00058 48
1777361543353 0.00066 49
1777361564190 0.06403 50
1777361576981 0.09912 51
