1777361118543 0.02343 0
1777361127316 0.02329 1
1777361135925 0.02467 2
1777361144710 0.0217 3
1777361153430 0.02199 4
1777361162121 0.02237 5
1777361170780 0.02146 6
1777361181599 0.02069 7
1777361190367 0.02255 8
1777361199490 0.02194 9
1777361208107 0.02028 10
1777361216745 0.02205 11
1777361225332 0.02162 12
1777361234011 0.02203 13
1777361242581 0.02289 14
1777361251231 0.02414 15
1777361259704 0.0219 16
1777361268239 0.02132 17
1777361276821 0.0231 18
1777361285335 0.02112 19
1777361293908 0.02194 20
1777361302739 0.02258 21
1777361311269 0.02214 22
1777361319833 0.02143 23
1777361328609 0.02251 24
1777361337063 0.02197 25
1777361345695 0.02159 26
1777361354275 0.02248 27
1777361362868 0.02283 28
1777361371374 0.02155 29
1777361379970 0.02358 30
1777361388444 0.02135 31
1777361396927 0.02268 32
1777361405421 0.02254 33
1777361414262 0.02286 34
1777361422899 0.02135 35
1777361431546 0.02114 36
1777361440136 0.0229 37
1777361448784 0.02172 38
1777361457462 0.0225 39
1777361466137 0.02263 40
1777361474737 0.02148 41
1777361483290 0.02143 42
1777361491769 0.0222 43
1777361500211 0.02113 44
1777361508642 0.02247 45
1777361517531 0.02184 46
1777361526260 0.02097 47
1777361534686 0.0225 48
1777361543353 0.02177 49
1777361564190 0.31459 50
1777361576981 0.1912 51
