1777277990428 27.47226 0
1777278007014 21.07001 1
1777278021338 18.17906 2
1777278032148 15.88381 3
1777278041674 13.9605 4
1777278051446 12.38817 5
1777278064893 11.00388 6
1777278078393 9.65341 7
1777278092264 8.43201 8
1777278105909 7.47981 9
1777278119531 6.5043 10
1777278133530 5.64599 11
1777278147048 5.14063 12
1777278161042 4.54677 13
1777278174204 4.17218 14
1777278183472 3.66861 15
1777278192858 3.37713 16
1777278203923 3.15138 17
1777278217960 2.89102 18
1777278231478 2.64242 19
1777278245288 2.28906 20
1777278259283 1.88933 21
1777278272153 1.49315 22
1777278285146 1.25086 23
1777278298591 1.17905 24
1777278312209 1.14273 25
1777278325127 1.05327 26
1777278334630 1.03014 27
1777278344340 1.01425 28
1777278356358 1.00656 29
1777278372110 1.04582 30
1777278386622 0.99468 31
1777278401005 0.97544 32
1777278415048 0.99045 33
1777278429322 0.97908 34
1777278443656 0.98026 35
1777278458625 0.98278 36
1777278472329 0.97711 37
1777278482641 0.97634 38
1777278493071 0.97379 39
1777278506592 0.96729 40
1777278521157 0.97181 41
1777278535542 0.96868 42
1777278550107 0.97596 43
1777278564588 0.97579 44
1777278578590 0.97387 45
1777278593393 0.96797 46
1777278608296 0.97379 47
1777278620937 0.96588 48
1777278631066 0.97068 49
1777278655173 1.00891 50
1777278674592 1.0138 51
1777278693145 1.00769 52
1777278712087 1.01459 53
1777278731426 1.00435 54
1777278750133 0.99979 55
1777278769461 0.9984 56
1777278783565 0.99087 57
1777278797725 0.98426 58
1777278816501 0.98833 59
1777278835424 0.96473 60
1777278854586 0.95355 61
1777278873932 0.95013 62
1777278892991 0.93424 63
1777278912282 0.94242 64
1777278931864 0.93522 65
1777278945642 0.93447 66
1777278959876 0.92719 67
1777278978440 0.93024 68
1777278997796 0.92667 69
1777279016888 0.92709 70
1777279036470 0.92853 71
1777279055414 0.92123 72
1777279075048 0.92534 73
1777279094173 0.92831 74
1777279108419 0.92565 75
1777279123180 0.92105 76
1777279142384 0.9275 77
1777279161530 0.91882 78
1777279180935 0.9214 79
1777279200307 0.91692 80
1777279219465 0.91612 81
1777279238830 0.91718 82
1777279257124 0.91348 83
1777279270834 0.91132 84
1777279285797 0.91754 85
1777279305882 0.91583 86
1777279325339 0.91748 87
1777279344878 0.91345 88
1777279363941 0.91416 89
1777279383452 0.90671 90
1777279402788 0.91035 91
1777279420067 0.9139 92
1777279434090 0.90617 93
1777279450476 0.9092 94
1777279469710 0.91249 95
1777279488890 0.91149 96
1777279507951 0.9073 97
1777279527312 0.90552 98
1777279546242 0.91002 99
