1777277990428 0.29573 0
1777278007014 0.30033 1
1777278021338 0.29923 2
1777278032148 0.29584 3
1777278041674 0.30743 4
1777278051446 0.30588 5
1777278064893 0.30368 6
1777278078393 0.30221 7
1777278092264 0.3003 8
1777278105909 0.29805 9
1777278119531 0.29769 10
1777278133530 0.29449 11
1777278147048 0.30371 12
1777278161042 0.30537 13
1777278174204 0.30305 14
1777278183472 0.2992 15
1777278192858 0.30337 16
1777278203923 0.29322 17
1777278217960 0.29982 18
1777278231478 0.30574 19
1777278245288 0.30496 20
1777278259283 0.30059 21
1777278272153 0.3065 22
1777278285146 0.29989 23
1777278298591 0.30294 24
1777278312209 0.29095 25
1777278325127 0.29975 26
1777278334630 0.29943 27
1777278344340 0.29987 28
1777278356358 0.3017 29
1777278372110 0.30417 30
1777278386622 0.30089 31
1777278401005 0.29738 32
1777278415048 0.29966 33
1777278429322 0.29947 34
1777278443656 0.30157 35
1777278458625 0.30141 36
1777278472329 0.30195 37
1777278482641 0.29192 38
1777278493071 0.30486 39
1777278506592 0.30397 40
1777278521157 0.30197 41
1777278535542 0.30456 42
1777278550107 0.3025 43
1777278564588 0.29849 44
1777278578590 0.30456 45
1777278593393 0.29973 46
1777278608296 0.30349 47
1777278620937 0.30423 48
1777278631066 0.30212 49
1777278655173 0.26546 50
1777278674592 0.21035 51
1777278693145 0.18162 52
1777278712087 0.14322 53
1777278731426 0.13185 54
1777278750133 0.11751 55
1777278769461 0.09637 56
1777278783565 0.07854 57
1777278797725 0.06095 58
1777278816501 0.04801 59
1777278835424 0.04045 60
1777278854586 0.03033 61
1777278873932 0.02971 62
1777278892991 0.03169 63
1777278912282 0.02547 64
1777278931864 0.02261 65
1777278945642 0.01986 66
1777278959876 0.01997 67
1777278978440 0.01867 68
1777278997796 0.01586 69
1777279016888 0.01554 70
1777279036470 0.01376 71
1777279055414 0.0151 72
1777279075048 0.01396 73
1777279094173 0.01286 74
1777279108419 0.01328 75
1777279123180 0.0129 76
1777279142384 0.01154 77
1777279161530 0.01097 78
1777279180935 0.01143 79
1777279200307 0.01054 80
1777279219465 0.01049 81
1777279238830 0.0099 82
1777279257124 0.01005 83
1777279270834 0.01124 84
1777279285797 0.00924 85
1777279305882 0.00935 86
1777279325339 0.00951 87
1777279344878 0.00875 88
1777279363941 0.00849 89
1777279383452 0.00737 90
1777279402788 0.00751 91
1777279420067 0.00752 92
1777279434090 0.00725 93
1777279450476 0.00745 94
1777279469710 0.00675 95
1777279488890 0.00723 96
1777279507951 0.00676 97
1777279527312 0.00633 98
1777279546242 0.00613 99
