1777277990428 10.14833 0
1777278007014 9.8266 1
1777278021338 10.17031 2
1777278032148 10.27861 3
1777278041674 9.7648 4
1777278051446 9.88874 5
1777278064893 10.32972 6
1777278078393 10.55326 7
1777278092264 9.81196 8
1777278105909 10.3275 9
1777278119531 10.54066 10
1777278133530 10.03448 11
1777278147048 9.9568 12
1777278161042 9.73196 13
1777278174204 10.36346 14
1777278183472 9.98488 15
1777278192858 10.18698 16
1777278203923 9.96751 17
1777278217960 10.06643 18
1777278231478 9.81166 19
1777278245288 10.26579 20
1777278259283 9.72583 21
1777278272153 9.68362 22
1777278285146 9.95435 23
1777278298591 10.03419 24
1777278312209 10.54823 25
1777278325127 10.09255 26
1777278334630 10.55614 27
1777278344340 9.93489 28
1777278356358 10.02593 29
1777278372110 4.36184 30
1777278386622 2.88533 31
1777278401005 2.20485 32
1777278415048 1.77449 33
1777278429322 1.49507 34
1777278443656 1.28548 35
1777278458625 1.15546 36
1777278472329 1.05773 37
1777278482641 0.99108 38
1777278493071 0.91529 39
1777278506592 0.83154 40
1777278521157 0.87779 41
1777278535542 0.80352 42
1777278550107 0.75335 43
1777278564588 0.69992 44
1777278578590 0.72051 45
1777278593393 0.67445 46
1777278608296 0.71338 47
1777278620937 0.65163 48
1777278631066 0.60781 49
1777278655173 0.47326 50
1777278674592 0.22547 51
1777278693145 0.16623 52
1777278712087 0.12142 53
1777278731426 0.10417 54
1777278750133 0.08126 55
1777278769461 0.06365 56
1777278783565 0.06294 57
1777278797725 0.05891 58
1777278816501 0.05476 59
1777278835424 0.05101 60
1777278854586 0.04558 61
1777278873932 0.03755 62
1777278892991 0.03768 63
1777278912282 0.03859 64
1777278931864 0.03249 65
1777278945642 0.03337 66
1777278959876 0.03398 67
1777278978440 0.03254 68
1777278997796 0.03224 69
1777279016888 0.02837 70
1777279036470 0.02922 71
1777279055414 0.02957 72
1777279075048 0.0281 73
1777279094173 0.02784 74
1777279108419 0.03152 75
1777279123180 0.03273 76
1777279142384 0.02578 77
1777279161530 0.02988 78
1777279180935 0.02632 79
1777279200307 0.02973 80
1777279219465 0.0265 81
1777279238830 0.02655 82
1777279257124 0.02478 83
1777279270834 0.02541 84
1777279285797 0.02345 85
1777279305882 0.0279 86
1777279325339 0.02701 87
1777279344878 0.0233 88
1777279363941 0.02567 89
1777279383452 0.02587 90
1777279402788 0.02526 91
1777279420067 0.0269 92
1777279434090 0.02417 93
1777279450476 0.02483 94
1777279469710 0.022 95
1777279488890 0.02452 96
1777279507951 0.02532 97
1777279527312 0.02213 98
1777279546242 0.0228 99
