1777277990428 6.268 0
1777278007014 6.26621 1
1777278021338 6.26667 2
1777278032148 6.26815 3
1777278041674 6.26278 4
1777278051446 6.2633 5
1777278064893 6.26316 6
1777278078393 6.2654 7
1777278092264 6.26436 8
1777278105909 6.26663 9
1777278119531 6.26746 10
1777278133530 6.26894 11
1777278147048 6.26752 12
1777278161042 6.26354 13
1777278174204 6.26614 14
1777278183472 6.26444 15
1777278192858 6.26402 16
1777278203923 6.22271 17
1777278217960 6.26212 18
1777278231478 6.27064 19
1777278245288 6.2623 20
1777278259283 6.26564 21
1777278272153 6.26128 22
1777278285146 6.26657 23
1777278298591 6.26529 24
1777278312209 6.26963 25
1777278325127 6.26635 26
1777278334630 6.26979 27
1777278344340 6.26611 28
1777278356358 6.26713 29
1777278372110 6.09172 30
1777278386622 5.80899 31
1777278401005 5.57374 32
1777278415048 5.36671 33
1777278429322 5.17567 34
1777278443656 5.00873 35
1777278458625 4.85132 36
1777278472329 4.70427 37
1777278482641 4.56928 38
1777278493071 4.45896 39
1777278506592 4.3653 40
1777278521157 4.28178 41
1777278535542 4.19702 42
1777278550107 4.1327 43
1777278564588 4.08951 44
1777278578590 4.03619 45
1777278593393 4.00198 46
1777278608296 3.96188 47
1777278620937 3.92816 48
1777278631066 3.90699 49
1777278655173 3.90673 50
1777278674592 3.89641 51
1777278693145 3.88187 52
1777278712087 3.84891 53
1777278731426 3.84359 54
1777278750133 3.8085 55
1777278769461 3.79954 56
1777278783565 3.78684 57
1777278797725 3.76447 58
1777278816501 3.74532 59
1777278835424 3.73649 60
1777278854586 3.72425 61
1777278873932 3.72008 62
1777278892991 3.69626 63
1777278912282 3.68166 64
1777278931864 3.66875 65
1777278945642 3.66593 66
1777278959876 3.63172 67
1777278978440 3.61289 68
1777278997796 3.63566 69
1777279016888 3.62085 70
1777279036470 3.6228 71
1777279055414 3.60564 72
1777279075048 3.60862 73
1777279094173 3.60157 74
1777279108419 3.59163 75
1777279123180 3.58976 76
1777279142384 3.58384 77
1777279161530 3.59639 78
1777279180935 3.59401 79
1777279200307 3.58213 80
1777279219465 3.58129 81
1777279238830 3.57086 82
1777279257124 3.58199 83
1777279270834 3.58068 84
1777279285797 3.56377 85
1777279305882 3.57682 86
1777279325339 3.56468 87
1777279344878 3.57279 88
1777279363941 3.55902 89
1777279383452 3.56982 90
1777279402788 3.5729 91
1777279420067 3.56347 92
1777279434090 3.55865 93
1777279450476 3.55139 94
1777279469710 3.5531 95
1777279488890 3.5692 96
1777279507951 3.55405 97
1777279527312 3.5565 98
1777279546242 3.55988 99
