1777362394581 4.34593 52
1777362410705 2.24703 53
1777362424033 2.03912 54
1777362437096 1.96321 55
1777362450182 1.89873 56
1777362463521 1.85411 57
1777362476716 1.81861 58
1777362489687 1.79474 59
1777362503122 1.7649 60
1777362516088 1.73858 61
1777362529303 1.71556 62
1777362542363 1.70384 63
1777362555574 1.66788 64
1777362568482 1.65512 65
1777362581652 1.63494 66
1777362595067 1.61415 67
1777362608110 1.59407 68
1777362621370 1.5891 69
1777362634591 1.56639 70
1777362648192 1.54689 71
1777362661306 1.52678 72
1777362674381 1.51453 73
1777362687540 1.51077 74
1777362700746 1.47992 75
1777362713831 1.47956 76
1777362727201 1.46147 77
1777362740182 1.44464 78
1777362753433 1.43615 79
1777362766584 1.42648 80
1777362779851 1.41024 81
1777362792875 1.40327 82
1777362806071 1.39915 83
1777362819304 1.38866 84
1777362832503 1.37265 85
1777362846014 1.37029 86
1777362859043 1.35819 87
1777362872114 1.33347 88
1777362885096 1.33416 89
1777362898265 1.31971 90
1777362911410 1.32689 91
1777362924744 1.3009 92
1777362937975 1.29408 93
1777362951221 1.28475 94
1777362964348 1.27577 95
1777362977756 1.26493 96
1777362990818 1.25434 97
1777363004021 1.25533 98
1777363017259 1.25109 99
1777363030595 1.23988 100
1777363043824 1.23572 101
1777363057001 1.22479 102
1777363070510 1.20712 103
1777363084149 1.2033 104
1777363097545 1.20058 105
1777363111022 1.18628 106
1777363124345 1.19392 107
1777363137850 1.18788 108
1777363150967 1.17312 109
1777363164273 1.17174 110
1777363177430 1.16101 111
1777363190814 1.15162 112
1777363204081 1.1446 113
1777363217238 1.14285 114
1777363230425 1.13697 115
1777363243752 1.14905 116
1777363256950 1.13216 117
1777363270428 1.12107 118
1777363283436 1.12096 119
1777363297017 1.11614 120
1777363310598 1.11043 121
1777363324159 1.10895 122
1777363337733 1.09544 123
1777363351213 1.09731 124
1777363364499 1.08393 125
1777363377652 1.08644 126
1777363390803 1.08455 127
1777363403891 1.07843 128
1777363416939 1.07465 129
1777363430041 1.07039 130
1777363443522 1.06979 131
1777363456586 1.05093 132
1777363469630 1.05563 133
1777363482760 1.05283 134
1777363495821 1.0496 135
1777363508999 1.0475 136
1777363521885 1.04595 137
1777363534821 1.04855 138
1777363548191 1.03677 139
1777363562014 1.04542 140
1777363575136 1.0383 141
1777363588444 1.03221 142
1777363601536 1.04063 143
1777363614506 1.02886 144
1777363627687 1.02545 145
1777363640799 1.03018 146
1777363654491 1.0249 147
1777363667623 1.02126 148
1777363680694 1.03401 149
