1777362394581 32.11242 52
1777362410705 25.03895 53
1777362424033 23.21038 54
1777362437096 21.8 55
1777362450182 20.57446 56
1777362463521 19.4033 57
1777362476716 18.34251 58
1777362489687 17.3822 59
1777362503122 16.43929 60
1777362516088 15.56887 61
1777362529303 14.8128 62
1777362542363 14.071 63
1777362555574 13.37436 64
1777362568482 12.79151 65
1777362581652 12.2035 66
1777362595067 11.72236 67
1777362608110 11.24675 68
1777362621370 10.807 69
1777362634591 10.39295 70
1777362648192 10.00754 71
1777362661306 9.63954 72
1777362674381 9.31482 73
1777362687540 8.99907 74
1777362700746 8.67311 75
1777362713831 8.37591 76
1777362727201 8.07886 77
1777362740182 7.79822 78
1777362753433 7.53774 79
1777362766584 7.28656 80
1777362779851 7.02754 81
1777362792875 6.78685 82
1777362806071 6.55251 83
1777362819304 6.3325 84
1777362832503 6.11621 85
1777362846014 5.90487 86
1777362859043 5.72335 87
1777362872114 5.51446 88
1777362885096 5.32586 89
1777362898265 5.14645 90
1777362911410 4.97718 91
1777362924744 4.8121 92
1777362937975 4.65664 93
1777362951221 4.51 94
1777362964348 4.36358 95
1777362977756 4.22363 96
1777362990818 4.1006 97
1777363004021 3.97711 98
1777363017259 3.87591 99
1777363030595 3.75356 100
1777363043824 3.6468 101
1777363057001 3.53749 102
1777363070510 3.45878 103
1777363084149 3.35249 104
1777363097545 3.25636 105
1777363111022 3.17391 106
1777363124345 3.09041 107
1777363137850 3.02561 108
1777363150967 2.94587 109
1777363164273 2.87025 110
1777363177430 2.79427 111
1777363190814 2.72936 112
1777363204081 2.66402 113
1777363217238 2.60248 114
1777363230425 2.54719 115
1777363243752 2.49159 116
1777363256950 2.43484 117
1777363270428 2.38498 118
1777363283436 2.33904 119
1777363297017 2.28917 120
1777363310598 2.2482 121
1777363324159 2.2051 122
1777363337733 2.16103 123
1777363351213 2.12915 124
1777363364499 2.09558 125
1777363377652 2.05761 126
1777363390803 2.03065 127
1777363403891 1.99304 128
1777363416939 1.96656 129
1777363430041 1.9355 130
1777363443522 1.91541 131
1777363456586 1.89407 132
1777363469630 1.8675 133
1777363482760 1.84347 134
1777363495821 1.81998 135
1777363508999 1.80319 136
1777363521885 1.78783 137
1777363534821 1.77118 138
1777363548191 1.7538 139
1777363562014 1.73987 140
1777363575136 1.72679 141
1777363588444 1.71223 142
1777363601536 1.70202 143
1777363614506 1.69701 144
1777363627687 1.68656 145
1777363640799 1.67812 146
1777363654491 1.6766 147
1777363667623 1.67037 148
1777363680694 1.66569 149
