1777362399020 0.00884 52
1777362412200 0.02853 53
1777362425469 0.03099 54
1777362438517 0.03428 55
1777362451601 0.03847 56
1777362464926 0.0372 57
1777362478098 0.03982 58
1777362491059 0.04195 59
1777362504506 0.04911 60
1777362517436 0.05061 61
1777362530683 0.05369 62
1777362543770 0.05788 63
1777362556924 0.05797 64
1777362569853 0.05613 65
1777362583044 0.05814 66
1777362596461 0.05983 67
1777362609474 0.06009 68
1777362622733 0.06001 69
1777362635987 0.06407 70
1777362649609 0.06102 71
1777362662677 0.05912 72
1777362675739 0.05732 73
1777362688910 0.06154 74
1777362702118 0.05985 75
1777362715215 0.06247 76
1777362728555 0.06104 77
1777362741562 0.0638 78
1777362754815 0.05939 79
1777362767952 0.05963 80
1777362781204 0.05771 81
1777362794242 0.05666 82
1777362807417 0.05788 83
1777362820697 0.0545 84
1777362834253 0.05739 85
1777362847396 0.0555 86
1777362860403 0.05742 87
1777362873476 0.05552 88
1777362886487 0.0594 89
1777362899630 0.05381 90
1777362912773 0.05445 91
1777362926120 0.05527 92
1777362939341 0.05331 93
1777362952566 0.05299 94
1777362966112 0.05175 95
1777362979100 0.05529 96
1777362992168 0.0536 97
1777363005387 0.05181 98
1777363018631 0.05268 99
1777363031954 0.05393 100
1777363045159 0.05513 101
1777363058352 0.05371 102
1777363071890 0.05166 103
1777363085536 0.05264 104
1777363098915 0.0512 105
1777363112407 0.0517 106
1777363125742 0.05215 107
1777363139200 0.05139 108
1777363152327 0.04974 109
1777363165629 0.04931 110
1777363179203 0.05184 111
1777363192152 0.05026 112
1777363205436 0.05206 113
1777363218597 0.05007 114
1777363231792 0.05064 115
1777363245129 0.04932 116
1777363258319 0.04965 117
1777363271764 0.0453 118
1777363284779 0.04713 119
1777363298781 0.04889 120
1777363311955 0.04653 121
1777363325557 0.04685 122
1777363339105 0.04903 123
1777363352573 0.04941 124
1777363365882 0.04898 125
1777363379009 0.04772 126
1777363392108 0.04819 127
1777363405454 0.04625 128
1777363418291 0.0464 129
1777363431398 0.04873 130
1777363444887 0.0482 131
1777363457928 0.04654 132
1777363470991 0.04864 133
1777363484112 0.04916 134
1777363497167 0.04771 135
1777363510315 0.04729 136
1777363523218 0.04749 137
1777363536578 0.04744 138
1777363549557 0.04667 139
1777363563398 0.04718 140
1777363576476 0.04704 141
1777363589772 0.0477 142
1777363602860 0.04882 143
1777363615855 0.04718 144
1777363629043 0.04712 145
1777363642524 0.04587 146
1777363655850 0.04649 147
1777363668943 0.04602 148
1777363681995 0.0466 149
1777363685935 0.057650739289142994 149
