1777366010734 2.04601 0
1777366022446 2.05243 1
1777366031244 2.04894 2
1777366039782 2.05741 3
1777366048357 2.04087 4
1777366057097 2.04671 5
1777366065841 2.05177 6
1777366074470 2.05119 7
1777366082997 2.04652 8
1777366091439 2.04539 9
1777366100192 2.04621 10
1777366108724 2.04657 11
1777366117348 2.04643 12
1777366125943 2.05752 13
1777366134619 2.05112 14
1777366143180 2.04066 15
1777366151661 2.05314 16
1777366160167 2.05012 17
1777366168825 2.04433 18
1777366177447 2.04993 19
1777366186025 2.04575 20
1777366194484 2.04153 21
1777366203447 2.04367 22
1777366211957 2.04769 23
1777366220432 2.05478 24
1777366228934 2.05642 25
1777366237460 2.04603 26
1777366246000 2.03918 27
1777366254576 2.04737 28
1777366263193 2.04791 29
1777366271817 2.05423 30
1777366280280 2.05125 31
1777366288792 2.05558 32
1777366297677 2.05311 33
1777366306255 2.04923 34
1777366314854 2.05369 35
1777366323348 2.04619 36
1777366331822 2.05291 37
1777366340353 2.04116 38
1777366348823 2.05215 39
1777366357397 2.04548 40
1777366365865 2.04804 41
1777366374390 2.04653 42
1777366383150 2.05482 43
1777366391723 2.06166 44
1777366400278 2.05109 45
1777366408859 2.04889 46
1777366417653 2.04682 47
1777366426443 2.04591 48
1777366434926 2.05204 49
1777366455239 1.81837 50
1777366467953 1.64699 51
1777366480568 1.57625 52
1777366493607 1.53792 53
1777366506341 1.5209 54
1777366519123 1.50031 55
1777366531791 1.48553 56
1777366544518 1.47278 57
1777366557112 1.47063 58
1777366570084 1.45163 59
1777366582772 1.44158 60
1777366595379 1.43776 61
1777366608458 1.4369 62
1777366621179 1.42455 63
1777366633723 1.41529 64
1777366646220 1.40064 65
1777366658817 1.39903 66
1777366671382 1.38465 67
1777366683910 1.38738 68
1777366696544 1.38431 69
1777366709113 1.37602 70
1777366721885 1.36452 71
1777366734980 1.36384 72
1777366747670 1.35709 73
1777366760463 1.3579 74
1777366773387 1.34905 75
1777366786060 1.34181 76
1777366798952 1.3387 77
1777366811437 1.33768 78
1777366823923 1.33502 79
1777366836600 1.32326 80
1777366849188 1.32081 81
1777366861992 1.31277 82
1777366874648 1.30944 83
1777366887459 1.30503 84
1777366900135 1.30725 85
1777366912663 1.30465 86
1777366925195 1.29454 87
1777366937831 1.29271 88
1777366950681 1.29537 89
1777366963186 1.27817 90
1777366975872 1.27402 91
1777366988459 1.28011 92
1777367001249 1.27837 93
1777367013901 1.27209 94
1777367026317 1.26117 95
1777367038879 1.26322 96
1777367051698 1.26083 97
1777367064457 1.26204 98
1777367077123 1.25526 99
1777367089706 1.25536 100
1777367102771 1.24886 101
1777367115511 1.241 102
1777367128015 1.23526 103
1777367140554 1.22969 104
1777367153143 1.24222 105
1777367165805 1.22333 106
1777367178605 1.22274 107
1777367191380 1.2334 108
1777367204181 1.22397 109
1777367217263 1.21443 110
1777367229758 1.21848 111
1777367242457 1.22043 112
1777367255338 1.2131 113
1777367268389 1.20316 114
1777367281155 1.21494 115
1777367293880 1.2105 116
1777367306397 1.19936 117
1777367319143 1.20394 118
1777367332010 1.19822 119
1777367344722 1.19656 120
1777367357402 1.18306 121
1777367369980 1.18822 122
1777367382572 1.19527 123
1777367395109 1.18164 124
1777367407621 1.1839 125
1777367420138 1.18226 126
1777367433056 1.174 127
1777367445754 1.17925 128
1777367458474 1.17625 129
1777367471167 1.17185 130
1777367484054 1.171 131
1777367496919 1.17593 132
1777367509843 1.16118 133
1777367522604 1.16531 134
1777367535231 1.16001 135
1777367547924 1.16475 136
1777367560445 1.17291 137
1777367573284 1.16785 138
1777367586074 1.15164 139
1777367599433 1.16237 140
1777367612055 1.15736 141
1777367624699 1.15985 142
1777367637407 1.15689 143
1777367650800 1.15413 144
1777367663481 1.14777 145
1777367676185 1.14939 146
1777367688675 1.14709 147
1777367701657 1.15223 148
1777367714389 1.14252 149
